timestamp[ms],left_dx[um],left_dy[um],left_dt[us],right_dx[um],right_dy[um],right_dt[us],waterPin
0,59.765,-37.353,50153.000,7.471,-22.412,50153.000,0
51,9510.059,-6350.000,50000.000,1703.294,-5363.882,50000.000,0
101,8942.294,-4168.588,50000.000,978.647,-2928.470,50000.000,0
151,8471.646,-560.294,50000.000,37.353,-44.824,50000.000,0
201,8381.999,-1658.470,50000.000,358.588,-717.176,50000.000,0
251,8889.999,-6133.353,50000.000,1494.118,-3242.235,50000.000,0
301,8329.705,-7761.940,50000.000,1225.176,-3421.529,50000.000,0
351,7694.706,-6320.117,50000.000,455.706,-1128.059,50000.000,0
401,7395.882,-4131.235,50000.000,1419.412,-3443.941,50000.000,0
451,7164.293,-3675.529,50000.000,1329.765,-4228.353,50000.000,0
501,6379.882,-6798.235,50000.000,1703.294,-6290.235,50000.000,0
551,6252.882,-7687.235,50000.000,866.588,-4736.353,50000.000,0
601,7732.058,-7911.353,50000.000,224.118,-1135.529,50000.000,0
651,7126.941,-4153.647,50000.000,82.176,-336.176,50000.000,0
701,7478.058,-2689.412,50000.000,425.823,-1157.941,50000.000,0
751,7522.882,-5483.412,50000.000,896.471,-2046.941,50000.000,0
801,6813.176,-7582.646,50000.000,321.235,-1045.882,50000.000,0
851,6611.470,-6357.470,50000.000,1038.412,-3010.647,50000.000,0
901,6910.293,-3757.706,50000.000,1613.647,-5513.294,50000.000,0
951,6103.470,-1680.882,50000.000,2039.470,-6290.235,50000.000,0
1001,8142.940,-4855.882,50000.000,1434.353,-4990.353,50000.000,0
1051,7769.411,-5767.294,50000.000,2420.470,-9397.999,50000.000,0
1101,8359.588,-4713.941,50000.000,3922.059,-11198.411,50000.000,0
1151,7253.941,-1426.882,50000.000,3511.176,-8292.353,50000.000,0
1201,8292.353,-1509.059,50000.000,3765.176,-8434.294,50000.000,0
1251,8128.000,-5543.176,50000.000,3197.412,-8508.999,50000.000,0
1301,7112.000,-7806.764,50000.000,1262.529,-6462.059,50000.000,0
1351,6379.882,-5774.764,50000.000,1680.882,-4923.117,50000.000,0
1401,6394.823,-3533.588,50000.000,844.176,-2368.176,50000.000,0
1451,6589.059,-3623.235,50000.000,1770.529,-5386.294,50000.000,0
1501,7956.176,-5565.588,50000.000,1277.470,-3257.176,50000.000,0
1551,7052.235,-6305.176,50000.000,321.235,-784.412,50000.000,0
1601,6506.882,-5782.235,50000.000,0.000,0.000,50000.000,0
1651,3735.294,-3690.470,50000.000,231.588,-149.412,50000.000,0
1701,2144.059,-3264.647,50000.000,993.588,14.941,50000.000,0
1751,1397.000,-2517.588,50000.000,149.412,29.882,50000.000,0
1801,933.823,-1486.647,50000.000,0.000,0.000,50000.000,0
1851,963.706,-1210.235,50000.000,0.000,0.000,50000.000,0
1901,403.412,-664.882,50000.000,0.000,0.000,50000.000,0
1951,463.176,-291.353,50000.000,0.000,0.000,50000.000,0
2001,-82.176,291.353,50000.000,0.000,0.000,50000.000,0
2051,-784.412,642.471,50000.000,0.000,0.000,50000.000,0
2101,-1113.118,209.176,50000.000,0.000,0.000,50000.000,0
2151,-2024.529,7.471,50000.000,-395.941,67.235,50000.000,0
2201,-2517.588,-201.706,50000.000,-597.647,82.176,50000.000,0
2251,-2584.823,-298.824,50000.000,0.000,0.000,50000.000,0
2301,-2622.176,-478.118,50000.000,0.000,0.000,50000.000,0
2351,-2756.647,-358.588,50000.000,0.000,0.000,50000.000,0
2401,-3167.529,-171.824,50000.000,0.000,0.000,50000.000,0
2451,-2958.353,-231.588,50000.000,0.000,0.000,50000.000,0
2501,-2995.706,-89.647,50000.000,0.000,0.000,50000.000,0
2551,-3503.706,-67.235,50000.000,0.000,0.000,50000.000,0
2601,-3182.470,-194.235,50000.000,0.000,0.000,50000.000,0
2651,-3638.176,-156.882,50000.000,-164.353,22.412,50000.000,0
2701,-3399.117,-216.647,50000.000,-59.765,7.471,50000.000,0
2751,-3227.294,-112.059,50000.000,0.000,0.000,50000.000,0
2801,-3197.412,-276.412,50000.000,0.000,0.000,50000.000,0
2851,-3429.000,-112.059,50000.000,-14.941,0.000,50000.000,0
2901,-3406.588,-67.235,50000.000,-127.000,0.000,50000.000,0
2951,-2831.353,-89.647,50000.000,-560.294,-52.294,50000.000,0
3001,-2801.470,-239.059,50000.000,-1210.235,-119.529,50000.000,0
3051,-2831.353,-283.882,50000.000,0.000,0.000,50000.000,0
3101,-2629.647,-358.588,50000.000,-7.471,0.000,50000.000,0
3151,-2734.235,-268.941,50000.000,-7.471,0.000,50000.000,0
3201,-2480.235,-171.824,50000.000,0.000,0.000,50000.000,0
3251,-2338.294,-231.588,50000.000,0.000,0.000,50000.000,0
3301,-2009.588,-171.824,50000.000,0.000,0.000,50000.000,0
3351,-2017.059,-164.353,50000.000,0.000,0.000,50000.000,0
3401,-1740.647,-127.000,50000.000,0.000,0.000,50000.000,0
3451,-1778.000,-112.059,50000.000,0.000,0.000,50000.000,0
3501,-1426.882,-89.647,50000.000,0.000,0.000,50000.000,0
3551,-1202.765,-186.765,50000.000,-52.294,0.000,50000.000,0
3601,-1217.706,-119.529,50000.000,-44.824,0.000,50000.000,0
3651,-896.471,-336.176,50000.000,0.000,0.000,50000.000,0
3701,-1068.294,-649.941,50000.000,0.000,0.000,50000.000,0
3751,-1240.118,-814.294,50000.000,0.000,0.000,50000.000,0
3801,-1113.118,-844.176,50000.000,0.000,0.000,50000.000,0
3851,-1337.235,-500.529,50000.000,0.000,0.000,50000.000,0
3901,-1053.353,-104.588,50000.000,-186.765,-22.412,50000.000,0
3951,-1187.823,-14.941,50000.000,-1344.706,-44.824,50000.000,0
4001,-1434.353,119.529,50000.000,-605.118,-7.471,50000.000,0
4051,-986.118,52.294,50000.000,-7.471,0.000,50000.000,0
4101,-732.118,-7.471,50000.000,-141.941,22.412,50000.000,0
4151,-1337.235,-291.353,50000.000,-44.824,0.000,50000.000,0
4201,-971.176,-478.118,50000.000,0.000,0.000,50000.000,0
4251,-866.588,-239.059,50000.000,-321.235,7.471,50000.000,0
4301,-956.235,82.176,50000.000,-358.588,52.294,50000.000,0
4351,-702.235,171.824,50000.000,0.000,0.000,50000.000,0
4401,-478.118,0.000,50000.000,0.000,0.000,50000.000,0
4451,-612.588,-119.529,50000.000,0.000,0.000,50000.000,0
4501,-485.588,-37.353,50000.000,0.000,0.000,50000.000,0
4551,-164.353,-97.118,50000.000,0.000,0.000,50000.000,0
4601,-52.294,-22.412,50000.000,0.000,0.000,50000.000,0
4651,-141.941,44.824,50000.000,0.000,0.000,50000.000,1
4701,67.235,14.941,50000.000,0.000,0.000,50000.000,1
4751,358.588,-67.235,50000.000,0.000,0.000,50000.000,0
4801,127.000,0.000,50000.000,0.000,0.000,50000.000,0
4851,298.824,-97.118,50000.000,0.000,0.000,50000.000,0
4901,470.647,-52.294,50000.000,0.000,0.000,50000.000,0
4951,201.706,171.824,50000.000,7.471,7.471,50000.000,0
5001,605.118,239.059,50000.000,29.882,0.000,50000.000,0
5051,672.353,-7.471,50000.000,0.000,0.000,50000.000,0
5101,254.000,22.412,50000.000,0.000,0.000,50000.000,0
5151,410.882,104.588,50000.000,201.706,-44.824,50000.000,0
5201,784.412,-7.471,50000.000,440.765,-224.118,50000.000,0
5251,649.941,52.294,50000.000,14.941,-7.471,50000.000,0
5301,440.765,179.294,50000.000,52.294,29.882,50000.000,0
5351,620.059,37.353,50000.000,14.941,7.471,50000.000,0
5401,799.353,-29.882,50000.000,44.824,22.412,50000.000,0
5451,455.706,37.353,50000.000,283.882,134.471,50000.000,0
5501,381.000,104.588,50000.000,433.294,119.529,50000.000,0
5551,709.706,14.941,50000.000,179.294,0.000,50000.000,0
5601,575.235,-14.941,50000.000,0.000,0.000,50000.000,0
5651,254.000,44.824,50000.000,0.000,0.000,50000.000,0
5701,493.059,44.824,50000.000,0.000,0.000,50000.000,0
5751,545.353,52.294,50000.000,224.118,-67.235,50000.000,0
5801,485.588,44.824,50000.000,463.176,-7.471,50000.000,0
5851,254.000,29.882,50000.000,366.059,171.824,50000.000,0
5901,321.235,67.235,50000.000,366.059,22.412,50000.000,0
5951,478.118,-7.471,50000.000,298.824,-201.706,50000.000,0
6001,231.588,14.941,50000.000,44.824,-37.353,50000.000,0
6051,149.412,22.412,50000.000,0.000,0.000,50000.000,0
6101,209.176,-14.941,50000.000,0.000,0.000,50000.000,0
6151,156.882,-29.882,50000.000,0.000,0.000,50000.000,0
6201,156.882,0.000,50000.000,0.000,0.000,50000.000,0
6251,14.941,22.412,50000.000,0.000,0.000,50000.000,0
6301,0.000,14.941,50000.000,0.000,0.000,50000.000,0
6351,7.471,-7.471,50000.000,0.000,0.000,50000.000,0
6401,-7.471,-29.882,50000.000,0.000,0.000,50000.000,0
6451,-67.235,7.471,50000.000,0.000,0.000,50000.000,0
6501,-164.353,104.588,50000.000,0.000,0.000,50000.000,0
6551,-52.294,44.824,50000.000,0.000,0.000,50000.000,0
6601,-59.765,-104.588,50000.000,0.000,0.000,50000.000,0
6651,-119.529,-22.412,50000.000,0.000,0.000,50000.000,0
6701,-194.235,82.176,50000.000,0.000,0.000,50000.000,0
6751,-52.294,59.765,50000.000,0.000,0.000,50000.000,0
6801,-82.176,-37.353,50000.000,0.000,0.000,50000.000,0
6851,-89.647,-44.824,50000.000,-14.941,0.000,50000.000,0
6901,-119.529,22.412,50000.000,-127.000,89.647,50000.000,0
6951,-67.235,22.412,50000.000,-97.118,7.471,50000.000,0
7001,29.882,-52.294,50000.000,-112.059,-104.588,50000.000,0
7051,-149.412,-14.941,50000.000,-127.000,141.941,50000.000,0
7101,-134.471,29.882,50000.000,-119.529,82.176,50000.000,0
7151,-14.941,-29.882,50000.000,-14.941,-134.471,50000.000,0
7201,-44.824,0.000,50000.000,-97.118,22.412,50000.000,0
7251,-201.706,67.235,50000.000,-134.471,14.941,50000.000,0
7301,22.412,-67.235,50000.000,-112.059,-239.059,50000.000,0
7351,-67.235,-44.824,50000.000,-97.118,22.412,50000.000,0
7401,-209.176,52.294,50000.000,-44.824,171.824,50000.000,0
7451,-7.471,14.941,50000.000,-52.294,-97.118,50000.000,0
7501,22.412,-37.353,50000.000,-44.824,-119.529,50000.000,0
7551,-134.471,14.941,50000.000,-82.176,209.176,50000.000,0
7601,-59.765,-7.471,50000.000,-29.882,-141.941,50000.000,0
7651,52.294,-67.235,50000.000,-89.647,-231.588,50000.000,0
7701,-127.000,14.941,50000.000,-82.176,216.647,50000.000,0
7751,-82.176,59.765,50000.000,-37.353,119.529,50000.000,0
7801,0.000,-44.824,50000.000,-22.412,-74.706,50000.000,0
7851,-52.294,-29.882,50000.000,-22.412,-29.882,50000.000,0
7901,-37.353,0.000,50000.000,-7.471,-7.471,50000.000,0
7951,59.765,0.000,50000.000,0.000,0.000,50000.000,0
8001,-14.941,14.941,50000.000,7.471,7.471,50000.000,0
8051,7.471,14.941,50000.000,22.412,0.000,50000.000,0
8101,97.118,-7.471,50000.000,29.882,-29.882,50000.000,0
8151,37.353,0.000,50000.000,52.294,-14.941,50000.000,0
8201,29.882,-7.471,50000.000,52.294,7.471,50000.000,0
8251,67.235,0.000,50000.000,67.235,-52.294,50000.000,0
8301,104.588,0.000,50000.000,74.706,-82.176,50000.000,0
8351,29.882,0.000,50000.000,97.118,82.176,50000.000,0
8401,44.824,22.412,50000.000,82.176,52.294,50000.000,0
8451,119.529,7.471,50000.000,97.118,-14.941,50000.000,0
8501,89.647,0.000,50000.000,74.706,-104.588,50000.000,0
8551,127.000,0.000,50000.000,82.176,-22.412,50000.000,0
8601,14.941,14.941,50000.000,89.647,89.647,50000.000,0
8651,59.765,7.471,50000.000,82.176,29.882,50000.000,0
8701,82.176,0.000,50000.000,82.176,-29.882,50000.000,0
8751,112.059,0.000,50000.000,89.647,-127.000,50000.000,0
8801,37.353,22.412,50000.000,59.765,7.471,50000.000,0
8851,0.000,0.000,50000.000,22.412,52.294,50000.000,0
8901,44.824,-37.353,50000.000,29.882,-22.412,50000.000,0
8951,37.353,-14.941,50000.000,37.353,-22.412,50000.000,0
9001,29.882,0.000,50000.000,37.353,-37.353,50000.000,0
9051,89.647,7.471,50000.000,29.882,-52.294,50000.000,0
9101,0.000,0.000,50000.000,29.882,37.353,50000.000,0
9151,22.412,-7.471,50000.000,29.882,37.353,50000.000,0
9201,52.294,0.000,50001.000,22.412,-14.941,50000.000,0
9251,44.824,22.412,49999.000,37.353,-22.412,50000.000,0
9301,44.824,7.471,50000.000,7.471,0.000,50000.000,0
9351,-7.471,-7.471,50000.000,0.000,0.000,50000.000,0
9401,52.294,0.000,50000.000,0.000,0.000,50000.000,0
9451,82.176,22.412,50000.000,0.000,0.000,50000.000,0
9501,29.882,52.294,50000.000,0.000,0.000,50000.000,0
9551,127.000,67.235,50000.000,0.000,0.000,50000.000,0
9601,89.647,67.235,50000.000,0.000,0.000,50000.000,0
9651,127.000,-14.941,50000.000,0.000,0.000,50000.000,0
9701,313.765,-29.882,50000.000,0.000,0.000,50000.000,0
9751,141.941,37.353,50000.000,0.000,0.000,50000.000,0
9801,149.412,14.941,50000.000,0.000,0.000,50000.000,0
9851,313.765,-7.471,50000.000,0.000,0.000,50000.000,0
9901,306.294,74.706,50000.000,0.000,0.000,50000.000,0
9951,179.294,97.118,50000.000,0.000,0.000,50000.000,0
10001,186.765,-7.471,50000.000,0.000,0.000,50000.000,0
10051,403.412,-134.471,50000.000,0.000,0.000,50000.000,0
10101,306.294,0.000,50000.000,0.000,0.000,50000.000,0
10151,29.882,7.471,50000.000,0.000,0.000,50000.000,0
10201,351.118,-171.824,50000.000,0.000,0.000,50000.000,0
10251,231.588,-29.882,50000.000,0.000,0.000,50000.000,0
10301,7.471,216.647,50000.000,0.000,0.000,50000.000,0
10351,351.118,67.235,50000.000,0.000,0.000,50000.000,0
10401,261.471,-67.235,50000.000,0.000,0.000,50000.000,0
10451,7.471,14.941,50000.000,0.000,0.000,50000.000,0
10501,97.118,29.882,50000.000,0.000,0.000,50000.000,0
10551,156.882,-67.235,50000.000,0.000,0.000,50000.000,0
10601,97.118,14.941,50000.000,0.000,0.000,50000.000,0
10651,-44.824,52.294,50000.000,0.000,0.000,50000.000,0
10701,52.294,22.412,50000.000,0.000,0.000,50000.000,0
10751,22.412,0.000,50000.000,0.000,0.000,50000.000,0
10801,0.000,0.000,50000.000,0.000,0.000,50000.000,0
10851,-29.882,22.412,50000.000,0.000,0.000,50000.000,0
10901,-52.294,0.000,50000.000,0.000,0.000,50000.000,0
10951,14.941,7.471,50000.000,0.000,0.000,50000.000,0
11001,112.059,104.588,50000.000,0.000,0.000,50000.000,0
11051,268.941,485.588,50000.000,0.000,0.000,50000.000,0
11101,537.882,769.471,50000.000,552.823,194.235,50000.000,0
11151,1949.823,1157.941,50000.000,537.882,127.000,50000.000,0
11201,2442.882,1314.823,50000.000,1180.353,97.118,50000.000,0
11251,3040.529,1128.059,50000.000,605.118,-59.765,50000.000,0
11301,3189.941,508.000,50000.000,649.941,-89.647,50000.000,0
11351,2906.059,-97.118,50000.000,508.000,164.353,50000.000,0
11401,3361.764,-747.059,50000.000,0.000,0.000,50000.000,0
11451,3989.294,-276.412,50000.000,515.471,67.235,50000.000,0
11501,3361.764,1023.471,50000.000,268.941,44.824,50000.000,0
11551,3638.176,2099.235,50000.000,164.353,97.118,50000.000,0
11601,2629.647,2323.353,50000.000,89.647,44.824,50000.000,0
11651,3466.353,1643.529,50000.000,44.824,7.471,50000.000,0
11701,4138.706,328.706,50000.000,37.353,0.000,50000.000,0
11751,3899.647,-67.235,50000.000,1045.882,14.941,50000.000,0
11801,4071.470,-149.412,50000.000,739.588,7.471,50000.000,0
11851,3115.235,74.706,50000.000,1337.235,388.471,50000.000,0
11901,3593.353,-194.235,50000.000,425.823,104.588,50000.000,0
11951,3563.470,-836.706,50000.000,14.941,0.000,50000.000,0
12001,3481.294,-418.353,50000.000,590.176,-7.471,50000.000,0
12051,3406.588,1509.059,50000.000,29.882,0.000,50000.000,0
12101,3944.470,1135.529,50000.000,500.529,-44.824,50000.000,0
12151,4213.412,-254.000,50000.000,933.823,-112.059,50000.000,0
12201,4205.941,231.588,50000.000,0.000,0.000,50000.000,0
12251,4586.941,149.412,50000.000,478.118,-164.353,50000.000,0
12301,5109.882,149.412,50000.000,328.706,-97.118,50000.000,0
12351,4004.235,821.765,50000.000,239.059,-7.471,50000.000,0
12401,3451.412,627.529,50000.000,470.647,-37.353,50000.000,0
12451,3331.882,268.941,50000.000,2876.176,-37.353,50000.000,0
12501,2689.412,0.000,50000.000,1949.823,37.353,50000.000,0
12551,1987.176,-246.529,50000.000,1449.294,-313.765,50000.000,0
12601,1725.706,29.882,50000.000,971.176,-328.706,50000.000,0
12651,1068.294,127.000,50000.000,724.647,-156.882,50000.000,0
12701,508.000,-89.647,50000.000,254.000,-156.882,50000.000,0
12751,119.529,-164.353,50000.000,7.471,-119.529,50000.000,0
12801,-642.471,-291.353,50000.000,-418.353,-179.294,50000.000,0
12851,-1441.823,-754.529,50000.000,-1030.941,-224.118,50000.000,0
12901,-1815.353,-1367.118,50000.000,-1822.823,-627.529,50000.000,0
12951,-1875.118,-836.706,50000.000,-1919.941,-732.118,50000.000,0
13001,-2614.706,-89.647,50000.000,-2637.117,-500.529,50000.000,0
13051,-2749.176,-433.294,50000.000,-515.471,-14.941,50000.000,0
13101,-2958.353,-1553.882,50000.000,-1217.706,-276.412,50000.000,0
13151,-3511.176,-1367.118,50000.000,-2300.941,-530.412,50000.000,0
13201,-3391.647,-1202.765,50000.000,-1255.059,-313.765,50000.000,0
13251,-3302.000,-971.176,50000.000,-2271.059,-276.412,50000.000,0
13301,-4041.588,-418.353,50000.000,-1651.000,-89.647,50000.000,0
13351,-3526.117,-896.471,50000.000,-194.235,-7.471,50000.000,0
13401,-3429.000,-1322.294,50000.000,-306.294,-67.235,50000.000,0
13451,-3660.588,-1449.294,50000.000,-821.765,-89.647,50000.000,0
13501,-3585.882,-1456.765,50000.000,-418.353,-59.765,50000.000,0
13551,-3287.059,-978.647,50000.000,-1255.059,-14.941,50000.000,0
13601,-3331.882,-799.353,50000.000,-1030.941,0.000,50000.000,0
13651,-2980.764,-963.706,50000.000,-1374.588,-82.176,50000.000,0
13701,-3025.588,-1128.059,50000.000,-2958.353,-127.000,50000.000,0
13751,-2808.941,-769.471,50000.000,-2794.000,-209.176,50000.000,0
13801,-2510.117,-552.823,50000.000,-694.765,0.000,50000.000,0
13851,-2921.000,-351.118,50000.000,-1501.588,7.471,50000.000,0
13901,-2898.588,-358.588,50000.000,-1770.529,-37.353,50000.000,0
13951,-2480.235,-373.529,50000.000,-2838.823,-74.706,50000.000,0
14001,-3249.706,-127.000,50000.000,-2450.353,351.118,50000.000,0
14051,-3488.764,231.588,50000.000,-1456.765,358.588,50000.000,0
14101,-3750.235,283.882,50000.000,-22.412,14.941,50000.000,0
14151,-3429.000,-612.588,50000.000,0.000,0.000,50000.000,0
14201,-3085.353,-1800.412,50000.000,-44.824,0.000,50000.000,0
14251,-3429.000,-2099.235,50000.000,-687.294,119.529,50000.000,0
14301,-2315.882,-2159.000,50000.000,-209.176,-52.294,50000.000,0
14351,-2218.765,-3182.470,50000.000,-1733.176,-508.000,50000.000,0
14401,-2017.059,-3339.353,50000.000,-149.412,-22.412,50000.000,0
14451,-1651.000,-2771.588,50000.000,-597.647,-216.647,50000.000,0
14501,-1673.412,-2599.765,50000.000,-1389.529,-343.647,50000.000,0
14551,-1509.059,-1852.706,50000.000,-1837.765,-351.118,50000.000,0
14601,-1075.765,-933.823,50000.000,-1001.059,-500.529,50000.000,0
14651,-358.588,-448.235,50000.000,-799.353,-896.471,50000.000,0
14701,-97.118,-67.235,50000.000,-291.353,-366.059,50000.000,0
14751,156.882,89.647,50000.000,89.647,-620.059,50000.000,0
14801,216.647,-14.941,50000.000,-44.824,-844.176,50000.000,0
14851,0.000,-104.588,50000.000,-22.412,-104.588,50000.000,0
14901,97.118,-306.294,50000.000,37.353,-276.412,50000.000,0
14951,171.824,-470.647,50000.000,29.882,-463.176,50000.000,0
15001,-59.765,-328.706,50000.000,-134.471,-7.471,50000.000,0
15051,-82.176,-141.941,50000.000,-29.882,-171.824,50000.000,0
15101,74.706,-134.471,50000.000,14.941,-306.294,50000.000,0
15151,74.706,-119.529,50000.000,59.765,-112.059,50000.000,0
15201,-29.882,-59.765,50000.000,-7.471,-97.118,50000.000,0
15251,-52.294,-37.353,50000.000,7.471,-201.706,50000.000,0
15301,-112.059,-179.294,50000.000,-127.000,-216.647,50000.000,0
15351,-156.882,-149.412,50000.000,-164.353,-22.412,50000.000,0
15401,74.706,-321.235,50000.000,-59.765,-336.176,50000.000,0
15451,246.529,-141.941,50000.000,44.824,-485.588,50000.000,0
15501,201.706,179.294,50000.000,298.824,-14.941,50000.000,0
15551,313.765,254.000,50000.000,358.588,-156.882,50000.000,0
15601,560.294,194.235,50000.000,186.765,-298.824,50000.000,0
15651,560.294,321.235,50000.000,418.353,-268.941,50000.000,0
15701,687.294,246.529,50000.000,672.353,-52.294,50000.000,0
15751,1180.353,291.353,50000.000,971.176,-239.059,50000.000,0
15801,1128.059,620.059,50000.000,1397.000,44.824,50000.000,0
15851,1068.294,433.294,50000.000,1464.235,-246.529,50000.000,0
15901,1367.118,261.471,50000.000,1083.235,-627.529,50000.000,0
15951,814.294,410.882,50000.000,762.000,-112.059,50000.000,0
16001,463.176,22.412,50000.000,231.588,-37.353,50000.000,0
16051,545.353,-141.941,50000.000,366.059,-149.412,50000.000,0
16101,410.882,0.000,50000.000,522.941,59.765,50000.000,0
16151,336.176,97.118,50000.000,351.118,-59.765,50000.000,0
16201,388.471,112.059,50000.000,89.647,-171.824,50000.000,0
16251,156.882,112.059,50000.000,216.647,-44.824,50000.000,0
16301,97.118,22.412,50000.000,186.765,7.471,50000.000,0
16351,194.235,-97.118,50000.000,59.765,-22.412,50000.000,0
16401,261.471,-52.294,50000.000,231.588,37.353,50000.000,0
16451,268.941,14.941,50000.000,343.647,-89.647,50000.000,0
16501,321.235,164.353,50000.000,141.941,-156.882,50000.000,0
16551,164.353,209.176,50000.000,0.000,0.000,50000.000,0
16601,134.471,0.000,50000.000,0.000,0.000,50000.000,0
16651,141.941,-97.118,50000.000,0.000,0.000,50000.000,0
16701,74.706,-112.059,50000.000,29.882,52.294,50000.000,0
16751,74.706,-82.176,50000.000,52.294,22.412,50000.000,0
16801,141.941,44.824,50000.000,29.882,0.000,50000.000,0
16851,134.471,59.765,50000.000,201.706,-14.941,50000.000,0
16901,179.294,89.647,50000.000,224.118,-82.176,50000.000,0
16951,231.588,59.765,50000.000,89.647,-59.765,50000.000,0
17001,97.118,0.000,50000.000,164.353,37.353,50000.000,0
17051,74.706,-89.647,50000.000,22.412,52.294,50000.000,0
17101,112.059,-44.824,50000.000,14.941,0.000,50000.000,0
17151,89.647,89.647,50000.000,194.235,29.882,50000.000,0
17201,-7.471,0.000,50000.000,82.176,-52.294,50000.000,0
17251,-52.294,-37.353,50000.000,-149.412,-239.059,50000.000,0
17301,-74.706,0.000,50000.000,-52.294,-7.471,50000.000,0
17351,0.000,-14.941,50000.000,74.706,44.824,50000.000,0
17401,149.412,-67.235,50000.000,67.235,-14.941,50000.000,0
17451,216.647,59.765,50000.000,291.353,22.412,50000.000,0
17501,291.353,149.412,50000.000,373.529,-14.941,50000.000,0
17551,336.176,209.176,50000.000,82.176,-59.765,50000.000,0
17601,194.235,134.471,50000.000,119.529,-29.882,50000.000,0
17651,67.235,0.000,50000.000,156.882,7.471,50000.000,0
17701,-22.412,-127.000,50000.000,-97.118,-44.824,50000.000,0
17751,-224.118,-29.882,50000.000,-164.353,-74.706,50000.000,0
17801,-388.471,-52.294,50000.000,-209.176,29.882,50000.000,0
17851,-291.353,-119.529,50000.000,-306.294,-59.765,50000.000,0
17901,-52.294,7.471,50000.000,-156.882,-97.118,50000.000,0
17951,52.294,29.882,50000.000,127.000,22.412,50000.000,0
18001,201.706,67.235,50000.000,171.824,0.000,50000.000,0
18051,239.059,156.882,50000.000,-7.471,0.000,50000.000,0
18101,194.235,224.118,50000.000,0.000,0.000,50000.000,0
18151,194.235,59.765,50000.000,52.294,14.941,50000.000,0
18201,201.706,-22.412,50000.000,52.294,0.000,50000.000,0
18251,254.000,-22.412,50000.000,194.235,14.941,50000.000,0
18301,141.941,29.882,50000.000,246.529,0.000,50000.000,0
18351,141.941,156.882,50000.000,52.294,-59.765,50000.000,0
18401,0.000,209.176,50000.000,0.000,-7.471,50000.000,0
18451,-74.706,-29.882,50000.000,0.000,0.000,50000.000,0
18501,-239.059,-119.529,50000.000,0.000,0.000,50000.000,0
18551,-336.176,7.471,50000.000,0.000,0.000,50000.000,0
18601,-448.235,-37.353,50000.000,-201.706,-14.941,50000.000,0
18651,-470.647,-141.941,50000.000,-537.882,-7.471,50000.000,0
18701,-276.412,-104.588,50000.000,-366.059,-29.882,50000.000,0
18751,-37.353,52.294,50000.000,14.941,-22.412,50000.000,0
18801,119.529,119.529,50000.000,194.235,0.000,50000.000,0
18851,149.412,127.000,50000.000,156.882,-112.059,50000.000,0
18901,104.588,224.118,50000.000,59.765,-67.235,50000.000,0
18951,59.765,112.059,50000.000,112.059,-44.824,50000.000,0
19001,29.882,-97.118,50000.000,7.471,0.000,50000.000,0
19051,37.353,-89.647,50000.000,-22.412,0.000,50000.000,0
19101,37.353,-89.647,50000.000,44.824,14.941,50000.000,0
19151,29.882,-29.882,50000.000,-7.471,-14.941,50000.000,0
19201,14.941,59.765,50000.000,29.882,0.000,50000.000,0
19251,22.412,44.824,50000.000,104.588,59.765,50000.000,0
19301,82.176,-74.706,50000.000,112.059,44.824,50000.000,0
19351,186.765,-7.471,50000.000,59.765,-59.765,50000.000,0
19401,194.235,134.471,50000.000,268.941,-14.941,50000.000,0
19451,164.353,119.529,50000.000,104.588,14.941,50000.000,0
19501,179.294,-22.412,50000.000,-7.471,-29.882,50000.000,0
19551,201.706,-59.765,50000.000,201.706,7.471,50000.000,0
19601,254.000,52.294,50000.000,231.588,44.824,50000.000,0
19651,268.941,186.765,50000.000,44.824,-22.412,50000.000,0
19701,89.647,201.706,50000.000,0.000,-7.471,50000.000,0
19751,29.882,29.882,50000.000,0.000,0.000,50000.000,0
19801,-52.294,-29.882,50000.000,0.000,0.000,50000.000,0
19851,-164.353,0.000,50000.000,0.000,0.000,50000.000,0
19901,-141.941,-52.294,50000.000,0.000,-14.941,50000.000,0
19951,-149.412,0.000,50000.000,-149.412,-89.647,50000.000,0
20001,-112.059,67.235,50000.000,-171.824,-112.059,50000.000,0
20051,-74.706,14.941,50000.000,-29.882,-7.471,50000.000,0
20101,-37.353,-74.706,50000.000,0.000,0.000,50000.000,0
20151,-59.765,-29.882,50000.000,-37.353,-22.412,50000.000,0
20201,0.000,0.000,50000.000,0.000,7.471,50000.000,0
20251,44.824,-89.647,50000.000,52.294,-29.882,50000.000,0
20301,0.000,22.412,50000.000,-29.882,-82.176,50000.000,0
20351,-14.941,127.000,50000.000,0.000,-59.765,50000.000,0
20401,-59.765,37.353,50000.000,-37.353,-37.353,50000.000,0
20451,-231.588,52.294,50000.000,-388.471,-149.412,50001.000,0
20501,-537.882,-22.412,50000.000,-261.471,-97.118,50000.000,0
20551,-762.000,-224.118,50000.000,-231.588,37.353,50000.000,0
20601,-754.529,-612.588,50000.000,-395.941,0.000,50000.000,0
20651,-605.118,-537.882,50000.000,-298.824,0.000,50000.000,0
20701,-216.647,-179.294,50000.000,-201.706,74.706,50000.000,0
20751,22.412,82.176,50000.000,52.294,0.000,50000.000,0
20801,29.882,381.000,50000.000,29.882,-104.588,50000.000,0
20851,-134.471,388.471,50000.000,14.941,59.765,50000.000,0
20901,-201.706,74.706,50000.000,-186.765,14.941,50001.000,0
20951,-373.529,-298.824,50000.000,-575.235,37.353,49999.000,0
21001,-470.647,-366.059,50000.000,-657.412,7.471,50000.000,0
21051,-403.412,-358.588,50000.000,-313.765,29.882,50000.000,0
21101,-321.235,-141.941,50000.000,-343.647,-22.412,50000.000,0
21151,-239.059,59.765,50000.000,-276.412,-44.824,50000.000,0
21201,-186.765,0.000,50000.000,-44.824,0.000,50000.000,0
21251,-112.059,-127.000,50000.000,-194.235,0.000,50000.000,0
21301,-104.588,-97.118,50000.000,-119.529,0.000,50001.000,0
21351,-29.882,-37.353,50000.000,-37.353,-7.471,49999.000,0
21401,-44.824,74.706,50000.000,-67.235,-74.706,50000.000,0
21451,-82.176,171.824,50000.000,-44.824,-7.471,50000.000,0
21501,-44.824,-97.118,50000.000,-7.471,0.000,50001.000,0
21551,-89.647,-119.529,50000.000,-119.529,0.000,49999.000,0
21601,-89.647,-59.765,50000.000,-22.412,0.000,50000.000,0
21651,-14.941,-201.706,50000.000,0.000,7.471,50001.000,0
21701,52.294,-112.059,50000.000,14.941,0.000,50000.000,0
21751,127.000,74.706,50000.000,82.176,-7.471,49999.000,0
21801,179.294,224.118,50000.000,261.471,171.824,50000.000,0
21851,7.471,-7.471,50000.000,59.765,201.706,50001.000,0
21901,-485.588,-127.000,50000.000,-493.059,119.529,49999.000,0
21951,-844.176,-89.647,50000.000,-381.000,620.059,50000.000,0
22001,-791.882,141.941,50000.000,-7.471,859.118,50000.000,0
22051,-747.059,567.765,50000.000,-201.706,1240.118,50000.000,0
22101,-1075.765,747.059,50000.000,-216.647,1382.059,50000.000,0
22151,-1143.000,410.882,50000.000,-410.882,1568.823,50000.000,0
22201,-1090.706,104.588,50000.000,-358.588,1083.235,50000.000,0
22251,-739.588,-44.824,50000.000,-298.824,836.706,50000.000,0
22301,-134.471,-321.235,50000.000,-7.471,22.412,50000.000,0
22351,567.765,22.412,50000.000,156.882,-336.176,50000.000,0
22401,926.353,276.412,50000.000,844.176,-627.529,50000.000,0
22451,485.588,306.294,50000.000,762.000,149.412,50000.000,0
22501,44.824,-440.765,50000.000,89.647,156.882,50000.000,0
22551,298.824,-1143.000,50000.000,-52.294,-687.294,50000.000,0
22601,313.765,-717.176,50000.000,-44.824,-844.176,50000.000,0
22651,-186.765,-59.765,50000.000,-52.294,-216.647,50000.000,0
22701,-89.647,-239.059,50000.000,-336.176,-874.059,50000.000,0
22751,-545.353,-612.588,50000.000,-896.471,-448.235,50000.000,0
22801,-1165.412,-672.353,50000.000,-859.118,672.353,50001.000,0
22851,-1359.647,89.647,50002.000,-366.059,1128.059,49999.000,0
22901,-1852.706,552.823,49999.000,-478.118,1008.529,49999.000,0
22951,-2233.706,463.176,49999.000,-545.353,896.471,50000.000,0
23001,-2173.941,-231.588,50000.000,0.000,0.000,50000.000,0
23051,-1576.294,-276.412,50000.000,-343.647,-164.353,50000.000,0
23101,-2069.353,-179.294,50000.000,-1538.941,-687.294,50000.000,0
23151,-2039.470,-463.176,50000.000,-941.294,-470.647,50000.000,0
23201,-1964.765,-1150.470,50000.000,-709.706,-403.412,50000.000,0
23251,-1815.353,-485.588,50000.000,-1501.588,-29.882,50000.000,0
23301,-2637.117,119.529,50000.000,-1703.294,590.176,50000.000,0
23351,-2965.823,82.176,50000.000,-1277.470,254.000,50000.000,0
23401,-1919.941,0.000,50000.000,-806.823,14.941,50000.000,0
23451,-1621.118,784.412,50000.000,-1060.823,-14.941,50000.000,0
23501,-1314.823,866.588,50000.000,-627.529,-470.647,50000.000,0
23551,-388.471,-455.706,50000.000,-627.529,-1232.647,50000.000,0
23601,-366.059,-1038.412,50000.000,-164.353,-141.941,50000.000,0
23651,-388.471,-522.941,50000.000,-171.824,-306.294,50000.000,0
23701,164.353,-291.353,50000.000,0.000,-463.176,50000.000,0
23751,395.941,754.529,50000.000,254.000,328.706,50000.000,0
23801,418.353,2039.470,50000.000,896.471,776.941,50000.000,0
23851,687.294,1441.823,50000.000,784.412,545.353,50000.000,0
23901,1105.647,-702.235,50000.000,254.000,-164.353,50000.000,0
23951,1553.882,-2749.176,50000.000,216.647,-470.647,50000.000,0
24001,933.823,-1837.765,50000.000,306.294,82.176,50000.000,0
24051,156.882,-537.882,50000.000,119.529,403.412,50000.000,0
24101,-164.353,276.412,50000.000,97.118,874.059,50000.000,0
24151,-336.176,448.235,50000.000,14.941,216.647,50000.000,0
24201,171.824,104.588,50000.000,7.471,0.000,50000.000,0
24251,-141.941,-268.941,50000.000,-97.118,-14.941,50000.000,0
24301,-844.176,-754.529,50000.000,-552.823,-336.176,50000.000,0
24351,-567.765,-859.118,50000.000,-231.588,-321.235,50000.000,0
24401,-127.000,791.882,50000.000,-403.412,-836.706,50000.000,0
24451,321.235,4385.235,50000.000,896.471,-358.588,50000.000,0
24501,1837.765,6641.353,50000.000,649.941,-313.765,50000.000,0
24551,3832.412,6364.941,50000.000,635.000,-582.706,50000.000,0
24601,5072.529,4467.412,50000.000,2293.470,-1919.941,50000.000,0
24651,5759.823,1688.353,50000.000,2928.470,-2091.765,50000.000,0
24701,6021.294,-1038.412,50000.000,2644.588,-1770.529,50000.000,0
24751,5595.470,-1957.294,50000.000,2300.941,-1299.882,50000.000,0
24801,5886.823,-1389.529,50000.000,3048.000,-1441.823,50000.000,0
24851,5319.059,-859.118,50000.000,2637.117,-956.235,50000.000,0
24901,4034.117,-1397.000,50000.000,2129.117,-134.471,50000.000,0
24951,3712.882,-2510.117,50000.000,1643.529,-112.059,50000.000,0
25001,3182.470,-2973.294,50000.000,418.353,-7.471,50000.000,0
25051,2801.470,-2480.235,50000.000,351.118,-127.000,50000.000,0
25101,3458.882,-2525.059,50000.000,806.823,-403.412,50000.000,0
25151,3884.706,-3062.941,50000.000,754.529,-1292.412,50000.000,0
25201,4766.235,-3212.353,50000.000,1202.765,-2278.529,50000.000,0
25251,4923.117,-1621.118,50000.000,657.412,-1053.353,50000.000,0
25301,5334.000,-209.176,50000.000,859.118,-941.294,50000.000,0
25351,4557.059,814.294,50000.000,2569.882,-1546.412,50000.000,0
25401,3152.588,1441.823,50000.000,2032.000,373.529,50000.000,0
25451,2510.117,-246.529,50000.000,1628.588,493.059,50000.000,0
25501,2711.823,-2271.059,50000.000,1240.118,29.882,50000.000,0
25551,3040.529,-3324.412,50000.000,0.000,0.000,50000.000,0
25601,3556.000,-3279.588,50000.000,575.235,-298.824,50000.000,0
25651,4288.117,-2233.706,50000.000,2069.353,-1314.823,50000.000,0
25701,5528.235,-956.235,50000.000,1546.412,-1337.235,50000.000,0
25751,6499.411,1352.176,50000.000,2256.117,-2510.117,50000.000,0
25801,7156.823,3107.764,50000.000,2921.000,-3272.117,50000.000,0
25851,8023.411,3884.706,50000.000,2838.823,-2547.470,50000.000,0
25901,7141.882,4445.000,50000.000,3907.117,-2599.765,50000.000,0
25951,7769.411,3384.176,50000.000,2017.059,-1606.176,50000.000,0
26001,8568.764,1426.882,50000.000,3152.588,-4303.059,50000.000,0
26051,9801.411,791.882,50000.000,2943.412,-4758.764,50000.000,0
26101,7649.882,433.294,50000.000,1329.765,-1150.470,50000.000,0
26151,6275.293,1060.823,50000.000,4855.882,-1045.882,50000.000,0
26201,6887.882,918.882,50000.000,6133.353,-1202.765,50000.000,0
26251,7642.411,-911.412,50000.000,5759.823,-3331.882,50000.000,0
26301,7612.529,-2203.823,50000.000,5715.000,-4893.235,50000.000,0
26351,8381.999,-1770.529,50000.000,5804.646,-6028.764,50000.000,0
26401,9607.176,-2024.529,50000.000,5692.588,-6208.059,50000.000,0
26451,9920.940,-2689.412,50000.000,4639.235,-5662.706,50000.000,0
26501,10742.705,-2577.353,50000.000,3279.588,-3376.706,50000.000,0
26551,10511.117,-926.353,50000.000,1695.823,-1202.765,50000.000,0
26601,8904.940,2995.706,50000.000,2173.941,-769.471,50000.000,0
26651,8792.882,4467.412,50000.000,1725.706,-29.882,50000.000,0
26701,9823.823,1128.059,50000.000,709.706,-246.529,50000.000,0
26751,10944.411,1284.941,50000.000,2629.647,-1210.235,50000.000,0
26801,11153.588,1748.118,50000.000,3929.529,-1531.470,50000.000,0
26851,11997.764,762.000,50000.000,7806.764,-2838.823,50000.000,0
26901,11743.764,1284.941,50000.000,10974.293,-1143.000,50000.000,0
26951,12147.176,2017.059,50000.000,8247.529,-664.882,50000.000,0
27001,13521.764,1919.941,50000.000,3048.000,-1621.118,50000.000,0
27051,16308.293,1098.176,50000.000,3847.353,-2958.353,50000.000,0
27101,18444.881,254.000,50000.000,6028.764,-5535.706,50000.000,0
27151,19408.588,-433.294,50000.000,6297.706,-6237.941,50000.000,0
27201,18863.234,119.529,50000.000,5356.412,-4557.059,50000.000,0
27251,18437.410,-261.471,50000.000,7209.117,-4945.529,50000.000,0
27301,19453.410,-410.882,50000.000,6155.764,-4452.470,50000.000,0
27351,18668.998,1718.235,50000.000,4377.765,-3683.000,50000.000,0
27401,18579.352,2779.059,50000.000,6671.235,-5177.117,50000.000,0
27451,19102.293,933.823,50000.000,5461.000,-3884.706,50000.000,0
27501,18930.469,-747.059,50000.000,5072.529,-3877.235,50000.000,0
27551,20095.881,-485.588,50000.000,7261.411,-4953.000,50000.000,0
27601,18870.705,2801.470,50000.000,7515.411,-4310.529,50000.000,0
27651,20813.057,1180.353,50000.000,4235.823,-2801.470,50000.000,0
27701,21044.646,-3518.647,50000.000,6760.882,-5700.059,50000.000,0
27751,19005.176,-5124.823,50000.000,6686.176,-5849.470,50000.000,0
27801,19647.646,-1636.059,50000.000,9061.823,-6760.882,50000.000,0
27851,24839.705,-388.471,50000.000,8568.764,-7014.882,50000.000,0
27901,25392.527,-1576.294,50000.000,7799.293,-6581.588,50000.000,0
27951,23651.881,-2151.529,50000.000,4855.882,-3630.706,50000.000,0
28001,25766.057,-2510.117,50000.000,4280.647,-3107.764,50000.000,0
28051,26826.881,-754.529,50000.000,4176.059,-3175.000,50000.000,0
28101,27364.764,-620.059,50000.000,7366.000,-5072.529,50000.000,0
28151,25646.527,-769.471,50000.000,6499.411,-4131.235,50000.000,0
28201,23711.645,-246.529,50000.000,5655.235,-3772.647,50000.000,0
28251,25736.174,216.647,50000.000,4086.411,-2764.117,50000.000,0
28301,27148.115,306.294,50000.000,6424.706,-4295.588,50000.000,0
28351,25519.527,-493.059,50000.000,6185.646,-3832.412,50000.000,0
28401,23666.822,-351.118,50000.000,6036.235,-3645.647,50000.000,0
28451,23719.115,1725.706,50000.000,8494.059,-4176.059,50000.000,0
28501,19684.998,3145.117,50000.000,13984.940,-5446.059,50000.000,0
28551,20671.117,2741.706,50000.000,9831.293,-3287.059,50000.000,0
28601,20573.998,2196.353,50000.000,8150.411,-1613.647,50000.000,0
28651,21291.176,2734.235,50000.000,11474.822,-2734.235,50000.000,0
28701,21335.998,5080.000,50000.000,12498.293,-3638.176,50000.000,0
28751,20484.352,5909.235,50000.000,9965.764,-3593.353,50000.000,0
28801,21866.410,3346.823,50000.000,6596.529,-2704.353,50000.000,0
28851,24914.410,1247.588,50000.000,12722.411,-5961.529,50000.000,0
28901,24966.705,1367.118,50000.000,23405.352,-10989.234,50000.000,0
28951,24914.410,3854.823,50000.000,18818.410,-9831.293,50000.000,0
29001,28642.232,3331.882,50000.000,20559.057,-12191.999,50000.000,0
29051,29755.352,694.765,50000.000,8845.176,-5602.941,50000.000,0
29101,29979.469,844.176,50000.000,4153.647,-2667.000,50000.000,0
29151,28754.293,3189.941,50000.000,7134.411,-4445.000,50000.000,0
29201,31899.410,2136.588,50000.000,9495.117,-5924.176,50000.000,0
29251,32541.881,-351.118,50000.000,4557.059,-3167.529,50000.000,0
29301,27999.764,0.000,50000.000,7612.529,-5169.646,50000.000,0
29351,24817.293,2614.706,50000.000,5169.646,-2980.764,50000.000,0
29401,26326.352,2046.941,50000.000,7067.176,-4011.706,50000.000,0
29451,26909.057,-373.529,50000.000,3899.647,-2547.470,50000.000,0
29501,27872.764,-1927.412,50000.000,7097.058,-4579.470,50000.000,0
29551,26094.764,2584.823,50000.000,5931.646,-3488.764,50000.000,0
29601,24406.410,4534.647,50000.000,6805.706,-3585.882,50000.000,0
29651,26513.115,1501.588,50000.000,6887.882,-4325.470,50000.000,0
29701,28044.586,-784.412,50000.000,10884.646,-8471.646,50000.000,0
29751,26819.410,2099.235,50000.000,6499.411,-4235.823,50000.000,0
29801,22426.705,4534.647,50000.000,9823.823,-5244.353,50000.000,0
29851,27469.352,836.706,50000.000,18571.881,-11258.176,50000.000,0
29901,27297.527,-1755.588,50000.000,8008.470,-5341.470,50000.000,0
29951,26662.527,-1337.235,50000.000,1531.470,-1008.529,50000.000,0
30001,28881.293,-52.294,50000.000,5991.411,-4064.000,50000.000,0
30051,30420.232,-1053.353,50000.000,5580.529,-4108.823,50000.000,0
30101,29224.939,-3369.235,50000.000,4676.588,-3361.764,50000.000,0
30151,27895.174,-2652.059,50000.000,6327.588,-4557.059,50000.000,0
30201,26692.410,-1606.176,50000.000,9263.528,-7112.000,50000.000,0
30251,24525.939,-2749.176,50000.000,9188.823,-6858.000,50000.000,0
30301,23973.115,-4362.823,50000.000,1949.823,-1531.470,50000.000,0
30351,23786.352,-3145.117,50000.000,1785.470,-1479.176,50000.000,0
30401,26303.939,-1135.529,50000.000,2300.941,-1852.706,50000.000,0
30451,25407.469,-2017.059,50000.000,2637.117,-2263.588,50000.000,0
30501,23607.057,-3421.529,50000.000,4803.588,-3742.764,50000.000,0
30551,24623.057,-1419.412,50000.000,7455.646,-5177.117,50000.000,0
30601,27633.703,-239.059,50000.000,9793.940,-7171.764,50000.000,0
30651,29762.822,-1255.059,50000.000,16031.881,-12132.234,50000.000,0
30701,29807.645,-2906.059,50000.000,11549.528,-9353.176,50000.000,0
30751,30352.998,-1270.000,50000.000,4758.764,-3660.588,50000.000,0
30801,29889.822,844.176,50000.000,1905.000,-1240.118,50000.000,0
30851,30308.174,-358.588,50000.000,3369.235,-2203.823,50000.000,0
30901,29441.586,-2442.882,50000.000,5954.059,-3981.823,50000.000,0
30951,28664.645,-1135.529,50000.000,10077.823,-6357.470,50000.000,0
31001,27304.998,74.706,50000.000,9270.999,-5737.411,50000.000,0
31051,26811.939,127.000,50000.000,11205.882,-7044.764,50000.000,0
31101,26386.115,-29.882,50000.000,6290.235,-3227.294,50000.000,0
31151,24824.764,448.235,50000.000,6402.293,-2808.941,50000.000,0
31201,24578.234,1763.059,50000.000,2599.765,-1299.882,50000.000,0
31251,24286.881,3339.353,50000.000,2278.529,-1277.470,50000.000,0
31301,25228.174,1613.647,50000.000,2995.706,-1105.647,50000.000,0
31351,27379.703,-179.294,50000.000,4721.412,-3466.353,50000.000,0
31401,29404.232,-575.235,50000.000,7306.235,-4706.470,50000.000,0
31451,23300.764,3309.470,50000.000,7268.882,-3847.353,50000.000,0
31501,21746.881,6155.764,50000.000,5729.941,-2943.412,50000.000,0
31551,27364.764,2794.000,50000.000,17242.117,-10070.353,50000.000,0
31601,27237.764,-455.706,50000.000,15404.352,-10301.940,50000.000,0
31651,26774.586,-216.647,50000.000,6252.882,-4205.941,50000.000,0
31701,25355.174,2061.882,50000.000,3578.412,-2144.059,50000.000,0
31751,27417.057,2704.353,50000.000,13760.822,-8553.823,50000.000,0
31801,30532.293,-29.882,50000.000,4669.117,-3010.647,50000.000,1
31851,28418.115,-2151.529,50000.000,3907.117,-2667.000,50000.000,1
31901,25728.705,-926.353,50000.000,6970.059,-4564.529,50000.000,0
31951,25198.293,1688.353,50000.000,5767.294,-3608.294,50000.000,0
32001,25728.705,1098.176,50000.000,9659.470,-5976.470,50000.000,0
32051,22516.352,-799.353,50000.000,13865.411,-9166.411,50000.000,0
32101,21627.352,-2943.412,50000.000,3712.882,-2540.000,50000.000,0
32151,22337.057,-1516.529,50000.000,799.353,-493.059,50000.000,0
32201,20073.469,1225.176,50000.000,2203.823,-567.765,50000.000,0
32251,18668.998,709.706,50000.000,2009.588,-552.823,50000.000,0
32301,19916.586,-762.000,50000.000,2413.000,-1001.059,50000.000,0
32351,18997.705,-1449.294,50000.000,5498.353,-1613.647,50000.000,0
32401,17974.234,-1404.470,50000.000,9383.059,-1389.529,50000.000,0
32451,17809.881,-306.294,50000.000,13491.882,141.941,50000.000,0
32501,15673.293,1927.412,50000.000,12438.528,1882.588,50000.000,0
32551,13424.646,2054.412,50000.000,10249.646,1531.470,50000.000,0
32601,14149.293,814.294,50000.000,10473.764,1150.470,50000.000,0
32651,12632.764,-246.529,50000.000,8023.411,463.176,50000.000,0
32701,12468.411,268.941,50000.000,13514.293,478.118,50000.000,0
32751,13118.353,440.765,50000.000,13200.528,-179.294,50000.000,0
32801,12580.470,1157.941,50000.000,12699.999,-948.765,50000.000,0
32851,11168.528,1583.765,50000.000,11317.940,-246.529,50000.000,0
32901,9704.294,814.294,50000.000,8120.529,134.471,50000.000,0
32951,9278.470,97.118,50000.000,9263.528,-112.059,50000.000,0
33001,8643.470,-29.882,50000.000,9188.823,-493.059,50000.000,0
33051,8210.176,37.353,50000.000,8523.940,-649.941,50000.000,0
33101,6858.000,7.471,50001.000,5894.294,-209.176,50000.000,0
33151,6387.353,7.471,49999.000,5565.588,-276.412,50000.000,0
33201,5565.588,-22.412,50000.000,5610.412,-254.000,50000.000,0
33251,4265.706,-239.059,50000.000,4669.117,-425.823,50000.000,0
33301,3892.176,-926.353,50000.000,3541.059,-1030.941,50000.000,0
33351,2965.823,-963.706,50000.000,2906.059,-1157.941,50000.000,0
33401,2173.941,-963.706,50000.000,2076.823,-754.529,50000.000,0
33451,1314.823,-575.235,50000.000,493.059,-194.235,50000.000,0
33501,635.000,-141.941,50000.000,141.941,7.471,50000.000,0
33551,239.059,-351.118,50000.000,156.882,-22.412,50000.000,0
33601,-171.824,-515.471,50000.000,-201.706,-149.412,50000.000,0
33651,-485.588,-351.118,50000.000,-694.765,-381.000,50000.000,0
33701,-948.765,-485.588,50000.000,-194.235,-89.647,50000.000,0
33751,-1314.823,-381.000,50000.000,-1038.412,-149.412,50000.000,0
33801,-1561.353,-515.471,50000.000,-1957.294,-246.529,50000.000,0
33851,-2054.412,-844.176,50000.000,-2323.353,-336.176,50000.000,0
33901,-2129.117,-582.706,50000.000,-2831.353,-649.941,50000.000,0
33951,-2577.353,-687.294,50000.000,-3227.294,-425.823,50000.000,0
34001,-2943.412,-328.706,50000.000,-3697.941,-186.765,50000.000,0
34051,-3511.176,-22.412,50000.000,-3966.882,-164.353,50000.000,0
34101,-3668.059,-276.412,50000.000,-4228.353,-29.882,50000.000,0
34151,-3668.059,-933.823,50000.000,-4616.823,-134.471,50000.000,0
34201,-4101.353,-448.235,50000.000,-4078.941,-201.706,50000.000,0
34251,-5177.117,724.647,50000.000,-2876.176,246.529,50000.000,0
34301,-5879.353,1299.882,50000.000,-2771.588,1075.765,50000.000,0
34351,-7112.000,1636.059,50000.000,-5475.941,2891.117,50000.000,0
34401,-8807.823,851.647,50000.000,-7052.235,3391.647,50000.000,0
34451,-10421.470,-328.706,50000.000,-8688.294,2965.823,50000.000,0
34501,-12199.470,-649.941,50000.000,-11825.940,2032.000,50000.000,0
34551,-12625.293,-171.824,50000.000,-12655.176,508.000,50000.000,0
34601,-13260.293,-321.235,50000.000,-14261.352,-82.176,50000.000,0
34651,-13715.999,-522.941,50000.000,-13603.940,-112.059,50000.000,0
34701,-14440.646,-485.588,50000.000,-5916.706,-59.765,50000.000,0
34751,-13730.940,-1299.882,50000.000,-6521.823,-343.647,50000.000,0
34801,-13133.293,-1957.294,50000.000,-4878.294,-440.765,50000.000,0
34851,-15942.234,-1322.294,50000.000,-13529.234,-89.647,50000.000,0
34901,-18668.998,-246.529,50000.000,-12834.470,806.823,50000.000,0
34951,-17869.646,-500.529,50000.000,-2831.353,179.294,50000.000,0
35001,-16659.410,-1815.353,50000.000,-1725.706,-37.353,50000.000,0
35051,-15314.705,-2569.882,50000.000,-1471.706,-141.941,50000.000,0
35101,-14029.764,-2659.529,50000.000,-2995.706,-433.294,50000.000,0
35151,-14425.705,-1890.059,50000.000,-4295.588,-418.353,50000.000,0
35201,-12826.999,-1030.941,50000.000,-1718.235,-186.765,50000.000,0
35251,-8860.117,-799.353,50000.000,-522.941,-104.588,50000.000,0
35301,-7859.058,-2099.235,50000.000,-2129.117,-1665.941,50000.000,0
35351,-9539.940,-5065.059,50000.000,-7567.706,-4474.882,50000.000,0
35401,-9965.764,-6297.706,50000.000,-7358.529,-1845.235,50000.000,0
35451,-11093.823,-5109.882,50000.000,-4422.588,-141.941,50000.000,0
35501,-9943.353,-4176.059,50000.000,-4863.353,29.882,50000.000,0
35551,-8852.646,-6140.823,50000.000,-4370.294,-1157.941,50000.000,0
35601,-7089.588,-8329.705,50000.000,-5916.706,-3257.176,50000.000,0
35651,-7605.058,-10451.353,50000.000,-7291.293,-4004.235,50000.000,0
35701,-6350.000,-10361.705,50000.000,-3399.117,-2704.353,50000.000,0
35751,-5431.117,-8374.529,50000.000,-3458.882,-3212.353,50000.000,0
35801,-5251.823,-7059.706,50000.000,-3346.823,-4168.588,50000.000,0
35851,-4609.353,-7986.058,50000.000,-2457.823,-3167.529,50000.000,0
35901,-4228.353,-10481.234,50000.000,-3429.000,-4437.529,50000.000,0
35951,-3070.412,-10421.470,50000.000,-4504.764,-6163.235,50000.000,0
36001,-3854.823,-8972.176,50000.000,-1240.118,-1807.882,50000.000,0
36051,-2711.823,-6372.411,50000.000,-881.529,-1688.353,50000.000,0
36101,-1957.294,-5588.000,50000.000,-560.294,-1165.412,50000.000,0
36151,-1538.941,-5842.000,50000.000,-1135.529,-2622.176,50000.000,0
36201,-1860.176,-6223.000,50000.000,-373.529,-687.294,50000.000,0
36251,-1815.353,-3817.470,50000.000,-156.882,-612.588,50000.000,0
36301,-2413.000,-1143.000,50000.000,-1606.176,-3593.353,50000.000,0
36351,-2577.353,-231.588,50000.000,-2099.235,-3996.764,50000.000,0
36401,-1636.059,-2950.882,50000.000,-149.412,-455.706,50000.000,0
36451,-440.765,-6073.588,50000.000,-537.882,-1807.882,50000.000,0
36501,-649.941,-4504.764,50000.000,-948.765,-3765.176,50000.000,0
36551,-1411.941,-1673.412,50000.000,-1456.765,-3750.235,50000.000,0
36601,-1255.059,-1053.353,50000.000,-1606.176,-4997.823,50000.000,0
36651,-545.353,-2883.647,50000.000,-1471.706,-3757.706,50000.000,0
36701,-1195.294,-5520.764,50000.000,-1987.176,-4108.823,50000.000,0
36751,-575.235,-4445.000,50000.000,-1934.882,-3959.411,50000.000,0
36801,-1240.118,-1807.882,50000.000,-1382.059,-2898.588,50000.000,0
36851,-373.529,112.059,50000.000,-1404.470,-6185.646,50000.000,0
36901,67.235,1135.529,50000.000,-261.471,-5251.823,50000.000,0
36951,1068.294,-224.118,50000.000,149.412,-11982.822,50000.000,0
37001,2644.588,-3197.412,50000.000,0.000,-13880.352,50000.000,0
37051,2360.706,-4034.117,50000.000,-37.353,-3062.941,50000.000,0
37101,1837.765,-3077.882,50000.000,-179.294,-5334.000,50000.000,0
37151,1516.529,-1651.000,50000.000,-209.176,-6148.294,50000.000,0
37201,1763.059,-2973.294,50000.000,134.471,-5416.176,50000.000,0
37251,3451.412,-6267.823,50000.000,119.529,-5782.235,50000.000,0
37301,3451.412,-6260.353,50000.000,-74.706,-2024.529,50000.000,0
37351,2577.353,-3302.000,50000.000,0.000,-2226.235,50000.000,0
37401,2480.235,-1053.353,50000.000,119.529,-1247.588,50000.000,0
37451,3294.529,-859.118,50000.000,149.412,-1673.412,50000.000,0
37501,4295.588,-4123.765,50000.000,89.647,-2562.412,50000.000,0
37551,4467.412,-4758.764,50000.000,373.529,-5281.706,50000.000,0
37601,4564.529,-3847.353,50000.000,664.882,-4303.059,50000.000,0
37651,3481.294,-1060.823,50000.000,1210.235,-4736.353,50000.000,0
37701,3847.353,-672.353,50000.000,1143.000,-4161.117,50000.000,0
37751,4176.059,-3683.000,50000.000,1030.941,-5341.470,50000.000,0
37801,4572.000,-5856.941,50000.000,530.412,-6081.059,50000.000,0
37851,4923.117,-4728.882,50000.000,844.176,-5274.235,50000.000,0
37901,4482.353,-2032.000,50000.000,1972.235,-6716.059,50000.000,0
37951,5162.176,-836.706,50000.000,3294.529,-12677.587,50000.000,0
38001,6312.646,-3287.059,50000.000,2876.176,-14134.352,50000.000,0
38051,6604.000,-4116.294,50000.000,2906.059,-13521.764,50000.000,0
38101,5969.000,-2360.706,50000.000,2988.235,-8703.234,50000.000,0
38151,5580.529,754.529,50000.000,3234.764,-6940.176,50000.000,0
38201,6387.353,1397.000,50000.000,1434.353,-3033.059,50000.000,0
38251,6828.117,-1187.823,50000.000,2099.235,-5363.882,50000.000,0
38301,8404.411,-2891.117,50000.000,3556.000,-9390.528,50000.000,0
38351,9330.764,-2547.470,50000.000,2151.529,-4840.941,50000.000,0
38401,8135.470,1359.647,50000.000,754.529,-1322.294,50000.000,0
38451,9323.294,2046.941,50000.000,933.823,-1606.176,50000.000,0
38501,10130.117,-3518.647,50000.000,186.765,-478.118,50000.000,0
38551,10488.705,-4699.000,50000.000,1897.529,-5117.353,50000.000,0
38601,9495.117,-1890.059,50000.000,3466.353,-6798.235,50000.000,0
38651,8875.059,1710.765,50000.000,4400.176,-7956.176,50000.000,0
38701,10712.823,1030.941,50000.000,4788.647,-9300.882,50000.000,0
38751,12229.353,-1195.294,50000.000,4049.059,-8247.529,50000.000,0
38801,11661.588,-687.294,50000.000,2980.764,-5961.529,50000.000,0
38851,8568.764,3937.000,50000.000,575.235,-874.059,50000.000,0
38901,7403.353,6387.353,50000.000,866.588,-433.294,50000.000,0
38951,9158.940,1568.823,50000.000,5139.764,-3436.470,50000.000,0
39001,9084.234,-2024.529,50000.000,3399.117,-3391.647,50000.000,0
39051,8060.764,-3488.764,50000.000,1277.470,-1456.765,50000.000,0
39101,8165.353,-3152.588,50000.000,3660.588,-4004.235,50000.000,0
39151,9427.882,440.765,50000.000,2943.412,-2921.000,50000.000,0
39201,9487.646,4601.882,50000.000,4235.823,-3496.235,50000.000,0
39251,10555.940,4258.235,50000.000,6581.588,-6648.823,50000.000,0
39301,12468.411,104.588,50000.000,5969.000,-8830.234,50000.000,0
39351,12318.999,-1665.941,50000.000,1344.706,-2383.117,50000.000,0
39401,12057.528,298.824,50000.000,3189.941,-3929.529,50000.000,0
39451,11332.882,4579.470,50000.000,5080.000,-4848.412,50000.000,0
39501,11990.293,3451.412,50000.000,4056.529,-3615.764,50000.000,0
39551,12812.058,-911.412,50000.000,4049.059,-6424.706,50000.000,0
39601,14052.176,-1367.118,50000.000,2958.353,-5348.941,50000.000,0
39651,12782.176,1464.235,50000.000,3137.647,-3145.117,50000.000,0
39701,11601.822,3974.353,50000.000,3503.706,-4093.882,50000.000,0
39751,13140.764,993.588,50000.000,1964.765,-2480.235,50000.000,0
39801,13529.234,-1456.765,50000.000,7418.293,-11205.882,50000.000,0
39851,14014.822,-1187.823,50000.000,3481.294,-4564.529,50000.000,0
39901,12229.353,3234.764,50000.000,4833.470,-2988.235,50000.000,0
39951,11646.646,4026.647,50000.000,8494.059,-5214.470,50000.000,0
40001,12259.234,-941.294,50000.000,8635.999,-6835.588,50000.000,0
40051,11250.705,-3615.764,50000.000,5916.706,-6499.411,50000.000,0
40101,12498.293,-3877.235,50000.000,2935.941,-3361.764,50000.000,0
40151,12849.411,-1479.176,50000.000,5378.823,-6290.235,50000.000,0
40201,13327.528,2681.941,50000.000,3107.764,-2921.000,50000.000,0
40251,14604.999,5565.588,50000.000,3107.764,-3040.529,50000.000,0
40301,15889.940,2024.529,50000.000,2061.882,-2711.823,50000.000,0
40351,17488.646,1053.353,50000.000,5304.117,-7485.529,50000.000,0
40401,13237.882,3391.647,50000.000,5251.823,-4721.412,50000.000,0
40451,10503.646,8210.176,50000.000,8381.999,-3040.529,50000.000,0
40501,10608.234,6499.411,50000.000,8015.940,-2629.647,50000.000,0
40551,12789.646,1232.647,50000.000,5012.764,-3115.235,50000.000,0
40601,12371.293,-2368.176,50000.000,1143.000,-971.176,50000.000,0
40651,12804.587,-4482.353,50000.000,1621.118,-1875.118,50000.000,0
40701,13088.470,-2069.353,50000.000,2226.235,-2547.470,50000.000,0
40751,14463.058,104.588,50000.000,2607.235,-2868.706,50000.000,0
40801,14313.646,664.882,50000.000,4362.823,-4818.529,50000.000,0
40851,13895.293,-1083.235,50000.000,3563.470,-3854.823,50000.000,0
40901,14433.176,-4108.823,50000.000,4706.470,-6006.353,50000.000,0
40951,14642.352,-2823.882,50000.000,1262.529,-1553.882,50000.000,0
41001,14111.940,59.765,50000.000,1187.823,-1270.000,50000.000,0
41051,15755.470,254.000,50000.000,3018.117,-3234.764,50000.000,0
41101,14836.587,-1150.470,50000.000,3593.353,-3451.412,50000.000,0
41151,14896.352,-1763.059,50000.000,2659.529,-2383.117,50000.000,0
41201,16061.764,-179.294,50000.000,3854.823,-3264.647,50000.000,0
41251,15747.999,3272.117,50000.000,4803.588,-3578.412,50000.000,0
41301,16890.998,3152.588,50000.000,5543.176,-4893.235,50000.000,0
41351,17914.469,-2069.353,50000.000,4198.470,-4893.235,50000.000,0
41401,17966.764,-2995.706,50000.000,8576.234,-9898.528,50000.000,0
41451,16218.646,874.059,50000.000,7119.470,-6641.353,50000.000,0
41501,12064.999,5535.706,50000.000,10593.293,-4407.647,50000.000,0
41551,12416.117,3683.000,50000.000,11825.940,-3989.294,50000.000,0
41601,11796.058,-1434.353,50000.000,9248.588,-5132.294,50000.000,0
41651,11631.705,-4325.470,50000.000,1949.823,-1501.588,50000.000,0
41701,13499.352,-6663.764,50000.000,6006.353,-5983.941,50000.000,0
41751,14216.528,-4347.882,50000.000,4026.647,-4474.882,50000.000,0
41801,16442.764,-1441.823,50000.000,941.294,-933.823,50000.000,0
41851,17309.352,-1636.059,50000.000,366.059,-425.823,50000.000,0
41901,16547.352,-3451.412,50000.000,1740.647,-1942.353,50000.000,0
41951,17257.059,-4019.176,50000.000,2652.059,-3264.647,50000.000,0
42001,16278.411,-522.941,50000.000,3092.823,-3175.000,50000.000,0
42051,15262.411,1397.000,50000.000,4609.353,-4347.882,50000.000,0
42101,17809.881,-2510.117,50000.000,5154.706,-6424.706,50000.000,0
42151,17309.352,-3944.470,50000.000,3443.941,-4923.117,50000.000,0
42201,15777.881,-1075.765,50000.000,2323.353,-2704.353,50000.000,0
42251,15897.411,896.471,50000.000,9016.999,-10563.411,50000.000,0
42301,17294.410,-1397.000,50000.000,6858.000,-8568.764,50000.000,0
42351,17010.527,-3503.706,50000.000,381.000,-485.588,50000.000,0
42401,17070.293,-1957.294,50000.000,1075.765,-1157.941,50000.000,0
42451,16218.646,724.647,50000.000,2808.941,-2995.706,50000.000,0
42501,17929.410,-1800.412,50000.000,2599.765,-3003.176,50000.000,0
42551,16861.117,-4265.706,50000.000,2278.529,-3346.823,50000.000,0
42601,17682.881,-2980.764,50000.000,4452.470,-5677.646,50000.000,0
42651,17869.646,-620.059,50000.000,3951.941,-4713.941,50000.000,0
42701,18504.646,-2614.706,50000.000,9323.294,-12924.117,50000.000,0
42751,19124.705,-5147.235,50000.000,10346.764,-16651.939,50000.000,0
42801,18340.293,-3130.176,50000.000,11004.176,-15523.881,50000.000,0
42851,19072.410,-1561.353,50000.000,10951.882,-13611.411,50000.000,0
42901,19117.234,-5087.470,50000.000,4885.764,-6125.882,50000.000,1
42951,17981.705,-5483.412,50000.000,3503.706,-4572.000,50000.000,1
43001,18908.057,-1905.000,50000.000,956.235,-1157.941,50000.000,0
43051,20544.117,-149.412,50000.000,1755.588,-2091.765,50000.000,0
43101,19610.293,-1867.647,50000.000,6081.059,-6970.059,50000.000,0
43151,18915.527,-2853.764,50000.000,7097.058,-7082.117,50000.000,0
43201,17458.764,-1038.412,50000.000,4078.941,-3122.706,50000.000,0
43251,16427.822,717.176,50000.000,2420.470,-1628.588,50000.000,0
43301,16696.764,-941.294,50000.000,1890.059,-1352.176,50000.000,0
43351,15800.293,-4661.647,50000.000,3458.882,-2681.941,50000.000,0
43401,13596.470,-5334.000,50000.000,963.706,-762.000,50000.000,0
43451,12102.353,-2457.823,50000.000,3937.000,-1516.529,50000.000,0
43501,10787.528,1135.529,50000.000,4938.059,-679.823,50000.000,0
43551,8180.293,1800.412,50000.000,4146.176,425.823,50000.000,0
43601,8240.059,-1008.529,50000.000,8008.470,59.765,50000.000,0
43651,7799.293,-4310.529,50000.000,5251.823,-433.294,50000.000,0
43701,6611.470,-5707.529,50000.000,2562.412,-1419.412,50000.000,0
43751,5886.823,-7343.588,50000.000,3772.647,-4534.647,50000.000,0
43801,6148.294,-9016.999,50000.000,2547.470,-5080.000,50000.000,0
43851,5117.353,-8187.764,50000.000,478.118,-687.294,50000.000,0
43901,5348.941,-8508.999,50000.000,1964.765,-3570.941,50000.000,0
43951,5177.117,-8538.882,50000.000,1651.000,-6327.588,50000.000,0
44001,6006.353,-8628.529,50000.000,508.000,-2958.353,50000.000,0
44051,6185.646,-7351.058,50000.000,261.471,-1509.059,50000.000,0
44101,6170.706,-6932.706,50000.000,956.235,-4855.882,50000.000,0
44151,5296.646,-7298.764,50000.000,597.647,-4243.294,50000.000,0
44201,5371.353,-7074.646,50000.000,291.353,-1441.823,50000.000,0
44251,6641.353,-6148.294,50000.000,657.412,-4347.882,50000.000,0
44301,7097.058,-4982.882,50000.000,1516.529,-6066.117,50000.000,0
44351,7082.117,-5475.941,50000.000,844.176,-3391.647,50000.000,0
44401,6118.411,-7657.353,50000.000,306.294,-1680.882,50000.000,0
44451,6327.588,-8083.176,50000.000,2629.647,-11960.411,50000.000,0
44501,6364.941,-5438.588,50000.000,3033.059,-15755.470,50000.000,0
44551,7216.588,-4721.412,50000.000,3473.823,-15254.940,50000.000,0
44601,7403.353,-6693.646,50000.000,3182.470,-12595.411,50000.000,0
44651,6731.000,-7470.588,50000.000,1329.765,-6469.529,50000.000,0
44701,6327.588,-4863.353,50000.000,395.941,-1628.588,50000.000,0
44751,4594.412,366.059,50000.000,343.647,-657.412,50000.000,0
44801,3847.353,2965.823,50000.000,1187.823,-732.118,50000.000,0
44851,3055.470,-7.471,50000.000,59.765,-37.353,50000.000,0
44901,2681.941,-2069.353,50000.000,351.118,-582.706,50000.000,0
44951,3145.117,-2002.118,50000.000,918.882,-1344.706,50000.000,0
45001,2562.412,-2211.294,50000.000,276.412,-351.118,50000.000,0
45051,3033.059,-2622.176,50000.000,0.000,0.000,50000.000,0
45101,3384.176,-2159.000,50000.000,0.000,0.000,50000.000,0
45151,3279.588,-1860.176,50000.000,119.529,-149.412,50000.000,0
45201,3690.470,-1553.882,50000.000,224.118,-298.824,50000.000,0
45251,3526.117,-1613.647,50000.000,29.882,-29.882,50000.000,0
45301,2540.000,-1262.529,50000.000,0.000,0.000,50000.000,0
45351,1710.765,-493.059,50000.000,0.000,0.000,50000.000,0
45401,1023.471,-784.412,50000.000,0.000,0.000,50000.000,0
45451,1486.647,-1471.706,50000.000,537.882,14.941,50000.000,0
45501,1516.529,-1098.176,50000.000,515.471,14.941,50000.000,0
45551,791.882,171.824,50000.000,0.000,0.000,50000.000,0
45601,1016.000,351.118,50000.000,186.765,74.706,50000.000,0
45651,1905.000,-448.235,50000.000,44.824,14.941,50000.000,0
45701,2248.647,679.823,50000.000,545.353,-254.000,50000.000,0
45751,2263.588,2106.706,50000.000,620.059,-313.765,50000.000,0
45801,2390.588,3010.647,50000.000,672.353,-134.471,50000.000,0
45851,2771.588,4609.353,50000.000,186.765,-29.882,50000.000,0
45901,3062.941,3451.412,50000.000,1800.412,993.588,50000.000,0
45951,2517.588,1001.059,50000.000,2816.412,1703.294,50000.000,0
46001,3287.059,-1501.588,50000.000,328.706,141.941,50000.000,0
46051,2794.000,-1292.412,50000.000,1068.294,881.529,50000.000,0
46101,433.294,-59.765,50000.000,1292.412,2002.118,50000.000,0
46151,-171.824,-82.176,50000.000,59.765,724.647,50000.000,0
46201,-1255.059,-993.588,50000.000,-283.882,1471.706,50000.000,0
46251,-1949.823,-2794.000,50000.000,-7.471,14.941,50000.000,0
46301,-2002.118,-2405.529,50000.000,-209.176,-104.588,50000.000,0
46351,-2741.706,-956.235,50000.000,-567.765,-268.941,50000.000,0
46401,-3869.764,-1905.000,50000.000,-1232.647,-478.118,50000.000,0
46451,-5625.353,-3578.412,50000.000,-1524.000,-268.941,50000.000,0
46501,-6215.529,-4796.117,50000.000,-2054.412,-664.882,50000.000,0
46551,-5423.646,-5849.470,50000.000,-522.941,-194.235,50000.000,0
46601,-4773.706,-6723.529,50000.000,-164.353,-171.824,50000.000,0
46651,-4788.647,-8553.823,50000.000,-1195.294,-687.294,50000.000,0
46701,-6828.117,-8501.529,50000.000,-5117.353,-1778.000,50000.000,0
46751,-7620.000,-6618.941,50000.000,-3787.588,-836.706,50000.000,0
46801,-7134.411,-6790.764,50000.000,-896.471,-388.471,50000.000,0
46851,-7343.588,-7694.706,50000.000,-3018.117,-1299.882,50000.000,0
46901,-7567.706,-6140.823,50000.000,-8643.470,-3892.176,50000.000,0
46951,-6275.293,-5102.412,50000.000,-2935.941,-1934.882,50000.000,0
47001,-5132.294,-5438.588,50000.000,-1695.823,-1755.588,50000.000,0
47051,-4930.588,-8075.706,50000.000,-2368.176,-3055.470,50000.000,0
47101,-4990.353,-10301.940,50000.000,-2734.235,-3085.353,50000.000,0
47151,-4138.706,-10436.411,50000.000,-2383.117,-2823.882,50000.000,0
47201,-3488.764,-7724.588,50000.000,-2943.412,-4377.765,50000.000,0
47251,-3518.647,-6282.764,50000.000,-2472.765,-4146.176,50000.000,0
47301,-3690.470,-6940.176,50000.000,-1501.588,-2667.000,50000.000,0
47351,-3585.882,-9674.411,50000.000,-1367.118,-2330.823,50000.000,0
47401,-3040.529,-9517.528,50000.000,-874.059,-1441.823,50000.000,0
47451,-4422.588,-7597.588,50000.000,-149.412,-216.647,50000.000,0
47501,-3369.235,-4736.353,50000.000,-179.294,-276.412,50000.000,0
47551,-3018.117,-6947.646,50000.000,-1389.529,-2226.235,50000.000,0
47601,-2853.764,-8456.705,50000.000,-1494.118,-2420.470,50000.000,0
47651,-3287.059,-7582.646,50000.000,-1875.118,-2794.000,50000.000,0
47701,-3518.647,-3279.588,50000.000,-2689.412,-4527.176,50000.000,0
47751,-2681.941,-1890.059,50000.000,-3548.529,-6364.941,50000.000,0
47801,-3473.823,-5610.412,50000.000,-2988.235,-4908.176,50000.000,0
47851,-2906.059,-7395.882,50000.000,-3951.941,-5513.294,50000.000,0
47901,-3533.588,-8262.470,50000.000,-3683.000,-4863.353,50000.000,0
47951,-5901.764,-6409.764,50000.000,-6641.353,-4056.529,50000.000,0
48001,-7261.411,-4967.941,50000.000,-2540.000,-276.412,50000.000,0
48051,-8314.764,-4235.823,50000.000,-2278.529,224.118,50000.000,0
48101,-7545.293,-2667.000,50000.000,-3443.941,134.471,50000.000,0
48151,-8374.529,-694.765,50000.000,-1897.529,186.765,50000.000,0
48201,-8030.882,-59.765,50000.000,-1008.529,-44.824,50000.000,0
48251,-6267.823,-1157.941,50000.000,-1890.059,-530.412,50000.000,0
48301,-5692.588,-2136.588,50000.000,-903.941,-201.706,50000.000,0
48351,-5109.882,-2345.765,50000.000,-881.529,-22.412,50000.000,0
48401,-4684.059,-3145.117,50000.000,-2577.353,-836.706,50000.000,0
48451,-3488.764,-4183.529,50000.000,-4893.235,-4011.706,50000.000,0
48501,-2032.000,-4392.706,50000.000,-4459.941,-6469.529,50000.000,0
48551,-1397.000,-3742.764,50000.000,-3892.176,-7575.176,50000.000,0
48601,-1957.294,-4198.470,50000.000,-5012.764,-8882.529,50000.000,0
48651,-2166.470,-3331.882,50000.000,-4445.000,-8471.646,50000.000,0
48701,-2315.882,-2958.353,50000.000,-4153.647,-6178.176,50000.000,0
48751,-2173.941,-4220.882,50000.000,-4056.529,-5707.529,50000.000,0
48801,-1277.470,-3735.294,50000.000,-3937.000,-8725.646,50000.000,0
48851,-276.412,-5221.941,50000.000,-2599.765,-8128.000,50000.000,0
48901,-127.000,-2241.176,50000.000,-268.941,-1292.412,50000.000,0
48951,119.529,1023.471,50000.000,-82.176,-3742.764,50000.000,0
49001,1120.588,1837.765,50000.000,59.765,-2726.764,50000.000,0
49051,2241.176,-1008.529,50000.000,37.353,-2398.059,50000.000,0
49101,3242.235,-2383.117,50000.000,44.824,-2517.588,50000.000,0
49151,3100.294,-1942.353,50000.000,209.176,-4347.882,50000.000,0
49201,2173.941,508.000,50000.000,224.118,-2495.176,50000.000,0
49251,2726.764,97.118,50000.000,313.765,-1651.000,50000.000,0
49301,4713.941,-3862.294,50000.000,291.353,-1800.412,50000.000,0
49351,6021.294,-5647.764,50000.000,657.412,-6850.529,50000.000,0
49401,5946.588,-4146.176,50000.000,1546.412,-8180.293,50000.000,0
49451,5849.470,-1270.000,50000.000,2487.706,-11056.470,50000.000,0
49501,7179.235,-3160.059,50001.000,3914.588,-14171.705,50000.000,0
49551,7821.706,-5416.176,49999.000,2517.588,-13596.470,50000.000,0
49601,8254.999,-5087.470,50000.000,1232.647,-5304.117,50000.000,0
49651,7239.000,-1255.059,50000.000,1957.294,-6327.588,50000.000,0
49701,7814.235,-2457.823,50000.000,2323.353,-6887.882,50000.000,0
49751,8254.999,-4751.294,50000.000,2173.941,-7993.529,50000.000,0
49801,8426.823,-3623.235,50000.000,597.647,-2121.647,50000.000,0
49851,7485.529,119.529,50000.000,597.647,-1210.235,50000.000,0
49901,7836.646,1441.823,50000.000,104.588,-156.882,50000.000,0
49951,9196.294,-2330.823,50000.000,1262.529,-2315.882,50000.000,0
50001,8494.059,-3466.353,50000.000,2061.882,-4534.647,50000.000,0
50051,9136.528,-1972.235,50000.000,1105.647,-2114.176,50000.000,0
50101,8501.529,1284.941,50000.000,1792.941,-2166.470,50000.000,0
50151,7179.235,5954.059,50000.000,5057.588,-2704.353,50000.000,0
50201,7963.646,6536.764,50000.000,4482.353,-971.176,50000.000,0
50251,8897.470,2398.059,50000.000,2749.176,-2203.823,50000.000,0
50301,10346.764,-784.412,50000.000,2726.764,-3234.764,50000.000,0
50351,9666.940,-1852.706,50000.000,2823.882,-3414.059,50000.000,0
50401,8770.470,-1800.412,50000.000,4273.176,-4594.412,50000.000,0
50451,7911.353,-963.706,50000.000,4131.235,-2958.353,50000.000,0
50501,6432.176,-358.588,50000.000,3242.235,-1426.882,50000.000,0
50551,5864.411,-313.765,50000.000,649.941,-410.882,50000.000,0
50601,6716.059,-22.412,50000.000,2315.882,-1979.706,50000.000,0
50651,7156.823,-82.176,50000.000,2532.529,-2853.764,50000.000,0
50701,8561.294,-836.706,50000.000,2330.823,-3010.647,50000.000,0
50751,8516.470,-1187.823,50000.000,1905.000,-2338.294,50000.000,0
50801,8703.234,-1628.588,50000.000,4400.176,-5595.470,50000.000,0
50851,8800.353,-963.706,50000.000,5162.176,-6992.470,50000.000,0
50901,8777.940,2786.529,50000.000,4654.176,-5513.294,50000.000,0
50951,8419.353,5393.764,50000.000,5162.176,-5296.646,50000.000,0
51001,9263.528,2398.059,50000.000,6312.646,-5976.470,50000.000,0
51051,10921.999,-1030.941,50000.000,6208.059,-8434.294,50000.000,0
51101,11908.117,-2704.353,50000.000,5162.176,-7956.176,50000.000,0
51151,11855.822,-732.118,50000.000,1105.647,-1441.823,50000.000,0
51201,10794.999,4519.706,50000.000,425.823,-306.294,50000.000,0
51251,9734.176,7306.235,50000.000,2420.470,-986.118,50000.000,0
51301,11527.117,4601.882,50000.000,3264.647,-1807.882,50000.000,0
51351,12812.058,948.765,50000.000,978.647,-717.176,50000.000,0
51401,12924.117,-298.824,50000.000,3033.059,-2689.412,50000.000,0
51451,12968.940,1419.412,50000.000,5341.470,-4422.588,50000.000,0
51501,12401.176,5744.882,50000.000,6424.706,-4512.235,50000.000,0
51551,13215.470,5580.529,50000.000,4713.941,-3406.588,50000.000,0
51601,14619.940,2300.941,50000.000,1561.353,-1367.118,50000.000,0
51651,14552.705,1284.941,50000.000,1030.941,-896.471,50000.000,0
51701,12102.353,4676.588,50000.000,1479.176,-1030.941,50000.000,0
51751,11713.882,6902.823,50000.000,2069.353,-1075.765,50000.000,0
51801,14223.999,2935.941,50000.000,9569.823,-6566.646,50000.000,0
51851,15964.646,-1382.059,50000.000,8090.646,-8314.764,50000.000,0
51901,16801.352,-3346.823,50000.000,5431.117,-6125.882,50000.000,0
51951,17294.410,-239.059,50000.000,1748.118,-1778.000,50000.000,0
52001,17301.881,3578.412,50000.000,119.529,-104.588,50000.000,0
52051,17010.527,2061.882,50000.000,1927.412,-1792.941,50000.000,0
52101,17802.410,-134.471,50000.000,3750.235,-3556.000,50000.000,0
52151,18168.469,896.471,50000.000,6828.117,-5737.411,50000.000,0
52201,16114.058,6409.764,50000.000,7522.882,-4833.470,50000.000,0
52251,16988.117,7224.058,50000.000,2883.647,-1591.235,50000.000,0
52301,17555.881,4146.176,50000.000,3810.000,-2652.059,50000.000,0
52351,18220.764,2622.176,50000.000,6985.000,-5558.117,50000.000,0
52401,16427.822,2711.823,50000.000,4497.294,-3167.529,50000.000,0
52451,14918.764,6155.764,50001.000,3316.941,-1023.471,50000.000,0
52501,13506.822,7597.588,49999.000,8770.470,-2450.353,50000.000,0
52551,15195.176,5617.882,50000.000,14261.352,-6566.646,50000.000,0
52601,16457.705,2054.412,50000.000,13066.058,-7537.823,50000.000,0
52651,18377.646,-179.294,50000.000,8269.940,-6103.470,50000.000,0
52701,18220.764,-149.412,50000.000,8314.764,-7067.176,50000.000,0
52751,17130.059,4609.353,50000.000,1382.059,-971.176,50000.000,0
52801,17369.117,9405.470,50000.000,956.235,-500.529,50000.000,0
52851,18855.764,6327.588,50000.000,3548.529,-2188.882,50000.000,0
52901,20469.410,1008.529,50000.000,3249.706,-2338.294,50000.000,0
52951,20095.881,-552.823,50000.000,8344.646,-5998.882,50000.000,0
53001,18564.410,1060.823,50000.000,10466.293,-5393.764,50000.000,0
53051,17130.059,6604.000,50000.000,9629.588,-2906.059,50000.000,0
53101,17525.998,7859.058,50000.000,2749.176,-687.294,50000.000,0
53151,18788.527,2435.412,50000.000,8105.588,-3414.059,50000.000,0
53201,18773.588,-433.294,50000.000,3877.235,-1643.529,50000.000,0
53251,17324.293,-1501.588,50000.000,1718.235,-455.706,50001.000,0
53301,16816.293,-500.529,50000.000,11616.764,-3062.941,50001.000,0
53351,16472.646,1382.059,50000.000,9383.059,-2786.529,49999.000,0
53401,16457.705,1329.765,50000.000,9569.823,-3048.000,50000.000,0
53451,16442.764,903.941,50000.000,6275.293,-1897.529,50000.000,0
53501,14619.940,1202.765,50000.000,7403.353,-3316.941,50000.000,0
53551,16614.588,216.647,50000.000,9659.470,-5774.764,50000.000,0
53601,17316.822,74.706,50000.000,6013.823,-3645.647,50000.000,0
53651,16644.469,433.294,50000.000,3944.470,-2069.353,50000.000,0
53701,16651.939,732.118,50000.000,3720.353,-1703.294,50001.000,0
53751,16943.293,179.294,50000.000,6701.117,-3526.117,49999.000,0
53801,16689.293,1673.412,50000.000,7724.588,-4265.706,50000.000,0
53851,15561.234,4011.706,50000.000,8120.529,-4646.706,50000.000,0
53901,15150.352,5513.294,50000.000,6499.411,-3175.000,50000.000,0
53951,14082.058,6110.941,50000.000,3570.941,-515.471,50000.000,0
54001,13417.176,6424.706,50000.000,2547.470,-433.294,50000.000,0
54051,13372.352,4415.117,50000.000,9397.999,-3018.117,50000.000,0
54101,13125.822,1725.706,50000.000,4340.412,-1972.235,50000.000,0
54151,13544.176,463.176,50000.000,6499.411,-3668.059,50000.000,0
54201,14888.881,-1299.882,50000.000,7507.940,-5647.764,50001.000,0
54251,15127.940,-3630.706,50000.000,4796.117,-4362.823,49999.000,0
54301,15576.176,-1748.118,50000.000,470.647,-440.765,50000.000,0
54351,14403.293,3443.941,50000.000,2674.470,-1225.176,50000.000,0
54401,14059.646,7754.470,50000.000,3175.000,-1292.412,50001.000,0
54451,16539.881,7493.000,50000.000,9973.234,-5192.059,49999.000,0
54501,17899.527,4601.882,50000.000,2704.353,-1748.118,50000.000,0
54551,17839.764,2779.059,50000.000,3331.882,-2480.235,50000.000,0
54601,18810.939,2099.235,50000.000,4228.353,-3010.647,50000.000,0
54651,16636.998,5453.529,50000.000,10077.823,-5483.412,50001.000,0
54701,17443.822,9061.823,50000.000,9629.588,-4885.764,49999.000,0
54751,19199.410,5304.117,50000.000,6028.764,-4123.765,50000.000,0
54801,20551.586,889.000,50000.000,3526.117,-3107.764,50000.000,0
54851,18781.057,1202.765,50000.000,2054.412,-1748.118,50000.000,0
54901,16666.881,6887.882,50000.000,2599.765,-1247.588,50000.000,0
54951,15493.999,8352.117,50000.000,6357.470,-2166.470,50000.000,0
55001,16084.176,5094.941,50000.000,9233.646,-3922.059,50000.000,0
55051,17279.469,2390.588,50000.000,2510.117,-1225.176,50000.000,0
55101,18033.998,1643.529,50000.000,963.706,-530.412,50000.000,0
55151,18362.705,2861.235,50000.000,2495.176,-1561.353,50000.000,0
55201,18773.588,7605.058,50000.000,5124.823,-3548.529,50000.000,0
55251,19557.998,8307.294,50000.000,6843.059,-4422.588,50000.000,0
55301,18609.234,5461.000,50000.000,9308.353,-6163.235,50000.000,0
55351,18795.998,3608.294,50000.000,7478.058,-5348.941,50000.000,0
55401,17458.764,6648.823,50000.000,4176.059,-1994.647,50000.000,0
55451,13073.528,10145.059,50000.000,4743.823,-336.176,50000.000,0
55501,15889.940,9241.117,50000.000,11878.234,-1397.000,50000.000,0
55551,16435.293,5266.764,50000.000,10936.940,-2891.117,50000.000,0
55601,14306.176,3966.882,50000.000,4011.706,-366.059,50001.000,0
55651,13969.999,2607.235,50002.000,10115.176,-321.235,49999.000,0
55701,16001.999,2599.765,49999.000,4997.823,-739.588,49999.000,0
55751,16973.176,3914.588,49999.000,3040.529,-1255.059,50000.000,0
55801,18302.939,3496.235,50000.000,9173.882,-5199.529,50000.000,0
55851,19834.410,1277.470,50000.000,8927.353,-6693.646,50000.000,0
55901,21843.998,-179.294,50000.000,2398.059,-2032.000,50000.000,0
55951,20521.705,1143.000,50000.000,3062.941,-1800.412,50000.000,0
56001,18048.939,7590.117,50000.000,10697.882,-5602.941,50000.000,0
56051,18967.822,8852.646,50000.000,10070.353,-4885.764,50000.000,0
56101,19012.646,8307.294,50000.000,10921.999,-5311.588,50000.000,0
56151,18317.881,8740.588,50000.000,14664.764,-6110.941,50000.000,0
56201,19468.352,7313.706,50000.000,6506.882,-2532.529,50000.000,0
56251,19572.939,3959.411,50000.000,12162.117,-6499.411,50000.000,0
56301,20088.410,2211.294,50000.000,14074.587,-10458.823,50000.000,0
56351,20275.176,3839.882,50000.000,4392.706,-3294.529,50000.000,0
56401,18287.998,7634.940,50000.000,1456.765,-448.235,50000.000,0
56451,17645.527,6499.411,50000.000,575.235,-44.824,50000.000,0
56501,18213.293,3234.764,50000.000,2816.412,186.765,50000.000,0
56551,16913.410,1740.647,50000.000,5939.117,119.529,50000.000,0
56601,18773.588,1665.941,50000.000,9091.705,-1509.059,50000.000,0
56651,20753.293,776.941,50000.000,7761.940,-3077.882,50000.000,0
56701,22381.881,52.294,50000.000,7112.000,-3473.823,50000.000,0
56751,24869.586,-82.176,50000.000,5998.882,-4235.823,50000.000,0
56801,24197.234,-119.529,50000.000,6409.764,-4355.353,50000.000,0
56851,22762.881,410.882,50000.000,8553.823,-4766.235,50000.000,0
56901,21731.939,2495.176,50000.000,12886.764,-7463.117,50000.000,0
56951,19371.234,6357.470,50000.000,7059.706,-4355.353,50000.000,0
57001,18093.764,5244.353,50000.000,2629.647,-1710.765,50000.000,0
57051,19565.469,3929.529,50000.000,254.000,-156.882,50000.000,0
57101,21261.293,3922.059,50000.000,1703.294,-971.176,50000.000,0
57151,20028.646,7298.764,50000.000,1912.470,-1090.706,50000.000,0
57201,21627.352,7582.646,50000.000,1949.823,-1120.588,50000.000,0
57251,23629.469,3974.353,50000.000,4303.059,-2853.764,50000.000,0
57301,24286.881,2510.117,50000.000,8292.353,-5341.470,50000.000,0
57351,19856.822,5356.412,50000.000,8762.999,-3817.470,50000.000,0
57401,18818.410,7963.646,50000.000,6895.353,-2017.059,50000.000,0
57451,18646.588,7231.529,50000.000,10100.234,-956.235,50000.000,0
57501,17137.527,4519.706,50000.000,17369.117,-119.529,50000.000,0
57551,17899.527,2046.941,50000.000,21619.881,-2151.529,50000.000,0
57601,21754.352,2271.059,50000.000,15882.470,-4893.235,50000.000,0
57651,22972.057,2592.294,50000.000,9778.999,-4392.706,50000.000,0
57701,25519.527,1098.176,50000.000,9435.353,-5057.588,50000.000,0
57751,25497.115,-776.941,50000.000,3884.706,-2024.529,50000.000,0
57801,25033.939,-500.529,50000.000,6641.353,-3212.353,50000.000,0
57851,23651.881,4407.647,50000.000,7044.764,-3526.117,50000.000,0
57901,20790.646,6663.764,50000.000,7500.470,-3742.764,50000.000,0
57951,22732.998,6581.588,50000.000,7478.058,-3391.647,50000.000,0
58001,22374.410,4781.176,50000.000,9935.882,-4624.294,50000.000,0
58051,21843.998,3996.764,50000.000,9599.705,-4863.353,50000.000,0
58101,20865.352,7156.823,50000.000,4078.941,-2375.647,50000.000,0
58151,22553.705,7433.235,50000.000,2995.706,-1867.647,50000.000,0
58201,26303.939,3697.941,50000.000,3705.412,-3279.588,50000.000,0
58251,26707.352,2353.235,50000.000,3795.059,-2935.941,50000.000,0
58301,22695.646,6297.706,50000.000,6215.529,-3630.706,50000.000,0
58351,22792.764,6917.764,50000.000,8471.646,-4205.941,50000.000,0
58401,27446.939,2181.412,50000.000,4908.176,-2988.235,50000.000,0
58451,27148.115,1180.353,50000.000,6708.588,-4459.941,50000.000,0
58501,22232.469,4579.470,50000.000,10055.411,-5901.764,50000.000,0
58551,20902.705,7694.706,50000.000,12199.470,-6693.646,50000.000,0
58601,22015.822,4870.823,50000.000,10503.646,-5976.470,50000.000,0
58651,25639.057,1307.353,50000.000,10466.293,-7141.882,50000.000,0
58701,25295.410,1919.941,50000.000,5677.646,-3847.353,50000.000,0
58751,22815.176,6529.293,50000.000,11235.764,-6342.529,50000.000,0
58801,23539.822,6006.353,50000.000,13618.882,-7620.000,50000.000,0
58851,24735.115,2756.647,50000.000,6432.176,-3944.470,50000.000,0
58901,24877.057,2525.059,50000.000,5393.764,-3503.706,50000.000,0
58951,20596.410,6925.235,50000.000,8240.059,-4004.235,50000.000,0
59001,17242.117,7851.588,50000.000,16158.881,-6708.588,50000.000,0
59051,21970.998,5184.588,50000.000,13574.058,-7507.940,50000.000,0
59101,24391.469,1628.588,50000.000,2950.882,-2024.529,50000.000,0
59151,24847.174,2233.706,50000.000,1890.059,-1262.529,50000.000,0
59201,21306.115,6051.176,50000.000,2517.588,-1464.235,50000.000,0
59251,21448.057,6970.059,50000.000,2906.059,-1307.353,50000.000,0
59301,25960.293,3025.588,50000.000,4422.588,-2980.764,50000.000,0
59351,27252.703,1695.823,50000.000,4295.588,-2943.412,50000.000,0
59401,23375.469,5281.706,50000.000,7612.529,-4452.470,50000.000,0
59451,17570.822,8680.823,50000.000,7926.293,-3294.529,50000.000,0
59501,19027.588,6484.470,50000.000,18721.293,-8374.529,50000.000,0
59551,22247.410,2323.353,50000.000,14246.411,-8777.940,50000.000,0
59601,24055.293,1202.765,50000.000,6417.235,-4213.412,50000.000,0
59651,21395.764,5401.235,50000.000,4056.529,-2525.059,50000.000,0
59701,22852.527,7186.706,50000.000,7567.706,-4855.882,50000.000,0
59751,26214.293,3040.529,50000.000,4004.235,-2921.000,50000.000,0
59801,25967.764,1038.412,50000.000,7141.882,-5744.882,50000.000,0
59851,21321.057,5461.000,50000.000,7515.411,-3996.764,50000.000,0
59901,17974.234,8292.353,50000.000,4669.117,-2039.470,50000.000,0
59951,21769.293,6544.235,50000.000,12909.176,-6566.646,50000.000,0
