timestamp[ms],left_dx[um],left_dy[um],left_dt[us],right_dx[um],right_dy[um],right_dt[us],waterPin
0,,,50153.000,-7.471,-14.941,50153.000,0
51,,,50000.000,-2554.941,-1785.470,50000.000,0
101,,,50000.000,-560.294,-508.000,50000.000,0
151,,,50000.000,-2032.000,-1897.529,50000.000,0
201,,,50000.000,-1628.588,-1658.470,50000.000,0
251,,,50000.000,-776.941,-1030.941,50000.000,0
301,,,50000.000,-739.588,-530.412,50000.000,0
351,,,50000.000,14.941,82.176,50000.000,0
401,,,50000.000,104.588,0.000,50000.000,0
451,,,50000.000,358.588,-410.882,50000.000,0
501,,,50000.000,806.823,-903.941,50000.000,0
551,,,50000.000,291.353,164.353,50000.000,0
601,,,50000.000,1778.000,1165.412,50000.000,0
651,,,50000.000,1344.706,530.412,50000.000,0
701,,,50000.000,784.412,7.471,50000.000,0
751,,,50000.000,948.765,-22.412,50000.000,0
801,,,50000.000,283.882,7.471,50000.000,0
851,,,50000.000,1972.235,209.176,50000.000,0
901,,,50000.000,3473.823,328.706,50000.000,0
951,,,50000.000,1143.000,67.235,50000.000,0
1001,,,50000.000,2801.470,239.059,50000.000,0
1051,,,50000.000,2420.470,134.471,50000.000,0
1101,,,50000.000,1568.823,14.941,50000.000,0
1151,,,50000.000,799.353,-29.882,50000.000,0
1201,,,50000.000,343.647,-14.941,50000.000,0
1251,,,50000.000,1120.588,82.176,50000.000,0
1301,,,50000.000,2091.765,164.353,50000.000,0
1351,,,50000.000,2315.882,112.059,50000.000,0
1401,,,50000.000,2786.529,-22.412,50000.000,0
1451,,,50000.000,3399.117,22.412,50000.000,0
1501,,,50000.000,2846.294,134.471,50000.000,0
1551,,,50000.000,911.412,89.647,50000.000,0
1601,,,50000.000,1987.176,67.235,50000.000,0
1651,,,50000.000,2383.117,119.529,50000.000,0
1701,,,50000.000,1897.529,67.235,50000.000,0
1751,,,50000.000,2360.706,104.588,50000.000,0
1801,,,50000.000,463.176,37.353,50000.000,0
1851,,,50000.000,948.765,52.294,50000.000,0
1901,,,50000.000,1016.000,7.471,50000.000,0
1951,,,50000.000,657.412,-7.471,50000.000,0
2001,,,50000.000,874.059,59.765,50000.000,0
2051,,,50000.000,1172.882,82.176,50000.000,0
2101,,,50000.000,754.529,14.941,50000.000,0
2151,,,50000.000,410.882,29.882,50000.000,0
2201,,,50000.000,328.706,119.529,50000.000,0
2251,,,50000.000,-14.941,7.471,50000.000,0
2301,,,50000.000,-388.471,156.882,50000.000,0
2351,,,50000.000,-664.882,112.059,50000.000,0
2401,,,50000.000,-388.471,7.471,50000.000,0
2451,,,50000.000,-717.176,44.824,50000.000,0
2501,,,50000.000,-2136.588,97.118,50000.000,0
2551,,,50000.000,-2375.647,-67.235,50000.000,0
2601,,,50000.000,-4071.470,-425.823,50000.000,0
2651,,,50000.000,-3331.882,-201.706,50000.000,0
2701,,,50000.000,-5423.646,-291.353,50000.000,0
2751,,,50000.000,-4445.000,-224.118,50000.000,0
2801,,,50000.000,-2637.117,-119.529,50000.000,0
2851,,,50000.000,-2577.353,-149.412,50000.000,0
2901,,,50000.000,-4676.588,-433.294,50000.000,0
2951,,,50000.000,-3070.412,-194.235,50000.000,0
3001,,,50000.000,-3145.117,-44.824,50000.000,0
3051,,,50000.000,-1643.529,-127.000,50000.000,0
3101,,,50000.000,-5087.470,-313.765,50000.000,0
3151,,,50000.000,-6237.941,-224.118,50000.000,0
3201,,,50000.000,-1464.235,-37.353,50000.000,0
3251,,,50000.000,-2696.882,-194.235,50000.000,0
3301,,,50000.000,-4161.117,-239.059,50000.000,0
3351,,,50000.000,-7888.940,-545.353,50000.000,0
3401,,,50000.000,-4303.059,-403.412,50000.000,0
3451,,,50000.000,-1718.235,-104.588,50000.000,0
3501,,,50000.000,-3488.764,-209.176,50000.000,0
3551,,,50000.000,-6663.764,-582.706,50000.000,0
3601,,,50000.000,-6245.411,-470.647,50000.000,0
3651,,,50000.000,-2734.235,-67.235,50000.000,0
3701,,,50000.000,-590.176,-44.824,50000.000,0
3751,,,50000.000,-1740.647,0.000,50000.000,0
3801,,,50000.000,-2779.059,0.000,50000.000,0
3851,,,50000.000,-3421.529,-67.235,50000.000,0
3901,,,50000.000,-1322.294,-119.529,50000.000,0
3951,,,50000.000,-1157.941,-306.294,50000.000,0
4001,,,50000.000,-134.471,-22.412,50000.000,0
4051,,,50000.000,0.000,0.000,50000.000,0
4101,,,50000.000,224.118,0.000,50000.000,0
4151,,,50000.000,1083.235,52.294,50000.000,0
4201,,,50000.000,1150.470,89.647,50000.000,0
4251,,,50000.000,2771.588,156.882,50000.000,0
4301,,,50000.000,3264.647,119.529,50000.000,0
4351,,,50000.000,3115.235,194.235,50000.000,0
4401,,,50000.000,2592.294,224.118,50000.000,0
4451,,,50000.000,1740.647,112.059,50000.000,0
4501,,,50000.000,1322.294,97.118,50000.000,0
4551,,,50000.000,3675.529,149.412,50000.000,0
4601,,,50000.000,4318.000,209.176,50000.000,0
4651,,,50000.000,5289.176,283.882,50000.000,0
4701,,,50000.000,2398.059,186.765,50000.000,0
4751,,,50000.000,2248.647,141.941,50000.000,0
4801,,,50000.000,2173.941,119.529,50000.000,0
4851,,,50000.000,3316.941,149.412,50000.000,0
4901,,,50000.000,4228.353,194.235,50000.000,0
4951,,,50000.000,4071.470,149.412,50000.000,0
5001,,,50000.000,3705.412,179.294,50000.000,0
5051,,,50000.000,2831.353,89.647,50000.000,0
5101,,,50000.000,2480.235,67.235,50000.000,0
5151,,,50000.000,2472.765,67.235,50000.000,0
5201,,,50000.000,246.529,7.471,50000.000,0
5251,,,50000.000,911.412,44.824,50000.000,0
5301,,,50000.000,1800.412,59.765,50000.000,0
5351,,,50000.000,3929.529,186.765,50000.000,0
5401,,,50000.000,3720.353,171.824,50000.000,0
5451,,,50000.000,694.765,7.471,50000.000,0
5501,,,50000.000,2300.941,0.000,50000.000,0
5551,,,50000.000,2779.059,29.882,50000.000,0
5601,,,50000.000,552.823,29.882,50000.000,0
5651,,,50000.000,313.765,14.941,50000.000,0
5701,,,50000.000,104.588,-7.471,50000.000,0
5751,,,50000.000,7.471,0.000,50000.000,0
5801,,,50000.000,537.882,0.000,50000.000,0
5851,,,50000.000,903.941,22.412,50000.000,0
5901,,,50000.000,1434.353,29.882,50000.000,0
5951,,,50000.000,134.471,0.000,50000.000,0
6001,,,50000.000,134.471,0.000,50000.000,0
6051,,,50000.000,164.353,-7.471,50000.000,0
6101,,,50000.000,283.882,-14.941,50000.000,0
6151,,,50000.000,276.412,-14.941,50000.000,0
6201,,,50000.000,-7.471,-37.353,50000.000,0
6251,,,50000.000,-224.118,-59.765,50000.000,0
6301,,,50000.000,-216.647,-14.941,50000.000,0
6351,,,50000.000,-14.941,0.000,50000.000,0
6401,,,50000.000,0.000,0.000,50000.000,0
6451,,,50000.000,-7.471,0.000,50000.000,0
6501,,,50000.000,-814.294,-14.941,50000.000,0
6551,,,50000.000,-1195.294,-22.412,50000.000,0
6601,,,50000.000,-1322.294,-59.765,50000.000,0
6651,,,50000.000,-119.529,0.000,50000.000,0
6701,,,50000.000,-22.412,-7.471,50000.000,0
6751,,,50000.000,-433.294,-67.235,50000.000,0
6801,,,50000.000,-522.941,-44.824,50000.000,0
6851,,,50000.000,-358.588,0.000,50000.000,0
6901,,,50000.000,-358.588,14.941,50000.000,0
6951,,,50000.000,-1830.294,-59.765,50000.000,0
7001,,,50000.000,-1740.647,-127.000,50000.000,0
7051,,,50000.000,-1329.765,-97.118,50000.000,0
7101,,,50000.000,-59.765,-7.471,50000.000,0
7151,,,50000.000,-896.471,-52.294,50000.000,0
7201,,,50000.000,-784.412,-37.353,50000.000,0
7251,,,50000.000,-762.000,-22.412,50000.000,0
7301,,,50000.000,-1486.647,-67.235,50000.000,0
7351,,,50000.000,-1329.765,-127.000,50000.000,0
7401,,,50000.000,-881.529,-29.882,50000.000,0
7451,,,50000.000,-508.000,29.882,50000.000,0
7501,,,50000.000,-978.647,515.471,50000.000,0
7551,,,50000.000,-276.412,119.529,50000.000,0
7601,,,50000.000,-104.588,-89.647,50000.000,0
7651,,,50000.000,-89.647,0.000,50000.000,0
7701,,,50000.000,7.471,194.235,50000.000,0
7751,,,50000.000,119.529,-239.059,50000.000,0
7801,,,50000.000,37.353,-29.882,50000.000,0
7851,,,50000.000,141.941,22.412,50000.000,0
7901,,,50000.000,821.765,-209.176,50000.000,0
7951,,,50000.000,978.647,-268.941,50000.000,0
8001,,,50000.000,493.059,29.882,50000.000,0
8051,,,50000.000,739.588,74.706,50000.000,0
8101,,,50000.000,179.294,-7.471,50000.000,0
8151,,,50000.000,784.412,7.471,50000.000,0
8201,,,50000.000,1636.059,-29.882,50000.000,0
8251,,,50000.000,164.353,-7.471,50000.000,0
8301,,,50000.000,171.824,0.000,50000.000,0
8351,,,50000.000,59.765,0.000,50000.000,0
8401,,,50000.000,784.412,44.824,50000.000,0
8451,,,50000.000,2360.706,74.706,50000.000,0
8501,,,50000.000,1568.823,-14.941,50000.000,0
8551,,,50000.000,926.353,-37.353,50000.000,0
8601,,,50000.000,515.471,7.471,50000.000,0
8651,,,50000.000,14.941,0.000,50000.000,0
8701,,,50000.000,119.529,14.941,50000.000,0
8751,,,50000.000,7.471,7.471,50000.000,0
8801,,,50000.000,119.529,7.471,50000.000,0
8851,,,50000.000,522.941,-14.941,50000.000,0
8901,,,50000.000,1404.470,-37.353,50000.000,0
8951,,,50000.000,597.647,-37.353,50000.000,0
9001,,,50000.000,1807.882,14.941,50000.000,0
9051,,,50000.000,388.471,29.882,50000.000,0
9101,,,50000.000,575.235,-44.824,50000.000,0
9151,,,50000.000,986.118,-119.529,50000.000,0
9201,,,50000.000,657.412,44.824,50000.000,0
9251,,,50000.000,186.765,14.941,50000.000,0
9301,,,50000.000,0.000,0.000,50000.000,0
9351,,,50000.000,0.000,0.000,50000.000,0
9401,,,50000.000,0.000,0.000,50000.000,0
9451,,,50000.000,0.000,0.000,50000.000,0
9501,,,50000.000,0.000,0.000,50000.000,0
9551,,,50000.000,0.000,0.000,50000.000,0
9601,,,50000.000,-709.706,209.176,50000.000,0
9651,,,50000.000,-874.059,231.588,50000.000,0
9701,,,50000.000,-1598.706,-1748.118,50000.000,0
9751,,,50000.000,-4004.235,-6103.470,50000.000,0
9801,,,50000.000,-2271.059,-5543.176,50000.000,0
9851,,,50000.000,-933.823,-3593.353,50000.000,0
9901,,,50000.000,-799.353,-3033.059,50000.000,0
9951,,,50000.000,-978.647,-1957.294,50000.000,0
10001,,,50000.000,-2554.941,-179.294,50000.000,0
10051,,,50000.000,-3189.941,373.529,50000.000,0
10101,,,50000.000,-3914.588,-328.706,50000.000,0
10151,,,50000.000,-3316.941,-881.529,50000.000,0
10201,,,50000.000,-2891.117,-418.353,50000.000,0
10251,,,50000.000,-1897.529,-373.529,50000.000,0
10301,,,50000.000,-1501.588,74.706,50000.000,0
10351,,,50000.000,-433.294,164.353,50000.000,0
10401,,,50000.000,-1030.941,762.000,50000.000,0
10451,,,50000.000,-2315.882,1718.235,50000.000,0
10501,,,50000.000,-3653.117,2457.823,50000.000,0
10551,,,50000.000,-3189.941,1934.882,50000.000,0
10601,,,50000.000,-4639.235,1964.765,50000.000,0
10651,,,50000.000,-6096.000,1299.882,50000.000,0
10701,,,50000.000,-8710.705,-201.706,50000.000,0
10751,,,50000.000,-10189.882,-1016.000,50000.000,0
10801,,,50000.000,-5221.941,381.000,50000.000,0
10851,,,50000.000,-3376.706,694.765,50000.000,0
10901,,,50000.000,-3735.294,582.706,50000.000,0
10951,,,50000.000,-3458.882,440.765,50000.000,0
11001,,,50000.000,-2554.941,141.941,50000.000,0
11051,,,50000.000,-1994.647,156.882,50000.000,0
11101,,,50000.000,-1972.235,104.588,50000.000,0
11151,,,50000.000,-2323.353,112.059,50000.000,0
11201,,,50000.000,-1083.235,14.941,50000.000,0
11251,,,50000.000,-2330.823,-97.118,50000.000,0
11301,,,50000.000,-2091.765,37.353,50000.000,0
11351,,,50000.000,-2106.706,14.941,50000.000,0
11401,,,50000.000,-2719.294,37.353,50000.000,0
11451,,,50000.000,-1538.941,-246.529,50000.000,0
11501,,,50000.000,-2360.706,-642.471,50000.000,0
11551,,,50000.000,-1912.470,-366.059,50000.000,0
11601,,,50000.000,-933.823,-291.353,50000.000,0
11651,,,50000.000,-806.823,-373.529,50000.000,0
11701,,,50000.000,-2151.529,-1001.059,50000.000,0
11751,,,50000.000,-358.588,-89.647,50000.000,0
11801,,,50000.000,-1053.353,-246.529,50000.000,0
11851,,,50000.000,-395.941,-119.529,50000.000,0
11901,,,50000.000,-373.529,-82.176,50000.000,0
11951,,,50000.000,-2061.882,-358.588,50000.000,0
12001,,,50000.000,-1718.235,-254.000,50000.000,0
12051,,,50000.000,-2599.765,-1150.470,50000.000,0
12101,,,50000.000,-1344.706,-635.000,50000.000,0
12151,,,50000.000,-1098.176,-530.412,50000.000,0
12201,,,50000.000,-821.765,-522.941,50000.000,0
12251,,,50000.000,0.000,0.000,50000.000,0
12301,,,50000.000,-597.647,-209.176,50000.000,0
12351,,,50000.000,-440.765,-97.118,50000.000,0
12401,,,50000.000,-268.941,-201.706,50000.000,0
12451,,,50000.000,-3145.117,-2517.588,50000.000,0
12501,,,50000.000,-1494.118,-1329.765,50000.000,0
12551,,,50000.000,-1068.294,-597.647,50000.000,0
12601,,,50000.000,-328.706,478.118,50000.000,0
12651,,,50000.000,0.000,478.118,50000.000,0
12701,,,50000.000,22.412,22.412,50000.000,0
12751,,,50000.000,291.353,500.529,50000.000,0
12801,,,50000.000,1038.412,963.706,50000.000,0
12851,,,50000.000,3966.882,-552.823,50000.000,0
12901,,,50000.000,3951.941,-1972.235,50000.000,0
12951,,,50000.000,1942.353,-552.823,50000.000,0
13001,,,50000.000,5864.411,-283.882,50000.000,0
13051,,,50000.000,4938.059,-672.353,50000.000,0
13101,,,50000.000,10892.117,-4228.353,50000.000,0
13151,,,50000.000,8613.588,-2614.706,50000.000,0
13201,,,50000.000,9487.646,-1314.823,50000.000,0
13251,,,50000.000,8710.705,-358.588,50000.000,0
13301,,,50000.000,14223.999,-1837.765,50000.000,0
13351,,,50000.000,20544.117,-6125.882,50000.000,0
13401,,,50000.000,11736.293,-3048.000,50000.000,0
13451,,,50000.000,15777.881,-1225.176,50000.000,0
13501,,,50000.000,13544.176,-993.588,50000.000,0
13551,,,50000.000,9808.882,-986.118,50000.000,0
13601,,,50000.000,29060.586,-3981.823,50000.000,0
13651,,,50000.000,26565.410,-7209.117,50000.000,0
13701,,,50000.000,11758.705,-3937.000,50000.000,0
13751,,,50000.000,11527.117,-3496.235,50000.000,0
13801,,,50000.000,10966.823,-3369.235,50000.000,0
13851,,,50000.000,8934.823,-2271.059,50000.000,0
13901,,,50000.000,20663.646,-6880.411,50000.000,0
13951,,,50000.000,29508.822,-10936.940,50000.000,0
14001,,,50000.000,22591.057,-9457.764,50000.000,0
14051,,,50000.000,15314.705,-5700.059,50000.000,0
14101,,,50000.000,13992.411,-4616.823,50000.000,0
14151,,,50000.000,9076.764,-3615.764,50000.000,0
14201,,,50000.000,13207.999,-6469.529,50000.000,0
14251,,,50000.000,8852.646,-4586.941,50000.000,0
14301,,,50000.000,6170.706,-2495.176,50000.000,0
14351,,,50000.000,2749.176,-627.529,50000.000,0
14401,,,50000.000,3720.353,-724.647,50000.000,0
14451,,,50000.000,1240.118,-328.706,50000.000,0
14501,,,50000.000,11571.940,-2375.647,50000.000,0
14551,,,50000.000,18310.410,-2532.529,50000.000,0
14601,,,50000.000,2450.353,-254.000,50000.000,0
14651,,,50000.000,7478.058,-1023.471,50000.000,0
14701,,,50000.000,27372.234,-5722.470,50000.000,0
14751,,,50000.000,27902.645,-7425.764,50000.000,0
14801,,,50000.000,26423.469,-8254.999,50000.000,0
14851,,,50000.000,12894.234,-4146.176,50000.000,0
14901,,,50000.000,14253.882,-2644.588,50000.000,0
14951,,,50000.000,11586.882,-1404.470,50000.000,0
15001,,,50000.000,15523.881,-2308.412,50000.000,0
15051,,,50000.000,32011.469,-5759.823,50000.000,0
15101,,,50000.000,24369.057,-5304.117,50000.000,0
15151,,,50000.000,15053.234,-3668.059,50000.000,0
15201,,,50000.000,8807.823,-1083.235,50000.000,0
15251,,,50000.000,9756.588,-1083.235,50000.000,0
15301,,,50000.000,19229.293,-3316.941,50000.000,0
15351,,,50000.000,17458.764,-4056.529,50000.000,0
15401,,,50000.000,13790.705,-4034.117,50000.000,0
15451,,,50000.000,17167.410,-5998.882,50000.000,0
15501,,,50000.000,9136.528,-2054.412,50000.000,0
15551,,,50000.000,17286.939,-2786.529,50000.000,0
15601,,,50000.000,23846.115,-5550.646,50000.000,0
15651,,,50000.000,19684.998,-5707.529,50000.000,0
15701,,,50000.000,12916.646,-4534.647,50000.000,0
15751,,,50000.000,11833.411,-4512.235,50000.000,0
15801,,,50000.000,15157.822,-5072.529,50000.000,0
15851,,,50000.000,12886.764,-3040.529,50000.000,0
15901,,,50000.000,6925.235,-2241.176,50000.000,0
15951,,,50000.000,18571.881,-7500.470,50000.000,0
16001,,,50000.000,20544.117,-8807.823,50000.000,0
16051,,,50000.000,8195.234,-3324.412,50000.000,0
16101,,,50000.000,2271.059,-874.059,50000.000,0
16151,,,50000.000,3264.647,-1143.000,50000.000,0
16201,,,50000.000,5655.235,-933.823,50000.000,0
16251,,,50000.000,18922.998,-1098.176,50000.000,0
16301,,,50000.000,13850.470,-821.765,50000.000,0
16351,,,50000.000,2801.470,-747.059,50000.000,0
16401,,,50000.000,5117.353,-2159.000,50000.000,0
16451,,,50000.000,7971.117,-2906.059,50000.000,0
16501,,,50000.000,7156.823,-1942.353,50000.000,0
16551,,,50000.000,16861.117,-2883.647,50000.000,0
16601,,,50000.000,26034.998,-8404.411,50000.000,0
16651,,,50000.000,17794.939,-8322.234,50000.000,0
16701,,,50000.000,9308.353,-5251.823,50000.000,0
16751,,,50000.000,7336.117,-3623.235,50000.000,0
16801,,,50000.000,6731.000,-2061.882,50000.000,0
16851,,,50000.000,12393.705,-5782.235,50000.000,0
16901,,,50000.000,11422.528,-6215.529,50000.000,0
16951,,,50000.000,10010.588,-5289.176,50000.000,0
17001,,,50000.000,5192.059,-2510.117,50000.000,0
17051,,,50000.000,3690.470,-1949.823,50002.000,0
17101,,,50000.000,6820.646,-3354.294,50000.000,0
17151,,,50000.000,12318.999,-5035.176,50000.000,0
17201,,,50000.000,17892.057,-4310.529,50000.000,0
17251,,,50000.000,15964.646,-896.471,50000.000,0
17301,,,50000.000,9465.234,-1030.941,50000.000,0
17351,,,50000.000,14575.116,-3227.294,50000.000,0
17401,,,50000.000,7634.940,-2465.294,50000.000,0
17451,,,50000.000,9039.411,-2823.882,50000.000,0
17501,,,50000.000,9256.059,-3361.764,50000.000,0
17551,,,50000.000,5356.412,-1852.706,50000.000,0
17601,,,50000.000,9076.764,-2420.470,50000.000,0
17651,,,50000.000,9091.705,-2368.176,50000.000,0
17701,,,50000.000,12535.646,-3219.823,50000.000,0
17751,,,50000.000,11332.882,-3541.059,50000.000,0
17801,,,50000.000,5162.176,-2024.529,50000.000,0
17851,,,50000.000,8822.764,-2300.941,50000.000,0
17901,,,50000.000,16622.059,-4407.647,50000.000,0
17951,,,50000.000,27663.586,-12094.882,50000.000,0
18001,,,50000.000,10047.940,-5289.176,50000.000,0
18051,,,50000.000,5827.059,-3541.059,50000.000,0
18101,,,50000.000,12296.588,-7067.176,50000.000,0
18151,,,50000.000,10809.940,-5550.646,50000.000,0
18201,,,50000.000,7844.117,-3354.294,50000.000,0
18251,,,50000.000,13237.882,-6521.823,50000.000,0
18301,,,50000.000,12983.882,-7672.293,50000.000,0
18351,,,50000.000,13409.705,-8725.646,50000.000,0
18401,,,50000.000,9166.411,-5916.706,50000.000,0
18451,,,50000.000,4542.117,-2084.294,50000.000,0
18501,,,50000.000,5573.059,-2517.588,50000.000,0
18551,,,50000.000,11340.353,-4176.059,50000.000,0
18601,,,50000.000,15000.940,-4191.000,50000.000,0
18651,,,50000.000,11108.764,-3369.235,50000.000,0
18701,,,50000.000,15426.764,-7530.353,50000.000,0
18751,,,50000.000,16069.234,-9233.646,50000.000,0
18801,,,50000.000,7373.470,-4123.765,50000.000,0
18851,,,50000.000,5296.646,-2472.765,50000.000,0
18901,,,50000.000,6566.646,-1576.294,50000.000,0
18951,,,50000.000,4669.117,-1486.647,50000.000,0
19001,,,50000.000,9233.646,-4713.941,50000.000,0
19051,,,50000.000,8098.117,-4654.176,50000.000,0
19101,,,50000.000,4609.353,-2749.176,50000.000,0
19151,,,50000.000,9764.059,-5438.588,50000.000,0
19201,,,50000.000,17966.764,-10533.528,50000.000,0
19251,,,50000.000,12475.882,-7926.293,50000.000,0
19301,,,50000.000,6775.823,-4728.882,50000.000,0
19351,,,50000.000,5871.882,-3884.706,50000.000,0
19401,,,50000.000,8210.176,-5341.470,50000.000,0
19451,,,50002.000,6469.529,-4848.412,50000.000,0
19501,,,50000.000,3324.412,-3309.470,50000.000,0
19551,,,49998.000,5371.353,-4340.412,49998.000,0
19601,,,50000.000,9547.411,-6932.706,50000.000,0
19651,,,50000.000,15277.352,-11422.528,50000.000,0
19701,,,50000.000,11758.705,-10854.764,50000.000,0
19751,,,50000.000,4198.470,-3503.706,50000.000,0
19801,,,50000.000,3981.823,-2652.059,50000.000,0
19851,,,50000.000,7313.706,-5057.588,50000.000,0
19901,,,50000.000,5169.646,-4228.353,50000.000,0
19951,,,50000.000,4773.706,-3324.412,50000.000,0
20001,,,50000.000,5251.823,-2652.059,50000.000,0
20051,,,50000.000,3204.882,-1105.647,50000.000,0
20101,,,50000.000,9472.705,-4579.470,50000.000,0
20151,,,50000.000,12856.882,-7963.646,50000.000,0
20201,,,50000.000,11258.176,-7799.293,50000.000,0
20251,,,50000.000,9465.234,-6768.353,50000.000,0
20301,,,50000.000,14746.940,-11161.058,50000.000,0
20351,,,50000.000,7612.529,-6170.706,50000.000,0
20401,,,50000.000,8142.940,-6618.941,50000.000,0
20451,,,50000.000,9838.764,-7911.353,50000.000,0
20501,,,50000.000,5580.529,-4400.176,50000.000,0
20551,,,50000.000,3062.941,-2218.765,50000.000,0
20601,,,50000.000,11497.234,-8374.529,50000.000,0
20651,,,50000.000,9181.353,-7328.646,50000.000,1
20701,,,50000.000,2114.176,-1643.529,50000.000,1
20751,,,50000.000,1628.588,-1030.941,50000.000,0
20801,,,50000.000,3929.529,-2173.941,50000.000,0
20851,,,50000.000,1852.706,-1016.000,50000.000,0
20901,,,50000.000,194.235,-149.412,50000.000,0
20951,,,50000.000,3257.176,-2510.117,50000.000,0
21001,,,50000.000,6940.176,-4250.765,50000.000,0
21051,,,50000.000,9958.293,-4751.294,50000.000,0
21101,,,50000.000,4669.117,-2353.235,50000.000,0
21151,,,50000.000,8598.646,-5797.176,50000.000,0
21201,,,50000.000,3847.353,-2913.529,50000.000,0
21251,,,50000.000,4191.000,-3302.000,50000.000,0
21301,,,50000.000,1374.588,-926.353,50000.000,0
21351,,,50000.000,2330.823,-829.235,50000.000,0
21401,,,50000.000,12356.353,-5251.823,50000.000,0
21451,,,50000.000,14941.176,-7971.117,50000.000,0
21501,,,50000.000,8060.764,-4452.470,50000.000,0
21551,,,50000.000,3839.882,-1994.647,50000.000,0
21601,,,50000.000,5214.470,-3137.647,50000.000,0
21651,,,50000.000,7007.411,-4362.823,50000.000,0
21701,,,50000.000,4646.706,-3511.176,50000.000,0
21751,,,50000.000,791.882,-664.882,50000.000,0
21801,,,50000.000,1187.823,-493.059,50000.000,0
21851,,,50000.000,4826.000,-2009.588,50000.000,0
21901,,,50000.000,8187.764,-4340.412,50000.000,0
21951,,,50000.000,12244.293,-7552.764,50000.000,0
22001,,,50000.000,3481.294,-2435.412,50000.000,0
22051,,,50000.000,4295.588,-3115.235,50000.000,0
22101,,,50000.000,6096.000,-3556.000,50000.000,0
22151,,,50000.000,9427.882,-3548.529,50000.000,0
22201,,,50000.000,7478.058,-1852.706,50000.000,0
22251,,,50000.000,2188.882,-889.000,50000.000,0
22301,,,50000.000,2584.823,-1755.588,50000.000,0
22351,,,50000.000,5737.411,-5221.941,50000.000,0
22401,,,50000.000,4684.059,-4482.353,50000.000,0
22451,,,50000.000,1322.294,-1225.176,50000.000,0
22501,,,50000.000,3324.412,-2988.235,50000.000,0
22551,,,50000.000,5513.294,-5057.588,50000.000,0
22601,,,50000.000,10466.293,-10481.234,50000.000,0
22651,,,50000.000,6051.176,-6574.117,50000.000,0
22701,,,50000.000,1277.470,-1068.294,50000.000,0
22751,,,50000.000,3757.706,-2547.470,50000.000,0
22801,,,50000.000,11011.646,-8875.059,50000.000,0
22851,,,50000.000,7634.940,-8434.294,50000.000,0
22901,,,50000.000,4953.000,-5939.117,50000.000,0
22951,,,50000.000,6260.353,-6103.470,50000.000,0
23001,,,50000.000,3869.764,-3869.764,50000.000,0
23051,,,50000.000,5326.529,-5632.823,50000.000,0
23101,,,50000.000,4497.294,-3003.176,50000.000,0
23151,,,50000.000,6140.823,-3548.529,50000.000,0
23201,,,50000.000,3488.764,-1830.294,50000.000,0
23251,,,50000.000,5109.882,-2271.059,50000.000,0
23301,,,50000.000,11041.528,-3675.529,50000.000,0
23351,,,50000.000,11669.058,-4123.765,50000.000,0
23401,,,50000.000,9031.940,-4176.059,50000.000,0
23451,,,50000.000,6641.353,-3705.412,50000.000,0
23501,,,50000.000,3899.647,-2039.470,50000.000,0
23551,,,50000.000,4751.294,-2465.294,50000.000,0
23601,,,50000.000,425.823,-194.235,50000.000,0
23651,,,50000.000,313.765,-59.765,50000.000,0
23701,,,50000.000,2136.588,-687.294,50000.000,0
23751,,,50000.000,3242.235,-1120.588,50000.000,0
23801,,,50000.000,5229.412,-657.412,50000.000,0
23851,,,50000.000,5722.470,186.765,50000.000,0
23901,,,50000.000,1688.353,29.882,50000.000,0
23951,,,50000.000,2323.353,44.824,50000.000,0
24001,,,50000.000,3369.235,500.529,50000.000,0
24051,,,50000.000,6297.706,2711.823,50000.000,0
24101,,,50000.000,7216.588,4146.176,50000.000,0
24151,,,50000.000,4213.412,3742.764,50000.000,0
24201,,,50000.000,1486.647,2420.470,50000.000,0
24251,,,50000.000,74.706,1718.235,50000.000,0
24301,,,50000.000,-298.824,649.941,50000.000,0
24351,,,50000.000,-2637.117,627.529,50000.000,0
24401,,,50000.000,-3100.294,-2569.882,50000.000,0
24451,,,50000.000,-3862.294,-6372.411,50000.000,0
24501,,,50000.000,-2054.412,-3503.706,50000.000,0
24551,,,50000.000,-918.882,-1165.412,50000.000,0
24601,,,50000.000,-4093.882,-6193.117,50000.000,0
24651,,,50000.000,-5251.823,-11019.117,50000.000,0
24701,,,50000.000,-2547.470,-7224.058,50000.000,0
24751,,,50000.000,-1785.470,-4609.353,50000.000,0
24801,,,50000.000,-1680.882,-3817.470,50000.000,0
24851,,,50000.000,-2532.529,-6402.293,50000.000,0
24901,,,50000.000,-993.588,-2472.765,50000.000,0
24951,,,50000.000,-844.176,-4676.588,50000.000,0
25001,,,50000.000,-1374.588,-8621.059,50000.000,0
25051,,,50000.000,-590.176,-1680.882,50000.000,0
25101,,,50000.000,-2039.470,-5722.470,50000.000,0
25151,,,50000.000,-2061.882,-5154.706,50000.000,0
25201,,,50000.000,-702.235,-2935.941,50000.000,0
25251,,,50000.000,-1299.882,-6058.646,50000.000,0
25301,,,50000.000,-1225.176,-3810.000,50000.000,0
25351,,,50000.000,-2061.882,-2622.176,50000.000,0
25401,,,50000.000,-2771.588,-2517.588,50000.000,0
25451,,,50000.000,-1792.941,-2398.059,50000.000,0
25501,,,50000.000,-1001.059,-1815.353,50000.000,0
25551,,,50000.000,-1060.823,-1822.823,50000.000,0
25601,,,50000.000,-2256.117,-4422.588,50000.000,0
25651,,,50000.000,-4071.470,-5072.529,50000.000,0
25701,,,50000.000,-1688.353,-1770.529,50000.000,0
25751,,,50000.000,-836.706,-911.412,50000.000,0
25801,,,50000.000,-1643.529,-1860.176,50000.000,0
25851,,,50000.000,-3914.588,-4474.882,50000.000,0
25901,,,50000.000,-3899.647,-4512.235,50000.000,0
25951,,,50000.000,-2980.764,-3331.882,50000.000,0
26001,,,50000.000,-3346.823,-2816.412,50000.000,0
26051,,,50000.000,-2144.059,-2218.765,50000.000,0
26101,,,50000.000,-1524.000,-2734.235,50000.000,0
26151,,,50000.000,-1949.823,-4885.764,50000.000,0
26201,,,50000.000,-1613.647,-3600.823,50000.000,0
26251,,,50000.000,-2480.235,-5139.764,50000.000,0
26301,,,50000.000,-3765.176,-7029.823,50000.000,0
26351,,,50000.000,-5147.235,-10145.059,50000.000,0
26401,,,50000.000,-3526.117,-3570.941,50000.000,0
26451,,,50000.000,-5565.588,-463.176,50000.000,0
26501,,,50000.000,-8531.411,209.176,50000.000,0
26551,,,50000.000,-8381.999,119.529,50000.000,0
26601,,,50000.000,-8494.059,-74.706,50000.000,0
26651,,,50000.000,-9121.588,-2786.529,50000.000,0
26701,,,50000.000,-8314.764,-5371.353,50000.000,0
26751,,,50000.000,-7336.117,-7246.470,50000.000,0
26801,,,50000.000,-5670.176,-7373.470,50000.000,0
26851,,,50000.000,-1770.529,-2181.412,50000.000,0
26901,,,50000.000,-4938.059,-3742.764,50000.000,0
26951,,,50000.000,-5670.176,-5124.823,50000.000,0
27001,,,50000.000,-5087.470,-6103.470,50000.000,0
27051,,,50000.000,-4243.294,-7231.529,50000.000,0
27101,,,50000.000,-3294.529,-6312.646,50000.000,0
27151,,,50000.000,-1411.941,-2540.000,50000.000,0
27201,,,50000.000,-246.529,-493.059,50000.000,0
27251,,,50000.000,-2293.470,-4370.294,50000.000,0
27301,,,50000.000,-1867.647,-4377.765,50000.000,0
27351,,,50000.000,-2286.000,-6237.941,50000.000,0
27401,,,50000.000,-2114.176,-4870.823,50000.000,0
27451,,,50000.000,-2808.941,-6260.353,50000.000,0
27501,,,50000.000,-1905.000,-5401.235,50000.000,0
27551,,,50000.000,-1710.765,-5431.117,50000.000,0
27601,,,50000.000,-1225.176,-4355.353,50000.000,0
27651,,,50000.000,-993.588,-3653.117,50000.000,0
27701,,,50000.000,-799.353,-4258.235,50000.000,0
27751,,,50000.000,-1075.765,-6051.176,50000.000,0
27801,,,50000.000,-343.647,-4474.882,50000.000,0
27851,,,50000.000,-194.235,-2786.529,50000.000,0
27901,,,50000.000,-231.588,-6925.235,50000.000,0
27951,,,50000.000,-44.824,-4497.294,50000.000,0
28001,,,50000.000,224.118,-5311.588,50000.000,0
28051,,,50000.000,67.235,-7380.941,50000.000,0
28101,,,50000.000,82.176,-9353.176,50000.000,0
28151,,,50000.000,343.647,-6559.176,50000.000,0
28201,,,50000.000,343.647,-4953.000,50000.000,0
28251,,,50000.000,1374.588,-2226.235,50000.000,0
28301,,,50000.000,1120.588,-1172.882,50000.000,0
28351,,,50000.000,276.412,-343.647,50000.000,0
28401,,,50000.000,186.765,-201.706,50000.000,0
28451,,,50000.000,418.353,-343.647,50000.000,0
28501,,,50000.000,141.941,-127.000,50000.000,0
28551,,,50000.000,470.647,-642.471,50000.000,0
28601,,,50000.000,4616.823,-9487.646,50000.000,0
28651,,,50000.000,3981.823,-10466.293,50000.000,0
28701,,,50000.000,612.588,-1546.412,50000.000,0
28751,,,50000.000,209.176,-141.941,50000.000,0
28801,,,50000.000,3212.353,-2069.353,50000.000,0
28851,,,50000.000,6260.353,-4848.412,50000.000,0
28901,,,50000.000,3832.412,-3854.823,50000.000,0
28951,,,50000.000,2749.176,-2540.000,50000.000,0
29001,,,50000.000,948.765,-754.529,50000.000,0
29051,,,50000.000,627.529,-493.059,50000.000,0
29101,,,50000.000,1232.647,-418.353,50000.000,0
29151,,,50000.000,5662.706,-3234.764,50000.000,0
29201,,,50000.000,3593.353,-3077.882,50000.000,0
29251,,,50000.000,2442.882,-2577.353,50000.000,0
29301,,,50000.000,2995.706,-3608.294,50000.000,0
29351,,,50000.000,6484.470,-4579.470,50000.000,0
29401,,,50000.000,7971.117,-3227.294,50000.000,0
29451,,,50000.000,6902.823,-3085.353,50000.000,0
29501,,,50000.000,4026.647,-2779.059,50000.000,0
29551,,,50000.000,3541.059,-2921.000,50000.000,0
29601,,,50000.000,3033.059,-2450.353,50000.000,0
29651,,,50000.000,5789.706,-4527.176,50000.000,0
29701,,,50000.000,7717.117,-5558.117,50000.000,0
29751,,,50000.000,9218.705,-7896.411,50000.000,0
29801,,,50000.000,7366.000,-6320.117,50000.000,0
29851,,,50000.000,4639.235,-3697.941,50000.000,0
29901,,,50000.000,3399.117,-3010.647,50000.000,0
29951,,,50000.000,2256.117,-2188.882,50000.000,0
30001,,,50000.000,2592.294,-2345.765,50000.000,0
30051,,,50000.000,239.059,-231.588,50000.000,0
30101,,,50000.000,702.235,-769.471,50000.000,0
30151,,,50000.000,5124.823,-4527.176,50000.000,0
30201,,,50000.000,8210.176,-6163.235,50000.000,0
30251,,,50000.000,3160.059,-2502.647,50000.000,0
30301,,,50000.000,2786.529,-2502.647,50000.000,0
30351,,,50000.000,3369.235,-2943.412,50000.000,0
30401,,,50000.000,10234.705,-9151.470,50000.000,0
30451,,,50000.000,8247.529,-7253.941,50000.000,0
30501,,,50000.000,5356.412,-4840.941,50000.000,0
30551,,,50000.000,2779.059,-2726.764,50000.000,0
30601,,,50000.000,3981.823,-3526.117,50000.000,0
30651,,,50000.000,6021.294,-4953.000,50000.000,0
30701,,,50000.000,7903.882,-6125.882,50000.000,0
30751,,,50000.000,5632.823,-4542.117,50000.000,0
30801,,,50000.000,4295.588,-3436.470,50000.000,0
30851,,,50000.000,5207.000,-4265.706,50000.000,0
30901,,,50000.000,10062.882,-7605.058,50000.000,0
30951,,,50000.000,14604.999,-12386.234,50000.000,0
31001,,,50000.000,4332.941,-4161.117,50000.000,0
31051,,,50000.000,5647.764,-4609.353,50000.000,0
31101,,,50000.000,6686.176,-5461.000,50000.000,0
31151,,,50000.000,5453.529,-4191.000,50000.000,0
31201,,,50000.000,4340.412,-3578.412,50000.000,0
31251,,,50000.000,4586.941,-3406.588,50000.000,0
31301,,,50000.000,2547.470,-1598.706,50000.000,0
31351,,,50000.000,8531.411,-5976.470,50000.000,0
31401,,,50000.000,7724.588,-6021.294,50000.000,0
31451,,,50000.000,5393.764,-3929.529,50000.000,0
31501,,,50000.000,9659.470,-6783.293,50000.000,0
31551,,,50000.000,4123.765,-2696.882,50000.000,0
31601,,,50000.000,3354.294,-2599.765,50000.000,0
31651,,,50000.000,6133.353,-4557.059,50000.000,0
31701,,,50000.000,7739.529,-5244.353,50000.000,0
31751,,,50000.000,7634.940,-4721.412,50000.000,0
31801,,,50000.000,10197.353,-7478.058,50000.000,0
31851,,,50000.000,13305.117,-11093.823,50000.000,0
31901,,,50000.000,8807.823,-6581.588,50000.000,0
31951,,,50000.000,7104.529,-4512.235,50000.000,0
32001,,,50000.000,5677.646,-3182.470,50000.000,0
32051,,,50000.000,14343.528,-9539.940,50000.000,0
32101,,,50000.000,9666.940,-7253.941,50000.000,0
32151,,,50000.000,5461.000,-3548.529,50000.000,0
32201,,,50000.000,9099.176,-3899.647,50000.000,0
32251,,,50000.000,8113.058,-3600.823,50000.000,0
32301,,,50000.000,5446.059,-3122.706,50000.000,0
32351,,,50000.000,4997.823,-3204.882,50000.000,0
32401,,,50000.000,11302.999,-7470.588,50000.000,0
32451,,,50000.000,9368.117,-6305.176,50000.000,0
32501,,,50000.000,13701.058,-9248.588,50000.000,0
32551,,,50000.000,3795.059,-2345.765,50000.000,0
32601,,,50000.000,4594.412,-2592.294,50000.000,0
32651,,,50000.000,5520.764,-3653.117,50000.000,0
32701,,,50000.000,6073.588,-4213.412,50000.000,0
32751,,,50000.000,6320.117,-4138.706,50000.000,0
32801,,,50000.000,10197.353,-8217.646,50000.000,0
32851,,,50000.000,8770.470,-7366.000,50000.000,0
32901,,,50000.000,3331.882,-2383.117,50000.000,0
32951,,,50000.000,3242.235,-2129.117,50000.000,0
33001,,,50000.000,10219.764,-7059.706,50000.000,0
33051,,,50000.000,6260.353,-4930.588,50000.000,0
33101,,,50000.000,5759.823,-3593.353,50000.000,0
33151,,,50000.000,11482.293,-6745.941,50000.000,0
33201,,,50000.000,10526.059,-6006.353,50000.000,0
33251,,,50000.000,16771.469,-11923.058,50000.000,0
33301,,,50000.000,5700.059,-4489.823,50000.000,0
33351,,,50000.000,5580.529,-3645.647,50000.000,0
33401,,,50000.000,6320.117,-2868.706,50000.000,0
33451,,,50000.000,6051.176,-2211.294,50000.000,0
33501,,,50000.000,14649.822,-5640.294,50000.000,0
33551,,,50000.000,11295.528,-5192.059,50000.000,0
33601,,,50000.000,6021.294,-3384.176,50000.000,0
33651,,,50000.000,6999.941,-4347.882,50000.000,0
33701,,,50000.000,8777.940,-5012.764,50000.000,0
33751,,,50000.000,6073.588,-3720.353,50000.000,0
33801,,,50000.000,9502.588,-6409.764,50000.000,0
33851,,,50000.000,12266.705,-8441.764,50000.000,0
33901,,,50000.000,3197.412,-2009.588,50000.000,0
33951,,,50000.000,7552.764,-4624.294,50000.000,0
34001,,,50000.000,7171.764,-4616.823,50000.000,0
34051,,,50000.000,2637.117,-2046.941,50000.000,0
34101,,,50000.000,6372.411,-4579.470,50000.000,0
34151,,,50000.000,8456.705,-5715.000,50000.000,0
34201,,,50000.000,3376.706,-2166.470,50000.000,0
34251,,,50000.000,8419.353,-5602.941,50000.000,0
34301,,,50000.000,15352.058,-11960.411,50000.000,0
34351,,,50000.000,4855.882,-3862.294,50000.000,0
34401,,,50000.000,10159.999,-6731.000,50000.000,0
34451,,,50000.000,16980.646,-11101.293,50000.000,0
34501,,,50000.000,10234.705,-6671.235,50000.000,0
34551,,,50000.000,6424.706,-5094.941,50000.000,0
34601,,,50000.000,6043.706,-4258.235,50000.000,0
34651,,,50000.000,7478.058,-4422.588,50000.000,0
34701,,,50000.000,7029.823,-4766.235,50000.000,0
34751,,,50000.000,6872.941,-4743.823,50000.000,0
34801,,,50000.000,14298.705,-10951.882,50000.000,0
34851,,,50000.000,9868.646,-7903.882,50000.000,0
34901,,,50000.000,3107.764,-2106.706,50000.000,0
34951,,,50000.000,1867.647,-1202.765,50000.000,0
35001,,,50000.000,1120.588,-709.706,50000.000,0
35051,,,50000.000,2211.294,-1763.059,50000.000,0
35101,,,50000.000,7679.764,-5020.235,50000.000,0
35151,,,50000.000,3526.117,-1890.059,50000.000,0
35201,,,50000.000,2480.235,-1352.176,50000.000,0
35251,,,50000.000,10107.705,-6417.235,50000.000,0
35301,,,50000.000,6252.882,-4258.235,50000.000,0
35351,,,50000.000,2330.823,-1255.059,50000.000,0
35401,,,50000.000,4482.353,-2069.353,50000.000,0
35451,,,50000.000,7149.353,-3122.706,50000.000,0
35501,,,50000.000,8299.823,-3421.529,50000.000,0
35551,,,50000.000,7522.882,-3160.059,50000.000,0
35601,,,50000.000,8710.705,-3765.176,50000.000,0
35651,,,50000.000,10085.293,-4684.059,50000.000,0
35701,,,50000.000,9270.999,-3414.059,50000.000,0
35751,,,50000.000,7470.588,-2667.000,50000.000,0
35801,,,50000.000,8673.353,-4601.882,50000.000,0
35851,,,50000.000,14873.940,-9793.940,50000.000,0
35901,,,50000.000,9569.823,-6305.176,50000.000,0
35951,,,50000.000,2517.588,-1329.765,50000.000,0
36001,,,50000.000,1367.118,-582.706,50000.000,0
36051,,,50000.000,1748.118,-776.941,50000.000,0
36101,,,50000.000,530.412,-358.588,50000.000,0
36151,,,50000.000,4527.176,-3212.353,50000.000,0
36201,,,50000.000,9002.059,-5274.235,50000.000,0
36251,,,50000.000,4250.765,-1852.706,50000.000,0
36301,,,50000.000,5468.470,-2039.470,50000.000,0
36351,,,50000.000,12610.353,-5109.882,50000.000,0
36401,,,50000.000,9338.234,-4355.353,50000.000,0
36451,,,50000.000,14134.352,-9143.999,50000.000,0
36501,,,50000.000,16666.881,-11960.411,50000.000,0
36551,,,50000.000,9158.940,-6342.529,50000.000,0
36601,,,50000.000,6282.764,-4250.765,50000.000,0
36651,,,50000.000,9995.646,-7074.646,50000.000,0
36701,,,50000.000,7089.588,-4377.765,50000.000,0
36751,,,50000.000,8426.823,-3735.294,50000.000,0
36801,,,50000.000,9734.176,-3877.235,50000.000,0
36851,,,50000.000,10892.117,-5341.470,50000.000,0
36901,,,50000.000,12475.882,-6813.176,50000.000,0
36951,,,50000.000,5416.176,-2689.412,50000.000,0
37001,,,50000.000,941.294,-351.118,50000.000,0
37051,,,50000.000,2719.294,-859.118,50000.000,0
37101,,,50000.000,1875.118,-649.941,50000.000,0
37151,,,50000.000,2861.235,-1270.000,50000.000,0
37201,,,50000.000,6895.353,-3234.764,50000.000,0
37251,,,50000.000,8852.646,-4639.235,50000.000,0
37301,,,50000.000,5692.588,-3242.235,50000.000,0
37351,,,50000.000,3429.000,-2091.765,50000.000,0
37401,,,50000.000,6140.823,-3772.647,50000.000,0
37451,,,50000.000,3040.529,-1860.176,50000.000,0
37501,,,50000.000,2965.823,-1217.706,50000.000,0
37551,,,50000.000,6185.646,-2450.353,50000.000,0
37601,,,50000.000,6454.588,-3145.117,50000.000,0
37651,,,50000.000,6484.470,-3780.117,50000.000,0
37701,,,50000.000,9629.588,-4527.176,50000.000,0
37751,,,50000.000,12759.764,-4863.353,50000.000,0
37801,,,50000.000,10182.411,-3780.117,50000.000,0
37851,,,50000.000,9368.117,-4474.882,50000.000,0
37901,,,50000.000,9435.353,-4923.117,50000.000,0
37951,,,50000.000,15904.881,-9226.176,50000.000,0
38001,,,50000.000,13671.176,-8964.705,50000.000,0
38051,,,50000.000,4900.706,-3249.706,50000.000,0
38101,,,50000.000,6716.059,-3922.059,50000.000,0
38151,,,50000.000,2166.470,-1367.118,50000.000,0
38201,,,50000.000,10974.293,-5647.764,50000.000,0
38251,,,50000.000,11063.940,-5072.529,50000.000,0
38301,,,50000.000,9061.823,-5124.823,50000.000,0
38351,,,50000.000,13185.587,-8508.999,50000.000,0
38401,,,50000.000,7851.588,-4788.647,50000.000,0
38451,,,50000.000,7112.000,-3974.353,50000.000,0
38501,,,50000.000,9188.823,-4803.588,50000.000,0
38551,,,50000.000,16988.117,-10309.411,50000.000,0
38601,,,50000.000,11654.117,-7537.823,50000.000,0
38651,,,50000.000,9592.234,-4624.294,50000.000,0
38701,,,50000.000,14410.764,-4512.235,50000.000,0
38751,,,50000.000,13349.940,-3735.294,50000.000,0
38801,,,50000.000,5259.294,-1105.647,50000.000,0
38851,,,50000.000,8232.588,-1987.176,50000.000,0
38901,,,50000.000,18960.352,-6245.411,50000.000,0
38951,,,50000.000,21358.410,-10563.411,50000.000,0
39001,,,50000.000,17428.881,-11429.999,50000.000,0
39051,,,50000.000,5782.235,-4153.647,50000.000,0
39101,,,50000.000,7388.411,-4392.706,50000.000,0
39151,,,50000.000,10174.940,-4310.529,50000.000,0
39201,,,50000.000,13753.352,-5199.529,50000.000,0
39251,,,50000.000,3922.059,-1553.882,50000.000,0
39301,,,50000.000,5812.117,-2330.823,50000.000,0
39351,,,50000.000,9681.882,-4534.647,50000.000,0
39401,,,50000.000,6484.470,-3376.706,50000.000,0
39451,,,50000.000,5871.882,-3264.647,50000.000,0
39501,,,50000.000,5281.706,-3115.235,50000.000,0
39551,,,50000.000,11624.234,-7022.353,50000.000,0
39601,,,50000.000,10047.940,-5438.588,50000.000,0
39651,,,50000.000,11728.822,-5550.646,50000.000,0
39701,,,50000.000,11773.646,-6559.176,50000.000,0
39751,,,50000.000,8068.235,-5012.764,50000.000,0
39801,,,50000.000,4071.470,-2248.647,50000.000,1
39851,,,50000.000,7881.470,-3137.647,50000.000,1
39901,,,50000.000,16509.998,-6895.353,50000.000,0
39951,,,50000.000,10787.528,-5438.588,50000.000,0
40001,,,50000.000,3085.353,-1860.176,50000.000,0
40051,,,50000.000,2099.235,-1090.706,50000.000,0
40101,,,50000.000,10989.234,-4721.412,50000.000,0
40151,,,50000.000,14993.470,-5617.882,50000.000,0
40201,,,50000.000,5834.529,-2532.529,50000.000,0
40251,,,50000.000,3414.059,-1905.000,50000.000,0
40301,,,50000.000,3197.412,-2188.882,50000.000,0
40351,,,50000.000,7194.176,-4728.882,50000.000,0
40401,,,50000.000,9928.411,-6051.176,50000.000,0
40451,,,50000.000,13305.117,-8710.705,50000.000,0
40501,,,50000.000,13940.117,-10802.470,50000.000,0
40551,,,50000.000,10623.176,-10354.234,50000.000,0
40601,,,50000.000,3937.000,-3264.647,50000.000,0
40651,,,50000.000,8538.882,-5819.588,50000.000,0
40701,,,50000.000,4265.706,-3331.882,50000.000,0
40751,,,50000.000,3989.294,-3077.882,50000.000,0
40801,,,50000.000,8090.646,-6357.470,50000.000,0
40851,,,50000.000,6477.000,-4273.176,50000.000,0
40901,,,50000.000,3234.764,-1083.235,50000.000,0
40951,,,50000.000,1486.647,-89.647,50000.000,0
41001,,,50000.000,2569.882,-119.529,50000.000,0
41051,,,50000.000,1441.823,-44.824,50000.000,0
41101,,,50000.000,156.882,-14.941,50000.000,0
41151,,,50000.000,6379.882,762.000,50000.000,0
41201,,,50000.000,12565.528,2517.588,50000.000,0
41251,,,50000.000,8150.411,2315.882,50000.000,0
41301,,,50000.000,3272.117,911.412,50000.000,0
41351,,,50000.000,4923.117,851.647,50000.000,0
41401,,,50000.000,6230.470,530.412,50000.000,0
41451,,,50000.000,2226.235,194.235,50000.000,0
41501,,,50000.000,1538.941,239.059,50000.000,0
41551,,,50000.000,6066.117,1613.647,50000.000,0
41601,,,50000.000,5080.000,1270.000,50000.000,0
41651,,,50000.000,1882.588,410.882,50000.000,0
41701,,,50000.000,186.765,-1001.059,50000.000,0
41751,,,50000.000,-418.353,-762.000,50000.000,0
41801,,,50000.000,-2353.235,-1344.706,50000.000,0
41851,,,50000.000,-1860.176,-918.882,50000.000,0
41901,,,50000.000,-3802.529,-2973.294,50000.000,0
41951,,,50000.000,-3668.059,-4572.000,50000.000,0
42001,,,50000.000,-2756.647,-3279.588,50000.000,0
42051,,,50000.000,-4235.823,-5438.588,50000.000,0
42101,,,50000.000,-5117.353,-7418.293,50000.000,0
42151,,,50000.000,-3899.647,-6462.059,50000.000,0
42201,,,50000.000,-1441.823,-3145.117,50000.000,0
42251,,,50000.000,-1225.176,-2592.294,50000.000,0
42301,,,50000.000,-1202.765,-1165.412,50000.000,0
42351,,,50000.000,-1553.882,-1023.471,50000.000,0
42401,,,50000.000,-1934.882,-410.882,50000.000,0
42451,,,50000.000,-1598.706,-829.235,50000.000,0
42501,,,50000.000,-1822.823,-1860.176,50000.000,0
42551,,,50000.000,-2069.353,-2286.000,50000.000,0
42601,,,50000.000,-4437.529,-3638.176,50000.000,0
42651,,,50000.000,-5602.941,-1636.059,50000.000,0
42701,,,50000.000,-6738.470,-493.059,50000.000,0
42751,,,50000.000,-4034.117,-112.059,50000.000,0
42801,,,50000.000,-6798.235,508.000,50000.000,0
42851,,,50000.000,-6723.529,395.941,50000.000,0
42901,,,50000.000,-8875.059,-336.176,50000.000,0
42951,,,50000.000,-7941.235,-224.118,50000.000,0
43001,,,50000.000,-7649.882,739.588,50000.000,0
43051,,,50000.000,-2935.941,425.823,50000.000,0
43101,,,50000.000,-2450.353,-134.471,50000.000,0
43151,,,50000.000,-5274.235,-395.941,50000.000,0
43201,,,50000.000,-2039.470,-89.647,50000.000,0
43251,,,50000.000,-1307.353,-52.294,50000.000,0
43301,,,50000.000,-1867.647,-134.471,50000.000,0
43351,,,50000.000,-1501.588,-97.118,50000.000,0
43401,,,50000.000,-3697.941,-164.353,50000.000,0
43451,,,50000.000,-7814.235,-911.412,50000.000,0
43501,,,50000.000,-4437.529,-575.235,50000.000,0
43551,,,50000.000,-6753.411,-664.882,50000.000,0
43601,,,50000.000,-4542.117,-433.294,50000.000,0
43651,,,50000.000,-6910.293,-1210.235,50000.000,0
43701,,,50000.000,-11810.999,-1090.706,50000.000,0
43751,,,50000.000,-12864.353,-254.000,50000.000,0
43801,,,50000.000,-9009.528,-381.000,50000.000,0
43851,,,50000.000,-6394.823,-500.529,50000.000,0
43901,,,50000.000,-8606.117,-978.647,50000.000,0
43951,,,50000.000,-7918.823,-1680.882,50000.000,0
44001,,,50000.000,-1942.353,-141.941,50000.000,0
44051,,,50000.000,-1979.706,829.235,50000.000,0
44101,,,50000.000,-3907.117,1636.059,50000.000,0
44151,,,50000.000,-6193.117,246.529,50000.000,0
44201,,,50000.000,-7141.882,-2659.529,50000.000,0
44251,,,50000.000,-4377.765,-2480.235,50000.000,0
44301,,,50000.000,-2166.470,-679.823,50000.000,0
44351,,,50000.000,-582.706,37.353,50000.000,0
44401,,,50000.000,-268.941,119.529,50000.000,0
44451,,,50000.000,-381.000,-89.647,50000.000,0
44501,,,50000.000,-2958.353,-1240.118,50000.000,0
44551,,,50000.000,-1934.882,-1150.470,50000.000,0
44601,,,50000.000,-298.824,-112.059,50000.000,0
44651,,,50000.000,-754.529,-89.647,50000.000,0
44701,,,50000.000,-29.882,0.000,50000.000,0
44751,,,50000.000,-29.882,59.765,50000.000,0
44801,,,50000.000,-186.765,425.823,50000.000,0
44851,,,50000.000,-239.059,22.412,50000.000,0
44901,,,50000.000,-478.118,-239.059,50000.000,0
44951,,,50000.000,-82.176,127.000,50000.000,0
45001,,,50000.000,-336.176,575.235,50000.000,0
45051,,,50000.000,-455.706,141.941,50000.000,0
45101,,,50000.000,-1001.059,522.941,50000.000,0
45151,,,50000.000,-358.588,209.176,50000.000,0
45201,,,50000.000,-2629.647,1486.647,50000.000,0
45251,,,50000.000,-5513.294,1755.588,50000.000,0
45301,,,50000.000,-7156.823,-14.941,50000.000,0
45351,,,50000.000,-8210.176,-470.647,50000.000,0
45401,,,50000.000,-8583.705,-1053.353,50000.000,0
45451,,,50000.000,-6081.059,-254.000,50000.000,0
45501,,,50000.000,-6566.646,679.823,50000.000,0
45551,,,50000.000,-9106.646,-59.765,50000.000,0
45601,,,50000.000,-9659.470,-2838.823,50000.000,0
45651,,,50000.000,-4773.706,-1651.000,50000.000,0
45701,,,50000.000,-3085.353,141.941,50000.000,0
45751,,,50000.000,-2554.941,313.765,50000.000,0
45801,,,50000.000,-3302.000,59.765,50000.000,0
45851,,,50000.000,-2779.059,-246.529,50000.000,0
45901,,,50000.000,-5072.529,-515.471,50000.000,0
45951,,,50000.000,-5819.588,-291.353,50000.000,0
46001,,,50000.000,-4026.647,-82.176,50000.000,0
46051,,,50000.000,-3436.470,134.471,50000.000,0
46101,,,50000.000,-1606.176,239.059,50000.000,0
46151,,,50000.000,-709.706,246.529,50000.000,0
46201,,,50000.000,-306.294,433.294,50000.000,0
46251,,,50000.000,-388.471,246.529,50000.000,0
46301,,,50000.000,97.118,-127.000,50000.000,0
46351,,,50000.000,493.059,-112.059,50000.000,0
46401,,,50000.000,1143.000,224.118,50000.000,0
46451,,,50000.000,1778.000,395.941,50000.000,0
46501,,,50000.000,2256.117,224.118,50000.000,0
46551,,,50000.000,2076.823,194.235,50000.000,0
46601,,,50000.000,1710.765,186.765,50000.000,0
46651,,,50000.000,1404.470,-22.412,50000.000,0
46701,,,50000.000,2898.588,-37.353,50000.000,0
46751,,,50000.000,1770.529,104.588,50000.000,0
46801,,,50000.000,1509.059,59.765,50000.000,0
46851,,,50000.000,1419.412,216.647,50000.000,0
46901,,,50000.000,799.353,37.353,50000.000,0
46951,,,50000.000,1180.353,-97.118,50000.000,0
47001,,,50000.000,971.176,14.941,50000.000,0
47051,,,50000.000,1255.059,0.000,50000.000,0
47101,,,50000.000,657.412,-29.882,50000.000,0
47151,,,50000.000,29.882,0.000,50000.000,0
47201,,,50000.000,0.000,0.000,50000.000,0
47251,,,50000.000,7.471,-29.882,50000.000,0
47301,,,50000.000,0.000,-7.471,50000.000,0
47351,,,50000.000,0.000,0.000,50000.000,0
47401,,,50000.000,0.000,0.000,50000.000,0
47451,,,50000.000,0.000,0.000,50000.000,0
47501,,,50000.000,0.000,0.000,50000.000,0
47551,,,50000.000,0.000,0.000,50000.000,0
47601,,,50000.000,0.000,0.000,50000.000,0
47651,,,50000.000,-37.353,0.000,50000.000,0
47701,,,50000.000,-343.647,-74.706,50000.000,0
47751,,,50000.000,-306.294,-104.588,50000.000,0
47801,,,50000.000,-388.471,-14.941,50000.000,0
47851,,,50000.000,-149.412,-22.412,50000.000,0
47901,,,50000.000,-52.294,0.000,50000.000,0
47951,,,50000.000,-29.882,22.412,50000.000,0
48001,,,50000.000,0.000,0.000,50000.000,0
48051,,,50000.000,149.412,-44.824,50000.000,0
48101,,,50000.000,224.118,127.000,50000.000,0
48151,,,50000.000,52.294,74.706,50000.000,0
48201,,,50000.000,7.471,-14.941,50000.000,0
48251,,,50000.000,-67.235,-89.647,50000.000,0
48301,,,50000.000,-82.176,7.471,50000.000,0
48351,,,50000.000,-119.529,0.000,50000.000,0
48401,,,50000.000,-149.412,-22.412,50000.000,0
48451,,,50000.000,-44.824,-7.471,50000.000,0
48501,,,50000.000,0.000,7.471,50000.000,0
48551,,,50000.000,-29.882,52.294,50000.000,0
48601,,,50000.000,0.000,7.471,50000.000,0
48651,,,50000.000,0.000,0.000,50000.000,0
48701,,,50000.000,-7.471,22.412,50000.000,0
48751,,,50000.000,-29.882,82.176,50000.000,0
48801,,,50000.000,7.471,-7.471,50000.000,0
48851,,,50000.000,0.000,-14.941,50000.000,0
48901,,,50000.000,0.000,0.000,50000.000,0
48951,,,50000.000,0.000,-14.941,50000.000,0
49001,,,50000.000,-134.471,-104.588,50000.000,0
49051,,,50000.000,-97.118,-246.529,50000.000,0
49101,,,50000.000,-209.176,-231.588,50000.000,0
49151,,,50000.000,-298.824,-134.471,50000.000,0
49201,,,50000.000,-276.412,-164.353,50000.000,0
49251,,,50000.000,-254.000,-254.000,50000.000,0
49301,,,50000.000,-605.118,-216.647,50000.000,0
49351,,,50000.000,-754.529,-194.235,50000.000,0
49401,,,50000.000,-732.118,-119.529,50000.000,0
49451,,,50000.000,-425.823,-29.882,50000.000,0
49501,,,50000.000,-679.823,-313.765,50000.000,0
49551,,,50000.000,-754.529,-515.471,50000.000,0
49601,,,50000.000,-866.588,-268.941,50000.000,0
49651,,,50000.000,-1083.235,-119.529,50000.000,0
49701,,,50000.000,-657.412,-321.235,50000.000,0
49751,,,50000.000,-687.294,-283.882,50000.000,0
49801,,,50000.000,-874.059,-97.118,50000.000,0
49851,,,50000.000,-709.706,-149.412,50000.000,0
49901,,,50000.000,-672.353,-82.176,50000.000,0
49951,,,50000.000,-664.882,-164.353,50000.000,0
50001,,,50000.000,-567.765,-321.235,50000.000,0
50051,,,50000.000,-508.000,-231.588,50000.000,0
50101,,,50000.000,-493.059,-89.647,50000.000,0
50151,,,50000.000,-328.706,-59.765,50000.000,0
50201,,,50000.000,-455.706,-44.824,50000.000,0
50251,,,50000.000,-612.588,-52.294,50000.000,0
50301,,,50000.000,-306.294,-224.118,50002.000,0
50351,,,50000.000,-209.176,-141.941,50000.000,0
50401,,,50000.000,-328.706,-74.706,50000.000,0
50451,,,50000.000,-179.294,-97.118,50000.000,0
50501,,,50000.000,-216.647,-59.765,50000.000,0
50551,,,50000.000,-231.588,-44.824,50000.000,0
50601,,,50000.000,-67.235,-127.000,50000.000,0
50651,,,50000.000,7.471,-59.765,50000.000,0
50701,,,50000.000,0.000,-7.471,50000.000,0
50751,,,50000.000,0.000,0.000,50000.000,0
50801,,,50000.000,0.000,0.000,50000.000,0
50851,,,50000.000,0.000,0.000,50000.000,0
50901,,,50000.000,-7.471,-14.941,50000.000,0
50951,,,50000.000,-141.941,-171.824,50000.000,0
51001,,,50000.000,-156.882,-44.824,50000.000,0
51051,,,50000.000,-425.823,44.824,50000.000,0
51101,,,50000.000,-455.706,0.000,50000.000,0
51151,,,50000.000,-373.529,-22.412,50000.000,0
51201,,,50000.000,-351.118,-52.294,50000.000,0
51251,,,50000.000,-254.000,-134.471,50000.000,0
51301,,,50000.000,-119.529,-67.235,50000.000,0
51351,,,50000.000,-216.647,7.471,50000.000,0
51401,,,50000.000,-119.529,-59.765,50000.000,0
51451,,,50000.000,0.000,0.000,50000.000,0
51501,,,50000.000,-52.294,0.000,50000.000,0
51551,,,50000.000,-134.471,-59.765,50000.000,0
51601,,,50000.000,-89.647,-59.765,50000.000,0
51651,,,50000.000,-276.412,-82.176,50000.000,0
51701,,,50000.000,-89.647,-22.412,50000.000,0
51751,,,50000.000,0.000,0.000,50000.000,0
51801,,,50000.000,-52.294,-14.941,50000.000,0
51851,,,50000.000,-231.588,-82.176,50000.000,0
51901,,,50000.000,-298.824,-97.118,50000.000,0
51951,,,50000.000,-575.235,0.000,50000.000,0
52001,,,50000.000,-440.765,29.882,50000.000,0
52051,,,50000.000,-67.235,-14.941,50000.000,0
52101,,,50000.000,-74.706,-7.471,50000.000,0
52151,,,50000.000,-156.882,119.529,50000.000,0
52201,,,50000.000,0.000,134.471,50000.000,0
52251,,,50000.000,-22.412,0.000,50000.000,0
52301,,,50000.000,-44.824,29.882,50000.000,0
52351,,,50000.000,52.294,179.294,50000.000,0
52401,,,50000.000,201.706,0.000,50000.000,0
52451,,,50000.000,201.706,7.471,50000.000,0
52501,,,50000.000,321.235,186.765,50000.000,0
52551,,,50000.000,791.882,29.882,50000.000,0
52601,,,50000.000,627.529,82.176,50000.000,0
52651,,,50000.000,1090.706,97.118,50000.000,0
52701,,,50002.000,1277.470,-358.588,50000.000,0
52751,,,49999.000,1240.118,-89.647,49999.000,0
52801,,,49999.000,575.235,627.529,49999.000,0
52851,,,50000.000,112.059,1247.588,50000.000,0
52901,,,50000.000,-171.824,702.235,50000.000,1
52951,,,50000.000,-649.941,-814.294,50000.000,1
53001,,,50000.000,-620.059,-672.353,50000.000,0
53051,,,50000.000,-425.823,-186.765,50000.000,0
53101,,,50000.000,-373.529,-141.941,50000.000,0
53151,,,50000.000,-859.118,171.824,50000.000,0
53201,,,50000.000,-971.176,52.294,50000.000,0
53251,,,50000.000,-395.941,-224.118,50000.000,0
53301,,,50000.000,-276.412,-620.059,50000.000,0
53351,,,50000.000,-366.059,-321.235,50000.000,0
53401,,,50000.000,-261.471,0.000,50000.000,0
53451,,,50000.000,-119.529,179.294,50000.000,0
53501,,,50000.000,-127.000,-164.353,50000.000,0
53551,,,50000.000,59.765,-283.882,50000.000,0
53601,,,50000.000,-82.176,67.235,50000.000,0
53651,,,50000.000,-291.353,-59.765,50000.000,0
53701,,,50000.000,-97.118,-141.941,50000.000,0
53751,,,50000.000,-433.294,37.353,50000.000,0
53801,,,50000.000,-620.059,-201.706,50000.000,0
53851,,,50000.000,-388.471,-224.118,50000.000,0
53901,,,50000.000,-567.765,44.824,50000.000,0
53951,,,50000.000,-635.000,-127.000,50000.000,0
54001,,,50000.000,-298.824,-216.647,50000.000,0
54051,,,50000.000,-485.588,-89.647,50000.000,0
54101,,,50000.000,-336.176,-29.882,50000.000,0
54151,,,50000.000,0.000,0.000,50000.000,0
54201,,,50000.000,-14.941,0.000,50000.000,0
54251,,,50000.000,-82.176,7.471,50000.000,0
54301,,,50000.000,-37.353,0.000,50000.000,0
54351,,,50000.000,-67.235,0.000,50000.000,0
54401,,,50000.000,141.941,89.647,50000.000,0
54451,,,50000.000,179.294,52.294,50000.000,0
54501,,,50000.000,112.059,7.471,50000.000,0
54551,,,50000.000,291.353,89.647,50000.000,0
54601,,,50000.000,127.000,0.000,50000.000,0
54651,,,50000.000,0.000,0.000,50000.000,0
54701,,,50000.000,0.000,0.000,50000.000,0
54751,,,50000.000,0.000,0.000,50000.000,0
54801,,,50000.000,-7.471,0.000,50000.000,0
54851,,,50000.000,-313.765,254.000,50000.000,0
54901,,,50000.000,-851.647,-44.824,50000.000,0
54951,,,50000.000,-425.823,-283.882,50000.000,0
55001,,,50000.000,-403.412,-59.765,50000.000,0
55051,,,50000.000,-373.529,74.706,50000.000,0
55101,,,50000.000,-388.471,-164.353,50000.000,0
55151,,,50000.000,-635.000,-164.353,50000.000,0
55201,,,50000.000,-440.765,216.647,50000.000,0
55251,,,50000.000,14.941,239.059,50000.000,0
55301,,,50000.000,493.059,164.353,50000.000,0
55351,,,50000.000,1195.294,-493.059,50000.000,0
55401,,,50000.000,1434.353,-1023.471,50000.000,0
55451,,,50000.000,1845.235,-1561.353,50000.000,0
55501,,,50000.000,2159.000,448.235,50000.000,0
55551,,,50000.000,1105.647,963.706,50000.000,0
55601,,,50000.000,67.235,410.882,50000.000,0
55651,,,50000.000,0.000,381.000,50000.000,0
55701,,,50000.000,179.294,963.706,50000.000,0
55751,,,50000.000,-37.353,1277.470,50000.000,0
55801,,,50000.000,-44.824,1202.765,50000.000,0
55851,,,50000.000,-283.882,829.235,50000.000,0
55901,,,50000.000,-806.823,687.294,50000.000,0
55951,,,50000.000,-1180.353,-515.471,50000.000,0
56001,,,50000.000,-918.882,-2046.941,50000.000,0
56051,,,50000.000,-104.588,-1060.823,50000.000,0
56101,,,50000.000,679.823,-1277.470,50000.000,0
56151,,,50000.000,552.823,-874.059,50000.000,0
56201,,,50000.000,1165.412,-1516.529,50000.000,0
56251,,,50000.000,717.176,-567.765,50000.000,0
56301,,,50000.000,134.471,-590.176,50000.000,0
56351,,,50000.000,268.941,-2203.823,50000.000,0
56401,,,50000.000,582.706,-3795.059,50000.000,0
56451,,,50000.000,530.412,-2547.470,50000.000,0
56501,,,50000.000,859.118,-2472.765,50000.000,0
56551,,,50000.000,306.294,-1210.235,50000.000,0
56601,,,50000.000,119.529,-1860.176,50000.000,0
56651,,,50000.000,-261.471,-254.000,50000.000,0
56701,,,50000.000,-104.588,246.529,50000.000,0
56751,,,50000.000,-52.294,7.471,50000.000,0
56801,,,50000.000,-7.471,0.000,50000.000,0
56851,,,50000.000,-164.353,-179.294,50000.000,0
56901,,,50000.000,-418.353,-224.118,50000.000,0
56951,,,50000.000,-478.118,-104.588,50000.000,0
57001,,,50000.000,-343.647,-343.647,50000.000,0
57051,,,50000.000,59.765,-1710.765,50000.000,0
57101,,,50000.000,194.235,-3130.176,50000.000,0
57151,,,50000.000,470.647,-2801.470,50000.000,0
57201,,,50000.000,933.823,-2734.235,50000.000,0
57251,,,50000.000,425.823,-1075.765,50000.000,0
57301,,,50000.000,410.882,-859.118,50000.000,0
57351,,,50000.000,1255.059,-4982.882,50000.000,0
57401,,,50000.000,1344.706,-8464.176,50000.000,0
57451,,,50000.000,1464.235,-9517.528,50000.000,0
57501,,,50000.000,649.941,-4594.412,50000.000,0
57551,,,50000.000,127.000,-1680.882,50000.000,0
57601,,,50000.000,418.353,-1665.941,50000.000,0
57651,,,50000.000,799.353,-4736.353,50000.000,0
57701,,,50000.000,149.412,-7575.176,50000.000,0
57751,,,50000.000,37.353,-3981.823,50000.000,0
57801,,,50000.000,-7.471,-3847.353,50000.000,0
57851,,,50000.000,-254.000,-4519.706,50000.000,0
57901,,,50000.000,-29.882,-2390.588,50000.000,0
57951,,,50000.000,-37.353,-470.647,50000.000,0
58001,,,50000.000,-74.706,-171.824,50000.000,0
58051,,,50000.000,0.000,0.000,50000.000,0
58101,,,50000.000,-224.118,-104.588,50000.000,0
58151,,,50000.000,-1165.412,-1591.235,50000.000,0
58201,,,50000.000,-1023.471,-1807.882,50000.000,0
58251,,,50000.000,-455.706,-694.765,50000.000,0
58301,,,50000.000,-89.647,67.235,50000.000,0
58351,,,50000.000,-246.529,52.294,50000.000,0
58401,,,50000.000,-911.412,22.412,50000.000,0
58451,,,50000.000,-1270.000,224.118,50000.000,0
58501,,,50000.000,-403.412,89.647,50000.000,0
58551,,,50000.000,-463.176,-67.235,50000.000,0
58601,,,50000.000,-829.235,-455.706,50000.000,0
58651,,,50000.000,-493.059,-866.588,50000.000,0
58701,,,50000.000,-732.118,-1979.706,50000.000,0
58751,,,50000.000,-112.059,-709.706,50000.000,0
58801,,,50000.000,-410.882,-3630.706,50000.000,0
58851,,,50000.000,-806.823,-5498.353,50000.000,0
58901,,,50000.000,-1105.647,-3608.294,50000.000,0
58951,,,50000.000,-1546.412,-3541.059,50000.000,0
59001,,,50000.000,-1449.294,-3623.235,50000.000,0
59051,,,50000.000,-1897.529,-3750.235,50000.000,0
59101,,,50000.000,-1329.765,-3772.647,50000.000,0
59151,,,50000.000,-1815.353,-4706.470,50000.000,0
59201,,,50000.000,-1165.412,-3429.000,50000.000,0
59251,,,50000.000,-635.000,-2271.059,50000.000,0
59301,,,50000.000,-1008.529,-2689.412,50000.000,0
59351,,,50000.000,-1023.471,-3458.882,50000.000,0
59401,,,50000.000,-933.823,-2338.294,50000.000,0
59451,,,50000.000,-896.471,-1778.000,50000.000,0
59501,,,50000.000,-119.529,-186.765,50000.000,0
59551,,,50000.000,-171.824,-500.529,50000.000,0
59601,,,50000.000,-276.412,-537.882,50000.000,0
59651,,,50000.000,-1337.235,-2293.470,50000.000,0
59701,,,50000.000,-784.412,-1367.118,50000.000,0
59751,,,50000.000,-1270.000,-1830.294,50000.000,0
59801,,,50000.000,-1008.529,-1583.765,50000.000,0
59851,,,50000.000,-1860.176,-3697.941,50000.000,0
59901,,,50000.000,-552.823,-1307.353,50000.000,0
59951,,,50000.000,-851.647,-1374.588,50000.000,0
