timestamp[ms],left_dx[um],left_dy[um],left_dt[us],right_dx[um],right_dy[um],right_dt[us],waterPin
0,,,50156.000,29.882,-29.882,50153.000,0
51,,,50000.000,4504.764,-5341.470,50000.000,0
101,,,50000.000,8606.117,-10279.528,50000.000,0
151,,,50000.000,7253.941,-11489.764,50000.000,0
201,,,50000.000,4415.117,-7141.882,50000.000,0
251,,,50000.000,4064.000,-5124.823,50000.000,0
301,,,50000.000,3466.353,-4489.823,50000.000,0
351,,,50000.000,4049.059,-6267.823,50000.000,0
401,,,50000.000,2652.059,-4445.000,50000.000,0
451,,,50000.000,3772.647,-5229.412,50000.000,0
501,,,50000.000,2741.706,-3720.353,50000.000,0
551,,,50000.000,3369.235,-4878.294,50000.000,0
601,,,50000.000,2562.412,-3742.764,50000.000,0
651,,,50000.000,4340.412,-5662.706,50000.000,0
701,,,50000.000,9427.882,-12147.176,50000.000,0
751,,,50000.000,7575.176,-10473.764,50000.000,0
801,,,50000.000,2114.176,-2898.588,50000.000,0
851,,,50000.000,4131.235,-4377.765,50000.000,0
901,,,50000.000,2017.059,-1755.588,50000.000,0
951,,,50000.000,2375.647,-1822.823,50000.000,0
1001,,,50000.000,2338.294,-2076.823,50000.000,0
1051,,,50000.000,2226.235,-1531.470,50000.000,0
1101,,,50000.000,2159.000,-597.647,50000.000,0
1151,,,50000.000,2614.706,-672.353,50000.000,0
1201,,,50000.000,2584.823,-1030.941,50000.000,0
1251,,,50000.000,1471.706,-702.235,50000.000,0
1301,,,50000.000,2450.353,-2629.647,50000.000,0
1351,,,50000.000,3443.941,-3974.353,50000.000,0
1401,,,50000.000,3511.176,-3219.823,50002.000,0
1451,,,50000.000,3003.176,-3458.882,50000.000,0
1501,,,50000.000,3279.588,-4631.764,50000.000,0
1551,,,50000.000,2921.000,-3593.353,50000.000,0
1601,,,50000.000,3683.000,-3683.000,50000.000,0
1651,,,50000.000,6013.823,-5610.412,50000.000,0
1701,,,50000.000,9338.234,-8777.940,50000.000,0
1751,,,50000.000,7097.058,-4990.353,50000.000,0
1801,,,50000.000,8919.882,-4078.941,50000.000,0
1851,,,50000.000,9719.234,-2921.000,50000.000,0
1901,,,50000.000,7014.882,-2599.765,50000.000,0
1951,,,50000.000,7493.000,-4011.706,50000.000,0
2001,,,50000.000,6342.529,-4176.059,50000.000,0
2051,,,50000.000,2980.764,-1875.118,50000.000,0
2101,,,50000.000,2667.000,-1740.647,50000.000,0
2151,,,50000.000,5154.706,-3346.823,50000.000,0
2201,,,50000.000,6170.706,-4445.000,50000.000,0
2251,,,50000.000,7896.411,-6006.353,50000.000,0
2301,,,50000.000,4773.706,-3996.764,50000.000,0
2351,,,50000.000,4392.706,-3817.470,50000.000,0
2401,,,50000.000,8434.294,-6514.353,50000.000,0
2451,,,50000.000,6357.470,-4325.470,50000.000,0
2501,,,50000.000,6641.353,-4370.294,50000.000,0
2551,,,50000.000,5371.353,-3585.882,50000.000,0
2601,,,50000.000,3302.000,-1972.235,50000.000,0
2651,,,50000.000,1359.647,-672.353,50000.000,0
2701,,,50000.000,1905.000,-903.941,50000.000,0
2751,,,50000.000,724.647,-433.294,50000.000,0
2801,,,50000.000,2151.529,-1494.118,50000.000,0
2851,,,50000.000,4788.647,-3511.176,50000.000,0
2901,,,50000.000,8680.823,-5729.941,50000.000,0
2951,,,50000.000,9472.705,-5782.235,50000.000,0
3001,,,50000.000,7926.293,-5177.117,50000.000,0
3051,,,50000.000,4953.000,-3720.353,50000.000,0
3101,,,50000.000,6491.941,-5640.294,50000.000,0
3151,,,50000.000,13536.705,-11497.234,50000.000,0
3201,,,50000.000,8583.705,-5901.764,50000.000,0
3251,,,50000.000,13103.411,-6439.646,50000.000,0
3301,,,50000.000,14194.116,-5610.412,50000.000,0
3351,,,50000.000,9913.470,-3331.882,50000.000,0
3401,,,50000.000,7545.293,-2584.823,50000.000,0
3451,,,50000.000,3152.588,-844.176,50000.000,0
3501,,,50000.000,1113.118,-224.118,50000.000,0
3551,,,50000.000,7231.529,-1665.941,50000.000,0
3601,,,50000.000,11063.940,-1120.588,50000.000,0
3651,,,50000.000,9323.294,52.294,50000.000,0
3701,,,50000.000,8180.293,537.882,50000.000,0
3751,,,50000.000,4773.706,119.529,50000.000,0
3801,,,50001.000,4594.412,14.941,50000.000,0
3851,,,50000.000,5005.294,395.941,49999.000,0
3901,,,49999.000,8142.940,732.118,49999.000,0
3951,,,50000.000,11556.999,1210.235,50000.000,0
4001,,,50000.000,5871.882,358.588,50000.000,0
4051,,,50000.000,5461.000,306.294,50000.000,0
4101,,,50000.000,5543.176,201.706,50000.000,0
4151,,,50000.000,4572.000,104.588,50000.000,0
4201,,,50000.000,2099.235,216.647,50000.000,0
4251,,,50000.000,104.588,186.765,50000.000,0
4301,,,50000.000,-358.588,1314.823,50000.000,0
4351,,,50000.000,-1733.176,762.000,50000.000,0
4401,,,50000.000,-3578.412,-201.706,50000.000,0
4451,,,50000.000,-4803.588,-508.000,50000.000,0
4501,,,50000.000,-5087.470,-194.235,50000.000,0
4551,,,50000.000,-8240.059,-1628.588,50000.000,0
4601,,,50000.000,-9778.999,-4392.706,50000.000,0
4651,,,50000.000,-11235.764,-5610.412,50000.000,0
4701,,,50000.000,-8964.705,-4146.176,50000.000,0
4751,,,50000.000,-4347.882,-1890.059,50000.000,0
4801,,,50000.000,-5229.412,-112.059,50000.000,0
4851,,,50000.000,-8598.646,2315.882,50000.000,0
4901,,,50000.000,-6566.646,2121.647,50000.000,0
4951,,,50000.000,-5453.529,717.176,50000.000,0
5001,,,50000.000,-8187.764,328.706,50000.000,0
5051,,,50000.000,-4542.117,-254.000,50000.000,0
5101,,,50000.000,-9786.470,-762.000,50000.000,0
5151,,,50000.000,-5924.176,-321.235,50000.000,0
5201,,,50000.000,-2928.470,-44.824,50000.000,0
5251,,,50000.000,-3189.941,164.353,50000.000,0
5301,,,50000.000,-1195.294,179.294,50000.000,0
5351,,,50000.000,-1957.294,201.706,50000.000,0
5401,,,50000.000,-3488.764,485.588,50000.000,0
5451,,,50000.000,-635.000,119.529,50000.000,0
5501,,,50000.000,37.353,-97.118,50000.000,0
5551,,,50000.000,664.882,-1187.823,50000.000,0
5601,,,50000.000,933.823,-1187.823,50000.000,0
5651,,,50000.000,776.941,-694.765,50000.000,1
5701,,,50000.000,3384.176,-2711.823,50000.000,1
5751,,,50000.000,6185.646,-6902.823,50000.000,0
5801,,,50000.000,4400.176,-5744.882,50000.000,0
5851,,,50000.000,762.000,-1038.412,50000.000,0
5901,,,50000.000,6932.706,-2510.117,50000.000,0
5951,,,50000.000,10914.528,-3130.176,50000.000,0
6001,,,50000.000,12094.882,-2173.941,50000.000,0
6051,,,50000.000,5042.646,-2009.588,50000.000,0
6101,,,50000.000,7164.293,-5274.235,50000.000,0
6151,,,50000.000,9046.882,-9480.176,50000.000,0
6201,,,50000.000,2771.588,-2980.764,50000.000,0
6251,,,50000.000,1703.294,-1143.000,50000.000,0
6301,,,50000.000,2293.470,-1516.529,50000.000,0
6351,,,50000.000,6163.235,-5416.176,50000.000,0
6401,,,50000.000,1314.823,-1426.882,50000.000,0
6451,,,50000.000,2629.647,-2495.176,50000.000,0
6501,,,50000.000,1628.588,-1553.882,50000.000,0
6551,,,50000.000,3010.647,-2883.647,50000.000,0
6601,,,50000.000,4684.059,-4288.117,50000.000,0
6651,,,50000.000,6394.823,-5334.000,50000.000,0
6701,,,50000.000,6073.588,-4699.000,50000.000,0
6751,,,50000.000,7097.058,-5109.882,50000.000,0
6801,,,50000.000,9420.411,-4908.176,50000.000,0
6851,,,50000.000,10152.528,-2786.529,50000.000,0
6901,,,50000.000,9442.823,-1964.765,50000.000,0
6951,,,50000.000,7620.000,-903.941,50000.000,0
7001,,,50000.000,12169.588,201.706,50000.000,0
7051,,,50000.000,11011.646,-276.412,50000.000,0
7101,,,50000.000,7216.588,-784.412,50000.000,0
7151,,,50000.000,3578.412,-814.294,50000.000,0
7201,,,50000.000,5916.706,-1157.941,50000.000,0
7251,,,50000.000,7859.058,-1202.765,50000.000,0
7301,,,50000.000,3877.235,-186.765,50000.000,0
7351,,,50000.000,3399.117,298.824,50000.000,0
7401,,,50000.000,3062.941,1075.765,50000.000,0
7451,,,50000.000,3122.706,1987.176,50000.000,0
7501,,,50000.000,3653.117,2696.882,50000.000,0
7551,,,50000.000,5864.411,2233.706,50000.000,0
7601,,,50000.000,717.176,22.412,50000.000,0
7651,,,50000.000,448.235,-896.471,50000.000,0
7701,,,50000.000,455.706,-933.823,50000.000,0
7751,,,50000.000,1680.882,-2584.823,50000.000,0
7801,,,50000.000,2704.353,-3077.882,50000.000,0
7851,,,50000.000,1479.176,-2450.353,50000.000,0
7901,,,50000.000,1247.588,-2480.235,50000.000,0
7951,,,50000.000,1658.470,-4034.117,50000.000,0
8001,,,50000.000,1053.353,-3227.294,50000.000,0
8051,,,50000.000,1262.529,-4826.000,50000.000,0
8101,,,50000.000,485.588,-2368.176,50000.000,0
8151,,,50000.000,1494.118,-2629.647,50000.000,0
8201,,,50000.000,2786.529,-2413.000,50000.000,0
8251,,,50000.000,4639.235,-2614.706,50000.000,0
8301,,,50000.000,6028.764,-1837.765,50000.000,0
8351,,,50000.000,7530.353,-470.647,50000.000,0
8401,,,50000.000,7694.706,-597.647,50000.000,0
8451,,,50000.000,7156.823,-2226.235,50000.000,0
8501,,,50000.000,3787.588,-2644.588,50000.000,0
8551,,,50000.000,2024.529,-2173.941,50000.000,0
8601,,,50000.000,1292.412,-1860.176,50000.000,0
8651,,,50000.000,3272.117,-3518.647,50000.000,0
8701,,,50000.000,3458.882,-2256.117,50000.000,0
8751,,,50000.000,306.294,-141.941,50000.000,0
8801,,,50000.000,866.588,-418.353,50000.000,0
8851,,,50000.000,3824.941,-1329.765,50000.000,0
8901,,,50000.000,10212.293,-1643.529,50000.000,0
8951,,,50000.000,9808.882,171.824,50000.000,0
9001,,,50000.000,3115.235,-620.059,50000.000,0
9051,,,50000.000,2599.765,-1195.294,50000.000,0
9101,,,50000.000,2681.941,-2159.000,50000.000,0
9151,,,50000.000,2540.000,-2525.059,50000.000,0
9201,,,50000.000,3593.353,-3757.706,50000.000,0
9251,,,50000.000,8120.529,-6081.059,50000.000,0
9301,,,50000.000,8090.646,-4885.764,50000.000,0
9351,,,50000.000,9166.411,-6081.059,50000.000,0
9401,,,50000.000,4893.235,-3339.353,50000.000,0
9451,,,50000.000,12094.882,-8576.234,50000.000,0
9501,,,50000.000,10481.234,-7590.117,50000.000,0
9551,,,50000.000,9495.117,-5894.294,50000.000,0
9601,,,50000.000,15860.058,-7761.940,50000.000,0
9651,,,50000.000,17144.998,-6626.411,50000.000,0
9701,,,50000.000,9203.764,-2338.294,50000.000,0
9751,,,50000.000,3272.117,-978.647,50000.000,0
9801,,,50000.000,7620.000,-3197.412,50000.000,0
9851,,,50000.000,7687.235,-4101.353,50000.000,0
9901,,,50000.000,6947.646,-3189.941,50000.000,0
9951,,,50000.000,14433.176,-4534.647,50000.000,0
10001,,,50000.000,11803.528,-993.588,50000.000,0
10051,,,50000.000,4168.588,59.765,50000.000,0
10101,,,50000.000,3526.117,-769.471,50000.000,0
10151,,,50000.000,11564.470,-2667.000,50000.000,0
10201,,,50000.000,15546.293,-1673.412,50000.000,0
10251,,,50000.000,19640.176,-1247.588,50000.000,0
10301,,,50000.000,12087.411,-283.882,50000.000,0
10351,,,50000.000,7874.000,545.353,50000.000,0
10401,,,50000.000,7552.764,1060.823,50000.000,0
10451,,,50000.000,7874.000,627.529,50000.000,0
10501,,,50000.000,8202.705,971.176,50000.000,0
10551,,,50000.000,7276.353,754.529,50000.000,0
10601,,,50000.000,21679.646,1479.176,50000.000,0
10651,,,50000.000,16689.293,821.765,50000.000,0
10701,,,50000.000,19692.469,7.471,50000.000,0
10751,,,50000.000,17167.410,-1187.823,50000.000,0
10801,,,50000.000,15800.293,-515.471,50000.000,0
10851,,,50000.000,15262.411,896.471,50000.000,0
10901,,,50000.000,12640.234,2457.823,50000.000,0
10951,,,50000.000,11034.058,3324.412,50000.000,0
11001,,,50000.000,6581.588,2166.470,50000.000,0
11051,,,50000.000,4459.941,874.059,50000.000,0
11101,,,50000.000,3742.764,373.529,50000.000,0
11151,,,50000.000,5595.470,657.412,50000.000,0
11201,,,50000.000,4415.117,433.294,50000.000,0
11251,,,50000.000,8105.588,-1098.176,50000.000,0
11301,,,50000.000,5744.882,-1202.765,50000.000,0
11351,,,50000.000,3668.059,-373.529,50000.000,0
11401,,,50000.000,4191.000,-410.882,50000.000,0
11451,,,50000.000,1329.765,-201.706,50000.000,0
11501,,,50000.000,1733.176,-112.059,50000.000,0
11551,,,50000.000,1658.470,-89.647,50000.000,0
11601,,,50000.000,321.235,59.765,50000.000,0
11651,,,50000.000,246.529,814.294,50000.000,0
11701,,,50000.000,0.000,2659.529,50000.000,0
11751,,,50000.000,-410.882,881.529,50000.000,0
11801,,,50000.000,-2674.470,2114.176,50000.000,1
11851,,,50000.000,-4699.000,978.647,50000.000,1
11901,,,50000.000,-1583.765,-381.000,50000.000,0
11951,,,50000.000,-2779.059,-1150.470,50000.000,0
12001,,,50000.000,-3802.529,-2114.176,50000.000,0
12051,,,50000.000,-7888.940,-2779.059,50000.000,0
12101,,,50000.000,-8538.882,1195.294,50000.000,0
12151,,,50000.000,-7171.764,2995.706,50000.000,0
12201,,,50000.000,-5729.941,560.294,50000.000,0
12251,,,50000.000,-7754.470,-164.353,50000.000,0
12301,,,50000.000,-7829.176,-425.823,50000.000,0
12351,,,50000.000,-3548.529,-971.176,50000.000,0
12401,,,50000.000,-2726.764,-986.118,50000.000,0
12451,,,50000.000,-1023.471,-328.706,50000.000,0
12501,,,50000.000,-5431.117,-3137.647,50000.000,0
12551,,,50000.000,-7007.411,-4811.059,50000.000,0
12601,,,50000.000,-1075.765,-956.235,50000.000,0
12651,,,50000.000,-4915.646,-3077.882,50000.000,0
12701,,,50000.000,-9211.234,-3212.353,50000.000,0
12751,,,50000.000,-7007.411,-2502.647,50000.000,0
12801,,,50000.000,-1987.176,-1441.823,50000.000,0
12851,,,50000.000,-3436.470,-3548.529,50000.000,0
12901,,,50000.000,-5969.000,-5886.823,50000.000,0
12951,,,50000.000,-7388.411,-5662.706,50000.000,0
13001,,,50000.000,-9016.999,-3212.353,50000.000,0
13051,,,50000.000,-9592.234,-732.118,50000.000,0
13101,,,50000.000,-8195.234,-89.647,50000.000,0
13151,,,50000.000,-8098.117,-1068.294,50000.000,0
13201,,,50000.000,-5483.412,-1606.176,50000.000,0
13251,,,50000.000,-7380.941,-2271.059,50000.000,0
13301,,,50000.000,-6716.059,-1060.823,50000.000,0
13351,,,50000.000,-3070.412,67.235,50000.000,0
13401,,,50000.000,-4960.470,425.823,50000.000,0
13451,,,50000.000,-6992.470,74.706,50000.000,0
13501,,,50000.000,-5348.941,-82.176,50000.000,0
13551,,,50000.000,-2091.765,-29.882,50000.000,0
13601,,,50000.000,-2577.353,127.000,50000.000,0
13651,,,50000.000,-2547.470,254.000,50000.000,0
13701,,,50000.000,-194.235,209.176,50000.000,0
13751,,,50000.000,-395.941,1561.353,50000.000,0
13801,,,50000.000,762.000,1606.176,50000.000,0
13851,,,50000.000,1882.588,1113.118,50000.000,0
13901,,,50000.000,2211.294,1210.235,50000.000,0
13951,,,50000.000,3152.588,1255.059,50000.000,0
14001,,,50000.000,3712.882,1038.412,50000.000,0
14051,,,50000.000,3869.764,567.765,50000.000,0
14101,,,50000.000,4108.823,74.706,50000.000,0
14151,,,50000.000,4086.411,388.471,50000.000,0
14201,,,50000.000,4161.117,224.118,50000.000,0
14251,,,50000.000,3727.823,186.765,50000.000,0
14301,,,50000.000,3817.470,0.000,50000.000,0
14351,,,50000.000,3623.235,-7.471,50000.000,0
14401,,,50000.000,3249.706,-14.941,50000.000,0
14451,,,50000.000,2413.000,-89.647,50000.000,0
14501,,,50000.000,2144.059,-44.824,50000.000,0
14551,,,50000.000,2196.353,-14.941,50000.000,0
14601,,,50000.000,1374.588,-97.118,50000.000,0
14651,,,50000.000,2024.529,29.882,50000.000,0
14701,,,50000.000,1314.823,-104.588,50000.000,0
14751,,,50000.000,971.176,-156.882,50000.000,0
14801,,,50000.000,732.118,-530.412,50000.000,0
14851,,,50000.000,-22.412,-321.235,50000.000,0
14901,,,50000.000,-156.882,-22.412,50000.000,0
14951,,,50000.000,-119.529,-283.882,50000.000,0
15001,,,50000.000,-82.176,-283.882,50000.000,0
15051,,,50000.000,-22.412,-59.765,50000.000,0
15101,,,50000.000,0.000,-508.000,50000.000,0
15151,,,50000.000,-104.588,-328.706,50000.000,0
15201,,,50000.000,-22.412,-134.471,50000.000,0
15251,,,50000.000,-291.353,-358.588,50000.000,0
15301,,,50000.000,-649.941,-89.647,50000.000,0
15351,,,50000.000,-433.294,-74.706,50000.000,0
15401,,,50000.000,-164.353,-149.412,50000.000,0
15451,,,50000.000,-82.176,-82.176,50000.000,0
15501,,,50000.000,-14.941,-7.471,50000.000,0
15551,,,50000.000,-291.353,-171.824,50000.000,0
15601,,,50000.000,-672.353,104.588,50000.000,0
15651,,,50000.000,-418.353,478.118,50000.000,0
15701,,,50000.000,-612.588,254.000,50000.000,0
15751,,,50000.000,-776.941,-246.529,50000.000,0
15801,,,50000.000,-642.471,343.647,50000.000,0
15851,,,50000.000,-164.353,254.000,50000.000,0
15901,,,50000.000,-52.294,74.706,50000.000,0
15951,,,50000.000,-209.176,179.294,50000.000,0
16001,,,50000.000,-478.118,14.941,50000.000,0
16051,,,50000.000,-747.059,-141.941,50000.000,0
16101,,,50000.000,-366.059,-119.529,50000.000,0
16151,,,50000.000,-44.824,-97.118,50000.000,0
16201,,,50000.000,-52.294,418.353,50000.000,0
16251,,,50000.000,-291.353,829.235,50000.000,0
16301,,,50000.000,-1105.647,156.882,50000.000,0
16351,,,50000.000,-1344.706,-261.471,50000.000,0
16401,,,50000.000,-1426.882,-201.706,50000.000,0
16451,,,50000.000,-732.118,22.412,50000.000,0
16501,,,50000.000,-776.941,-112.059,50000.000,0
16551,,,50000.000,-866.588,0.000,50000.000,0
16601,,,50000.000,-1494.118,-470.647,50000.000,0
16651,,,50000.000,-1643.529,-1068.294,50000.000,0
16701,,,50000.000,-328.706,-702.235,50000.000,0
16751,,,50000.000,254.000,-500.529,50000.000,0
16801,,,50000.000,612.588,52.294,50000.000,0
16851,,,50000.000,89.647,22.412,50000.000,0
16901,,,50000.000,-22.412,-22.412,50000.000,0
16951,,,50000.000,-590.176,-328.706,50000.000,0
17001,,,50000.000,-903.941,-321.235,50000.000,0
17051,,,50000.000,-709.706,-1494.118,50000.000,0
17101,,,50000.000,-649.941,-1180.353,50000.000,0
17151,,,50000.000,-14.941,-22.412,50000.000,0
17201,,,50000.000,0.000,0.000,50000.000,0
17251,,,50000.000,276.412,747.059,50000.000,0
17301,,,50000.000,1367.118,1927.412,50000.000,0
17351,,,50000.000,2181.412,1665.941,50000.000,0
17401,,,50000.000,2487.706,1613.647,50000.000,0
17451,,,50000.000,4123.765,2017.059,50000.000,0
17501,,,50000.000,5939.117,1001.059,50000.000,0
17551,,,50000.000,6267.823,-1538.941,50000.000,0
17601,,,50000.000,8830.234,-6073.588,50000.000,0
17651,,,50000.000,9584.764,-10122.646,50000.000,0
17701,,,50000.000,3705.412,-4639.235,50000.000,0
17751,,,50000.000,933.823,-1187.823,50000.000,0
17801,,,50000.000,5169.646,-1367.118,50000.000,0
17851,,,50000.000,8650.940,-313.765,50000.000,0
17901,,,50000.000,5632.823,-537.882,50000.000,0
17951,,,50000.000,8576.234,-2203.823,50000.000,0
18001,,,50000.000,11631.705,-1755.588,50000.000,0
18051,,,50000.000,8120.529,-276.412,50000.000,0
18101,,,50000.000,3533.588,231.588,50000.000,0
18151,,,50000.000,13962.528,-1621.118,50000.000,0
18201,,,50000.000,10824.882,-3802.529,50000.000,0
18251,,,50000.000,2383.117,-1105.647,50000.000,0
18301,,,50000.000,2861.235,-1314.823,50000.000,0
18351,,,50000.000,2749.176,-1352.176,50000.000,0
18401,,,50000.000,2801.470,-1703.294,50000.000,0
18451,,,50000.000,5715.000,-2943.412,50000.000,0
18501,,,50000.000,9338.234,-3847.353,50000.000,0
18551,,,50000.000,13103.411,-4766.235,50000.000,0
18601,,,50000.000,7179.235,-2913.529,50000.000,0
18651,,,50000.000,12968.940,-7029.823,50000.000,0
18701,,,50000.000,8695.764,-3899.647,50000.000,0
18751,,,50000.000,19445.939,-8023.411,50000.000,0
18801,,,50000.000,17914.469,-8240.059,50000.000,0
18851,,,50000.000,11579.411,-5169.646,50000.000,0
18901,,,50000.000,2734.235,-844.176,50000.000,1
18951,,,50000.000,590.176,-52.294,50000.000,1
19001,,,50000.000,3010.647,-425.823,50000.000,0
19051,,,50000.000,11123.705,-4138.706,50000.000,0
19101,,,50000.000,9009.528,-4572.000,50000.000,0
19151,,,50000.000,6783.293,-4034.117,50000.000,0
19201,,,50000.000,6768.353,-3533.588,50000.000,0
19251,,,50000.000,11773.646,-4452.470,50000.000,0
19301,,,50000.000,7298.764,-2756.647,50000.000,0
19351,,,50000.000,5057.588,-2166.470,50000.000,0
19401,,,50000.000,11452.411,-4579.470,50000.000,0
19451,,,50000.000,17077.764,-7141.882,50000.000,0
19501,,,50000.000,9726.705,-4721.412,50000.000,0
19551,,,50000.000,9285.940,-4265.706,50000.000,0
19601,,,50000.000,10242.176,-5363.882,50000.000,0
19651,,,50000.000,12475.882,-5834.529,50000.000,0
19701,,,50000.000,15785.352,-4056.529,50000.000,0
19751,,,50000.000,22822.646,-5849.470,50000.000,0
19801,,,50000.000,13962.528,-2801.470,50000.000,0
19851,,,50000.000,4788.647,-425.823,50000.000,0
19901,,,50000.000,6006.353,67.235,50000.000,0
19951,,,50000.000,16241.058,530.412,50000.000,0
20001,,,50000.000,17877.117,463.176,50000.000,0
20051,,,50000.000,17511.059,306.294,50000.000,0
20101,,,50000.000,7059.706,-141.941,50000.000,0
20151,,,50000.000,4161.117,-321.235,50000.000,0
20201,,,50000.000,6626.411,-694.765,50000.000,0
20251,,,50000.000,4183.529,-724.647,50000.000,0
20301,,,50000.000,5296.646,-1217.706,50000.000,0
20351,,,50000.000,6028.764,-1538.941,50000.000,0
20401,,,50000.000,2420.470,-552.823,50000.000,0
20451,,,50000.000,7956.176,-1023.471,50000.000,0
20501,,,50000.000,14948.646,-343.647,50000.000,0
20551,,,50000.000,9928.411,896.471,50000.000,0
20601,,,50000.000,12005.234,3914.588,50000.000,0
20651,,,50000.000,7754.470,2950.882,50000.000,0
20701,,,50000.000,5916.706,1270.000,50000.000,0
20751,,,50000.000,5035.176,231.588,50000.000,0
20801,,,50000.000,5662.706,-963.706,50000.000,0
20851,,,50000.000,7388.411,-1830.294,50000.000,0
20901,,,50000.000,3100.294,-366.059,50000.000,0
20951,,,50000.000,7799.293,52.294,50000.000,0
21001,,,50000.000,10608.234,149.412,50000.000,0
21051,,,50000.000,4669.117,298.824,50000.000,0
21101,,,50000.000,5894.294,-268.941,50000.000,0
21151,,,50000.000,6372.411,-2480.235,50000.000,0
21201,,,50000.000,4400.176,-1434.353,50000.000,0
21251,,,50000.000,3750.235,-336.176,50000.000,0
21301,,,50000.000,1949.823,29.882,50000.000,0
21351,,,50000.000,747.059,82.176,50000.000,0
21401,,,50000.000,2719.294,298.824,50000.000,0
21451,,,50000.000,2921.000,-44.824,50000.000,0
21501,,,50000.000,2218.765,-470.647,50000.000,0
21551,,,50000.000,1284.941,-552.823,50000.000,0
21601,,,50000.000,493.059,-164.353,50000.000,0
21651,,,50000.000,-156.882,59.765,50000.000,0
21701,,,50000.000,-642.471,-224.118,50000.000,0
21751,,,50000.000,-1299.882,-127.000,50000.000,0
21801,,,50000.000,-1613.647,-530.412,50000.000,0
21851,,,50000.000,-560.294,-313.765,50000.000,0
21901,,,50000.000,-478.118,29.882,50000.000,0
21951,,,50000.000,-806.823,44.824,50000.000,0
22001,,,50000.000,-373.529,-149.412,50000.000,0
22051,,,50000.000,-201.706,-82.176,50000.000,0
22101,,,50000.000,-29.882,-7.471,50000.000,0
22151,,,50000.000,-1352.176,-313.765,50000.000,0
22201,,,50000.000,-425.823,-97.118,50000.000,0
22251,,,50000.000,0.000,0.000,50000.000,0
22301,,,50000.000,-1202.765,-313.765,50000.000,0
22351,,,50000.000,-1464.235,-328.706,50000.000,0
22401,,,50000.000,-1053.353,-276.412,50000.000,0
22451,,,50000.000,-1845.235,-306.294,50000.000,0
22501,,,50000.000,-508.000,-52.294,50000.000,0
22551,,,50000.000,-948.765,-44.824,50000.000,0
22601,,,50000.000,-1008.529,-52.294,50000.000,0
22651,,,50000.000,-1426.882,-141.941,50000.000,0
22701,,,50000.000,-2002.118,-388.471,50000.000,0
22751,,,50000.000,-1344.706,-336.176,50000.000,0
22801,,,50000.000,-3645.647,-1232.647,50000.000,0
22851,,,50000.000,-4631.764,-1755.588,50000.000,0
22901,,,50000.000,-2637.117,-724.647,50000.000,0
22951,,,50000.000,-4997.823,-590.176,50000.000,0
23001,,,50000.000,-5834.529,-276.412,50000.000,0
23051,,,50000.000,-5752.353,89.647,50000.000,0
23101,,,50000.000,-6432.176,-164.353,50000.000,0
23151,,,50000.000,-6932.706,-216.647,50000.000,0
23201,,,50000.000,-6536.764,-283.882,50000.000,0
23251,,,50000.000,-6813.176,-679.823,50000.000,0
23301,,,50000.000,-6081.059,-448.235,50000.000,0
23351,,,50000.000,-5490.882,-343.647,50000.000,0
23401,,,50000.000,-5558.117,-762.000,50000.000,0
23451,,,50000.000,-4430.059,-620.059,50000.000,0
23501,,,50000.000,-4332.941,-814.294,50000.000,0
23551,,,50000.000,-4616.823,-866.588,50000.000,0
23601,,,50000.000,-642.471,0.000,50000.000,0
23651,,,50000.000,-2076.823,97.118,50000.000,0
23701,,,50000.000,-2614.706,-37.353,50000.000,0
23751,,,50000.000,-3899.647,-149.412,50000.000,0
23801,,,50000.000,-1464.235,-44.824,50000.000,0
23851,,,50000.000,-4183.529,-209.176,50000.000,0
23901,,,50000.000,-1038.412,-14.941,50000.000,0
23951,,,50000.000,0.000,0.000,50000.000,0
24001,,,50000.000,-1172.882,0.000,50000.000,0
24051,,,50000.000,-739.588,0.000,50000.000,0
24101,,,50000.000,-149.412,-14.941,50000.000,0
24151,,,50000.000,-1912.470,-134.471,50000.000,0
24201,,,50000.000,-1807.882,89.647,50000.000,0
24251,,,50000.000,-1860.176,-29.882,50000.000,0
24301,,,50000.000,-724.647,-74.706,50000.000,0
24351,,,50000.000,-388.471,-52.294,50000.000,1
24401,,,50000.000,-82.176,-29.882,50000.000,1
24451,,,50000.000,-1128.059,-388.471,50000.000,0
24501,,,50000.000,-1113.118,-52.294,50000.000,0
24551,,,50000.000,-515.471,0.000,50000.000,0
24601,,,50000.000,-29.882,-7.471,50000.000,0
24651,,,50000.000,-410.882,194.235,50000.000,0
24701,,,50000.000,-336.176,149.412,50000.000,0
24751,,,50000.000,-194.235,-246.529,50000.000,0
24801,,,50000.000,112.059,-358.588,50000.000,0
24851,,,50000.000,410.882,-186.765,50000.000,0
24901,,,50000.000,171.824,-52.294,50000.000,0
24951,,,50000.000,0.000,0.000,50000.000,0
25001,,,50000.000,59.765,-7.471,50000.000,0
25051,,,50000.000,1120.588,-134.471,50000.000,0
25101,,,50000.000,433.294,-82.176,50000.000,0
25151,,,50000.000,814.294,-112.059,50000.000,0
25201,,,50000.000,1404.470,89.647,50000.000,0
25251,,,50000.000,1688.353,-44.824,50000.000,0
25301,,,50000.000,1553.882,-82.176,50000.000,0
25351,,,50000.000,291.353,0.000,50000.000,0
25401,,,50000.000,216.647,0.000,50000.000,0
25451,,,50000.000,0.000,0.000,50000.000,0
25501,,,50000.000,388.471,0.000,50000.000,0
25551,,,50000.000,956.235,-59.765,50000.000,0
25601,,,50000.000,156.882,-14.941,50000.000,0
25651,,,50000.000,0.000,0.000,50000.000,0
25701,,,50000.000,0.000,0.000,50000.000,0
25751,,,50000.000,0.000,0.000,50000.000,0
25801,,,50000.000,0.000,0.000,50000.000,0
25851,,,50000.000,0.000,0.000,50000.000,0
25901,,,50000.000,0.000,0.000,50000.000,0
25951,,,50000.000,0.000,0.000,50000.000,0
26001,,,50000.000,0.000,0.000,50000.000,0
26051,,,50000.000,-141.941,-37.353,50000.000,0
26101,,,50000.000,-1202.765,-22.412,50000.000,0
26151,,,50000.000,-612.588,7.471,50000.000,0
26201,,,50000.000,-724.647,-44.824,50000.000,0
26251,,,50000.000,-14.941,0.000,50000.000,0
26301,,,50000.000,0.000,0.000,50000.000,0
26351,,,50000.000,-298.824,0.000,50000.000,0
26401,,,50000.000,-1187.823,59.765,50000.000,0
26451,,,50000.000,-134.471,0.000,50000.000,0
26501,,,50000.000,-14.941,-7.471,50000.000,0
26551,,,50000.000,-14.941,0.000,50000.000,0
26601,,,50000.000,-493.059,-7.471,50000.000,0
26651,,,50000.000,-2517.588,-97.118,50000.000,0
26701,,,50000.000,-2487.706,-216.647,50000.000,0
26751,,,50000.000,-1494.118,-127.000,50000.000,0
26801,,,50000.000,-500.529,0.000,50000.000,0
26851,,,50000.000,-2323.353,-59.765,50000.000,0
26901,,,50000.000,-1292.412,-37.353,50000.000,0
26951,,,50000.000,-2547.470,74.706,50000.000,0
27001,,,50000.000,-956.235,0.000,50000.000,0
27051,,,50000.000,-522.941,-29.882,50000.000,0
27101,,,50000.000,-1322.294,-7.471,50000.000,0
27151,,,50000.000,-7.471,0.000,50000.000,0
27201,,,50000.000,-7.471,0.000,50000.000,0
27251,,,50000.000,-37.353,0.000,50000.000,0
27301,,,50000.000,-14.941,7.471,50000.000,0
27351,,,50000.000,-67.235,89.647,50000.000,0
27401,,,50000.000,-1023.471,1411.941,50000.000,0
27451,,,50000.000,-776.941,2248.647,50000.000,0
27501,,,50000.000,-1292.412,3877.235,50000.000,0
27551,,,50000.000,-1075.765,3331.882,50000.000,0
27601,,,50000.000,-186.765,664.882,50000.000,0
27651,,,50000.000,-97.118,59.765,50000.000,0
27701,,,50000.000,-67.235,-82.176,50000.000,0
27751,,,50000.000,-418.353,-1807.882,50000.000,0
27801,,,50000.000,-171.824,-1890.059,50000.000,0
27851,,,50000.000,-276.412,-2069.353,50000.000,0
27901,,,50000.000,-627.529,440.765,50000.000,0
27951,,,50000.000,-194.235,328.706,50000.000,0
28001,,,50000.000,-1098.176,1860.176,50000.000,0
28051,,,50000.000,-889.000,1352.176,50000.000,0
28101,,,50000.000,-709.706,-336.176,50000.000,0
28151,,,50000.000,-1426.882,-717.176,50000.000,0
28201,,,50000.000,-978.647,-537.882,50000.000,0
28251,,,50000.000,-560.294,-664.882,50000.000,0
28301,,,50000.000,52.294,-1030.941,50000.000,0
28351,,,50000.000,306.294,-2360.706,50000.000,1
28401,,,50000.000,141.941,-3414.059,50000.000,1
28451,,,50000.000,-37.353,-821.765,50000.000,0
28501,,,50000.000,-89.647,52.294,50000.000,0
28551,,,50000.000,-22.412,-268.941,50000.000,0
28601,,,50000.000,0.000,-2121.647,50000.000,0
28651,,,50000.000,388.471,-1494.118,50000.000,0
28701,,,50000.000,1232.647,-1008.529,50000.000,0
28751,,,50000.000,2293.470,-948.765,50000.000,0
28801,,,50000.000,4654.176,-1098.176,50000.000,0
28851,,,50000.000,3787.588,-89.647,50000.000,0
28901,,,50000.000,1538.941,-7.471,50000.000,0
28951,,,50000.000,2345.765,-366.059,50000.000,0
29001,,,50000.000,2988.235,-306.294,50000.000,0
29051,,,50000.000,6058.646,-814.294,50000.000,0
29101,,,50000.000,6536.764,-806.823,50000.000,0
29151,,,50000.000,5670.176,-769.471,50000.000,0
29201,,,50000.000,4699.000,-1008.529,50000.000,0
29251,,,50000.000,2614.706,-112.059,50000.000,0
29301,,,50000.000,5244.353,112.059,50000.000,0
29351,,,50000.000,5767.294,-366.059,50000.000,0
29401,,,50000.000,4377.765,37.353,50000.000,0
29451,,,50000.000,8195.234,971.176,50000.000,0
29501,,,50000.000,7463.117,-493.059,50000.000,0
29551,,,50000.000,5954.059,-1404.470,50000.000,0
29601,,,50000.000,5080.000,37.353,50000.000,0
29651,,,50000.000,2368.176,836.706,50000.000,0
29701,,,50000.000,1695.823,1202.765,50000.000,0
29751,,,50000.000,1434.353,1531.470,50000.000,0
29801,,,50000.000,560.294,679.823,50000.000,0
29851,,,50000.000,-298.824,164.353,50000.000,0
29901,,,50000.000,-463.176,0.000,50000.000,0
29951,,,50000.000,-791.882,-239.059,50000.000,0
30001,,,50000.000,-1546.412,-283.882,50000.000,0
30051,,,50000.000,-2166.470,-485.588,50000.000,0
30101,,,50000.000,-2368.176,-1292.412,50000.000,0
30151,,,50000.000,-1845.235,-1217.706,50000.000,0
30201,,,50000.000,-3242.235,-1688.353,50000.000,0
30251,,,50000.000,-4855.882,440.765,50000.000,0
30301,,,50000.000,-6850.529,3615.764,50000.000,0
30351,,,50000.000,-2823.882,1591.235,50000.000,0
30401,,,50000.000,-5819.588,590.176,50000.000,0
30451,,,50000.000,-941.294,-7.471,50000.000,0
30501,,,50000.000,-7186.706,-1822.823,50000.000,0
30551,,,50000.000,-12468.411,-4833.470,50000.000,0
30601,,,50000.000,-10249.646,-4900.706,50000.000,0
30651,,,50000.000,-15553.764,-7171.764,50000.000,0
30701,,,50000.000,-16741.588,-8404.411,50000.000,0
30751,,,50000.000,-16711.705,-8135.470,50000.000,0
30801,,,50000.000,-11243.234,-4064.000,50000.000,0
30851,,,50000.000,-9188.823,-2540.000,50000.000,0
30901,,,50000.000,-12983.882,-4840.941,50000.000,0
30951,,,50000.000,-7380.941,-3175.000,50000.000,0
31001,,,50000.000,-8381.999,-3137.647,50000.000,0
31051,,,50000.000,-6872.941,-2599.765,50000.000,0
31101,,,50000.000,-5475.941,-1830.294,50000.000,0
31151,,,50000.000,-2592.294,-859.118,50000.000,0
31201,,,50000.000,-3503.706,-1651.000,50000.000,0
31251,,,50000.000,-5169.646,-3414.059,50000.000,0
31301,,,50000.000,-2099.235,-2002.118,50000.000,0
31351,,,50000.000,-3130.176,-2704.353,50000.000,0
31401,,,50000.000,-7507.940,-4586.941,50000.000,0
31451,,,50000.000,-8583.705,-4340.412,50000.000,0
31501,,,50000.000,-8292.353,-5087.470,50000.000,0
31551,,,50000.000,-5035.176,-4624.294,50000.000,0
31601,,,50000.000,-3077.882,-3085.353,50000.000,0
31651,,,50000.000,-5162.176,-5035.176,50000.000,0
31701,,,50000.000,-6096.000,-3869.764,50000.000,0
31751,,,50000.000,-3937.000,-1516.529,50000.000,0
31801,,,50000.000,-1180.353,-224.118,50000.000,0
31851,,,50000.000,-784.412,-552.823,50000.000,0
31901,,,50000.000,-1083.235,-1778.000,50000.000,0
31951,,,50000.000,-179.294,-709.706,50000.000,0
32001,,,50000.000,-791.882,-4534.647,50000.000,0
32051,,,50000.000,-776.941,-5453.529,50000.000,0
32101,,,50000.000,-1135.529,-4228.353,50000.000,0
32151,,,50000.000,-530.412,-4609.353,50000.000,0
32201,,,50000.000,-627.529,-9637.059,50000.000,0
32251,,,50000.000,-874.059,-10488.705,50000.000,0
32301,,,50000.000,-560.294,-10204.823,50000.000,0
32351,,,50000.000,-141.941,-6230.470,50000.000,0
32401,,,50000.000,67.235,-7149.353,50000.000,0
32451,,,50000.000,351.118,-9771.528,50000.000,0
32501,,,50000.000,186.765,-10107.705,50000.000,0
32551,,,50000.000,29.882,-14253.882,50000.000,0
32601,,,50000.000,7.471,-3660.588,50000.000,0
32651,,,50000.000,127.000,-4766.235,50000.000,0
32701,,,50000.000,171.824,-9651.999,50000.000,0
32751,,,50000.000,44.824,-1479.176,50000.000,1
32801,,,50000.000,0.000,-37.353,50000.000,1
32851,,,50000.000,0.000,0.000,50000.000,0
32901,,,50000.000,0.000,0.000,50000.000,0
32951,,,50000.000,0.000,0.000,50000.000,0
33001,,,50000.000,0.000,0.000,50000.000,0
33051,,,50000.000,0.000,0.000,50000.000,0
33101,,,50000.000,0.000,0.000,50000.000,0
33151,,,50000.000,0.000,0.000,50000.000,0
33201,,,50000.000,0.000,0.000,50000.000,0
33251,,,50000.000,1075.765,-239.059,50000.000,0
33301,,,50000.000,156.882,-29.882,50000.000,0
33351,,,50000.000,29.882,-7.471,50000.000,0
33401,,,50000.000,2046.941,-545.353,50000.000,0
33451,,,50000.000,395.941,-134.471,50000.000,0
33501,,,50000.000,0.000,0.000,50000.000,0
33551,,,50000.000,478.118,-186.765,50000.000,0
33601,,,50000.000,1628.588,-508.000,50000.000,0
33651,,,50000.000,859.118,141.941,50000.000,0
33701,,,50000.000,2002.118,918.882,50000.000,0
33751,,,50000.000,1202.765,866.588,50000.000,0
33801,,,50000.000,702.235,1471.706,50000.000,0
33851,,,50000.000,89.647,1538.941,50000.000,0
33901,,,50000.000,59.765,3033.059,50000.000,0
33951,,,50000.000,-112.059,2846.294,50000.000,0
34001,,,50000.000,-186.765,-612.588,50000.000,0
34051,,,50000.000,261.471,-784.412,50000.000,0
34101,,,50000.000,448.235,-1426.882,50000.000,0
34151,,,50000.000,298.824,-2831.353,50000.000,0
34201,,,50000.000,-7.471,-1815.353,50000.000,0
34251,,,50000.000,-14.941,-358.588,50000.000,0
34301,,,50000.000,0.000,0.000,50000.000,0
34351,,,50000.000,-747.059,-1247.588,50000.000,0
34401,,,50000.000,-373.529,-537.882,50000.000,0
34451,,,50000.000,-381.000,-403.412,50000.000,0
34501,,,50000.000,-1247.588,-1277.470,50000.000,0
34551,,,50000.000,-2622.176,-1038.412,50002.000,0
34601,,,50000.000,-1748.118,-134.471,50000.000,0
34651,,,50000.000,-7.471,0.000,50000.000,0
34701,,,50000.000,-545.353,-209.176,50000.000,0
34751,,,50000.000,-567.765,-216.647,50000.000,0
34801,,,50000.000,-231.588,-82.176,50000.000,0
34851,,,50000.000,-59.765,-52.294,50000.000,0
34901,,,50000.000,-657.412,-575.235,50000.000,0
34951,,,50000.000,-1426.882,-963.706,50000.000,0
35001,,,50000.000,-3010.647,-1568.823,50000.000,0
35051,,,50000.000,-3048.000,-381.000,50000.000,0
35101,,,50000.000,-3630.706,283.882,50000.000,0
35151,,,50000.000,-493.059,-52.294,50000.000,0
35201,,,50000.000,-1830.294,-844.176,50000.000,0
35251,,,50000.000,-2383.117,-1172.882,50000.000,0
35301,,,50000.000,-1187.823,-657.412,50000.000,0
35351,,,50000.000,-1606.176,-1434.353,50000.000,0
35401,,,50000.000,-2779.059,-2637.117,50000.000,0
35451,,,50000.000,-3182.470,-3287.059,50000.000,0
35501,,,50000.000,-2756.647,-2525.059,50000.000,0
35551,,,50000.000,-3593.353,-1979.706,50000.000,0
35601,,,50000.000,-3862.294,-1150.470,50000.000,0
35651,,,50000.000,-2390.588,-1397.000,50000.000,0
35701,,,50000.000,-1972.235,-1934.882,50000.000,0
35751,,,50000.000,-2084.294,-2345.765,50000.000,0
35801,,,50000.000,-2532.529,-3414.059,50000.000,0
35851,,,50000.000,-2151.529,-3376.706,50000.000,0
35901,,,50000.000,-866.588,-1658.470,50000.000,0
35951,,,50000.000,-37.353,-127.000,50000.000,0
36001,,,50000.000,-343.647,-874.059,50000.000,0
36051,,,50000.000,-216.647,-515.471,50000.000,0
36101,,,50000.000,-119.529,-605.118,50000.000,0
36151,,,50000.000,-104.588,-687.294,50000.000,0
36201,,,50000.000,-74.706,-560.294,50000.000,0
36251,,,50000.000,0.000,0.000,50000.000,0
36301,,,50000.000,0.000,-22.412,50000.000,0
36351,,,50000.000,22.412,-537.882,50000.000,0
36401,,,50000.000,14.941,-358.588,50000.000,0
36451,,,50000.000,74.706,-4661.647,50000.000,0
36501,,,50000.000,89.647,-6170.706,50000.000,0
36551,,,50000.000,-29.882,-5498.353,50000.000,0
36601,,,50000.000,276.412,-2413.000,50000.000,0
36651,,,50000.000,7.471,-1172.882,50000.000,0
36701,,,50000.000,82.176,-3055.470,50000.000,0
36751,,,50000.000,-156.882,-3951.941,50000.000,0
36801,,,50000.000,-343.647,-4310.529,50000.000,0
36851,,,50000.000,-104.588,-1688.353,50000.000,0
36901,,,50002.000,141.941,-2749.176,50000.000,0
36951,,,49999.000,14.941,-1292.412,50000.000,0
37001,,,49999.000,-89.647,-336.176,49998.000,0
37051,,,50000.000,-567.765,-1165.412,50000.000,0
37101,,,50000.000,-493.059,-1180.353,50000.000,0
37151,,,50000.000,-948.765,-3189.941,50000.000,0
37201,,,50000.000,-1038.412,-7351.058,50000.000,0
37251,,,50000.000,104.588,-11556.999,50000.000,0
37301,,,50000.000,-97.118,-12162.117,50000.000,0
37351,,,50000.000,-268.941,-6439.646,50000.000,0
37401,,,50000.000,-358.588,-4923.117,50000.000,0
37451,,,50000.000,-537.882,-7283.823,50000.000,0
37501,,,50000.000,-530.412,-5886.823,50000.000,0
37551,,,50000.000,52.294,-7455.646,50000.000,0
37601,,,50000.000,59.765,-7283.823,50000.000,0
37651,,,50000.000,0.000,-5304.117,50000.000,0
37701,,,50000.000,-52.294,-7836.646,50000.000,0
37751,,,50000.000,-231.588,-5558.117,50000.000,0
37801,,,50000.000,0.000,-179.294,50000.000,0
37851,,,50000.000,0.000,-7.471,50000.000,0
37901,,,50000.000,-7.471,-224.118,50000.000,0
37951,,,50000.000,-112.059,-3966.882,50000.000,0
38001,,,50000.000,74.706,-5154.706,50000.000,0
38051,,,50000.000,67.235,-5528.235,50000.000,0
38101,,,50000.000,254.000,-6379.882,50000.000,0
38151,,,50000.000,-52.294,-3847.353,50000.000,0
38201,,,50000.000,0.000,-5065.059,50000.000,0
38251,,,50000.000,-164.353,-5139.764,50000.000,0
38301,,,50000.000,-134.471,-4235.823,50000.000,0
38351,,,50000.000,-321.235,-3458.882,50000.000,0
38401,,,50000.000,-231.588,-5184.588,50000.000,0
38451,,,50000.000,-403.412,-4310.529,50000.000,0
38501,,,50000.000,-642.471,-2846.294,50000.000,0
38551,,,50000.000,-590.176,-1725.706,50000.000,0
38601,,,50000.000,-612.588,-635.000,50000.000,0
38651,,,50000.000,-321.235,-1120.588,50000.000,0
38701,,,50000.000,-52.294,-268.941,50000.000,0
38751,,,50000.000,0.000,-179.294,50000.000,0
38801,,,50000.000,-14.941,-1135.529,50000.000,0
38851,,,50000.000,22.412,-1538.941,50000.000,0
38901,,,50000.000,201.706,-4161.117,50000.000,0
38951,,,50000.000,44.824,-2786.529,50000.000,0
39001,,,50000.000,22.412,-6633.882,50000.000,0
39051,,,50000.000,179.294,-9390.528,50000.000,0
39101,,,50000.000,-112.059,-4572.000,50000.000,0
39151,,,50000.000,-239.059,-4826.000,50000.000,0
39201,,,50000.000,-127.000,-6775.823,50000.000,0
39251,,,50000.000,-97.118,-2823.882,50000.000,0
39301,,,50000.000,-74.706,-4684.059,50000.000,0
39351,,,50000.000,0.000,-978.647,50000.000,1
39401,,,50000.000,7.471,-1083.235,50000.000,1
39451,,,50000.000,-104.588,-8045.823,50000.000,0
39501,,,50000.000,224.118,-10623.176,50000.000,0
39551,,,50000.000,-112.059,-8576.234,50000.000,0
39601,,,50000.000,-164.353,-2614.706,50000.000,0
39651,,,50000.000,-59.765,-582.706,50000.000,0
39701,,,50000.000,-141.941,-418.353,50000.000,0
39751,,,50000.000,-433.294,-1068.294,50000.000,0
39801,,,50000.000,-590.176,-1165.412,50000.000,0
39851,,,50000.000,-1180.353,-918.882,50000.000,0
39901,,,50000.000,-1606.176,-560.294,50000.000,0
39951,,,50000.000,-2853.764,-2151.529,50000.000,0
40001,,,50000.000,-4430.059,-4482.353,50000.000,0
40051,,,50000.000,-2390.588,-3234.764,50000.000,0
40101,,,50000.000,-1949.823,-2442.882,50000.000,0
40151,,,50000.000,-1165.412,-1098.176,50000.000,0
40201,,,50000.000,-478.118,321.235,50000.000,0
40251,,,50000.000,-508.000,933.823,50000.000,0
40301,,,50000.000,-620.059,799.353,50000.000,0
40351,,,50000.000,-814.294,724.647,50000.000,0
40401,,,50000.000,-433.294,-44.824,50000.000,0
40451,,,50000.000,-1225.176,-112.059,50000.000,0
40501,,,50000.000,-1113.118,-67.235,50000.000,0
40551,,,50000.000,-22.412,0.000,50000.000,0
40601,,,50000.000,0.000,0.000,50000.000,0
40651,,,50000.000,-7.471,-313.765,50000.000,0
40701,,,50000.000,97.118,-306.294,50000.000,0
40751,,,50000.000,254.000,-358.588,50000.000,0
40801,,,50000.000,134.471,-186.765,50000.000,0
40851,,,50000.000,956.235,-635.000,50000.000,0
40901,,,50000.000,2046.941,-1225.176,50000.000,0
40951,,,50000.000,963.706,-552.823,50000.000,0
41001,,,50000.000,1195.294,-627.529,50000.000,0
41051,,,50000.000,590.176,-164.353,50000.000,0
41101,,,50000.000,141.941,-22.412,50000.000,0
41151,,,50000.000,2413.000,-806.823,50000.000,0
41201,,,50000.000,2734.235,-567.765,50000.000,0
41251,,,50000.000,2383.117,-410.882,50000.000,0
41301,,,50000.000,3533.588,-291.353,50000.000,0
41351,,,50000.000,2024.529,7.471,50000.000,0
41401,,,50000.000,1277.470,-112.059,50000.000,0
41451,,,50000.000,1284.941,-403.412,50000.000,0
41501,,,50000.000,1464.235,-672.353,50000.000,0
41551,,,50000.000,2286.000,-1651.000,50000.000,0
41601,,,50000.000,403.412,-283.882,50000.000,0
41651,,,50000.000,664.882,-373.529,50000.000,0
41701,,,50000.000,44.824,-22.412,50000.000,0
41751,,,50000.000,119.529,186.765,50000.000,0
41801,,,50000.000,-37.353,859.118,50000.000,0
41851,,,50000.000,-246.529,552.823,50000.000,0
41901,,,50000.000,-82.176,119.529,50000.000,0
41951,,,50000.000,-1128.059,-29.882,50000.000,0
42001,,,50000.000,-1456.765,-1344.706,50000.000,0
42051,,,50000.000,-97.118,-29.882,50000.000,0
42101,,,50000.000,-395.941,44.824,50000.000,0
42151,,,50000.000,-3152.588,-127.000,50000.000,0
42201,,,50000.000,-1075.765,-127.000,50000.000,0
42251,,,50000.000,-1225.176,-97.118,50000.000,0
42301,,,50000.000,-5468.470,-1277.470,50000.000,0
42351,,,50000.000,-3458.882,-508.000,50000.000,0
42401,,,50000.000,-2009.588,-224.118,50000.000,0
42451,,,50000.000,-3384.176,-1352.176,50000.000,0
42501,,,50000.000,-5632.823,-313.765,50000.000,0
42551,,,50000.000,-5475.941,313.765,50000.000,0
42601,,,50000.000,-545.353,-29.882,50000.000,0
42651,,,50000.000,-4728.882,-1255.059,50000.000,0
42701,,,50000.000,-6320.117,-440.765,50000.000,0
42751,,,50000.000,-6656.293,186.765,50000.000,0
42801,,,50000.000,-6320.117,127.000,50000.000,0
42851,,,50000.000,-5087.470,-500.529,50000.000,0
42901,,,50000.000,-4056.529,-1232.647,50000.000,0
42951,,,50000.000,-2166.470,-1060.823,50000.000,0
43001,,,50000.000,-1322.294,-874.059,50000.000,0
43051,,,50000.000,-1374.588,-739.588,50000.000,0
43101,,,50000.000,-22.412,-29.882,50000.000,0
43151,,,50000.000,-37.353,-239.059,50000.000,0
43201,,,50000.000,-194.235,-1464.235,50000.000,0
43251,,,50000.000,-254.000,-1553.882,50000.000,0
43301,,,50000.000,-224.118,-1172.882,50000.000,0
43351,,,50000.000,-440.765,-4699.000,50000.000,0
43401,,,50000.000,97.118,-1792.941,50000.000,0
43451,,,50000.000,239.059,-6088.529,50000.000,0
43501,,,50000.000,141.941,-4967.941,50000.000,0
43551,,,50000.000,-127.000,-4960.470,50000.000,0
43601,,,50000.000,119.529,-3429.000,50000.000,0
43651,,,50000.000,67.235,-2846.294,50000.000,0
43701,,,50000.000,373.529,-3115.235,50000.000,0
43751,,,50000.000,493.059,-3025.588,50000.000,0
43801,,,50000.000,381.000,-6514.353,50000.000,0
43851,,,50000.000,44.824,-7515.411,50000.000,0
43901,,,50000.000,328.706,-6118.411,50000.000,0
43951,,,50000.000,522.941,-6357.470,50000.000,0
44001,,,50000.000,694.765,-8105.588,50000.000,0
44051,,,50000.000,455.706,-6536.764,50000.000,0
44101,,,50000.000,179.294,-1972.235,50000.000,0
44151,,,50000.000,470.647,-5386.294,50000.000,0
44201,,,50000.000,493.059,-8703.234,50000.000,0
44251,,,50000.000,201.706,-6185.646,50000.000,0
44301,,,50000.000,-89.647,-1979.706,50000.000,0
44351,,,50000.000,-612.588,-978.647,50000.000,0
44401,,,50000.000,-1867.647,-2756.647,50000.000,0
44451,,,50000.000,-1389.529,-3175.000,50000.000,0
44501,,,50000.000,-104.588,-261.471,50000.000,0
44551,,,50000.000,44.824,-104.588,50000.000,0
44601,,,50000.000,127.000,-201.706,50000.000,0
44651,,,50000.000,463.176,-2629.647,50000.000,0
44701,,,50000.000,261.471,-8202.705,50000.000,0
44751,,,50000.000,-134.471,-10772.588,50000.000,0
44801,,,50000.000,-112.059,-6731.000,50000.000,0
44851,,,50000.000,-7.471,-1598.706,50000.000,0
44901,,,50000.000,141.941,-1255.059,50000.000,0
44951,,,50000.000,747.059,-3533.588,50000.000,0
45001,,,50000.000,201.706,-1023.471,50000.000,0
45051,,,50000.000,500.529,-3585.882,50000.000,0
45101,,,50000.000,1008.529,-6110.941,50000.000,0
45151,,,50000.000,851.647,-3668.059,50000.000,0
45201,,,50000.000,1150.470,-3092.823,50000.000,0
45251,,,50000.000,1292.412,-3160.059,50000.000,0
45301,,,50000.000,762.000,-3122.706,50000.000,0
45351,,,50000.000,1501.588,-3712.882,50000.000,0
45401,,,50000.000,2599.765,-4332.941,50000.000,0
45451,,,50000.000,1755.588,-3264.647,50000.000,0
45501,,,50000.000,1120.588,-2129.117,50000.000,0
45551,,,50000.000,1434.353,-3451.412,50000.000,0
45601,,,50000.000,851.647,-2315.882,50000.000,0
45651,,,50000.000,2599.765,-5580.529,50000.000,0
45701,,,50000.000,5102.412,-7612.529,50000.000,0
45751,,,50000.000,5849.470,-10234.705,50000.000,0
45801,,,50000.000,5371.353,-13581.528,50000.000,0
45851,,,50000.000,3107.764,-5311.588,50000.000,0
45901,,,50000.000,3346.823,-2584.823,50000.000,0
45951,,,50000.000,2525.059,-1538.941,50000.000,0
46001,,,50000.000,1113.118,-1053.353,50000.000,0
46051,,,50000.000,1143.000,-1927.412,50000.000,0
46101,,,50000.000,2569.882,-3757.706,50000.000,0
46151,,,50000.000,1210.235,-1792.941,50000.000,1
46201,,,50000.000,1964.765,-2883.647,50000.000,1
46251,,,50000.000,2637.117,-3824.941,50000.000,0
46301,,,50000.000,3892.176,-6364.941,50000.000,0
46351,,,50000.000,3832.412,-5677.646,50000.000,0
46401,,,50000.000,3839.882,-5692.588,50000.000,0
46451,,,50000.000,3533.588,-4512.235,50000.000,0
46501,,,50000.000,2226.235,-2846.294,50000.000,0
46551,,,50000.000,2129.117,-3212.353,50000.000,0
46601,,,50000.000,3421.529,-5035.176,50000.000,0
46651,,,50000.000,2405.529,-3914.588,50000.000,0
46701,,,50000.000,2510.117,-4049.059,50000.000,0
46751,,,50000.000,4639.235,-7463.117,50000.000,0
46801,,,50000.000,2577.353,-2876.176,50000.000,0
46851,,,50000.000,1800.412,-1352.176,50000.000,0
46901,,,50000.000,1016.000,-732.118,50000.000,0
46951,,,50000.000,373.529,-283.882,50000.000,0
47001,,,50000.000,1695.823,-1277.470,50000.000,0
47051,,,50000.000,485.588,-261.471,50000.000,0
47101,,,50000.000,552.823,-37.353,50000.000,0
47151,,,50000.000,567.765,-104.588,50000.000,0
47201,,,50000.000,732.118,-261.471,50000.000,0
47251,,,50000.000,186.765,-59.765,50000.000,0
47301,,,50000.000,2248.647,-821.765,50000.000,0
47351,,,50000.000,657.412,-261.471,50000.000,0
47401,,,50000.000,1255.059,-508.000,50000.000,0
47451,,,50000.000,1150.470,-179.294,50000.000,0
47501,,,50000.000,1292.412,7.471,50000.000,0
47551,,,50000.000,903.941,470.647,50000.000,0
47601,,,50000.000,3585.882,1210.235,50000.000,0
47651,,,50000.000,1524.000,44.824,50000.000,0
47701,,,50000.000,239.059,-89.647,50000.000,0
47751,,,50000.000,2129.117,-1187.823,50000.000,0
47801,,,50000.000,1912.470,-1314.823,50000.000,0
47851,,,50000.000,1763.059,-261.471,50000.000,0
47901,,,50000.000,1934.882,687.294,50000.000,0
47951,,,50000.000,679.823,1098.176,50000.000,0
48001,,,50000.000,112.059,545.353,50000.000,0
48051,,,50000.000,22.412,82.176,50000.000,0
48101,,,50000.000,0.000,0.000,50000.000,0
48151,,,50000.000,-425.823,149.412,50000.000,0
48201,,,50000.000,-2435.412,291.353,50000.000,0
48251,,,50000.000,-2921.000,1083.235,50000.000,0
48301,,,50000.000,-3279.588,859.118,50000.000,0
48351,,,50000.000,-4049.059,-201.706,50000.000,0
48401,,,50000.000,-2988.235,-1314.823,50000.000,0
48451,,,50000.000,-1621.118,-903.941,50000.000,0
48501,,,50000.000,-963.706,-508.000,50000.000,0
48551,,,50000.000,-1344.706,-657.412,50000.000,0
48601,,,50000.000,-918.882,-448.235,50000.000,0
48651,,,50000.000,-1232.647,-627.529,50000.000,0
48701,,,50000.000,-1860.176,-635.000,50000.000,0
48751,,,50000.000,-6731.000,-500.529,50000.000,0
48801,,,50000.000,-4676.588,-104.588,50000.000,0
48851,,,50000.000,-4654.176,-2121.647,50000.000,0
48901,,,50000.000,-5244.353,-4019.176,50000.000,0
48951,,,50000.000,-4826.000,-3376.706,50000.000,0
49001,,,50000.000,-5617.882,-4243.294,50000.000,0
49051,,,50000.000,-3563.470,-3160.059,50000.000,0
49101,,,50000.000,-5132.294,-4661.647,50000.000,0
49151,,,50000.000,-4654.176,-3593.353,50000.000,0
49201,,,50000.000,-2562.412,-2241.176,50000.000,0
49251,,,50000.000,-1471.706,-1636.059,50000.000,0
49301,,,50000.000,-4945.529,-6350.000,50000.000,0
49351,,,50000.000,-2091.765,-2749.176,50000.000,0
49401,,,50000.000,-4273.176,-4818.529,50000.000,0
49451,,,50000.000,-6028.764,-6163.235,50000.000,0
49501,,,50000.000,-2935.941,-2644.588,50000.000,0
49551,,,50000.000,-5842.000,-2248.647,50000.000,0
49601,,,50000.000,-5169.646,-747.059,50000.000,0
49651,,,50000.000,-2622.176,-1270.000,50000.000,0
49701,,,50000.000,-3212.353,-2943.412,50000.000,0
49751,,,50000.000,-4452.470,-4878.294,50000.000,0
49801,,,50000.000,-2921.000,-4684.059,50000.000,0
49851,,,50000.000,-2427.941,-4691.529,50000.000,0
49901,,,50000.000,-485.588,-859.118,50000.000,0
49951,,,50000.000,-246.529,-388.471,50000.000,0
50001,,,50000.000,-44.824,-37.353,50000.000,0
50051,,,50000.000,-336.176,-343.647,50000.000,0
50101,,,50000.000,-993.588,-874.059,50000.000,0
50151,,,50000.000,-1912.470,-231.588,50000.000,0
50201,,,50000.000,-2681.941,97.118,50000.000,0
50251,,,50000.000,-171.824,0.000,50000.000,0
50301,,,50000.000,0.000,0.000,50000.000,0
50351,,,50000.000,-537.882,-1247.588,50000.000,0
50401,,,50000.000,-1397.000,-4355.353,50000.000,0
50451,,,50000.000,-1695.823,-4908.176,50000.000,0
50501,,,50000.000,-1344.706,-4504.764,50000.000,0
50551,,,50000.000,-1270.000,-4078.941,50000.000,0
50601,,,50000.000,-941.294,-2898.588,50000.000,0
50651,,,50000.000,-1613.647,-4938.059,50000.000,0
50701,,,50000.000,-1927.412,-5334.000,50000.000,0
50751,,,50000.000,-1927.412,-5341.470,50000.000,0
50801,,,50000.000,-784.412,-2181.412,50000.000,0
50851,,,50000.000,-313.765,-948.765,50000.000,0
50901,,,50000.000,-403.412,-2061.882,50000.000,0
50951,,,50000.000,-1150.470,-5752.353,50000.000,0
51001,,,50000.000,-1837.765,-9928.411,50000.000,0
51051,,,50000.000,-911.412,-6118.411,50000.000,0
51101,,,50000.000,-97.118,-1367.118,50000.000,0
51151,,,50000.000,209.176,141.941,50000.000,0
51201,,,50000.000,508.000,649.941,50000.000,0
51251,,,50000.000,1591.235,709.706,50000.000,0
51301,,,50000.000,2338.294,-1113.118,50000.000,0
51351,,,50000.000,2233.706,-1710.765,50000.000,0
51401,,,50000.000,1658.470,-814.294,50000.000,0
51451,,,50000.000,1217.706,-67.235,50000.000,0
51501,,,50000.000,1755.588,918.882,50000.000,0
51551,,,50000.000,1979.706,1195.294,50000.000,0
51601,,,50000.000,1464.235,366.059,50000.000,0
51651,,,50000.000,1561.353,-261.471,50000.000,0
51701,,,50000.000,2121.647,-762.000,50000.000,0
51751,,,50000.000,2928.470,-1419.412,50000.000,0
51801,,,50000.000,3481.294,-687.294,50000.000,0
51851,,,50000.000,1090.706,717.176,50000.000,0
51901,,,50000.000,664.882,2046.941,50000.000,0
51951,,,50000.000,268.941,1210.235,50000.000,0
52001,,,50000.000,-231.588,866.588,50000.000,0
52051,,,50000.000,-194.235,754.529,50000.000,0
52101,,,50000.000,-1636.059,679.823,50000.000,0
52151,,,50000.000,-2935.941,1621.118,50000.000,0
52201,,,50000.000,-4071.470,2345.765,50000.000,0
52251,,,50000.000,-3690.470,2188.882,50000.000,0
52301,,,50000.000,-8725.646,2032.000,50000.000,0
52351,,,50000.000,-4512.235,179.294,50000.000,0
52401,,,50000.000,-1934.882,-156.882,50000.000,0
52451,,,50000.000,-1419.412,-508.000,50000.000,0
52501,,,50000.000,-560.294,-291.353,50000.000,0
52551,,,50000.000,-254.000,-134.471,50000.000,0
52601,,,50000.000,-164.353,-104.588,50000.000,0
52651,,,50000.000,-844.176,-799.353,50000.000,0
52701,,,50000.000,-709.706,-679.823,50000.000,0
52751,,,50000.000,-963.706,-1150.470,50000.000,0
52801,,,50000.000,-74.706,-1135.529,50000.000,0
52851,,,50000.000,-97.118,-2980.764,50000.000,0
52901,,,50000.000,-156.882,-4303.059,50000.000,0
52951,,,50000.000,-343.647,-5692.588,50000.000,1
53001,,,50000.000,216.647,-5909.235,50000.000,1
53051,,,50000.000,388.471,-5274.235,50000.000,0
53101,,,50000.000,209.176,-4205.941,50000.000,0
53151,,,50000.000,410.882,-6499.411,50000.000,0
53201,,,50000.000,500.529,-5244.353,50000.000,0
53251,,,50000.000,515.471,-3518.647,50000.000,0
53301,,,50000.000,1240.118,-5274.235,50000.000,0
53351,,,50000.000,1636.059,-9442.823,50000.000,0
53401,,,50000.000,112.059,-3189.941,50000.000,0
53451,,,50000.000,276.412,-2667.000,50000.000,0
53501,,,50000.000,1524.000,-3137.647,50000.000,0
53551,,,50000.000,986.118,-971.176,50000.000,0
53601,,,50000.000,388.471,-463.176,50000.000,0
53651,,,50000.000,889.000,-1329.765,50000.000,0
53701,,,50000.000,1284.941,-112.059,50000.000,0
53751,,,50000.000,971.176,-276.412,50000.000,0
53801,,,50000.000,881.529,-709.706,50000.000,0
53851,,,50000.000,1247.588,-836.706,50000.000,0
53901,,,50000.000,1471.706,-866.588,50000.000,0
53951,,,50000.000,642.471,-328.706,50000.000,0
54001,,,50000.000,463.176,-239.059,50000.000,0
54051,,,50000.000,672.353,-261.471,50000.000,0
54101,,,50000.000,2233.706,-948.765,50000.000,0
54151,,,50000.000,1658.470,-283.882,50000.000,0
54201,,,50000.000,1382.059,-171.824,50000.000,0
54251,,,50000.000,2681.941,-440.765,50000.000,0
54301,,,50000.000,2637.117,-283.882,50000.000,0
54351,,,50000.000,694.765,-7.471,50000.000,0
54401,,,50000.000,1299.882,515.471,50000.000,0
54451,,,50000.000,1344.706,1098.176,50000.000,0
54501,,,50000.000,2039.470,1016.000,50000.000,0
54551,,,50000.000,1785.470,-141.941,50000.000,0
54601,,,50000.000,1337.235,-896.471,50000.000,0
54651,,,50000.000,373.529,-276.412,50000.000,0
54701,,,50000.000,1897.529,-1045.882,50000.000,0
54751,,,50000.000,3160.059,-1449.294,50000.000,0
54801,,,50000.000,3406.588,-1404.470,50000.000,0
54851,,,50000.000,2495.176,276.412,50000.000,0
54901,,,50000.000,1636.059,1658.470,50000.000,0
54951,,,50000.000,552.823,515.471,50000.000,0
55001,,,50000.000,597.647,254.000,50000.000,0
55051,,,50000.000,1367.118,268.941,50000.000,0
55101,,,50000.000,1113.118,-141.941,50000.000,0
55151,,,50000.000,164.353,-52.294,50000.000,0
55201,,,50000.000,134.471,-37.353,50000.000,0
55251,,,50000.000,0.000,582.706,50000.000,0
55301,,,50000.000,-231.588,1718.235,50000.000,0
55351,,,50000.000,-127.000,582.706,50000.000,0
55401,,,50000.000,-1001.059,-440.765,50000.000,0
55451,,,50000.000,-1389.529,-1822.823,50000.000,0
55501,,,50000.000,-1725.706,-2084.294,50000.000,0
55551,,,50000.000,-2114.176,276.412,50000.000,0
55601,,,50000.000,-1725.706,1561.353,50000.000,0
55651,,,50000.000,-2928.470,1344.706,50000.000,0
55701,,,50000.000,-3055.470,-336.176,50000.000,0
55751,,,50000.000,-1128.059,-859.118,50000.000,0
55801,,,50000.000,-747.059,-1225.176,50000.000,0
55851,,,50000.000,-97.118,-1008.529,50000.000,0
55901,,,50000.000,-7.471,-455.706,50000.000,0
55951,,,50000.000,14.941,-627.529,50000.000,0
56001,,,50000.000,104.588,-2203.823,50000.000,0
56051,,,50000.000,119.529,-2599.765,50000.000,0
56101,,,50000.000,-127.000,-3458.882,50000.000,0
56151,,,50000.000,14.941,-1949.823,50000.000,0
56201,,,50000.000,119.529,-470.647,50000.000,0
56251,,,50000.000,635.000,-1284.941,50000.000,0
56301,,,50000.000,388.471,-821.765,50000.000,0
56351,,,50000.000,493.059,-2667.000,50000.000,0
56401,,,50000.000,224.118,-2091.765,50000.000,0
56451,,,50000.000,978.647,-2988.235,50000.000,0
56501,,,50000.000,1240.118,-3122.706,50000.000,0
56551,,,50000.000,1262.529,-2637.117,50000.000,0
56601,,,50000.000,575.235,-2906.059,50000.000,0
56651,,,50000.000,642.471,-3899.647,50000.000,0
56701,,,50000.000,889.000,-2622.176,50000.000,0
56751,,,50000.000,343.647,-2338.294,50000.000,0
56801,,,50000.000,74.706,-2054.412,50000.000,0
56851,,,50000.000,-141.941,-4116.294,50000.000,0
56901,,,50000.000,156.882,-6477.000,50000.000,0
56951,,,50000.000,-171.824,-5729.941,50000.000,0
57001,,,50000.000,-134.471,-2808.941,50000.000,0
57051,,,50000.000,29.882,-717.176,50000.000,0
57101,,,50000.000,29.882,-1113.118,50000.000,0
57151,,,50000.000,171.824,-2935.941,50000.000,0
57201,,,50000.000,351.118,-3653.117,50000.000,0
57251,,,50000.000,283.882,-2136.588,50000.000,0
57301,,,50000.000,14.941,-1658.470,50000.000,0
57351,,,50000.000,-22.412,-1060.823,50000.000,0
57401,,,50000.000,14.941,-582.706,50000.000,0
57451,,,50000.000,44.824,-373.529,50000.000,0
57501,,,50000.000,127.000,-694.765,50000.000,0
57551,,,50000.000,470.647,-1262.529,50000.000,0
57601,,,50000.000,821.765,-814.294,50000.000,0
57651,,,50000.000,821.765,-1860.176,50000.000,0
57701,,,50000.000,216.647,-926.353,50000.000,0
57751,,,50000.000,530.412,-918.882,50000.000,0
57801,,,50000.000,455.706,-1075.765,50000.000,0
57851,,,50000.000,164.353,-1651.000,50000.000,0
57901,,,50000.000,336.176,-2084.294,50000.000,1
57951,,,50000.000,597.647,-2114.176,50000.000,1
58001,,,50000.000,343.647,-1060.823,50000.000,0
58051,,,50000.000,366.059,-2584.823,50000.000,0
58101,,,50000.000,732.118,-2644.588,50000.000,0
58151,,,50000.000,679.823,-1621.118,50000.000,0
58201,,,50000.000,537.882,-978.647,50000.000,0
58251,,,50000.000,874.059,-14.941,50000.000,0
58301,,,50000.000,821.765,-239.059,50000.000,0
58351,,,50000.000,171.824,-112.059,50000.000,0
58401,,,50000.000,1322.294,-1591.235,50000.000,0
58451,,,50000.000,672.353,-986.118,50000.000,0
58501,,,50000.000,261.471,-67.235,50000.000,0
58551,,,50000.000,276.412,-74.706,50000.000,0
58601,,,50000.000,179.294,-82.176,50000.000,0
58651,,,50000.000,52.294,-29.882,50000.000,0
58701,,,50000.000,1374.588,-306.294,50000.000,0
58751,,,50000.000,508.000,-97.118,50000.000,0
58801,,,50000.000,0.000,-7.471,50000.000,0
58851,,,50000.000,1150.470,-321.235,50000.000,0
58901,,,50000.000,605.118,-97.118,50000.000,0
58951,,,50000.000,336.176,0.000,50000.000,0
59001,,,50000.000,1120.588,-52.294,50000.000,0
59051,,,50000.000,104.588,-7.471,50000.000,0
59101,,,50000.000,1651.000,-141.941,50000.000,0
59151,,,50000.000,500.529,-44.824,50000.000,0
59201,,,50000.000,381.000,-14.941,50000.000,0
59251,,,50000.000,149.412,-14.941,50000.000,0
59301,,,50000.000,351.118,-29.882,50000.000,0
59351,,,50000.000,1120.588,-179.294,50000.000,0
59401,,,50000.000,1815.353,-395.941,50000.000,0
59451,,,50000.000,291.353,7.471,50000.000,0
59501,,,50000.000,2002.118,231.588,50000.000,0
59551,,,50000.000,1247.588,44.824,50000.000,0
59601,,,50000.000,791.882,283.882,50000.000,0
59651,,,50000.000,1284.941,1673.412,50000.000,0
59701,,,50000.000,896.471,1822.823,50000.000,0
59751,,,50000.000,851.647,1987.176,50000.000,0
59801,,,50000.000,799.353,1651.000,50000.000,0
59851,,,50000.000,67.235,149.412,50000.000,0
59901,,,50000.000,37.353,-388.471,50000.000,0
59951,,,50000.000,97.118,-1591.235,50000.000,0
