timestamp[ms],left_dx[um],left_dy[um],left_dt[us],right_dx[um],right_dy[um],right_dt[us],waterPin
0,0.000,0.000,50153.000,0.000,0.000,50153.000,0
51,0.000,14.941,50000.000,0.000,29.882,50000.000,0
101,0.000,-82.176,50000.000,7.471,0.000,50000.000,0
151,7.471,7.471,50000.000,-7.471,22.412,50000.000,0
201,-14.941,-52.294,50000.000,0.000,0.000,50000.000,0
251,7.471,-37.353,50000.000,7.471,7.471,50000.000,0
301,14.941,89.647,50000.000,44.824,-44.824,50000.000,0
351,0.000,0.000,50000.000,7.471,-44.824,50000.000,0
401,0.000,0.000,50000.000,0.000,0.000,50000.000,0
451,0.000,-22.412,50000.000,7.471,0.000,50000.000,0
501,0.000,0.000,50000.000,0.000,0.000,50000.000,0
551,0.000,0.000,50000.000,0.000,0.000,50000.000,0
601,5737.411,7.471,50000.000,-14.941,-44.824,50000.000,0
651,-7.471,7.471,50000.000,0.000,-7.471,50000.000,0
701,0.000,1673.412,50000.000,0.000,-7.471,50000.000,0
751,0.000,0.000,50000.000,0.000,7.471,50000.000,0
801,0.000,0.000,50000.000,7.471,0.000,50000.000,0
851,-7.471,0.000,50000.000,-7.471,7.471,50000.000,0
901,-7.471,0.000,50000.000,0.000,0.000,50000.000,0
951,0.000,-7.471,50000.000,0.000,0.000,50000.000,0
1001,0.000,0.000,50000.000,-7.471,-22.412,50000.000,0
1051,0.000,0.000,50000.000,0.000,7.471,50000.000,0
1101,7.471,0.000,50000.000,0.000,0.000,50000.000,0
1151,0.000,29.882,50000.000,7.471,-14.941,50000.000,0
1201,0.000,0.000,50000.000,0.000,-29.882,50000.000,0
1251,0.000,0.000,50000.000,0.000,0.000,50000.000,0
1301,-5744.882,-7.471,50000.000,0.000,-1800.412,50000.000,0
1351,0.000,-7.471,50000.000,0.000,-7.471,50000.000,0
1401,7.471,14.941,50000.000,7.471,0.000,50000.000,0
1451,0.000,0.000,50000.000,7.471,7.471,50000.000,0
1501,0.000,-22.412,50000.000,0.000,7.471,50000.000,0
1551,7.471,-7.471,50000.000,0.000,7.471,50000.000,0
1601,7.471,0.000,50000.000,29.882,14.941,50000.000,0
1651,0.000,-14.941,50000.000,44.824,0.000,50000.000,0
1701,0.000,-7.471,50000.000,0.000,0.000,50000.000,0
1751,7.471,0.000,50000.000,0.000,0.000,50000.000,0
1801,14.941,7.471,50000.000,0.000,-14.941,50000.000,0
1851,0.000,14.941,50000.000,7.471,-29.882,50000.000,0
1901,0.000,0.000,50000.000,14.941,-14.941,50000.000,0
1951,0.000,-7.471,50000.000,22.412,-29.882,50000.000,0
2001,0.000,0.000,50000.000,0.000,-7.471,50000.000,0
2051,-14.941,-7.471,50000.000,-29.882,-7.471,50000.000,0
2101,0.000,-7.471,50000.000,7.471,0.000,50000.000,0
2151,0.000,7.471,50000.000,0.000,22.412,50000.000,0
2201,-7.471,82.176,50000.000,-22.412,29.882,50000.000,0
2251,-29.882,-22.412,50000.000,0.000,0.000,50000.000,0
2301,0.000,-22.412,50000.000,7.471,7.471,50000.000,0
2351,0.000,22.412,50000.000,7.471,14.941,50000.000,0
2401,-7.471,14.941,50000.000,-7.471,-22.412,50000.000,0
2451,0.000,0.000,50000.000,0.000,-7.471,50000.000,0
2501,0.000,-7.471,50000.000,0.000,0.000,50000.000,0
2551,7.471,14.941,50000.000,0.000,14.941,50000.000,0
2601,0.000,14.941,50000.000,-7.471,-37.353,50000.000,0
2651,0.000,-14.941,50000.000,0.000,0.000,50000.000,0
2701,0.000,-7.471,50000.000,0.000,22.412,50000.000,0
2751,0.000,29.882,50000.000,0.000,0.000,50000.000,0
2801,0.000,0.000,50000.000,-7.471,-7.471,50000.000,0
2851,-7.471,-14.941,50000.000,0.000,-7.471,50000.000,0
2901,0.000,-7.471,50000.000,14.941,22.412,50000.000,0
2951,0.000,14.941,50000.000,-7.471,-1441.823,50000.000,0
3001,-14.941,-7.471,50000.000,-22.412,1688.353,50000.000,0
3051,0.000,1680.882,50000.000,-7.471,14.941,50000.000,0
3101,7.471,7.471,50000.000,52.294,14.941,50000.000,0
3151,0.000,14.941,50000.000,14.941,0.000,50000.000,0
3201,0.000,0.000,50000.000,7.471,0.000,50000.000,0
3251,0.000,0.000,50000.000,0.000,-7.471,50000.000,0
3301,0.000,0.000,50000.000,14.941,22.412,50000.000,0
3351,-7.471,22.412,50000.000,0.000,29.882,50000.000,0
3401,0.000,0.000,50000.000,0.000,0.000,50000.000,0
3451,0.000,0.000,50000.000,0.000,0.000,50000.000,0
3501,0.000,-7.471,50000.000,-7.471,-7.471,50000.000,0
3551,5737.411,1680.882,50000.000,0.000,7.471,50000.000,0
3601,-7.471,7.471,50000.000,5737.411,22.412,50000.000,0
3651,0.000,0.000,50000.000,-5744.882,14.941,50000.000,0
3701,0.000,-7.471,50000.000,0.000,14.941,50000.000,0
3751,0.000,1673.412,50000.000,22.412,0.000,50000.000,0
3801,1912.470,22.412,50000.000,29.882,22.412,50000.000,0
3851,-22.412,22.412,50000.000,7.471,14.941,50000.000,0
3901,-7.471,-7.471,50000.000,7.471,0.000,50000.000,0
3951,-7.471,-29.882,50000.000,0.000,-7.471,50000.000,0
4001,0.000,7.471,50000.000,0.000,0.000,50000.000,0
4051,-22.412,0.000,50000.000,0.000,-29.882,50000.000,0
4101,0.000,-14.941,50000.000,0.000,-7.471,50000.000,0
4151,14.941,22.412,50000.000,0.000,0.000,50000.000,0
4201,-7.471,14.941,50000.000,-22.412,-59.765,50000.000,0
4251,7.471,-7.471,50000.000,0.000,7.471,50000.000,0
4301,0.000,-7.471,50000.000,7.471,22.412,50000.000,0
4351,0.000,-7.471,50000.000,0.000,-59.765,50000.000,0
4401,0.000,-22.412,50000.000,0.000,0.000,50000.000,0
4451,22.412,-59.765,50000.000,14.941,14.941,50000.000,0
4501,7.471,14.941,50000.000,-14.941,-14.941,50000.000,0
4551,0.000,-7.471,50000.000,0.000,0.000,50000.000,0
4601,14.941,-52.294,50000.000,14.941,14.941,50000.000,0
4651,22.412,-44.824,50000.000,0.000,-29.882,50000.000,0
4701,22.412,-22.412,50000.000,14.941,7.471,50000.000,0
4751,-14.941,7.471,50000.000,59.765,37.353,50000.000,0
4801,-7.471,-29.882,50000.000,29.882,59.765,50000.000,0
4851,0.000,22.412,50000.000,0.000,44.824,50000.000,0
4901,7.471,14.941,50000.000,-29.882,104.588,50000.000,0
4951,-52.294,-104.588,50000.000,-59.765,37.353,50000.000,0
5001,14.941,7.471,50000.000,0.000,37.353,50000.000,0
5051,0.000,-37.353,50000.000,-7.471,0.000,50000.000,0
5101,0.000,29.882,50000.000,0.000,14.941,50000.000,0
5151,-7.471,7.471,50000.000,-14.941,-59.765,50000.000,0
5201,0.000,0.000,50000.000,0.000,7.471,50000.000,0
5251,-7.471,0.000,50000.000,0.000,7.471,50000.000,0
5301,-22.412,14.941,50000.000,-14.941,-37.353,50000.000,0
5351,-14.941,14.941,50000.000,0.000,14.941,50000.000,0
5401,0.000,-7.471,50000.000,0.000,14.941,50000.000,0
5451,0.000,22.412,50000.000,0.000,0.000,50000.000,0
5501,-37.353,29.882,50000.000,-44.824,-74.706,50000.000,0
5551,0.000,-14.941,50000.000,7.471,-14.941,50000.000,0
5601,7.471,-7.471,50000.000,7.471,0.000,50000.000,0
5651,-14.941,0.000,50000.000,29.882,29.882,50000.000,0
5701,44.824,7.471,50000.000,52.294,37.353,50000.000,0
5751,-37.353,0.000,50000.000,14.941,37.353,50000.000,0
5801,-7.471,-74.706,50000.000,-14.941,-119.529,50000.000,0
5851,14.941,67.235,50000.000,-67.235,-358.588,50000.000,0
5901,-74.706,82.176,50000.000,-67.235,-433.294,50000.000,0
5951,-119.529,171.824,50000.000,-89.647,-179.294,50000.000,0
6001,-44.824,0.000,50000.000,-7.471,-89.647,50000.000,0
6051,74.706,29.882,50000.000,22.412,52.294,50000.000,0
6101,141.941,-254.000,50000.000,67.235,89.647,50000.000,0
6151,171.824,-112.059,50000.000,44.824,22.412,50000.000,0
6201,-74.706,82.176,50000.000,89.647,522.941,50000.000,0
6251,-104.588,74.706,50000.000,0.000,224.118,50000.000,0
6301,44.824,37.353,50000.000,-74.706,-388.471,50000.000,0
6351,-59.765,171.824,50000.000,-89.647,-425.823,50000.000,0
6401,-343.647,575.235,50000.000,-186.765,-59.765,50000.000,0
6451,-343.647,351.118,50000.000,-179.294,-254.000,50000.000,0
6501,-59.765,179.294,50000.000,-104.588,-89.647,50000.000,0
6551,-313.765,560.294,50000.000,-134.471,605.118,50000.000,0
6601,-791.882,321.235,50000.000,-590.176,694.765,50000.000,0
6651,-709.706,-239.059,50000.000,-776.941,582.706,50000.000,0
6701,-530.412,-1449.294,50000.000,-762.000,0.000,50000.000,0
6751,-351.118,-1135.529,50000.000,-851.647,791.882,50000.000,0
6801,-22.412,-560.294,50000.000,44.824,784.412,50000.000,0
6851,268.941,-336.176,50000.000,82.176,395.941,50000.000,0
6901,0.000,-149.412,50000.000,134.471,582.706,50000.000,0
6951,-373.529,-97.118,50000.000,-67.235,1105.647,50000.000,0
7001,74.706,-254.000,50000.000,-67.235,171.824,50000.000,0
7051,89.647,-37.353,50000.000,-7.471,276.412,50000.000,0
7101,-545.353,493.059,50000.000,-254.000,1217.706,50000.000,0
7151,-1890.059,82.176,50000.000,-1307.353,1479.176,50000.000,0
7201,-2345.765,-1382.059,50000.000,-2525.059,1561.353,50000.000,0
7251,-3018.117,-1912.470,50000.000,-3346.823,2009.588,50000.000,0
7301,-3623.235,-1748.118,50000.000,-3839.882,2121.647,50000.000,0
7351,-4041.588,-1187.823,50000.000,-4138.706,1979.706,50000.000,0
7401,-4064.000,-1210.235,50000.000,-4803.588,635.000,50000.000,0
7451,-4228.353,-978.647,50000.000,-5416.176,52.294,50000.000,0
7501,-4893.235,-687.294,50000.000,-6013.823,-67.235,50000.000,0
7551,-5490.882,-433.294,50000.000,-6559.176,-97.118,50000.000,0
7601,-6290.235,-493.059,50000.000,-6910.293,-298.824,50000.000,0
7651,-6006.353,-306.294,50000.000,-6947.646,-1247.588,50000.000,0
7701,-6491.941,-410.882,50000.000,-7537.823,-1426.882,50000.000,0
7751,-6880.411,-410.882,50000.000,-7754.470,-388.471,50000.000,0
7801,-7014.882,-336.176,50000.000,-7844.117,-246.529,50000.000,0
7851,-6813.176,-321.235,50000.000,-7679.764,-201.706,50000.000,0
7901,-6529.293,-388.471,50000.000,-7410.823,-37.353,50000.000,0
7951,-6350.000,-231.588,50000.000,-6970.059,-97.118,50000.000,0
8001,-5729.941,-254.000,50000.000,-6387.353,22.412,50000.000,0
8051,-5221.941,-134.471,50000.000,-5744.882,-224.118,50000.000,0
8101,-4116.294,14.941,50000.000,-4751.294,-649.941,50000.000,0
8151,-3339.353,-141.941,50000.000,-3750.235,-164.353,50000.000,0
8201,-2398.059,-298.824,50000.000,-2510.117,283.882,50000.000,0
8251,-1636.059,-769.471,50000.000,-1972.235,201.706,50000.000,0
8301,-590.176,-216.647,50000.000,-829.235,-67.235,50000.000,0
8351,141.941,343.647,50000.000,343.647,22.412,50000.000,0
8401,366.059,395.941,50000.000,455.706,7.471,50000.000,0
8451,283.882,298.824,50000.000,440.765,209.176,50000.000,0
8501,156.882,-67.235,50000.000,104.588,-37.353,50000.000,0
8551,201.706,298.824,50000.000,224.118,-119.529,50000.000,0
8601,508.000,627.529,50000.000,791.882,-52.294,50000.000,0
8651,433.294,358.588,50000.000,620.059,-37.353,50000.000,0
8701,171.824,-22.412,50000.000,134.471,-112.059,50000.000,0
8751,37.353,-14.941,50000.000,29.882,-14.941,50000.000,0
8801,0.000,0.000,50000.000,0.000,0.000,50000.000,0
8851,7.471,0.000,50000.000,0.000,0.000,50000.000,0
8901,14.941,7.471,50000.000,14.941,-7.471,50000.000,0
8951,29.882,82.176,50000.000,52.294,0.000,50000.000,0
9001,67.235,74.706,50000.000,89.647,-7.471,50000.000,0
9051,59.765,82.176,50000.000,97.118,0.000,50000.000,0
9101,156.882,291.353,50000.000,224.118,52.294,50000.000,0
9151,463.176,717.176,50000.000,739.588,74.706,50000.000,0
9201,754.529,911.412,50000.000,1105.647,-7.471,50000.000,0
9251,709.706,649.941,50000.000,1001.059,-44.824,50000.000,0
9301,590.176,268.941,50000.000,687.294,-37.353,50000.000,0
9351,254.000,14.941,50000.000,321.235,7.471,50000.000,0
9401,112.059,-74.706,50000.000,112.059,-14.941,50000.000,0
9451,22.412,-7.471,50000.000,22.412,-14.941,50000.000,0
9501,29.882,14.941,50000.000,22.412,-29.882,50000.000,0
9551,67.235,29.882,50000.000,97.118,-14.941,50000.000,0
9601,89.647,37.353,50000.000,97.118,-14.941,50000.000,0
9651,37.353,14.941,50000.000,44.824,-22.412,50000.000,0
9701,29.882,7.471,50000.000,29.882,-14.941,50000.000,0
9751,22.412,29.882,50000.000,22.412,-7.471,50000.000,0
9801,22.412,0.000,50000.000,7.471,-7.471,50000.000,0
9851,0.000,0.000,50000.000,0.000,0.000,50000.000,0
9901,0.000,0.000,50000.000,0.000,0.000,50000.000,0
9951,0.000,0.000,50000.000,7.471,0.000,50000.000,0
10001,14.941,0.000,50000.000,0.000,-7.471,50000.000,0
10051,14.941,-7.471,50000.000,14.941,-14.941,50000.000,0
10101,22.412,0.000,50000.000,29.882,-14.941,50000.000,0
10151,7.471,0.000,50000.000,0.000,0.000,50000.000,0
10201,0.000,0.000,50000.000,0.000,0.000,50000.000,0
10251,0.000,0.000,50000.000,0.000,-1441.823,50000.000,0
10301,0.000,0.000,50000.000,0.000,-7.471,50000.000,0
10351,0.000,0.000,50000.000,0.000,0.000,50000.000,0
10401,7.471,0.000,50000.000,0.000,0.000,50000.000,0
10451,7.471,0.000,50000.000,0.000,0.000,50000.000,0
10501,0.000,22.412,50000.000,0.000,0.000,50000.000,0
10551,7.471,7.471,50000.000,0.000,-22.412,50000.000,0
10601,0.000,0.000,50000.000,7.471,-7.471,50000.000,0
10651,0.000,0.000,50000.000,0.000,0.000,50000.000,0
10701,7.471,0.000,50000.000,-7.471,-7.471,50000.000,0
10751,7.471,0.000,50000.000,22.412,7.471,50000.000,0
10801,22.412,14.941,50000.000,14.941,-14.941,50000.000,0
10851,0.000,0.000,50000.000,0.000,0.000,50000.000,0
10901,0.000,0.000,50000.000,0.000,0.000,50000.000,0
10951,0.000,0.000,50000.000,0.000,0.000,50000.000,0
11001,7.471,0.000,50000.000,0.000,0.000,50000.000,0
11051,0.000,7.471,50000.000,0.000,0.000,50000.000,0
11101,0.000,7.471,50000.000,0.000,0.000,50000.000,0
11151,0.000,0.000,50000.000,0.000,0.000,50000.000,0
11201,0.000,0.000,50000.000,0.000,0.000,50000.000,0
11251,14.941,0.000,50000.000,22.412,0.000,50000.000,0
11301,37.353,59.765,50000.000,52.294,22.412,50000.000,0
11351,7.471,22.412,50000.000,29.882,-7.471,50000.000,0
11401,0.000,-7.471,50000.000,0.000,-7.471,50000.000,0
11451,-22.412,-14.941,50000.000,-7.471,-7.471,50000.000,0
11501,22.412,14.941,50000.000,22.412,0.000,50000.000,0
11551,67.235,82.176,50000.000,74.706,29.882,50000.000,0
11601,37.353,37.353,50000.000,59.765,-22.412,50000.000,0
11651,14.941,14.941,50000.000,22.412,-7.471,50000.000,0
11701,29.882,52.294,50000.000,37.353,7.471,50000.000,0
11751,104.588,119.529,50000.000,156.882,14.941,50000.000,0
11801,112.059,119.529,50000.000,171.824,-7.471,50000.000,0
11851,37.353,7.471,50000.000,44.824,-22.412,50000.000,0
11901,7.471,-7.471,50000.000,7.471,0.000,50000.000,0
11951,37.353,52.294,50000.000,59.765,22.412,50000.000,0
12001,22.412,-22.412,50000.000,44.824,14.941,50000.000,0
12051,-52.294,-201.706,50000.000,-97.118,22.412,50000.000,0
12101,-37.353,-44.824,50000.000,-97.118,14.941,50000.000,0
12151,44.824,22.412,50000.000,89.647,14.941,50000.000,0
12201,0.000,0.000,50000.000,29.882,14.941,50000.000,0
12251,7.471,29.882,50000.000,-14.941,-7.471,50000.000,0
12301,89.647,82.176,50000.000,119.529,-7.471,50000.000,0
12351,37.353,22.412,50000.000,74.706,0.000,50000.000,0
12401,-14.941,-7.471,50000.000,-74.706,-14.941,50000.000,0
12451,37.353,52.294,50000.000,37.353,0.000,50000.000,0
12501,74.706,74.706,50000.000,127.000,0.000,50000.000,0
12551,0.000,0.000,50000.000,0.000,14.941,50000.000,0
12601,-14.941,0.000,50000.000,-29.882,-7.471,50000.000,0
12651,22.412,14.941,50000.000,29.882,0.000,50000.000,0
12701,44.824,67.235,50000.000,52.294,0.000,50000.000,0
12751,52.294,82.176,50000.000,89.647,0.000,50000.000,0
12801,14.941,29.882,50000.000,44.824,0.000,50000.000,0
12851,0.000,0.000,50000.000,0.000,0.000,50000.000,0
12901,7.471,14.941,50000.000,14.941,-22.412,50000.000,0
12951,0.000,0.000,50000.000,74.706,-7.471,50000.000,0
13001,37.353,37.353,50000.000,52.294,0.000,50000.000,0
13051,29.882,52.294,50000.000,37.353,-14.941,50000.000,0
13101,7.471,0.000,50000.000,29.882,-7.471,50000.000,0
13151,0.000,0.000,50000.000,0.000,0.000,50000.000,0
13201,14.941,7.471,50000.000,22.412,-14.941,50000.000,0
13251,29.882,37.353,50000.000,52.294,-7.471,50000.000,0
13301,29.882,44.824,50000.000,44.824,7.471,50000.000,0
13351,0.000,0.000,50000.000,0.000,-7.471,50000.000,0
13401,0.000,-7.471,50000.000,0.000,0.000,50000.000,0
13451,0.000,-14.941,50000.000,0.000,-7.471,50000.000,0
13501,7.471,14.941,50000.000,22.412,0.000,50000.000,0
13551,52.294,74.706,50000.000,59.765,22.412,50000.000,0
13601,22.412,0.000,50000.000,44.824,-7.471,50000.000,0
13651,-29.882,-44.824,50000.000,-44.824,-14.941,50000.000,0
13701,-14.941,-14.941,50000.000,-14.941,0.000,50000.000,0
13751,0.000,-7.471,50000.000,0.000,0.000,50000.000,0
13801,7.471,7.471,50000.000,0.000,0.000,50000.000,0
13851,22.412,44.824,50000.000,37.353,14.941,50000.000,0
13901,0.000,0.000,50000.000,29.882,-14.941,50000.000,0
13951,-14.941,-22.412,50000.000,-7.471,0.000,50000.000,0
14001,0.000,-7.471,50000.000,0.000,0.000,50000.000,0
14051,7.471,7.471,50000.000,29.882,-14.941,50000.000,0
14101,14.941,7.471,50000.000,29.882,7.471,50000.000,0
14151,7.471,7.471,50000.000,7.471,0.000,50000.000,0
14201,0.000,0.000,50000.000,0.000,0.000,50000.000,0
14251,0.000,0.000,50000.000,0.000,0.000,50000.000,0
14301,-7.471,-7.471,50000.000,7.471,0.000,50000.000,0
14351,7.471,0.000,50000.000,52.294,-22.412,50000.000,0
14401,29.882,29.882,50000.000,7.471,0.000,50000.000,0
14451,29.882,29.882,50000.000,22.412,-7.471,50000.000,0
14501,7.471,-22.412,50000.000,0.000,-7.471,50000.000,0
14551,-22.412,-29.882,50000.000,-22.412,-7.471,50000.000,0
14601,7.471,7.471,50000.000,7.471,-14.941,50000.000,0
14651,44.824,29.882,50000.000,44.824,-7.471,50000.000,0
14701,14.941,29.882,50000.000,0.000,0.000,50000.000,0
14751,7.471,0.000,50000.000,7.471,-7.471,50000.000,0
14801,0.000,0.000,50000.000,-7.471,0.000,50000.000,0
14851,0.000,0.000,50000.000,-7.471,-14.941,50000.000,0
14901,7.471,22.412,50000.000,22.412,7.471,50000.000,0
14951,22.412,44.824,50000.000,52.294,7.471,50000.000,0
15001,7.471,0.000,50000.000,7.471,0.000,50000.000,0
15051,0.000,-14.941,50000.000,0.000,0.000,50000.000,0
15101,0.000,0.000,50000.000,0.000,-7.471,50000.000,0
15151,7.471,0.000,50000.000,29.882,7.471,50000.000,0
15201,22.412,29.882,50000.000,29.882,7.471,50000.000,0
15251,22.412,14.941,50000.000,29.882,-7.471,50000.000,0
15301,-7.471,-7.471,50000.000,-14.941,-7.471,50000.000,0
15351,-7.471,-14.941,50000.000,-7.471,-14.941,50000.000,0
15401,0.000,7.471,50000.000,14.941,0.000,50000.000,0
15451,7.471,7.471,50000.000,0.000,0.000,50000.000,0
15501,22.412,14.941,50000.000,7.471,0.000,50000.000,0
15551,14.941,0.000,50000.000,7.471,0.000,50000.000,0
15601,-7.471,0.000,50000.000,-7.471,1673.412,50000.000,0
15651,0.000,0.000,50000.000,-7.471,0.000,50000.000,0
15701,37.353,14.941,50000.000,22.412,0.000,50000.000,0
15751,14.941,37.353,50000.000,44.824,14.941,50000.000,0
15801,22.412,22.412,50000.000,37.353,-7.471,50000.000,0
15851,-7.471,-22.412,50000.000,-7.471,0.000,50000.000,0
15901,-7.471,-14.941,50000.000,-14.941,-14.941,50000.000,0
15951,22.412,14.941,50000.000,44.824,0.000,50000.000,0
16001,67.235,52.294,50000.000,67.235,14.941,50000.000,0
16051,29.882,29.882,50000.000,37.353,14.941,50000.000,0
16101,-7.471,-14.941,50000.000,-22.412,0.000,50000.000,0
16151,-14.941,-29.882,50000.000,-22.412,-7.471,50000.000,0
16201,0.000,0.000,50000.000,29.882,-7.471,50000.000,0
16251,59.765,37.353,50000.000,59.765,0.000,50000.000,0
16301,52.294,67.235,50000.000,52.294,7.471,50000.000,0
16351,37.353,14.941,50000.000,29.882,7.471,50000.000,0
16401,0.000,-14.941,50000.000,-14.941,7.471,50000.000,0
16451,-22.412,-44.824,50000.000,-14.941,-7.471,50000.000,0
16501,7.471,0.000,50000.000,7.471,0.000,50000.000,0
16551,22.412,37.353,50000.000,29.882,0.000,50000.000,0
16601,44.824,37.353,50000.000,52.294,0.000,50000.000,0
16651,14.941,-7.471,50000.000,22.412,-7.471,50000.000,0
16701,0.000,-22.412,50000.000,0.000,-7.471,50000.000,0
16751,7.471,14.941,50000.000,14.941,0.000,50000.000,0
16801,67.235,89.647,50000.000,82.176,7.471,50000.000,0
16851,59.765,67.235,50000.000,82.176,22.412,50000.000,0
16901,0.000,-7.471,50000.000,0.000,0.000,50000.000,0
16951,-22.412,-29.882,50000.000,-29.882,7.471,50000.000,0
17001,14.941,22.412,50000.000,14.941,7.471,50000.000,0
17051,14.941,0.000,50000.000,22.412,1680.882,50000.000,0
17101,0.000,0.000,50000.000,0.000,7.471,50000.000,0
17151,29.882,37.353,50000.000,0.000,0.000,50000.000,0
17201,44.824,29.882,50000.000,44.824,-7.471,50000.000,0
17251,7.471,-22.412,50000.000,-14.941,-7.471,50000.000,0
17301,0.000,-7.471,50000.000,-7.471,-14.941,50000.000,0
17351,59.765,67.235,50000.000,59.765,0.000,50000.000,0
17401,44.824,37.353,50000.000,89.647,0.000,50000.000,0
17451,0.000,-7.471,50000.000,-7.471,0.000,50000.000,0
17501,0.000,-22.412,50000.000,-67.235,22.412,50000.000,0
17551,0.000,-22.412,50000.000,-22.412,22.412,50000.000,0
17601,-7.471,-37.353,50000.000,-7.471,0.000,50000.000,0
17651,-22.412,-29.882,50000.000,-22.412,7.471,50000.000,0
17701,0.000,0.000,50000.000,14.941,0.000,50000.000,0
17751,7.471,0.000,50000.000,29.882,0.000,50000.000,0
17801,0.000,-14.941,50000.000,0.000,0.000,50000.000,0
17851,0.000,1680.882,50000.000,0.000,0.000,50000.000,0
17901,0.000,7.471,50000.000,0.000,0.000,50000.000,0
17951,14.941,0.000,50000.000,0.000,0.000,50000.000,0
18001,7.471,0.000,50000.000,0.000,0.000,50000.000,0
18051,0.000,-7.471,50000.000,0.000,-7.471,50000.000,0
18101,37.353,0.000,50000.000,37.353,-29.882,50000.000,0
18151,59.765,29.882,50000.000,52.294,7.471,50000.000,0
18201,22.412,37.353,50000.000,22.412,22.412,50000.000,0
18251,0.000,0.000,50000.000,29.882,0.000,50000.000,0
18301,0.000,-7.471,50000.000,-7.471,-7.471,50000.000,0
18351,-22.412,-7.471,50000.000,-29.882,0.000,50000.000,0
18401,0.000,7.471,50000.000,14.941,0.000,50000.000,0
18451,22.412,29.882,50000.000,44.824,0.000,50000.000,0
18501,7.471,29.882,50000.000,14.941,0.000,50000.000,0
18551,14.941,14.941,50000.000,29.882,0.000,50000.000,0
18601,0.000,-7.471,50000.000,0.000,0.000,50000.000,0
18651,-22.412,-22.412,50000.000,-14.941,-14.941,50000.000,0
18701,22.412,37.353,50000.000,22.412,0.000,50000.000,0
18751,52.294,52.294,50000.000,97.118,22.412,50000.000,0
18801,0.000,0.000,50000.000,7.471,0.000,50000.000,0
18851,-14.941,-29.882,50000.000,-14.941,0.000,50000.000,0
18901,0.000,-7.471,50000.000,0.000,0.000,50000.000,0
18951,22.412,29.882,50000.000,44.824,0.000,50000.000,0
19001,22.412,22.412,50000.000,52.294,7.471,50000.000,0
19051,0.000,0.000,50000.000,7.471,0.000,50000.000,0
19101,-7.471,-22.412,50000.000,-14.941,-14.941,50000.000,0
19151,-7.471,-14.941,50000.000,-14.941,0.000,50000.000,0
19201,29.882,44.824,50000.000,44.824,0.000,50000.000,0
19251,37.353,29.882,50000.000,52.294,7.471,50000.000,0
19301,0.000,0.000,50000.000,-22.412,-7.471,50000.000,0
19351,-29.882,-22.412,50000.000,-37.353,-14.941,50000.000,0
19401,0.000,-7.471,50000.000,0.000,0.000,50000.000,0
19451,7.471,14.941,50000.000,14.941,0.000,50000.000,0
19501,0.000,0.000,50000.000,7.471,0.000,50000.000,0
19551,7.471,-7.471,50000.000,0.000,0.000,50000.000,0
19601,37.353,59.765,50000.000,22.412,0.000,50000.000,0
19651,44.824,29.882,50000.000,44.824,0.000,50000.000,0
19701,0.000,0.000,50000.000,0.000,0.000,50000.000,0
19751,-14.941,-7.471,50000.000,-22.412,-14.941,50002.000,0
19801,0.000,1695.823,50000.000,0.000,0.000,50000.000,0
19851,22.412,22.412,50000.000,14.941,-7.471,50000.000,0
19901,29.882,52.294,50000.000,22.412,0.000,50000.000,0
19951,0.000,0.000,50000.000,0.000,-7.471,50000.000,0
20001,-7.471,-14.941,50000.000,-22.412,-7.471,50000.000,0
20051,-7.471,-14.941,50000.000,-7.471,0.000,50000.000,0
20101,0.000,0.000,50000.000,-7.471,-7.471,50000.000,0
20151,0.000,7.471,50000.000,0.000,0.000,50000.000,0
20201,29.882,37.353,50000.000,7.471,0.000,50000.000,0
20251,14.941,22.412,50000.000,7.471,-7.471,50000.000,0
20301,0.000,0.000,50000.000,14.941,-7.471,50000.000,0
20351,0.000,-7.471,50000.000,-22.412,-7.471,50000.000,0
20401,0.000,0.000,50000.000,0.000,-7.471,50000.000,0
20451,14.941,7.471,50000.000,7.471,0.000,50000.000,0
20501,52.294,44.824,50000.000,59.765,14.941,50000.000,0
20551,0.000,0.000,50000.000,14.941,0.000,50000.000,0
20601,-14.941,-22.412,50000.000,-29.882,0.000,50000.000,0
20651,-7.471,-22.412,50000.000,-22.412,0.000,50000.000,0
20701,14.941,14.941,50000.000,37.353,7.471,50000.000,0
20751,14.941,22.412,50000.000,37.353,0.000,50000.000,0
20801,37.353,44.824,50000.000,52.294,0.000,50000.000,0
20851,7.471,-7.471,50000.000,7.471,-7.471,50000.000,0
20901,-7.471,-22.412,50000.000,-52.294,0.000,50000.000,0
20951,0.000,0.000,50000.000,0.000,0.000,50000.000,0
21001,37.353,29.882,50000.000,52.294,0.000,50000.000,0
21051,29.882,37.353,50000.000,37.353,0.000,50000.000,0
21101,7.471,7.471,50000.000,37.353,-7.471,50000.000,0
21151,0.000,-7.471,50000.000,0.000,-7.471,50000.000,0
21201,0.000,-14.941,50000.000,-29.882,-7.471,50000.000,0
21251,0.000,0.000,50000.000,14.941,-7.471,50000.000,0
21301,29.882,29.882,50000.000,44.824,0.000,50000.000,0
21351,29.882,22.412,50000.000,22.412,0.000,50000.000,0
21401,14.941,0.000,50000.000,29.882,-7.471,50000.000,0
21451,0.000,-14.941,50000.000,-7.471,0.000,50000.000,0
21501,-14.941,0.000,50000.000,-22.412,0.000,50000.000,0
21551,14.941,7.471,50000.000,22.412,7.471,50000.000,0
21601,52.294,52.294,50000.000,74.706,0.000,50000.000,0
21651,22.412,22.412,50000.000,22.412,7.471,50000.000,0
21701,0.000,0.000,50000.000,0.000,0.000,50000.000,0
21751,7.471,0.000,50000.000,7.471,0.000,50000.000,0
21801,52.294,59.765,50000.000,59.765,7.471,50000.000,0
21851,67.235,59.765,50000.000,97.118,-7.471,50000.000,0
21901,14.941,7.471,50000.000,29.882,-7.471,50000.000,0
21951,-22.412,-29.882,50000.000,-37.353,-7.471,50000.000,0
22001,0.000,0.000,50000.000,-7.471,7.471,50000.000,0
22051,44.824,44.824,50000.000,82.176,0.000,50000.000,0
22101,22.412,14.941,50000.000,44.824,0.000,50000.000,0
22151,-14.941,-22.412,50000.000,-37.353,14.941,50000.000,0
22201,29.882,52.294,50001.000,29.882,-14.941,50000.000,0
22251,89.647,89.647,50000.000,134.471,14.941,49999.000,0
22301,82.176,59.765,49999.000,104.588,14.941,49999.000,0
22351,149.412,119.529,50000.000,201.706,89.647,50000.000,0
22401,164.353,-67.235,50000.000,209.176,67.235,50000.000,0
22451,306.294,201.706,50000.000,373.529,89.647,50000.000,0
22501,627.529,732.118,50000.000,948.765,545.353,50000.000,0
22551,1150.470,918.882,50000.000,1606.176,747.059,50000.000,0
22601,1710.765,1494.118,50000.000,2525.059,889.000,50000.000,0
22651,2764.117,1128.059,50000.000,3272.117,-37.353,50000.000,0
22701,3324.412,537.882,50000.000,3884.706,-321.235,50000.000,0
22751,3526.117,709.706,50000.000,4318.000,522.941,50000.000,0
22801,4482.353,82.176,50000.000,4945.529,14.941,50000.000,0
22851,4967.941,1090.706,50000.000,6051.176,463.176,50000.000,0
22901,6185.646,911.412,50000.000,7141.882,313.765,50000.000,0
22951,7366.000,597.647,50000.000,8030.882,-194.235,50000.000,0
23001,7859.058,933.823,50000.000,9076.764,590.176,50000.000,0
23051,8830.234,127.000,50000.000,9457.764,657.412,50000.000,0
23101,9315.823,104.588,50000.000,9958.293,224.118,50000.000,0
23151,9457.764,635.000,50000.000,11175.999,-52.294,50000.000,0
23201,9495.117,836.706,50000.000,10832.353,112.059,50000.000,0
23251,9069.294,306.294,50000.000,10272.059,418.353,50000.000,0
23301,8673.353,74.706,50000.000,9435.353,336.176,50000.000,0
23351,7380.941,-276.412,50000.000,8449.234,171.824,50000.000,0
23401,4997.823,67.235,50000.000,5692.588,22.412,50000.000,0
23451,2607.235,956.235,50000.000,3839.882,605.118,50000.000,0
23501,933.823,-156.882,50000.000,874.059,-134.471,50000.000,0
23551,-22.412,306.294,50000.000,201.706,-112.059,50000.000,0
23601,-164.353,575.235,50000.000,22.412,-22.412,50000.000,0
23651,-67.235,522.941,50000.000,0.000,-410.882,50000.000,0
23701,14.941,769.471,50000.000,194.235,-455.706,50000.000,0
23751,485.588,448.235,50000.000,545.353,-605.118,50000.000,0
23801,328.706,470.647,50000.000,388.471,-306.294,50000.000,0
23851,-52.294,-186.765,50000.000,-97.118,0.000,50000.000,0
23901,74.706,-291.353,50000.000,7.471,-67.235,50000.000,0
23951,560.294,-366.059,50000.000,328.706,-194.235,50000.000,0
24001,141.941,22.412,50000.000,37.353,37.353,50000.000,0
24051,-358.588,343.647,50000.000,-134.471,119.529,50000.000,0
24101,-283.882,216.647,50000.000,-179.294,-104.588,50000.000,0
24151,-82.176,-29.882,50000.000,-104.588,-29.882,50000.000,0
24201,164.353,-418.353,50000.000,52.294,-119.529,50000.000,0
24251,336.176,-89.647,50000.000,171.824,134.471,50000.000,0
24301,-171.824,97.118,50000.000,-44.824,351.118,50000.000,0
24351,-149.412,-224.118,50000.000,-52.294,-14.941,50000.000,0
24401,321.235,-657.412,50000.000,0.000,-388.471,50000.000,0
24451,171.824,-373.529,50000.000,-89.647,37.353,50000.000,0
24501,-276.412,-67.235,50000.000,-141.941,373.529,50000.000,0
24551,-231.588,-29.882,50000.000,-231.588,127.000,50000.000,0
24601,-29.882,141.941,50000.000,-59.765,59.765,50000.000,0
24651,-291.353,366.059,50000.000,-254.000,388.471,50000.000,0
24701,-918.882,328.706,50000.000,-903.941,993.588,50000.000,0
24751,-1867.647,52.294,50000.000,-1680.882,1210.235,50000.000,0
24801,-2607.235,-89.647,50000.000,-2868.706,1516.529,50000.000,0
24851,-4123.765,-597.647,50000.000,-4624.294,2076.823,50000.000,0
24901,-5483.412,-1755.588,50000.000,-6491.941,1568.823,50000.000,0
24951,-6536.764,-1792.941,50000.000,-7874.000,1494.118,50000.000,0
25001,-7560.235,-1509.059,50000.000,-8770.470,1090.706,50000.000,0
25051,-8202.705,-1262.529,50000.000,-9629.588,649.941,50000.000,0
25101,-8508.999,-1180.353,50000.000,-10286.999,156.882,50000.000,0
25151,-8882.529,-694.765,50000.000,-10391.588,-164.353,50000.000,0
25201,-9121.588,-672.353,50000.000,-10100.234,-986.118,50000.000,0
25251,-9420.411,-261.471,50000.000,-10697.882,-1083.235,50000.000,0
25301,-9734.176,-261.471,50000.000,-10944.411,-635.000,50000.000,0
25351,-9412.940,134.471,50000.000,-10354.234,-194.235,50000.000,0
25401,-7836.646,1105.647,50000.000,-9203.764,-1382.059,50000.000,0
25451,-7179.235,575.235,50000.000,-9009.528,-2823.882,50000.000,0
25501,-6462.059,-373.529,50000.000,-8030.882,-239.059,50000.000,0
25551,-5707.529,-455.706,50000.000,-6252.882,-239.059,50000.000,0
25601,-4146.176,-918.882,50000.000,-5124.823,0.000,50000.000,0
25651,-2061.882,-7.471,50000.000,-2263.588,1352.176,50000.000,0
25701,283.882,1763.059,50000.000,1075.765,1060.823,50000.000,0
25751,1763.059,2741.706,50000.000,2921.000,724.647,50000.000,0
25801,2256.117,2779.059,50000.000,3458.882,1172.882,50000.000,0
25851,2681.941,2196.353,50000.000,3690.470,1322.294,50000.000,0
25901,3548.529,1180.353,50000.000,4347.882,351.118,50000.000,0
25951,4803.588,179.294,50000.000,5020.235,-605.118,50000.000,0
26001,5348.941,44.824,50000.000,5931.646,-283.882,50000.000,0
26051,6245.411,-112.059,50000.000,6477.000,-941.294,50000.000,0
26101,6917.764,-164.353,50000.000,7112.000,-1359.647,50000.000,0
26151,6267.823,-679.823,50000.000,6409.764,-381.000,50000.000,0
26201,5916.706,-1733.176,50000.000,6320.117,-933.823,50000.000,0
26251,6574.117,-1060.823,50000.000,6999.941,-881.529,50000.000,0
26301,7089.588,-612.588,50000.000,7186.706,-963.706,50000.000,0
26351,7545.293,-321.235,50000.000,7388.411,-881.529,50000.000,0
26401,7993.529,-186.765,50000.000,7515.411,-410.882,50000.000,0
26451,7829.176,-22.412,50000.000,8456.705,-37.353,50000.000,0
26501,7776.882,186.765,50000.000,8755.529,0.000,50000.000,0
26551,7560.235,-59.765,50000.000,7836.646,0.000,50000.000,0
26601,7291.293,74.706,50000.000,7044.764,-74.706,50000.000,0
26651,6947.646,201.706,50000.000,7761.940,186.765,50000.000,0
26701,5259.294,567.765,50000.000,6372.411,493.059,50000.000,0
26751,814.294,82.176,50000.000,1314.823,709.706,50000.000,0
26801,-37.353,425.823,50000.000,-7.471,388.471,50000.000,0
26851,-313.765,410.882,50000.000,-119.529,-127.000,50000.000,0
26901,-418.353,709.706,50000.000,-186.765,-44.824,50000.000,0
26951,-343.647,403.412,50000.000,-209.176,-119.529,50000.000,0
27001,-97.118,343.647,50000.000,-119.529,-74.706,50000.000,0
27051,97.118,141.941,50000.000,89.647,-186.765,50000.000,0
27101,149.412,82.176,50000.000,141.941,-231.588,50000.000,0
27151,171.824,127.000,50000.000,104.588,-156.882,50000.000,0
27201,74.706,127.000,50000.000,74.706,-37.353,50000.000,0
27251,-52.294,89.647,50000.000,-7.471,22.412,50000.000,0
27301,-29.882,7.471,50000.000,0.000,-44.824,50000.000,0
27351,7.471,-59.765,50000.000,-7.471,-194.235,50000.000,0
27401,0.000,14.941,50000.000,-59.765,14.941,50000.000,0
27451,-14.941,-37.353,50000.000,0.000,0.000,50000.000,0
27501,22.412,-37.353,50000.000,14.941,-59.765,50000.000,0
27551,29.882,0.000,50000.000,0.000,-44.824,50000.000,0
27601,-14.941,67.235,50000.000,-7.471,67.235,50000.000,0
27651,-59.765,59.765,50000.000,-29.882,7.471,50000.000,0
27701,-22.412,7.471,50000.000,-7.471,-14.941,50000.000,0
27751,0.000,0.000,50000.000,0.000,0.000,50000.000,0
27801,7.471,0.000,50000.000,0.000,-14.941,50000.000,0
27851,-7.471,22.412,50000.000,-14.941,7.471,50000.000,0
27901,-14.941,14.941,50000.000,0.000,7.471,50000.000,0
27951,-7.471,7.471,50000.000,0.000,-7.471,50000.000,0
28001,0.000,0.000,50000.000,0.000,0.000,50000.000,0
28051,0.000,0.000,50000.000,0.000,0.000,50000.000,0
28101,0.000,0.000,50000.000,0.000,0.000,50000.000,0
28151,0.000,0.000,50000.000,0.000,-7.471,50000.000,0
28201,0.000,0.000,50000.000,0.000,7.471,50000.000,0
28251,0.000,7.471,50000.000,0.000,0.000,50000.000,0
28301,-14.941,7.471,50000.000,0.000,0.000,50000.000,0
28351,0.000,14.941,50000.000,0.000,0.000,50000.000,0
28401,0.000,37.353,50000.000,0.000,14.941,50000.000,0
28451,-14.941,298.824,50000.000,0.000,82.176,50000.000,0
28501,-134.471,97.118,50000.000,-67.235,-44.824,50000.000,0
28551,-22.412,171.824,50000.000,-97.118,-119.529,50000.000,0
28601,7.471,298.824,50000.000,112.059,-22.412,50000.000,0
28651,127.000,276.412,50000.000,127.000,-97.118,50000.000,0
28701,276.412,515.471,50000.000,448.235,-44.824,50000.000,0
28751,627.529,395.941,50000.000,649.941,-455.706,50000.000,0
28801,889.000,493.059,50000.000,1045.882,-351.118,50000.000,0
28851,941.294,-52.294,50000.000,911.412,-582.706,50000.000,0
28901,836.706,-14.941,50000.000,889.000,-403.412,50000.000,0
28951,948.765,37.353,50000.000,1120.588,-313.765,50000.000,0
29001,1217.706,-22.412,50000.000,1307.353,-732.118,50000.000,0
29051,1038.412,156.882,50000.000,1314.823,-500.529,50000.000,0
29101,1016.000,268.941,50000.000,1299.882,-209.176,50000.000,0
29151,567.765,164.353,50000.000,821.765,343.647,50000.000,0
29201,149.412,-582.706,50000.000,141.941,403.412,50000.000,0
29251,254.000,-844.176,50000.000,0.000,141.941,50000.000,0
29301,209.176,-395.941,50000.000,127.000,0.000,50000.000,0
29351,-37.353,231.588,50000.000,-59.765,283.882,50000.000,0
29401,-388.471,791.882,50000.000,-231.588,918.882,50000.000,0
29451,-769.471,1471.706,50000.000,-351.118,1546.412,50000.000,0
29501,-1172.882,1292.412,50000.000,-649.941,2129.117,50000.000,0
29551,-1531.470,1255.059,50000.000,-978.647,2562.412,50000.000,0
29601,-1598.706,1210.235,50000.000,-1210.235,2980.764,50000.000,0
29651,-2211.294,127.000,50000.000,-1822.823,3369.235,50000.000,0
29701,-2622.176,-1075.765,50000.000,-2577.353,3518.647,50000.000,0
29751,-2808.941,-1426.882,50000.000,-2988.235,3414.059,50000.000,0
29801,-3421.529,-851.647,50000.000,-3294.529,3944.470,50000.000,0
29851,-3735.294,-141.941,50000.000,-3675.529,3414.059,50000.000,0
29901,-3922.059,-104.588,50000.000,-4512.235,3048.000,50000.000,0
29951,-5423.646,-537.882,50000.000,-5416.176,3720.353,50000.000,0
30001,-7896.411,-1546.412,50000.000,-7620.000,5072.529,50000.000,0
30051,-10690.411,-2689.412,50000.000,-10369.176,6215.529,50000.000,0
30101,-12468.411,-3272.117,50000.000,-12789.646,5483.412,50000.000,0
30151,-12490.822,-3787.588,50000.000,-14582.587,2876.176,50000.000,0
30201,-13439.587,-5804.646,50000.000,-16554.822,1262.529,50000.000,0
30251,-14380.882,-9173.882,50000.000,-19102.293,418.353,50000.000,0
30301,-14642.352,-7933.764,50000.000,-20192.998,388.471,50000.000,0
30351,-15531.352,-2614.706,50000.000,-19251.705,2129.117,50000.000,0
30401,-16263.470,134.471,50000.000,-19079.881,2988.235,50000.000,0
30451,-15314.705,-590.176,50000.000,-19132.176,2794.000,50000.000,0
30501,-14507.882,-3152.588,50000.000,-19460.881,2338.294,50000.000,0
30551,-13992.411,-4691.529,50000.000,-19498.234,2405.529,50000.000,0
30601,-13461.999,-4669.117,50000.000,-18392.588,3824.941,50000.000,0
30651,-12079.940,-5109.882,50000.000,-16741.588,3473.823,50000.000,0
30701,-10645.588,-5662.706,50000.000,-15434.234,2054.412,50000.000,0
30751,-9823.823,-5513.294,50000.000,-13095.940,2099.235,50000.000,0
30801,-8591.176,-4415.117,50000.000,-10406.528,1434.353,50000.000,0
30851,-6865.470,-3884.706,50000.000,-8710.705,851.647,50000.000,0
30901,-3974.353,-5513.294,50000.000,-7821.706,261.471,50000.000,0
30951,-5266.764,-5274.235,50000.000,-8374.529,-1972.235,50000.000,0
31001,-5124.823,-6992.470,50000.000,-9188.823,-4676.588,50000.000,0
31051,-5177.117,-6626.411,50000.000,-9368.117,-4721.412,50000.000,0
31101,-5976.470,-7425.764,50000.000,-9808.882,-6693.646,50000.000,0
31151,-6529.293,-9420.411,50000.000,-11422.528,-5812.117,50000.000,0
31201,-5528.235,-6088.529,50000.000,-9980.705,978.647,50000.000,0
31251,-7082.117,-8254.999,50000.000,-9114.117,433.294,50000.000,0
31301,-6140.823,-10608.234,50000.000,-11400.117,-3615.764,50000.000,0
31351,-4639.235,-6656.293,50000.000,-9330.764,-7336.117,50000.000,0
31401,-5229.412,-9226.176,50000.000,-9771.528,-9793.940,50000.000,0
31451,-6335.059,-9861.176,50000.000,-12692.528,-4049.059,50000.000,0
31501,-8098.117,-9607.176,50000.000,-12617.822,3048.000,50000.000,0
31551,-8628.529,-8949.764,50000.000,-13701.058,-500.529,50000.000,0
31601,-8725.646,-5042.646,50000.000,-12206.940,-5162.176,50000.000,0
31651,-8038.353,-3899.647,50000.000,-10638.117,-5371.353,50000.000,0
31701,-6223.000,-6043.706,50000.000,-11250.705,-6327.588,50000.000,0
31751,-7321.176,-8217.646,50000.000,-12289.117,-3167.529,50000.000,0
31801,-8404.411,-9039.411,50000.000,-11908.117,1038.412,50000.000,0
31851,-8232.588,-9681.882,50000.000,-13028.705,-1008.529,50000.000,0
31901,-7560.235,-7388.411,50000.000,-13245.352,-5348.941,50000.000,0
31951,-8269.940,-5565.588,50000.000,-11736.293,-5408.706,50000.000,0
32001,-7507.940,-7500.470,50000.000,-12266.705,-5737.411,50000.000,0
32051,-7455.646,-9808.882,50000.000,-13693.587,-5378.823,50000.000,0
32101,-9151.470,-8023.411,50000.000,-13043.646,179.294,50000.000,0
32151,-10750.176,-4452.470,50000.000,-12617.822,799.353,50000.000,0
32201,-9383.059,-4377.765,50000.000,-12572.999,-1807.882,50000.000,0
32251,-8621.059,-4430.059,50000.000,-12968.940,-3376.706,50000.000,0
32301,-8225.117,-2390.588,50000.000,-11721.353,-4586.941,50000.000,0
32351,-8710.705,-5065.059,50000.000,-12431.058,-6506.882,50000.000,0
32401,-8068.235,-7485.529,50000.000,-14231.470,-5236.882,50000.000,0
32451,-8740.588,-7881.470,50000.000,-14014.822,-1307.353,50000.000,0
32501,-9823.823,-9450.294,50000.000,-14679.705,351.118,50000.000,0
32551,-7739.529,-8105.588,50000.000,-15112.999,-2226.235,50000.000,0
32601,-8105.588,-3556.000,50000.000,-13544.176,-3033.059,50000.000,0
32651,-9099.176,-620.059,50000.000,-11870.764,-836.706,50000.000,0
32701,-7620.000,-2644.588,50000.000,-11063.940,-2674.470,50000.000,0
32751,-7194.176,-5647.764,50000.000,-12087.411,-5879.353,50000.000,0
32801,-6917.764,-6551.706,50000.000,-12356.353,-4855.882,50000.000,0
32851,-6178.176,-4953.000,50000.000,-11183.470,127.000,50000.000,0
32901,-6058.646,-6223.000,50000.000,-9756.588,-7.471,50000.000,0
32951,-5475.941,-6977.529,50000.000,-9412.940,-3249.706,50000.000,0
33001,-6110.941,-4579.470,50000.000,-8949.764,-1187.823,50000.000,0
33051,-5834.529,-2883.647,50000.000,-7507.940,-336.176,50000.000,0
33101,-4840.941,-3077.882,50000.000,-6424.706,-1098.176,50000.000,0
33151,-3264.647,-3996.764,50000.000,-5797.176,-3899.647,50000.000,0
33201,-3085.353,-4654.176,50000.000,-6432.176,-3862.294,50000.000,0
33251,-3391.647,-3429.000,50000.000,-5655.235,-993.588,50000.000,0
33301,-3197.412,-2263.588,50000.000,-4392.706,276.412,50000.000,0
33351,-2188.882,-2868.706,50000.000,-2980.764,605.118,50000.000,0
33401,-2226.235,-2629.647,50000.000,-3511.176,-112.059,50000.000,0
33451,-2069.353,-3331.882,50000.000,-3683.000,-821.765,50000.000,0
33501,-3070.412,-4415.117,50000.000,-5117.353,149.412,50000.000,0
33551,-3623.235,-6335.059,50000.000,-5976.470,-485.588,50000.000,0
33601,-4153.647,-6462.059,50000.000,-6551.706,-2958.353,50000.000,0
33651,-3757.706,-4594.412,50000.000,-6066.117,-4908.176,50000.000,0
33701,-3653.117,-5311.588,50000.000,-6058.646,-5625.353,50000.000,0
33751,-3989.294,-6850.529,50000.000,-8187.764,-3907.117,50000.000,0
33801,-5602.941,-5715.000,50000.000,-8680.823,1090.706,50000.000,0
33851,-5461.000,-4870.823,50000.000,-7343.588,3675.529,50000.000,0
33901,-5102.412,-5558.117,50000.000,-7769.411,1770.529,50000.000,0
33951,-4265.706,-6790.764,50000.000,-8053.293,-1770.529,50000.000,0
34001,-3697.941,-4721.412,50000.000,-7493.000,-6357.470,50000.000,0
34051,-3249.706,-4377.765,50000.000,-6880.411,-8703.234,50000.000,0
34101,-2980.764,-4191.000,50000.000,-6850.529,-7388.411,50000.000,0
34151,-4833.470,-5819.588,50000.000,-7336.117,-1583.765,50000.000,0
34201,-5812.117,-4303.059,50000.000,-7253.941,687.294,50000.000,0
34251,-4497.294,-3630.706,50000.000,-5901.764,1651.000,50000.000,0
34301,-4781.176,-4183.529,50000.000,-6439.646,1098.176,50000.000,0
34351,-4198.470,-971.176,50000.000,-4811.059,993.588,50000.000,0
34401,-2300.941,918.882,50000.000,-2368.176,82.176,50000.000,0
34451,-799.353,1434.353,50000.000,-1232.647,-2144.059,50000.000,0
34501,22.412,2241.176,50000.000,231.588,-2039.470,50000.000,0
34551,366.059,1875.118,50000.000,829.235,-1949.823,50000.000,0
34601,119.529,575.235,50000.000,7.471,-1008.529,50000.000,0
34651,-141.941,-29.882,50000.000,-254.000,22.412,50000.000,0
34701,14.941,-22.412,50000.000,14.941,29.882,50000.000,0
34751,410.882,1202.765,50000.000,500.529,-119.529,50000.000,0
34801,1509.059,2427.941,50000.000,2330.823,-657.412,50000.000,0
34851,1987.176,2921.000,50000.000,3219.823,-612.588,50000.000,0
34901,2300.941,3391.647,50000.000,4011.706,-560.294,50000.000,0
34951,3242.235,4086.411,50000.000,5094.941,-933.823,50000.000,0
35001,3324.412,3234.764,50000.000,4811.059,-1426.882,50000.000,0
35051,3212.353,1778.000,50000.000,3981.823,-1688.353,50000.000,0
35101,2368.176,306.294,50000.000,2681.941,-1553.882,50000.000,0
35151,694.765,-291.353,50000.000,687.294,-44.824,50000.000,0
35201,-642.471,-1397.000,50000.000,-1060.823,59.765,50000.000,0
35251,-1232.647,-1785.470,50000.000,-2315.882,127.000,50000.000,0
35301,-1352.176,-1710.765,50000.000,-2159.000,567.765,50000.000,0
35351,-1217.706,-1867.647,50000.000,-1927.412,739.588,50000.000,0
35401,-1553.882,-2166.470,50000.000,-2345.765,836.706,50000.000,0
35451,-2017.059,-2375.647,50000.000,-2935.941,1441.823,50000.000,0
35501,-2420.470,-2330.823,50000.000,-3287.059,2211.294,50000.000,0
35551,-2286.000,-1987.176,50000.000,-2868.706,1658.470,50000.000,0
35601,-1277.470,-911.412,50000.000,-1606.176,-29.882,50000.000,0
35651,-201.706,313.765,50000.000,-246.529,-560.294,50000.000,0
35701,14.941,478.118,50000.000,74.706,-612.588,50000.000,0
35751,7.471,156.882,50000.000,14.941,-216.647,50000.000,0
35801,14.941,-74.706,50000.000,14.941,-14.941,50000.000,0
35851,14.941,-59.765,50000.000,0.000,-29.882,50000.000,0
35901,7.471,-194.235,50000.000,-104.588,-276.412,50000.000,0
35951,0.000,-44.824,50000.000,-59.765,-104.588,50000.000,0
36001,0.000,0.000,50000.000,0.000,0.000,50000.000,0
36051,0.000,-14.941,50000.000,0.000,0.000,50000.000,0
36101,0.000,0.000,50000.000,0.000,-7.471,50000.000,0
36151,0.000,-14.941,50000.000,0.000,-7.471,50000.000,0
36201,0.000,-37.353,50000.000,0.000,-74.706,50000.000,0
36251,7.471,-44.824,50000.000,-7.471,-134.471,50000.000,0
36301,0.000,14.941,50000.000,0.000,-14.941,50000.000,0
36351,0.000,29.882,50000.000,14.941,-22.412,50000.000,0
36401,7.471,14.941,50000.000,7.471,-14.941,50000.000,0
36451,0.000,0.000,50000.000,7.471,-7.471,50000.000,0
36501,7.471,0.000,50000.000,7.471,-44.824,50000.000,1
36551,52.294,-7.471,50000.000,14.941,-112.059,50000.000,1
36601,29.882,22.412,50000.000,29.882,-14.941,50000.000,0
36651,14.941,52.294,50000.000,14.941,-14.941,50000.000,0
36701,0.000,0.000,50000.000,22.412,0.000,50000.000,0
36751,7.471,-7.471,50000.000,0.000,0.000,50000.000,0
36801,7.471,-7.471,50000.000,22.412,-59.765,50000.000,0
36851,22.412,14.941,50000.000,14.941,-29.882,50000.000,0
36901,7.471,22.412,50000.000,0.000,-7.471,50000.000,0
36951,0.000,0.000,50000.000,22.412,0.000,50000.000,0
37001,0.000,0.000,50000.000,7.471,-7.471,50000.000,0
37051,7.471,0.000,50000.000,14.941,-22.412,50000.000,0
37101,14.941,37.353,50000.000,0.000,0.000,50000.000,0
37151,7.471,14.941,50000.000,0.000,7.471,50000.000,0
37201,0.000,0.000,50000.000,7.471,0.000,50000.000,0
37251,0.000,0.000,50000.000,0.000,0.000,50000.000,0
37301,-7.471,-7.471,50000.000,7.471,7.471,50000.000,0
37351,0.000,0.000,50000.000,0.000,7.471,50000.000,0
37401,0.000,14.941,50000.000,0.000,0.000,50000.000,0
37451,0.000,0.000,50000.000,0.000,0.000,50000.000,0
37501,-7.471,0.000,50000.000,0.000,0.000,50000.000,0
37551,0.000,-29.882,50000.000,0.000,0.000,50000.000,0
37601,0.000,0.000,50000.000,0.000,-7.471,50000.000,0
37651,0.000,0.000,50000.000,0.000,-7.471,50000.000,0
37701,-7.471,-7.471,50000.000,-7.471,-7.471,50000.000,0
37751,0.000,-7.471,50000.000,0.000,0.000,50000.000,0
37801,0.000,1673.412,50000.000,0.000,0.000,50000.000,0
37851,0.000,0.000,50000.000,0.000,0.000,50000.000,0
37901,0.000,0.000,50000.000,0.000,0.000,50000.000,0
37951,0.000,0.000,50000.000,0.000,0.000,50000.000,0
38001,0.000,0.000,50000.000,0.000,0.000,50000.000,0
38051,0.000,0.000,50000.000,0.000,0.000,50000.000,0
38101,0.000,0.000,50000.000,0.000,0.000,50000.000,0
38151,0.000,0.000,50000.000,0.000,-7.471,50000.000,0
38201,14.941,7.471,50000.000,0.000,0.000,50000.000,0
38251,0.000,22.412,50000.000,0.000,0.000,50000.000,0
38301,7.471,0.000,50000.000,7.471,0.000,50000.000,0
38351,0.000,0.000,50000.000,0.000,-14.941,50000.000,0
38401,0.000,22.412,50000.000,7.471,-7.471,50000.000,0
38451,0.000,29.882,50000.000,0.000,-7.471,50000.000,0
38501,0.000,-7.471,50000.000,0.000,0.000,50000.000,0
38551,0.000,-7.471,50000.000,0.000,0.000,50000.000,0
38601,0.000,0.000,50000.000,0.000,-7.471,50000.000,0
38651,7.471,7.471,50000.000,0.000,0.000,50000.000,0
38701,0.000,-1688.353,50000.000,0.000,-7.471,50000.000,0
38751,0.000,-14.941,50000.000,0.000,0.000,50000.000,0
38801,14.941,-44.824,50000.000,22.412,0.000,50000.000,0
38851,14.941,22.412,50000.000,0.000,-7.471,50000.000,0
38901,0.000,0.000,50000.000,0.000,0.000,50000.000,0
38951,29.882,97.118,50000.000,7.471,14.941,50000.000,0
39001,141.941,336.176,50000.000,216.647,29.882,50000.000,0
39051,224.118,410.882,50000.000,328.706,104.588,50000.000,0
39101,44.824,7.471,50000.000,171.824,164.353,50000.000,0
39151,-291.353,-410.882,50000.000,-298.824,470.647,50000.000,0
39201,-1008.529,-829.235,50000.000,-1210.235,1464.235,50000.000,0
39251,-1075.765,-1128.059,50000.000,-1255.059,1172.882,50000.000,0
39301,-1516.529,-2263.588,50000.000,-2211.294,717.176,50000.000,0
39351,-2943.412,-3690.470,50000.000,-4519.706,1598.706,50000.000,0
39401,-3787.588,-3623.235,50000.000,-5954.059,3070.412,50000.000,0
39451,-4811.059,-3354.294,50000.000,-6491.941,4116.294,50000.000,0
39501,-4654.176,-2913.529,50000.000,-6835.588,4101.353,50000.000,0
39551,-5692.588,-4407.647,50000.000,-7328.646,3249.706,50000.000,0
39601,-6850.529,-5080.000,50000.000,-8822.764,2188.882,50000.000,0
39651,-7560.235,-5132.294,50000.000,-9726.705,2943.412,50000.000,0
39701,-7732.058,-4736.353,50000.000,-10159.999,2188.882,50000.000,0
39751,-5446.059,-2009.588,50000.000,-11168.528,-455.706,50000.000,0
39801,-8404.411,-246.529,50000.000,-10511.117,-164.353,50000.000,0
39851,-9069.294,-971.176,50000.000,-10100.234,1770.529,50000.000,0
39901,-11556.999,-2413.000,50000.000,-12819.528,1456.765,50000.000,0
39951,-12199.470,-3668.059,50000.000,-14096.999,747.059,50000.000,0
40001,-11512.176,-2883.647,50000.000,-15105.528,567.765,50000.000,0
40051,-12826.999,-2532.529,50000.000,-15464.116,1008.529,50000.000,0
40101,-13290.176,-2607.235,50000.000,-15591.116,1665.941,50000.000,0
40151,-13917.705,-3922.059,50000.000,-17025.469,762.000,50000.000,0
40201,-15127.940,-6738.470,50000.000,-19162.057,-14.941,50000.000,0
40251,-15434.234,-8875.059,50000.000,-20760.764,-582.706,50000.000,0
40301,-13999.882,-9158.940,50000.000,-20969.939,-1733.176,50000.000,0
40351,-14156.764,-8673.353,50000.000,-20693.527,-2764.117,50000.000,0
40401,-16666.881,-6858.000,50000.000,-19871.764,-1643.529,50000.000,0
40451,-17197.293,-5192.059,50000.000,-19191.939,-1411.941,50000.000,0
40501,-16480.117,-9368.117,50000.000,-20327.469,-2577.353,50000.000,0
40551,-14201.587,-9002.059,50000.000,-20372.293,-1875.118,50000.000,0
40601,-14298.705,-7963.646,50000.000,-19483.293,582.706,50000.000,0
40651,-15000.940,-8374.529,50000.000,-19483.293,1210.235,50000.000,0
40701,-12939.058,-7634.940,50000.000,-18706.352,-1583.765,50000.000,0
40751,-11654.117,-5513.294,50000.000,-18273.057,-5207.000,50000.000,0
40801,-10540.999,-4967.941,50000.000,-16368.058,-6760.882,50000.000,0
40851,-8934.823,-6320.117,50000.000,-16465.176,-7126.941,50000.000,0
40901,-7672.293,-6618.941,50000.000,-14007.352,-1217.706,50000.000,0
40951,-6462.059,-8404.411,50000.000,-10959.353,-336.176,50000.000,0
41001,-5408.706,-7448.176,50000.000,-9756.588,-732.118,50000.000,0
41051,-5341.470,-5094.941,50000.000,-8546.353,67.235,50000.000,0
41101,-4474.882,-1426.882,50000.000,-5483.412,164.353,50000.000,0
41151,-2144.059,-1972.235,50000.000,-2696.882,-328.706,50000.000,0
41201,-1770.529,-2928.470,50000.000,-3145.117,-1113.118,50000.000,0
41251,-1718.235,-2211.294,50000.000,-2472.765,-149.412,50000.000,0
41301,-1217.706,-1912.470,50000.000,-1942.353,-508.000,50000.000,0
41351,-1038.412,-1561.353,50000.000,-1807.882,-395.941,50000.000,0
41401,-1187.823,-1822.823,50000.000,-1830.294,-485.588,50000.000,0
41451,-829.235,-986.118,50000.000,-1262.529,-97.118,50000.000,0
41501,-373.529,-649.941,50000.000,-552.823,-328.706,50000.000,0
41551,-127.000,-97.118,50000.000,-283.882,-67.235,50000.000,0
41601,0.000,7.471,50000.000,-7.471,0.000,50000.000,0
41651,-7.471,141.941,50000.000,-29.882,44.824,50000.000,0
41701,-14.941,29.882,50000.000,-14.941,14.941,50000.000,0
41751,0.000,59.765,50000.000,-7.471,44.824,50000.000,0
41801,-67.235,-164.353,50000.000,-119.529,-22.412,50000.000,0
41851,-321.235,7.471,50000.000,-545.353,410.882,50000.000,0
41901,-747.059,254.000,50000.000,-821.765,1098.176,50000.000,0
41951,-1030.941,-141.941,50000.000,-1120.588,620.059,50000.000,0
42001,-306.294,-224.118,50000.000,-508.000,-119.529,50000.000,0
42051,-112.059,-149.412,50000.000,-194.235,-276.412,50000.000,0
42101,-500.529,52.294,50000.000,-679.823,552.823,50000.000,0
42151,-478.118,-478.118,50000.000,-605.118,231.588,50000.000,0
42201,-283.882,-1359.647,50000.000,-679.823,-784.412,50000.000,0
42251,-112.059,-4116.294,50000.000,-1568.823,-3391.647,50000.000,0
42301,-74.706,-8023.411,50000.000,-3429.000,-5475.941,50000.000,0
42351,-224.118,-12304.058,50000.000,-5416.176,-8837.705,50000.000,0
42401,-642.471,-6387.353,50000.000,-4953.000,-8434.294,50000.000,0
42451,-776.941,-463.176,50000.000,-769.471,590.176,50000.000,0
42501,-112.059,-283.882,50000.000,-22.412,97.118,50000.000,0
42551,-321.235,-821.765,50000.000,-448.235,-59.765,50000.000,0
42601,-1277.470,-2106.706,50000.000,-2188.882,-388.471,50000.000,0
42651,-1359.647,-1456.765,50000.000,-2256.117,97.118,50000.000,0
42701,-440.765,-1837.765,50000.000,-739.588,-567.765,50000.000,0
42751,-433.294,-3690.470,50000.000,-2203.823,-2054.412,50000.000,0
42801,-1658.470,-5020.235,50000.000,-3765.176,-1501.588,50000.000,0
42851,-2502.647,-5602.941,50000.000,-4452.470,-2353.235,50000.000,0
42901,-2808.941,-6275.293,50000.000,-5640.294,-2943.412,50000.000,0
42951,-3249.706,-6633.882,50000.000,-5834.529,-2226.235,50000.000,0
43001,-2338.294,-10092.764,50000.000,-6066.117,-5005.294,50000.000,0
43051,-814.294,-7903.882,50000.000,-6230.470,-9158.940,50000.000,0
43101,-732.118,-1255.059,50000.000,-1374.588,-1374.588,50000.000,0
43151,-522.941,-328.706,50000.000,-649.941,-179.294,50000.000,0
43201,-433.294,-1098.176,50000.000,-762.000,67.235,50000.000,0
43251,-418.353,-2173.941,50000.000,-1053.353,-313.765,50000.000,0
43301,-1210.235,-3929.529,50000.000,-2838.823,-500.529,50000.000,0
43351,-1912.470,-5132.294,50000.000,-3944.470,-1045.882,50000.000,0
43401,-1411.941,-6096.000,50000.000,-4564.529,-2681.941,50000.000,0
43451,-508.000,-5042.646,50000.000,-3944.470,-5812.117,50000.000,0
43501,52.294,-3518.647,50000.000,-2427.941,-9076.764,50000.000,0
43551,-44.824,-5080.000,50000.000,-2525.059,-8852.646,50000.000,0
43601,-1927.412,-5535.706,50000.000,-4445.000,-2607.235,50000.000,0
43651,-1568.823,-2413.000,50000.000,-3204.882,-500.529,50000.000,0
43701,-478.118,-373.529,50000.000,-978.647,156.882,50000.000,0
43751,156.882,754.529,50000.000,358.588,373.529,50000.000,0
43801,-22.412,582.706,50000.000,224.118,209.176,50000.000,0
43851,-358.588,926.353,50000.000,-149.412,926.353,50000.000,0
43901,-537.882,851.647,50000.000,-134.471,866.588,50000.000,0
43951,-515.471,747.059,50000.000,-224.118,500.529,50000.000,0
44001,-433.294,627.529,50000.000,-216.647,343.647,50000.000,0
44051,-224.118,141.941,50000.000,-89.647,44.824,50000.000,0
44101,-104.588,-784.412,50000.000,-156.882,-478.118,50000.000,0
44151,-463.176,-2652.059,50000.000,-1628.588,-1770.529,50000.000,0
44201,-1695.823,-5916.706,50000.000,-3750.235,-2569.882,50000.000,0
44251,-1987.176,-8673.353,50000.000,-5707.529,-4205.941,50000.000,0
44301,-3294.529,-6828.117,50000.000,-6394.823,-3197.412,50000.000,0
44351,-1778.000,-1314.823,50000.000,-2756.647,-522.941,50000.000,0
44401,-373.529,-687.294,50000.000,-448.235,-224.118,50000.000,0
44451,0.000,-3331.882,50000.000,-709.706,-2315.882,50000.000,0
44501,0.000,-6372.411,50000.000,-2868.706,-5139.764,50000.000,0
44551,-1030.941,-7888.940,50000.000,-4213.412,-5281.706,50000.000,0
44601,-3384.176,-8068.235,50000.000,-6387.353,-2465.294,50000.000,0
44651,-3862.294,-6805.706,50000.000,-6103.470,-366.059,50000.000,0
44701,-3399.117,-8150.411,50000.000,-5827.059,-1494.118,50000.000,0
44751,-3526.117,-7283.823,50000.000,-6671.235,-3899.647,50000.000,0
44801,-2368.176,-3937.000,50000.000,-4452.470,-3518.647,50000.000,0
44851,-1538.941,-3376.706,50000.000,-3339.353,-4519.706,50000.000,0
44901,-552.823,-4766.235,50000.000,-3675.529,-7888.940,50000.000,0
44951,-1247.588,-6148.294,50000.000,-4893.235,-6902.823,50000.000,0
45001,-2188.882,-4332.941,50000.000,-4161.117,-1337.235,50000.000,0
45051,-388.471,-537.882,50000.000,-1060.823,186.765,50000.000,0
45101,-7.471,0.000,50000.000,-134.471,231.588,50000.000,0
45151,-29.882,-7.471,50000.000,-112.059,179.294,50000.000,0
45201,-119.529,149.412,50000.000,-104.588,201.706,50000.000,0
45251,-67.235,127.000,50000.000,-59.765,134.471,50000.000,0
45301,-59.765,37.353,50000.000,-37.353,59.765,50000.000,0
45351,-22.412,0.000,50000.000,-22.412,22.412,50000.000,0
45401,-89.647,-67.235,50000.000,-22.412,89.647,50000.000,0
45451,-358.588,-37.353,50000.000,-381.000,1068.294,50000.000,0
45501,-1016.000,-575.235,50000.000,-1172.882,1733.176,50000.000,0
45551,-1733.176,-2203.823,50000.000,-2188.882,1098.176,50000.000,0
45601,-2532.529,-4758.764,50000.000,-3907.117,-709.706,50000.000,0
45651,-3563.470,-5946.588,50000.000,-6043.706,-425.823,50000.000,0
45701,-3974.353,-6447.117,50000.000,-6499.411,-179.294,50000.000,0
45751,-3974.353,-4347.882,50000.000,-6051.176,-642.471,50000.000,0
45801,-3526.117,-672.353,50000.000,-4646.706,-1098.176,50000.000,0
45851,-3294.529,-1598.706,50000.000,-4280.647,-769.471,50000.000,0
45901,-3257.176,-4362.823,50000.000,-5378.823,52.294,50000.000,0
45951,-4445.000,-4878.294,50000.000,-6618.941,1419.412,50000.000,0
46001,-4938.059,-5124.823,50000.000,-6798.235,1576.294,50000.000,0
46051,-5184.588,-7657.353,50000.000,-8098.117,-201.706,50000.000,0
46101,-3533.588,-11153.588,50000.000,-8912.411,-5737.411,50000.000,0
46151,-1882.588,-9883.588,50000.000,-8381.999,-10369.176,50000.000,0
46201,-2898.588,-4699.000,50000.000,-6544.235,-3630.706,50000.000,0
46251,-3055.470,358.588,50000.000,-3630.706,620.059,50000.000,0
46301,-993.588,1367.118,50000.000,-776.941,-1038.412,50000.000,0
46351,-14.941,209.176,50000.000,-67.235,-3488.764,50000.000,0
46401,522.941,-67.235,50000.000,44.824,-4205.941,50000.000,0
46451,612.588,-22.412,50000.000,373.529,-3668.059,50000.000,0
46501,291.353,358.588,50000.000,485.588,-1165.412,50000.000,0
46551,254.000,37.353,50000.000,388.471,-358.588,50000.000,0
46601,321.235,373.529,50000.000,410.882,-59.765,50000.000,0
46651,859.118,22.412,50000.000,903.941,-664.882,50000.000,0
46701,485.588,-22.412,50000.000,597.647,-74.706,50000.000,0
46751,336.176,-515.471,50000.000,321.235,44.824,50000.000,0
46801,67.235,-672.353,50000.000,-74.706,455.706,50000.000,0
46851,425.823,-112.059,50000.000,485.588,231.588,50000.000,0
46901,1090.706,-104.588,50000.000,1165.412,-328.706,50000.000,0
46951,1307.353,268.941,50000.000,1501.588,313.765,50000.000,0
47001,1516.529,-67.235,50000.000,1755.588,37.353,50000.000,0
47051,1755.588,224.118,50000.000,2442.882,74.706,50000.000,0
47101,2786.529,224.118,50000.000,3272.117,-635.000,50000.000,0
47151,2823.882,911.412,50000.000,3578.412,276.412,50000.000,0
47201,2241.176,291.353,50000.000,3272.117,552.823,50000.000,0
47251,2360.706,22.412,50000.000,3361.764,395.941,50000.000,0
47301,3488.764,366.059,50000.000,4452.470,-283.882,50000.000,0
47351,3690.470,418.353,50000.000,4855.882,-657.412,50000.000,0
47401,3488.764,1098.176,50000.000,4923.117,-119.529,50000.000,0
47451,3324.412,620.059,50000.000,4101.353,-268.941,50000.000,0
47501,2480.235,-194.235,50000.000,2808.941,127.000,50000.000,0
47551,933.823,-366.059,50000.000,1105.647,612.588,50000.000,0
47601,-336.176,-440.765,50000.000,-366.059,702.235,50000.000,0
47651,-261.471,-7.471,50000.000,-239.059,918.882,50000.000,0
47701,74.706,-127.000,50000.000,74.706,0.000,50000.000,0
47751,455.706,403.412,50000.000,373.529,-306.294,50000.000,0
47801,747.059,463.176,50000.000,1023.471,-874.059,50000.000,0
47851,582.706,149.412,50000.000,455.706,-664.882,50000.000,0
47901,74.706,-29.882,50000.000,127.000,29.882,50000.000,0
47951,-22.412,-276.412,50000.000,-134.471,261.471,50000.000,0
48001,-22.412,-14.941,50000.000,-37.353,194.235,50000.000,0
48051,29.882,0.000,50000.000,44.824,-239.059,50000.000,0
48101,7.471,186.765,50000.000,0.000,-134.471,50000.000,0
48151,-29.882,29.882,50000.000,0.000,89.647,50000.000,0
48201,0.000,-82.176,50000.000,0.000,89.647,50000.000,0
48251,52.294,141.941,50000.000,97.118,-14.941,50000.000,0
48301,104.588,127.000,50000.000,179.294,-112.059,50000.000,0
48351,104.588,89.647,50000.000,82.176,44.824,50000.000,0
48401,112.059,22.412,50000.000,149.412,44.824,50000.000,0
48451,52.294,-74.706,50000.000,59.765,-22.412,50000.000,0
48501,59.765,104.588,50000.000,14.941,-29.882,50000.000,0
48551,97.118,156.882,50000.000,164.353,-246.529,50000.000,0
48601,224.118,-7.471,50000.000,209.176,-366.059,50000.000,0
48651,298.824,164.353,50000.000,224.118,-224.118,50000.000,0
48701,448.235,328.706,50000.000,620.059,-306.294,50000.000,0
48751,679.823,82.176,50000.000,739.588,-642.471,50000.000,0
48801,791.882,522.941,50000.000,896.471,-470.647,50000.000,0
48851,948.765,254.000,50000.000,948.765,-694.765,50000.000,0
48901,493.059,141.941,50000.000,672.353,-209.176,50000.000,0
48951,276.412,-500.529,50000.000,194.235,-149.412,50000.000,0
49001,-149.412,-508.000,50000.000,-306.294,612.588,50000.000,0
49051,-537.882,-627.529,50000.000,-455.706,1090.706,50000.000,0
49101,-298.824,-336.176,50000.000,-246.529,1135.529,50000.000,0
49151,74.706,-52.294,50000.000,82.176,186.765,50000.000,0
49201,-29.882,134.471,50000.000,-44.824,44.824,50000.000,0
49251,-52.294,59.765,50000.000,-14.941,112.059,50000.000,0
49301,-127.000,179.294,50000.000,-59.765,276.412,50000.000,0
49351,-276.412,313.765,50000.000,-201.706,515.471,50000.000,0
49401,-485.588,-239.059,50000.000,-463.176,709.706,50000.000,0
49451,-776.941,-545.353,50000.000,-851.647,1419.412,50000.000,0
49501,-1232.647,-806.823,50000.000,-1456.765,1583.765,50000.000,0
49551,-2323.353,-1658.470,50000.000,-2681.941,1583.765,50000.000,0
49601,-2883.647,-1905.000,50000.000,-4019.176,1217.706,50000.000,0
49651,-4191.000,-1486.647,50000.000,-4908.176,470.647,50000.000,0
49701,-4534.647,-1038.412,50000.000,-5954.059,97.118,50000.000,0
49751,-5692.588,-418.353,50000.000,-7067.176,141.941,50000.000,0
49801,-6043.706,-306.294,50000.000,-7851.588,-22.412,50000.000,0
49851,-6805.706,-679.823,50000.000,-8523.940,89.647,50000.000,0
49901,-7425.764,-1045.882,50000.000,-8964.705,881.529,50000.000,0
49951,-7246.470,-1815.353,50000.000,-9465.234,956.235,50000.000,0
50001,-7732.058,-3040.529,50000.000,-9390.528,1822.823,50000.000,0
50051,-7567.706,-4295.588,50000.000,-8934.823,2286.000,50000.000,0
50101,-7246.470,-5192.059,50000.000,-9188.823,2293.470,50000.000,0
50151,-5886.823,-5924.176,50000.000,-8852.646,1337.235,50000.000,0
50201,-5550.646,-6462.059,50000.000,-8411.882,567.765,50000.000,0
50251,-5199.529,-3712.882,50000.000,-7776.882,-2629.647,50000.000,0
50301,-4377.765,-2091.765,50000.000,-6768.353,-2816.412,50000.000,0
50351,-4923.117,-2046.941,50000.000,-6462.059,-186.765,50000.000,0
50401,-4923.117,-2779.059,50000.000,-6103.470,-739.588,50000.000,0
50451,-4340.412,-5057.588,50000.000,-7530.353,-4056.529,50000.000,0
50501,-4250.765,-7037.293,50000.000,-7605.058,-5139.764,50000.000,0
50551,-5378.823,-7126.941,50000.000,-7679.764,-4601.882,50000.000,0
50601,-5744.882,-7993.529,50000.000,-8426.823,-2129.117,50000.000,0
50651,-5281.706,-10892.117,50000.000,-9584.764,-3496.235,50000.000,0
50701,-5229.412,-9129.059,50000.000,-9629.588,-5072.529,50000.000,0
50751,-4938.059,-7246.470,50000.000,-8232.588,-7029.823,50000.000,0
50801,-5393.764,-9009.528,50000.000,-10817.411,-7971.117,50000.000,0
50851,-6865.470,-8650.940,50000.000,-12191.999,-2390.588,50000.000,0
50901,-7395.882,-8210.176,50000.000,-11131.176,1494.118,50000.000,0
50951,-7395.882,-7911.353,50000.000,-11788.588,-2413.000,50000.000,0
51001,-6028.764,-4131.235,50000.000,-10989.234,-6148.294,50000.000,0
51051,-5483.412,-1068.294,50000.000,-8621.059,-3937.000,50000.000,0
51101,-4482.353,-1262.529,50000.000,-7448.176,-6611.470,50000.000,0
51151,-3570.941,-4235.823,50000.000,-8105.588,-7276.353,50000.000,0
51201,-4945.529,-5042.646,50000.000,-8740.588,-2517.588,50000.000,0
51251,-5909.235,-2965.823,50000.000,-7306.235,1172.882,50000.000,0
51301,-4161.117,-3175.000,50000.000,-6282.764,776.941,50000.000,0
51351,-3824.941,-2300.941,50000.000,-5057.588,1195.294,50000.000,0
51401,-2569.882,-1135.529,50000.000,-3070.412,-14.941,50000.000,0
51451,-1382.059,-814.294,50000.000,-2271.059,-821.765,50000.000,0
51501,-552.823,246.529,50000.000,-844.176,-291.353,50000.000,0
51551,67.235,575.235,50000.000,156.882,-418.353,50000.000,0
51601,455.706,739.588,50000.000,642.471,-485.588,50000.000,0
51651,739.588,1337.235,50000.000,1120.588,-336.176,50000.000,0
51701,1001.059,1172.882,50000.000,1374.588,-508.000,50000.000,0
51751,799.353,560.294,50000.000,978.647,-627.529,50000.000,0
51801,425.823,291.353,50000.000,463.176,-373.529,50000.000,0
51851,440.765,-156.882,50000.000,358.588,-791.882,50000.000,0
51901,313.765,-37.353,50000.000,231.588,-478.118,50000.000,0
51951,67.235,-14.941,50000.000,59.765,-171.824,50000.000,0
52001,29.882,-37.353,50000.000,22.412,-52.294,50000.000,0
52051,82.176,127.000,50000.000,97.118,-44.824,50000.000,0
52101,246.529,59.765,50000.000,254.000,-268.941,50000.000,0
52151,246.529,261.471,50000.000,268.941,-149.412,50000.000,0
52201,381.000,156.882,50000.000,410.882,-351.118,50000.000,0
52251,313.765,-44.824,50000.000,358.588,-485.588,50000.000,0
52301,194.235,104.588,50000.000,231.588,-209.176,50000.000,0
52351,119.529,14.941,50000.000,119.529,-201.706,50000.000,0
52401,14.941,0.000,50000.000,7.471,0.000,50000.000,0
52451,0.000,14.941,50000.000,0.000,0.000,50000.000,0
52501,22.412,306.294,50000.000,14.941,14.941,50000.000,0
52551,186.765,209.176,50000.000,328.706,-291.353,50000.000,0
52601,485.588,455.706,50000.000,732.118,-268.941,50000.000,0
52651,366.059,224.118,50000.000,485.588,-328.706,50000.000,0
52701,67.235,-7.471,50000.000,59.765,-104.588,50000.000,0
52751,0.000,44.824,50000.000,0.000,0.000,50000.000,0
52801,7.471,7.471,50000.000,0.000,-14.941,50000.000,0
52851,0.000,0.000,50000.000,0.000,0.000,50000.000,0
52901,7.471,-22.412,50000.000,7.471,7.471,50000.000,0
52951,7.471,7.471,50000.000,0.000,0.000,50000.000,0
53001,0.000,7.471,50000.000,0.000,1441.823,50000.000,0
53051,7.471,-7.471,50000.000,0.000,14.941,50000.000,0
53101,0.000,22.412,50000.000,7.471,14.941,50000.000,0
53151,0.000,7.471,50000.000,-7.471,-7.471,50000.000,0
53201,0.000,0.000,50000.000,0.000,0.000,50000.000,0
53251,0.000,0.000,50000.000,0.000,7.471,50000.000,0
53301,0.000,14.941,50000.000,0.000,67.235,50000.000,0
53351,-14.941,14.941,50000.000,0.000,7.471,50000.000,0
53401,0.000,0.000,50000.000,0.000,22.412,50000.000,0
53451,0.000,0.000,50000.000,0.000,14.941,50000.000,0
53501,0.000,0.000,50000.000,-14.941,-7.471,50000.000,0
53551,0.000,0.000,50000.000,0.000,0.000,50000.000,0
53601,0.000,0.000,50000.000,0.000,0.000,50000.000,0
53651,0.000,0.000,50000.000,-5744.882,-478.118,50000.000,0
53701,0.000,0.000,50000.000,0.000,7.471,50000.000,0
53751,0.000,14.941,50000.000,0.000,7.471,50000.000,0
53801,0.000,14.941,50000.000,0.000,-7.471,50002.000,0
53851,0.000,7.471,50000.000,-7.471,0.000,50000.000,0
53901,0.000,7.471,50000.000,14.941,29.882,50000.000,0
53951,52.294,82.176,50000.000,149.412,89.647,50000.000,1
54001,104.588,470.647,50000.000,127.000,336.176,50000.000,1
54051,-22.412,89.647,50000.000,-37.353,-149.412,50000.000,0
54101,44.824,-67.235,50000.000,112.059,-59.765,50000.000,0
54151,7.471,-82.176,50000.000,22.412,-82.176,50000.000,0
54201,52.294,-373.529,50000.000,0.000,-455.706,50000.000,0
54251,179.294,-612.588,50000.000,-22.412,-612.588,50000.000,0
54301,224.118,-784.412,50000.000,-59.765,-859.118,50000.000,0
54351,67.235,-216.647,50000.000,-67.235,-246.529,50000.000,0
54401,89.647,171.824,50000.000,89.647,22.412,50000.000,0
54451,-59.765,358.588,50000.000,-82.176,239.059,50000.000,0
54501,-156.882,44.824,50000.000,-112.059,388.471,50000.000,0
54551,-194.235,-209.176,50000.000,-104.588,829.235,50000.000,0
54601,-485.588,-455.706,50000.000,-478.118,1740.647,50000.000,0
54651,-366.059,-1688.353,50000.000,-1105.647,-732.118,50000.000,0
54701,-448.235,-3929.529,50000.000,-2338.294,-3077.882,50000.000,0
54751,-381.000,-3750.235,50000.000,-2861.235,-3660.588,50000.000,0
54801,-956.235,-2413.000,50000.000,-2390.588,-724.647,50000.000,0
54851,-620.059,-971.176,50000.000,-1329.765,37.353,50000.000,0
54901,-478.118,-747.059,50000.000,-814.294,-7.471,50000.000,0
54951,-582.706,-1090.706,50000.000,-986.118,-74.706,50000.000,0
55001,-881.529,-1337.235,50000.000,-1471.706,0.000,50000.000,0
55051,-948.765,-1195.294,50000.000,-1576.294,67.235,50000.000,0
55101,-664.882,-1008.529,50000.000,-1008.529,37.353,50000.000,0
55151,-328.706,-463.176,50000.000,-522.941,14.941,50000.000,0
55201,-112.059,-201.706,50000.000,-179.294,-14.941,50000.000,0
55251,-22.412,-186.765,50000.000,-82.176,14.941,50000.000,0
55301,-119.529,-149.412,50000.000,-239.059,89.647,50000.000,0
55351,-29.882,59.765,50000.000,-44.824,-179.294,50000.000,0
55401,7.471,0.000,50000.000,14.941,7.471,50000.000,0
55451,-14.941,-149.412,50000.000,7.471,97.118,50000.000,0
55501,-97.118,-104.588,50000.000,-104.588,-7.471,50000.000,0
55551,-134.471,-82.176,50000.000,-201.706,179.294,50000.000,0
55601,-254.000,-268.941,50000.000,-276.412,179.294,50000.000,0
55651,-216.647,-478.118,50000.000,-283.882,-7.471,50000.000,0
55701,-395.941,-373.529,50000.000,-620.059,328.706,50000.000,0
55751,-522.941,-537.882,50000.000,-739.588,224.118,50000.000,0
55801,-216.647,-194.235,50000.000,-395.941,216.647,50000.000,0
55851,7.471,-67.235,50000.000,-29.882,37.353,50000.000,0
55901,7.471,-127.000,50000.000,22.412,-22.412,50000.000,0
55951,0.000,-22.412,50000.000,0.000,0.000,50000.000,0
56001,-22.412,22.412,50000.000,-59.765,22.412,50000.000,0
56051,-37.353,-104.588,50000.000,-67.235,14.941,50000.000,0
56101,-7.471,-59.765,50000.000,-7.471,14.941,50000.000,0
56151,-22.412,-37.353,50000.000,0.000,-59.765,50000.000,0
56201,-7.471,-164.353,50000.000,7.471,-89.647,50000.000,0
56251,0.000,0.000,50001.000,22.412,29.882,50000.000,0
56301,7.471,261.471,50000.000,-14.941,254.000,49999.000,0
56351,-149.412,485.588,49999.000,29.882,560.294,49999.000,0
56401,-67.235,254.000,50000.000,29.882,104.588,50000.000,0
56451,-82.176,-74.706,50000.000,-82.176,216.647,50000.000,0
56501,14.941,-82.176,50000.000,-14.941,127.000,50000.000,0
56551,104.588,336.176,50000.000,112.059,52.294,50000.000,0
56601,89.647,403.412,50000.000,97.118,-298.824,50000.000,0
56651,821.765,889.000,50000.000,1277.470,-836.706,50000.000,0
56701,2046.941,1912.470,50000.000,2704.353,-1994.647,50000.000,0
56751,2891.117,2734.235,50000.000,3937.000,-2891.117,50000.000,0
56801,3204.882,3085.353,50000.000,4392.706,-2689.412,50000.000,0
56851,2278.529,2039.470,50000.000,3309.470,-635.000,50000.000,0
56901,620.059,-89.647,50000.000,635.000,52.294,50000.000,0
56951,-366.059,-866.588,50000.000,-769.471,-14.941,50000.000,0
57001,-612.588,-769.471,50000.000,-1001.059,-59.765,50000.000,0
57051,-268.941,-239.059,50000.000,-455.706,112.059,50000.000,0
57101,-448.235,-149.412,50000.000,-351.118,1135.529,50000.000,0
57151,-597.647,-508.000,50000.000,-395.941,1270.000,50000.000,0
57201,-74.706,-164.353,50000.000,-74.706,201.706,50000.000,0
57251,-52.294,-164.353,50000.000,-22.412,201.706,50000.000,0
57301,7.471,-22.412,50000.000,7.471,164.353,50000.000,0
57351,0.000,52.294,50000.000,-14.941,7.471,50000.000,0
57401,37.353,186.765,50000.000,0.000,97.118,50000.000,0
57451,0.000,463.176,50000.000,-44.824,52.294,50000.000,0
57501,-37.353,702.235,50000.000,-134.471,-14.941,50000.000,0
57551,-268.941,642.471,50000.000,-134.471,164.353,50000.000,0
57601,-306.294,246.529,50000.000,-119.529,-455.706,50000.000,0
57651,-52.294,216.647,50000.000,0.000,0.000,50000.000,0
57701,-29.882,276.412,50000.000,-52.294,0.000,50000.000,0
57751,-141.941,306.294,50000.000,-97.118,0.000,50000.000,0
57801,-44.824,313.765,50000.000,-59.765,97.118,50000.000,0
57851,37.353,381.000,50000.000,425.823,-164.353,50000.000,0
57901,-14.941,522.941,50000.000,29.882,-14.941,50000.000,0
57951,97.118,485.588,50000.000,448.235,-201.706,50000.000,0
58001,687.294,739.588,50000.000,1621.118,-171.824,50000.000,0
58051,201.706,246.529,50000.000,1419.412,-216.647,50000.000,0
58101,104.588,470.647,50000.000,298.824,620.059,50000.000,0
58151,-67.235,-216.647,50000.000,7.471,119.529,50000.000,0
58201,37.353,343.647,50000.000,-14.941,179.294,50000.000,0
58251,82.176,134.471,50000.000,0.000,-859.118,50000.000,0
58301,254.000,306.294,50000.000,231.588,-104.588,50000.000,0
58351,-209.176,-358.588,50000.000,-216.647,463.176,50000.000,0
58401,-612.588,-679.823,50000.000,-754.529,1919.941,50000.000,0
58451,-567.765,-821.765,50000.000,-1643.529,1359.647,50000.000,0
58501,-1299.882,-1135.529,50000.000,-1807.882,1337.235,50000.000,0
58551,-433.294,1486.647,50000.000,179.294,1613.647,50000.000,0
58601,1075.765,2831.353,50000.000,2637.117,403.412,50000.000,0
58651,2383.117,3638.176,50000.000,4131.235,134.471,50000.000,0
58701,2779.059,4220.882,50000.000,4325.470,22.412,50000.000,0
58751,3145.117,4176.059,50000.000,5401.235,-395.941,50000.000,0
58801,4273.176,4019.176,50000.000,6394.823,-702.235,50000.000,0
58851,5752.353,3122.706,50000.000,7126.941,-1718.235,50000.000,0
58901,5939.117,2861.235,50000.000,7186.706,-1075.765,50000.000,0
58951,5259.294,1098.176,50000.000,6394.823,-2293.470,50000.000,0
59001,4930.588,-1143.000,50000.000,4669.117,-2973.294,50000.000,0
59051,3122.706,-1411.941,50000.000,3309.470,-1359.647,50000.000,0
59101,1792.941,-1845.235,50000.000,1613.647,-859.118,50000.000,0
59151,410.882,-1927.412,50000.000,-52.294,-470.647,50000.000,0
59201,-627.529,-1912.470,50000.000,-1389.529,-164.353,50000.000,0
59251,-1083.235,-1441.823,50000.000,-1800.412,291.353,50000.000,0
59301,-1456.765,-1232.647,50000.000,-1890.059,1090.706,50000.000,0
59351,-1979.706,-1001.059,50000.000,-1964.765,2764.117,50000.000,0
59401,-2002.118,37.353,50000.000,-1822.823,4489.823,50000.000,0
59451,-1509.059,1232.647,50000.000,-732.118,5319.059,50000.000,0
59501,-986.118,1890.059,50000.000,-127.000,4205.941,50000.000,0
59551,-560.294,1217.706,50000.000,-74.706,1703.294,50000.000,0
59601,-268.941,112.059,50000.000,-141.941,82.176,50000.000,0
59651,-186.765,351.118,50000.000,0.000,1688.353,50000.000,0
59701,-754.529,-97.118,50000.000,-463.176,3189.941,50000.000,0
59751,-1299.882,-239.059,50000.000,-1165.412,3384.176,50000.000,0
59801,-2144.059,-1143.000,50000.000,-1957.294,3832.412,50000.000,0
59851,-2368.176,-1382.059,50000.000,-2218.765,4258.235,50000.000,0
59901,-2442.882,-1516.529,50000.000,-2674.470,3802.529,50000.000,0
59951,-2816.412,-1262.529,50000.000,-2943.412,2420.470,50000.000,0
