timestamp[ms],left_dx[um],left_dy[um],left_dt[us],right_dx[um],right_dy[um],right_dt[us],waterPin
0,0.000,0.000,50153.000,0.000,0.000,50153.000,0
51,-7.471,0.000,50000.000,-5759.823,-1695.823,50000.000,0
101,7.471,29.882,50000.000,7.471,-22.412,50000.000,0
151,37.353,22.412,50000.000,52.294,-7.471,50000.000,0
201,14.941,14.941,50000.000,29.882,-14.941,50000.000,0
251,0.000,22.412,50000.000,-7.471,0.000,50000.000,0
301,14.941,22.412,50000.000,44.824,-22.412,50000.000,0
351,7.471,0.000,50000.000,44.824,0.000,50000.000,0
401,0.000,7.471,50000.000,0.000,0.000,50000.000,0
451,0.000,0.000,50000.000,0.000,0.000,50000.000,0
501,0.000,0.000,50000.000,0.000,0.000,50000.000,0
551,0.000,0.000,50000.000,0.000,0.000,50000.000,0
601,0.000,0.000,50000.000,-7.471,-7.471,50000.000,0
651,0.000,0.000,50000.000,0.000,0.000,50000.000,0
701,0.000,0.000,50000.000,0.000,0.000,50000.000,0
751,0.000,-7.471,50000.000,0.000,0.000,50000.000,0
801,0.000,-7.471,50000.000,-7.471,0.000,50000.000,0
851,-7.471,0.000,50000.000,-14.941,0.000,50000.000,0
901,0.000,14.941,50000.000,14.941,0.000,50000.000,0
951,7.471,0.000,50000.000,7.471,0.000,50000.000,0
1001,0.000,242883.750,50000.000,0.000,0.000,50000.000,0
1051,0.000,-7.471,50000.000,14.941,-14.941,50000.000,0
1101,7.471,-7.471,50000.000,0.000,0.000,50000.000,0
1151,0.000,22.412,50000.000,0.000,0.000,50000.000,0
1201,7.471,22.412,50000.000,22.412,-7.471,50000.000,0
1251,0.000,0.000,50000.000,0.000,0.000,50000.000,0
1301,0.000,0.000,50000.000,0.000,-7.471,50000.000,0
1351,0.000,0.000,50000.000,0.000,0.000,50000.000,0
1401,0.000,0.000,50000.000,0.000,0.000,50000.000,0
1451,0.000,14.941,50000.000,0.000,0.000,50000.000,0
1501,0.000,0.000,50000.000,0.000,0.000,50000.000,0
1551,0.000,0.000,50000.000,0.000,0.000,50000.000,0
1601,0.000,0.000,50000.000,0.000,0.000,50000.000,0
1651,0.000,0.000,50000.000,-7.471,0.000,50000.000,0
1701,0.000,14.941,50000.000,0.000,0.000,50000.000,0
1751,0.000,0.000,50000.000,0.000,0.000,50000.000,0
1801,0.000,-1890.059,50000.000,-7.471,0.000,50000.000,0
1851,-29.882,-7.471,50000.000,-22.412,7.471,50000.000,0
1901,0.000,0.000,50000.000,0.000,-14.941,50000.000,0
1951,0.000,0.000,50000.000,14.941,-7.471,50000.000,0
2001,-29.882,-29.882,50000.000,-37.353,7.471,50000.000,0
2051,-14.941,-7.471,50000.000,-14.941,0.000,50000.000,0
2101,-7.471,-7.471,50000.000,14.941,0.000,50000.000,0
2151,-14.941,0.000,50000.000,-29.882,0.000,50000.000,0
2201,-7.471,7.471,50000.000,0.000,-14.941,50000.000,0
2251,37.353,22.412,50000.000,67.235,0.000,50000.000,0
2301,29.882,7.471,50000.000,74.706,0.000,50000.000,0
2351,-14.941,0.000,50000.000,-29.882,0.000,50000.000,0
2401,-44.824,-29.882,50000.000,-67.235,14.941,50000.000,0
2451,14.941,0.000,50000.000,14.941,-7.471,50000.000,0
2501,44.824,22.412,50000.000,82.176,7.471,50000.000,0
2551,14.941,14.941,50000.000,14.941,0.000,50000.000,0
2601,-7.471,7.471,50000.000,-22.412,0.000,50000.000,0
2651,0.000,7.471,50000.000,7.471,0.000,50000.000,0
2701,0.000,0.000,50000.000,14.941,1673.412,50000.000,0
2751,0.000,0.000,50000.000,0.000,0.000,50001.000,0
2801,-7.471,-7.471,50000.000,0.000,0.000,50000.000,0
2851,-7.471,-7.471,50000.000,5737.411,0.000,50000.000,0
2901,-5744.882,1673.412,50000.000,-7.471,0.000,50000.000,0
2951,0.000,0.000,50000.000,0.000,0.000,50000.000,0
3001,0.000,0.000,50000.000,0.000,28687.057,50000.000,0
3051,0.000,-1441.823,50000.000,14.941,1434.353,50000.000,0
3101,0.000,-7.471,50000.000,0.000,0.000,50000.000,0
3151,0.000,0.000,50000.000,0.000,0.000,50000.000,0
3201,7.471,0.000,50000.000,14.941,-22.412,50000.000,0
3251,0.000,0.000,50000.000,0.000,0.000,50000.000,0
3301,-7.471,-22.412,50000.000,-29.882,0.000,50000.000,0
3351,-29.882,0.000,50000.000,-29.882,0.000,50000.000,0
3401,0.000,0.000,50000.000,14.941,0.000,50000.000,0
3451,7.471,-7.471,50000.000,7.471,7.471,50000.000,0
3501,-14.941,0.000,50000.000,-5767.294,-1441.823,50000.000,0
3551,0.000,7.471,50000.000,14.941,-7.471,50000.000,0
3601,44.824,14.941,50000.000,67.235,0.000,50000.000,0
3651,0.000,7.471,50000.000,0.000,0.000,50000.000,0
3701,-7.471,-14.941,50000.000,-22.412,0.000,50000.000,0
3751,-7.471,0.000,50000.000,-22.412,14.941,50000.000,0
3801,0.000,0.000,50000.000,14.941,0.000,50000.000,0
3851,14.941,-7.471,50000.000,37.353,-7.471,50000.000,0
3901,0.000,0.000,50000.000,0.000,-7.471,50000.000,0
3951,0.000,0.000,50000.000,-29.882,-7.471,50000.000,0
4001,7.471,0.000,50000.000,7.471,-7.471,50000.000,0
4051,29.882,-7.471,50000.000,44.824,-22.412,50000.000,0
4101,0.000,0.000,50000.000,-22.412,0.000,50000.000,0
4151,0.000,0.000,50000.000,0.000,-22.412,50000.000,0
4201,14.941,14.941,50000.000,37.353,-7.471,50000.000,0
4251,0.000,0.000,50000.000,-14.941,-7.471,50000.000,0
4301,-5752.353,1673.412,50000.000,-52.294,0.000,50000.000,0
4351,0.000,0.000,50000.000,7.471,0.000,50000.000,0
4401,22.412,7.471,50000.000,29.882,-7.471,50000.000,0
4451,5737.411,-1680.882,50000.000,-22.412,7.471,50000.000,0
4501,-7.471,-7.471,50000.000,-14.941,-7.471,50000.000,0
4551,14.941,7.471,50000.000,29.882,-7.471,50000.000,0
4601,14.941,7.471,50000.000,22.412,-7.471,50000.000,0
4651,-7.471,0.000,50000.000,-37.353,7.471,50000.000,0
4701,0.000,-7.471,50000.000,0.000,-7.471,50000.000,0
4751,7.471,0.000,50000.000,0.000,0.000,50000.000,0
4801,0.000,0.000,50000.000,-29.882,7.471,50000.000,0
4851,0.000,14.941,50000.000,22.412,-7.471,50000.000,0
4901,7.471,7.471,50000.000,52.294,0.000,50000.000,0
4951,0.000,0.000,50000.000,0.000,0.000,50000.000,0
5001,-7.471,0.000,50000.000,-22.412,0.000,50000.000,0
5051,0.000,1434.353,50000.000,0.000,0.000,50000.000,0
5101,7.471,0.000,50000.000,-14.941,7.471,50000.000,0
5151,-1919.941,1673.412,50000.000,-22.412,0.000,50000.000,0
5201,0.000,0.000,50002.000,7.471,7.471,50000.000,0
5251,14.941,0.000,50000.000,22.412,0.000,50000.000,0
5301,7.471,0.000,49998.000,5737.411,7.471,49999.000,0
5351,0.000,0.000,50000.000,-14.941,7.471,50000.000,0
5401,-22.412,-7.471,50000.000,-29.882,7.471,50000.000,0
5451,-7.471,14.941,50000.000,-14.941,0.000,50000.000,0
5501,22.412,22.412,50000.000,29.882,0.000,50000.000,0
5551,29.882,14.941,50000.000,37.353,0.000,50000.000,0
5601,-14.941,-7.471,50000.000,-37.353,0.000,50000.000,0
5651,-29.882,-29.882,50000.000,-67.235,22.412,50000.000,0
5701,0.000,-7.471,50000.000,-7.471,0.000,50000.000,0
5751,22.412,29.882,50000.000,37.353,-22.412,50000.000,0
5801,22.412,0.000,50000.000,44.824,-14.941,50000.000,0
5851,-7.471,0.000,50000.000,-37.353,7.471,50000.000,0
5901,-29.882,-7.471,50000.000,-52.294,14.941,50000.000,0
5951,0.000,0.000,50000.000,0.000,0.000,50000.000,0
6001,14.941,0.000,50000.000,44.824,0.000,50000.000,0
6051,5737.411,0.000,50000.000,7.471,-7.471,50000.000,0
6101,-7.471,0.000,50000.000,-37.353,14.941,50000.000,0
6151,-14.941,-7.471,50000.000,-29.882,-7.471,50000.000,0
6201,0.000,0.000,50000.000,22.412,0.000,50000.000,0
6251,7.471,0.000,50000.000,22.412,-7.471,50000.000,0
6301,7.471,0.000,50000.000,0.000,0.000,50000.000,0
6351,0.000,0.000,50000.000,0.000,0.000,50000.000,0
6401,-5744.882,0.000,50000.000,0.000,0.000,50000.000,0
6451,0.000,0.000,50000.000,14.941,-7.471,50000.000,0
6501,29.882,0.000,50000.000,22.412,0.000,50000.000,0
6551,14.941,0.000,50000.000,14.941,0.000,50000.000,0
6601,0.000,0.000,50000.000,-7.471,0.000,50000.000,0
6651,-29.882,-37.353,50000.000,-29.882,22.412,50000.000,0
6701,-14.941,-7.471,50000.000,-29.882,0.000,50000.000,0
6751,7.471,0.000,50000.000,7.471,-7.471,50000.000,0
6801,22.412,14.941,50000.000,44.824,0.000,50000.000,0
6851,0.000,0.000,50000.000,7.471,0.000,50000.000,0
6901,0.000,0.000,50000.000,-14.941,0.000,50000.000,0
6951,-14.941,1673.412,50000.000,-44.824,7.471,50000.000,0
7001,-7.471,0.000,50000.000,0.000,0.000,50000.000,0
7051,7.471,14.941,50000.000,37.353,-29.882,50000.000,0
7101,14.941,0.000,50000.000,29.882,7.471,50000.000,0
7151,0.000,0.000,50000.000,0.000,0.000,50000.000,0
7201,-7.471,-14.941,50000.000,-14.941,7.471,50000.000,0
7251,-14.941,-242906.156,50000.000,-22.412,14.941,50000.000,0
7301,-7.471,0.000,50000.000,-7.471,0.000,50000.000,0
7351,7.471,0.000,50000.000,7.471,-7.471,50000.000,0
7401,0.000,0.000,50000.000,0.000,0.000,50000.000,0
7451,0.000,0.000,50000.000,0.000,0.000,50000.000,0
7501,-22.412,-14.941,50000.000,-14.941,7.471,50000.000,0
7551,-22.412,-29.882,50000.000,-37.353,7.471,50000.000,0
7601,0.000,0.000,50000.000,-14.941,7.471,50000.000,0
7651,14.941,7.471,50000.000,37.353,0.000,50000.000,0
7701,14.941,7.471,50000.000,22.412,7.471,50000.000,0
7751,5737.411,-1688.353,50000.000,-7.471,0.000,50000.000,0
7801,-7.471,-14.941,50000.000,-22.412,7.471,50000.000,0
7851,-5744.882,-1680.882,50000.000,-22.412,14.941,50000.000,0
7901,0.000,-7.471,50000.000,-14.941,-7.471,50000.000,0
7951,0.000,-7.471,50000.000,7.471,0.000,50000.000,0
8001,0.000,0.000,50000.000,7.471,-7.471,50000.000,0
8051,0.000,0.000,50000.000,0.000,0.000,50000.000,0
8101,7.471,14.941,50000.000,0.000,0.000,50000.000,0
8151,14.941,14.941,50000.000,14.941,-7.471,50000.000,0
8201,7.471,0.000,50000.000,7.471,0.000,50000.000,0
8251,0.000,-14.941,50000.000,-14.941,7.471,50000.000,0
8301,-22.412,-37.353,50000.000,-29.882,7.471,50000.000,0
8351,0.000,0.000,50000.000,0.000,0.000,50000.000,0
8401,14.941,0.000,50000.000,14.941,7.471,50000.000,0
8451,-7.471,-7.471,50000.000,0.000,0.000,50000.000,0
8501,-7.471,-14.941,50000.000,0.000,0.000,50000.000,0
8551,0.000,-22.412,50000.000,-7.471,14.941,50000.000,0
8601,-37.353,-59.765,50000.000,-74.706,-14.941,50000.000,0
8651,-37.353,-14.941,50000.000,-29.882,0.000,50000.000,0
8701,14.941,0.000,50000.000,14.941,22.412,50000.000,0
8751,0.000,0.000,50000.000,0.000,0.000,50000.000,0
8801,14.941,7.471,50000.000,-7.471,7.471,50000.000,0
8851,0.000,-37.353,50000.000,0.000,22.412,50000.000,0
8901,-59.765,-7.471,50000.000,-52.294,-22.412,50000.000,0
8951,0.000,22.412,50000.000,-7.471,-44.824,50000.000,0
9001,67.235,59.765,50000.000,112.059,-14.941,50000.000,0
9051,59.765,29.882,50000.000,97.118,0.000,50000.000,0
9101,-7.471,0.000,50000.000,-52.294,7.471,50000.000,0
9151,-44.824,-7.471,50000.000,-59.765,7.471,50000.000,0
9201,0.000,-7.471,50000.000,0.000,0.000,50000.000,0
9251,7.471,0.000,50000.000,22.412,0.000,50000.000,0
9301,0.000,7.471,50000.000,0.000,0.000,50000.000,0
9351,0.000,0.000,50000.000,0.000,0.000,50000.000,0
9401,0.000,0.000,50000.000,0.000,0.000,50000.000,0
9451,0.000,7.471,50000.000,-14.941,-1800.412,50000.000,0
9501,0.000,7.471,50000.000,0.000,-7.471,50000.000,0
9551,14.941,7.471,50000.000,7.471,-7.471,50000.000,0
9601,0.000,0.000,50000.000,0.000,-7.471,50000.000,0
9651,0.000,0.000,50000.000,0.000,0.000,50000.000,0
9701,5737.411,-1441.823,50000.000,0.000,0.000,50000.000,0
9751,-14.941,-7.471,50000.000,-22.412,7.471,50000.000,0
9801,-14.941,0.000,50000.000,-14.941,0.000,50000.000,0
9851,0.000,0.000,50000.000,14.941,0.000,50000.000,0
9901,14.941,7.471,50000.000,29.882,0.000,50000.000,0
9951,0.000,0.000,50000.000,0.000,0.000,50000.000,0
10001,0.000,0.000,50000.000,0.000,0.000,50000.000,0
10051,-7.471,-14.941,50000.000,-37.353,-7.471,50000.000,0
10101,-14.941,7.471,50000.000,-29.882,-14.941,50000.000,0
10151,29.882,29.882,50000.000,59.765,-14.941,50000.000,0
10201,44.824,22.412,50000.000,67.235,-7.471,50000.000,0
10251,0.000,-7.471,50000.000,0.000,0.000,50000.000,0
10301,-29.882,-14.941,50000.000,-59.765,7.471,50000.000,0
10351,-29.882,-14.941,50000.000,-37.353,14.941,50000.000,0
10401,0.000,0.000,50000.000,0.000,0.000,50000.000,0
10451,22.412,7.471,50000.000,44.824,-14.941,50000.000,0
10501,7.471,0.000,50000.000,14.941,-7.471,50000.000,0
10551,0.000,0.000,50000.000,0.000,0.000,50000.000,0
10601,-14.941,-7.471,50000.000,-29.882,14.941,50000.000,0
10651,-37.353,-37.353,50000.000,-29.882,7.471,50000.000,0
10701,0.000,0.000,50000.000,0.000,-14.941,50000.000,0
10751,7.471,0.000,50000.000,14.941,0.000,50000.000,0
10801,14.941,14.941,50000.000,14.941,-14.941,50000.000,0
10851,0.000,14.941,50000.000,0.000,0.000,50000.000,0
10901,22.412,82.176,50000.000,22.412,0.000,50000.000,0
10951,37.353,52.294,50000.000,52.294,0.000,50000.000,0
11001,52.294,-7.471,50000.000,97.118,-14.941,50000.000,0
11051,0.000,-29.882,50000.000,-14.941,0.000,50000.000,0
11101,-74.706,-59.765,50000.000,-119.529,0.000,50000.000,0
11151,-37.353,-22.412,50000.000,-44.824,0.000,50000.000,0
11201,7.471,0.000,50000.000,44.824,-14.941,50000.000,0
11251,44.824,14.941,50000.000,44.824,0.000,50000.000,0
11301,0.000,7.471,50000.000,-22.412,0.000,50000.000,0
11351,-14.941,7.471,50000.000,-14.941,-7.471,50000.000,0
11401,7.471,0.000,50000.000,14.941,7.471,50000.000,0
11451,5737.411,1673.412,50000.000,7.471,7.471,50000.000,0
11501,-22.412,0.000,50000.000,-44.824,-7.471,50000.000,0
11551,7.471,22.412,50000.000,44.824,-52.294,50000.000,0
11601,67.235,44.824,50000.000,119.529,0.000,50000.000,0
11651,22.412,7.471,50000.000,22.412,0.000,50000.000,0
11701,-7.471,0.000,50000.000,-44.824,14.941,50000.000,0
11751,0.000,-7.471,50000.000,14.941,59.765,50000.000,0
11801,22.412,22.412,50000.000,14.941,7.471,50000.000,0
11851,134.471,358.588,50000.000,276.412,381.000,50000.000,0
11901,485.588,-14.941,50000.000,485.588,29.882,50000.000,0
11951,455.706,-164.353,50000.000,283.882,-231.588,50000.000,0
12001,291.353,-254.000,50000.000,306.294,-530.412,50000.000,0
12051,37.353,-448.235,50000.000,-149.412,-291.353,50000.000,0
12101,-246.529,-627.529,50000.000,-508.000,7.471,50000.000,0
12151,-388.471,-530.412,50000.000,-575.235,127.000,50000.000,0
12201,-336.176,-351.118,50000.000,-485.588,7.471,50000.000,0
12251,-239.059,-261.471,50000.000,-388.471,29.882,50000.000,0
12301,-254.000,-291.353,50000.000,-328.706,149.412,50000.000,0
12351,-336.176,-440.765,50000.000,-448.235,194.235,50000.000,0
12401,-418.353,-687.294,50000.000,-575.235,-37.353,50000.000,0
12451,-171.824,-321.235,50000.000,-239.059,-134.471,50000.000,0
12501,149.412,-14.941,50000.000,149.412,-358.588,50000.000,0
12551,485.588,22.412,50000.000,463.176,-814.294,50000.000,0
12601,343.647,82.176,50000.000,478.118,-605.118,50000.000,0
12651,328.706,-328.706,50000.000,239.059,-754.529,50000.000,0
12701,-82.176,-649.941,50000.000,-186.765,-156.882,50000.000,0
12751,-410.882,-874.059,50000.000,-605.118,-59.765,50000.000,0
12801,-575.235,-1001.059,50000.000,-881.529,-186.765,50000.000,0
12851,-657.412,-956.235,50000.000,-1038.412,0.000,50000.000,0
12901,-470.647,-530.412,50000.000,-687.294,44.824,50000.000,0
12951,-22.412,14.941,50000.000,37.353,14.941,50000.000,0
13001,336.176,448.235,50000.000,433.294,-149.412,50000.000,0
13051,336.176,351.118,50000.000,433.294,-149.412,50000.000,0
13101,246.529,246.529,50000.000,425.823,-37.353,50000.000,0
13151,239.059,313.765,50000.000,418.353,52.294,50000.000,0
13201,418.353,747.059,50000.000,612.588,508.000,50000.000,0
13251,620.059,963.706,50000.000,971.176,791.882,50000.000,0
13301,881.529,1352.176,50000.000,1262.529,373.529,50000.000,0
13351,1240.118,1643.529,50000.000,2017.059,52.294,50000.000,0
13401,1352.176,1359.647,50000.000,2017.059,-59.765,50000.000,0
13451,1113.118,776.941,50000.000,1516.529,-59.765,50000.000,0
13501,926.353,283.882,50000.000,1105.647,-14.941,50000.000,0
13551,522.941,-179.294,50000.000,508.000,89.647,50000.000,0
13601,298.824,-313.765,50000.000,276.412,52.294,50000.000,0
13651,-156.882,366.059,50000.000,-29.882,1135.529,50000.000,0
13701,-605.118,1113.118,50000.000,-134.471,2487.706,50000.000,0
13751,-679.823,1284.941,50000.000,-97.118,2330.823,50000.000,0
13801,-889.000,1598.706,50000.000,-141.941,2263.588,50000.000,0
13851,-1606.176,2540.000,50000.000,-642.471,3683.000,50000.000,0
13901,-2061.882,2188.882,50000.000,-896.471,4049.059,50000.000,0
13951,-1792.941,291.353,50000.000,-1479.176,2704.353,50000.000,0
14001,-1255.059,-1538.941,50000.000,-1598.706,2831.353,50000.000,0
14051,-1621.118,403.412,50000.000,-1479.176,3070.412,50000.000,0
14101,-2442.882,1987.176,50000.000,-1471.706,3279.588,50000.000,0
14151,-2928.470,1090.706,50000.000,-2637.117,3003.176,50000.000,0
14201,-2831.353,-201.706,50000.000,-3160.059,1426.882,50000.000,0
14251,-2786.529,-1247.588,50000.000,-3660.588,-171.824,50000.000,0
14301,-3077.882,-1359.647,50000.000,-4908.176,-194.235,50000.000,0
14351,-4706.470,-829.235,50000.000,-5580.529,156.882,50000.000,0
14401,-5446.059,-814.294,50000.000,-6947.646,59.765,50000.000,0
14451,-6379.882,-1240.118,50000.000,-8688.294,268.941,50000.000,0
14501,-7620.000,-836.706,50000.000,-9480.176,724.647,50000.000,0
14551,-8187.764,-881.529,50000.000,-10533.528,649.941,50000.000,0
14601,-8710.705,-1494.118,50000.000,-12169.588,971.176,50000.000,0
14651,-10929.470,-1830.294,50000.000,-13013.764,2540.000,50000.000,0
14701,-12079.940,-1733.176,50000.000,-13484.411,3959.411,50000.000,0
14751,-12042.588,-2943.412,50000.000,-14545.234,2659.529,50000.000,0
14801,-12460.940,-4437.529,50000.000,-15703.176,986.118,50000.000,0
14851,-11422.528,-3750.235,50000.000,-15957.176,545.353,50000.000,0
14901,-11624.234,-2883.647,50000.000,-15232.528,537.882,50000.000,0
14951,-11504.705,-388.471,50000.000,-13170.646,493.059,50000.000,0
15001,-8927.353,2054.412,50000.000,-10496.176,-552.823,50000.000,0
15051,-7089.588,3152.588,50000.000,-7776.882,-2876.176,50000.000,0
15101,-5468.470,2510.117,50000.000,-6342.529,-3877.235,50000.000,0
15151,-4385.235,1583.765,50000.000,-4310.529,-1083.235,50000.000,0
15201,-4340.412,-649.941,50000.000,-4609.353,-575.235,50000.000,0
15251,-4796.117,-4019.176,50000.000,-5976.470,-732.118,50000.000,0
15301,-4288.117,-5729.941,50000.000,-6641.353,-1740.647,50000.000,0
15351,-3451.412,-6447.117,50000.000,-5856.941,-2495.176,50000.000,0
15401,-3204.882,-6506.882,50000.000,-4684.059,-926.353,50000.000,0
15451,-2300.941,-4527.176,50000.000,-3615.764,44.824,50000.000,0
15501,-1382.059,-2457.823,50000.000,-1875.118,410.882,50000.000,0
15551,7.471,433.294,50000.000,440.765,1314.823,50000.000,0
15601,2203.823,3742.764,50000.000,4034.117,1748.118,50000.000,0
15651,4639.235,5065.059,50000.000,6768.353,403.412,50000.000,0
15701,6910.293,4908.176,50000.000,8411.882,-403.412,50000.000,0
15751,8852.646,4489.823,50000.000,9203.764,351.118,50000.000,0
15801,9293.411,3279.588,50000.000,10712.823,1172.882,50000.000,0
15851,10675.470,3048.000,50000.000,12520.705,418.353,50000.000,0
15901,12558.058,3399.117,50000.000,13514.293,-821.765,50000.000,0
15951,12909.176,3197.412,50000.000,14873.940,-1083.235,50000.000,0
16001,13237.882,3234.764,50000.000,17279.469,-836.706,50000.000,0
16051,14171.705,3556.000,50000.000,18190.881,-395.941,50000.000,0
16101,12849.411,2046.941,50000.000,18504.646,-381.000,50000.000,0
16151,12408.646,1217.706,50000.000,18093.764,-448.235,50000.000,0
16201,12931.587,941.294,50000.000,17331.764,-776.941,50000.000,0
16251,11937.999,769.471,50000.000,16465.176,-89.647,50000.000,0
16301,11168.528,403.412,50000.000,14470.528,-29.882,50000.000,0
16351,8919.882,358.588,50000.000,12408.646,1187.823,50000.000,0
16401,6925.235,896.471,50000.000,10286.999,3414.059,50000.000,0
16451,4011.706,224.118,50000.000,5715.000,3810.000,50000.000,0
16501,388.471,-298.824,50000.000,762.000,1987.176,50000.000,0
16551,-321.235,963.706,50000.000,-104.588,590.176,50000.000,0
16601,-762.000,1456.765,50000.000,-433.294,866.588,50000.000,0
16651,-1613.647,1972.235,50000.000,-881.529,1994.647,50000.000,0
16701,-2577.353,1172.882,50000.000,-2032.000,3062.941,50000.000,0
16751,-3189.941,-149.412,50000.000,-3197.412,3376.706,50000.000,0
16801,-3511.176,-1157.941,50000.000,-3675.529,2928.470,50000.000,0
16851,-3272.117,-1359.647,50000.000,-4056.529,2756.647,50000.000,0
16901,-3324.412,-1128.059,50000.000,-4676.588,2286.000,50000.000,0
16951,-4474.882,-1830.294,50000.000,-5356.412,1755.588,50000.000,0
17001,-4512.235,-1456.765,50000.000,-6305.176,1359.647,50000.000,0
17051,-5356.412,-597.647,50000.000,-6872.941,2980.764,50000.000,0
17101,-7336.117,-829.235,50000.000,-8045.823,4840.941,50000.000,0
17151,-8621.059,-2323.353,50000.000,-9136.528,5475.941,50000.000,0
17201,-8449.234,-3989.294,50000.000,-10204.823,5849.470,50000.000,0
17251,-9024.470,-5162.176,50000.000,-10667.999,4915.646,50000.000,0
17301,-8494.059,-4564.529,50000.000,-10070.353,3272.117,50000.000,0
17351,-8277.411,-1277.470,50000.000,-9651.999,1030.941,50000.000,0
17401,-8269.940,1352.176,50000.000,-8673.353,2046.941,50000.000,0
17451,-8875.059,-351.118,50000.000,-9734.176,2921.000,50000.000,0
17501,-9218.705,-1329.765,50000.000,-11706.411,4303.059,50000.000,0
17551,-11332.882,-455.706,50000.000,-11997.764,5550.646,50000.000,0
17601,-12797.117,-1247.588,50000.000,-14164.234,6536.764,50000.000,0
17651,-14844.058,-2278.529,50000.000,-17144.998,7866.529,50000.000,0
17701,-17750.117,-2973.294,50000.000,-18795.998,8576.234,50000.000,0
17751,-18579.352,-4699.000,50000.000,-21672.176,7993.529,50000.000,0
17801,-19550.527,-4265.706,50000.000,-23621.998,6641.353,50000.000,0
17851,-18975.293,-2808.941,50000.000,-24944.293,5827.059,50000.000,0
17901,-17892.057,-5236.882,50000.000,-26669.998,3003.176,50000.000,0
17951,-16517.469,-7806.764,50000.000,-28888.764,1307.353,50000.000,0
18001,-15583.646,-6701.117,50000.000,-25131.057,2315.882,50000.000,0
18051,-16143.940,-4041.588,50000.000,-21619.881,3287.059,50000.000,0
18101,-16547.352,-2420.470,50000.000,-20536.646,2734.235,50000.000,0
18151,-15897.411,-4669.117,50000.000,-19811.998,3847.353,50000.000,0
18201,-15830.176,-3847.353,50000.000,-19035.057,5251.823,50000.000,0
18251,-16300.822,-3339.353,50000.000,-18713.822,5177.117,50000.000,0
18301,-15710.646,-3727.823,50000.000,-18781.057,3981.823,50000.000,0
18351,-15957.176,-1307.353,50000.000,-16838.705,3227.294,50000.000,0
18401,-14044.705,1210.235,50000.000,-14552.705,2891.117,50000.000,0
18451,-11654.117,1740.647,50000.000,-13678.646,22.412,50000.000,0
18501,-11340.353,-567.765,50000.000,-13461.999,-4407.647,50000.000,0
18551,-10503.646,-2629.647,50000.000,-13237.882,-5214.470,50000.000,0
18601,-9995.646,-3899.647,50000.000,-12767.234,-5251.823,50000.000,0
18651,-9293.411,-4997.823,50000.000,-12050.058,-2480.235,50000.000,0
18701,-7082.117,-4191.000,50000.000,-8972.176,276.412,50000.000,0
18751,-3727.823,-1583.765,50000.000,-4355.353,1247.588,50000.000,0
18801,-328.706,1718.235,50000.000,149.412,769.471,50000.000,0
18851,2159.000,3899.647,50000.000,3511.176,-89.647,50000.000,0
18901,4303.059,4938.059,50000.000,6290.235,-657.412,50000.000,0
18951,5498.353,3339.353,50000.000,6559.176,-1867.647,50000.000,0
19001,5640.294,194.235,50000.000,5812.117,-3145.117,50000.000,0
19051,4370.294,-2726.764,50000.000,3473.823,-1516.529,50000.000,0
19101,2420.470,-4803.588,50000.000,948.765,478.118,50000.000,0
19151,1344.706,-5057.588,50000.000,283.882,717.176,50000.000,0
19201,1890.059,-4474.882,50000.000,881.529,194.235,50000.000,0
19251,2375.647,-4161.117,50000.000,1128.059,-351.118,50000.000,0
19301,2375.647,-4743.823,50000.000,1382.059,-1329.765,50000.000,0
19351,2554.941,-5363.882,50000.000,575.235,-3884.706,50000.000,0
19401,3070.412,-6133.353,50000.000,956.235,-10115.176,50000.000,0
19451,3533.588,-8195.234,50000.000,127.000,-8748.059,50000.000,0
19501,1075.765,-6424.706,50000.000,-717.176,-2300.941,50000.000,0
19551,-791.882,-3907.117,50000.000,-1464.235,642.471,50000.000,0
19601,-567.765,-6708.588,50000.000,-2196.353,-500.529,50000.000,0
19651,-59.765,-12102.353,50000.000,-3570.941,-4318.000,50000.000,0
19701,963.706,-8889.999,50000.000,-1695.823,-8240.059,50000.000,0
19751,1516.529,-4138.706,50000.000,22.412,-9158.940,50000.000,0
19801,1583.765,-6529.293,50000.000,-254.000,-4631.764,50000.000,0
19851,-590.176,-5184.588,50000.000,-2114.176,-194.235,50000.000,0
19901,-2106.706,-4183.529,50000.000,-2868.706,717.176,50000.000,0
19951,-1553.882,-7351.058,50000.000,-3309.470,-2398.059,50000.000,0
20001,-343.647,-7134.411,50000.000,-3421.529,-8979.646,50000.000,0
20051,194.235,-4273.176,50000.000,-971.176,-8748.059,50000.000,0
20101,762.000,-4654.176,50000.000,-911.412,-10159.999,50000.000,0
20151,724.647,-6932.706,50000.000,-1352.176,-5490.882,50000.000,0
20201,-769.471,-6589.059,50000.000,-3578.412,-6110.941,50000.000,0
20251,-336.176,-8725.646,50000.000,-3668.059,-8516.470,50000.000,0
20301,74.706,-6985.000,50000.000,-3989.294,-8919.882,50000.000,0
20351,-201.706,-2973.294,50000.000,-1404.470,-8546.353,50000.000,0
20401,246.529,-4340.412,50000.000,-1860.176,-9913.470,50000.000,0
20451,-410.882,-6753.411,50000.000,-3832.412,-6200.588,50000.000,0
20501,-2129.117,-6275.293,50000.000,-4676.588,-2024.529,50000.000,0
20551,-2338.294,-8359.588,50000.000,-5356.412,-2472.765,50000.000,0
20601,-1411.941,-8172.823,50000.000,-6021.294,-6947.646,50000.000,0
20651,-1120.588,-3025.588,50000.000,-3563.470,-6917.764,50000.000,0
20701,-328.706,-336.176,50000.000,-1583.765,-5916.706,50000.000,0
20751,298.824,-1195.294,50000.000,-776.941,-7926.293,50000.000,0
20801,156.882,-3951.941,50000.000,-1651.000,-4445.000,50000.000,0
20851,-1195.294,-4004.235,50000.000,-2547.470,-2024.529,50000.000,0
20901,-1845.235,-3563.470,50000.000,-2838.823,-627.529,50000.000,0
20951,-2338.294,-4885.764,50000.000,-4026.647,-1143.000,50000.000,0
21001,-2039.470,-6790.764,50000.000,-5042.646,-3137.647,50000.000,0
21051,-1456.765,-7141.882,50000.000,-5281.706,-5894.294,50000.000,0
21101,-2129.117,-4818.529,50000.000,-4347.882,-4624.294,50000.000,0
21151,-1419.412,-1800.412,50000.000,-2330.823,-1128.059,50000.000,0
21201,-381.000,-2278.529,50000.000,-1456.765,-4205.941,50000.000,0
21251,171.824,-5423.646,50000.000,-2345.765,-9472.705,50000.000,0
21301,-567.765,-6596.529,50000.000,-3302.000,-6193.117,50000.000,0
21351,-2271.059,-5416.176,50000.000,-4019.176,-560.294,50000.000,0
21401,-2704.353,-4086.411,50000.000,-4288.117,478.118,50000.000,0
21451,-2300.941,-5386.294,50000.000,-3824.941,-395.941,50000.000,0
21501,-1374.588,-7380.941,50000.000,-4519.706,-3249.706,50000.000,0
21551,-1247.588,-4953.000,50000.000,-3862.294,-4684.059,50000.000,0
21601,-956.235,-1852.706,50000.000,-2450.353,-3854.823,50000.000,0
21651,-306.294,-1486.647,50000.000,-1591.235,-3324.412,50000.000,0
21701,112.059,-1135.529,50000.000,-889.000,-6230.470,50000.000,0
21751,657.412,-1710.765,50000.000,-649.941,-10354.234,50000.000,0
21801,231.588,-3817.470,50000.000,-1598.706,-6110.941,50000.000,0
21851,-1486.647,-2084.294,50000.000,-2883.647,-127.000,50000.000,0
21901,-1389.529,-1583.765,50000.000,-1531.470,522.941,50000.000,0
21951,-1352.176,-2263.588,50000.000,-2614.706,-635.000,50000.000,0
22001,-1561.353,-2188.882,50000.000,-2569.882,-186.765,50000.000,0
22051,-859.118,-1703.294,50000.000,-1359.647,-612.588,50000.000,0
22101,-366.059,-3122.706,50000.000,-1449.294,-2024.529,50000.000,0
22151,-67.235,-5102.412,50000.000,-2398.059,-5363.882,50000.000,0
22201,410.882,-5729.941,50000.000,-1613.647,-10152.528,50000.000,0
22251,515.471,-3869.764,50000.000,-1292.412,-11639.176,50000.000,0
22301,-433.294,-5483.412,50000.000,-1852.706,-4564.529,50000.000,0
22351,-2226.235,-3944.470,50000.000,-4631.764,29.882,50000.000,0
22401,-3077.882,-4430.059,50000.000,-4138.706,1045.882,50000.000,0
22451,-2450.353,-6566.646,50000.000,-5371.353,-283.882,50000.000,0
22501,-1187.823,-7082.117,50000.000,-5207.000,-5050.117,50000.000,0
22551,-694.765,-4497.294,50000.000,-3832.412,-8972.176,50000.000,0
22601,-306.294,-1090.706,50000.000,-1486.647,-6932.706,50000.000,0
22651,141.941,-1733.176,50000.000,-590.176,-8337.176,50000.000,0
22701,-149.412,-5431.117,50000.000,-2846.294,-6387.353,50000.000,0
22751,-1658.470,-4220.882,50000.000,-3451.412,-1972.235,50000.000,0
22801,-2345.765,-2315.882,50000.000,-3473.823,-37.353,50000.000,0
22851,-2144.059,-3556.000,50000.000,-3331.882,-620.059,50000.000,0
22901,-2353.235,-6088.529,50000.000,-3884.706,-1643.529,50000.000,0
22951,-1277.470,-6641.353,50000.000,-3884.706,-4250.765,50000.000,0
23001,-709.706,-4086.411,50000.000,-2495.176,-4900.706,50000.000,0
23051,-276.412,-2988.235,50000.000,-1382.059,-3884.706,50000.000,0
23101,149.412,-2002.118,50000.000,-508.000,-2659.529,50000.000,0
23151,821.765,-1247.588,50000.000,-119.529,-5931.646,50000.000,0
23201,2091.765,-4340.412,50000.000,-201.706,-8344.646,50000.000,0
23251,844.176,-5050.117,50000.000,-164.353,-2338.294,50000.000,0
23301,-1113.118,-3062.941,50000.000,-1531.470,59.765,50000.000,0
23351,-1867.647,-2114.176,50000.000,-2353.235,1411.941,50000.000,0
23401,-2293.470,-1964.765,50000.000,-2734.235,993.588,50000.000,0
23451,-1486.647,-1344.706,50000.000,-2106.706,-470.647,50000.000,0
23501,-926.353,-2345.765,50000.000,-1636.059,-1942.353,50000.000,0
23551,97.118,-4564.529,50000.000,-1090.706,-4609.353,50000.000,0
23601,881.529,-4422.588,50000.000,-814.294,-7739.529,50000.000,0
23651,911.412,-1344.706,50000.000,-186.765,-7963.646,50000.000,0
23701,769.471,-44.824,50000.000,-14.941,-9196.294,50000.000,0
23751,1934.882,-3630.706,50000.000,-37.353,-10040.470,50000.000,0
23801,814.294,-4960.470,50000.000,-889.000,-5042.646,50000.000,0
23851,-141.941,-4616.823,50000.000,-1359.647,-2465.294,50000.000,0
23901,-575.235,-5842.000,50000.000,-2286.000,-1755.588,50000.000,0
23951,-313.765,-7246.470,50000.000,-2480.235,-3623.235,50000.000,0
24001,418.353,-4093.882,50000.000,-1546.412,-6940.176,50000.000,0
24051,276.412,881.529,50000.000,0.000,-4489.823,50000.000,0
24101,702.235,2980.764,50000.000,1486.647,-2181.412,50000.000,0
24151,2106.706,799.353,50000.000,1546.412,-3451.412,50000.000,0
24201,2562.412,-2002.118,50000.000,1008.529,-7216.588,50000.000,0
24251,3182.470,-5050.117,50000.000,29.882,-6462.059,50000.000,0
24301,1688.353,-5214.470,50000.000,-97.118,-2181.412,50000.000,0
24351,1128.059,-5012.764,50000.000,351.118,-2958.353,50000.000,0
24401,2532.529,-4579.470,50000.000,156.882,-5386.294,50000.000,0
24451,1232.647,-1710.765,50000.000,209.176,-2159.000,50000.000,0
24501,119.529,-425.823,50000.000,276.412,-52.294,50000.000,0
24551,-358.588,-1083.235,50000.000,-702.235,-112.059,50000.000,0
24601,-582.706,-941.294,50000.000,-859.118,-500.529,50000.000,0
24651,37.353,-261.471,50000.000,-82.176,-582.706,50000.000,0
24701,552.823,-687.294,50000.000,119.529,-1837.765,50000.000,0
24751,1509.059,-2375.647,50000.000,-67.235,-5588.000,50000.000,0
24801,1688.353,-3727.823,50000.000,-298.824,-5991.411,50000.000,0
24851,29.882,-3914.588,50000.000,-1105.647,-2173.941,50000.000,0
24901,-1389.529,-3533.588,50000.000,-2218.765,7.471,50000.000,0
24951,-1449.294,-4474.882,50000.000,-2226.235,-321.235,50000.000,0
25001,-1128.059,-4908.176,50000.000,-3048.000,-1591.235,50000.000,0
25051,-2622.176,-3518.647,50000.000,-3765.176,-395.941,50000.000,0
25101,-2921.000,-1695.823,50000.000,-3735.294,381.000,50000.000,0
25151,-2099.235,37.353,50000.000,-2039.470,-358.588,50000.000,0
25201,-635.000,776.941,50000.000,-1016.000,-3137.647,50000.000,0
25251,209.176,4019.176,50000.000,268.941,-4504.764,50000.000,0
25301,1509.059,4400.176,50000.000,2368.176,-5558.117,50000.000,0
25351,2689.412,493.059,50000.000,1143.000,-8411.882,50000.000,0
25401,2674.470,-3189.941,50000.000,971.176,-6701.117,50000.000,0
25451,2196.353,-5214.470,50000.000,239.059,-5184.588,50000.000,0
25501,1210.235,-7044.764,50000.000,-373.529,-3772.647,50000.000,0
25551,672.353,-7403.353,50000.000,-1262.529,-3668.059,50000.000,0
25601,537.882,-2838.823,50000.000,-791.882,-5573.059,50000.000,0
25651,664.882,1075.765,50000.000,784.412,-1337.235,50000.000,0
25701,1337.235,1710.765,50000.000,2136.588,-67.235,50000.000,0
25751,605.118,-239.059,50000.000,754.529,358.588,50000.000,0
25801,-679.823,-2076.823,50000.000,-1389.529,560.294,50000.000,0
25851,-1665.941,-2622.176,50000.000,-2315.882,156.882,50000.000,0
25901,-1419.412,-1755.588,50000.000,-2039.470,-29.882,50000.000,0
25951,-455.706,-283.882,50000.000,-702.235,59.765,50000.000,0
26001,1045.882,1471.706,50000.000,1486.647,-239.059,50000.000,0
26051,2629.647,3727.823,50000.000,3869.764,-373.529,50000.000,0
26101,4146.176,3182.470,50000.000,5468.470,-2256.117,50000.000,0
26151,4848.412,1471.706,50000.000,4975.412,-3503.706,50000.000,0
26201,4310.529,351.118,50000.000,4355.353,-3324.412,50000.000,0
26251,2913.529,-433.294,50000.000,2995.706,-2099.235,50000.000,0
26301,2054.412,-1277.470,50000.000,1680.882,-1785.470,50000.000,0
26351,881.529,-1725.706,50000.000,493.059,-1247.588,50000.000,0
26401,-649.941,-2988.235,50000.000,-1426.882,-582.706,50000.000,0
26451,-1426.882,-4661.647,50000.000,-3354.294,-2159.000,50000.000,0
26501,-1314.823,-7702.176,50000.000,-3974.353,-3137.647,50000.000,0
26551,-896.471,-10451.353,50000.000,-4601.882,-3414.059,50000.000,0
26601,-358.588,-5109.882,50000.000,-2876.176,-6297.706,50000.000,0
26651,239.059,-276.412,50000.000,-388.471,-6671.235,50000.000,0
26701,941.294,1277.470,50000.000,605.118,-8523.940,50000.000,0
26751,1426.882,-1397.000,50000.000,635.000,-7328.646,50000.000,0
26801,-149.412,-2801.470,50000.000,-1621.118,-2330.823,50000.000,0
26851,-1449.294,-2532.529,50000.000,-2151.529,89.647,50000.000,0
26901,-1703.294,-4123.765,50000.000,-3167.529,-1053.353,50000.000,0
26951,-1845.235,-5461.000,50000.000,-4250.765,-2816.412,50000.000,0
27001,-694.765,-8172.823,50000.000,-3966.882,-8001.000,50000.000,0
27051,425.823,-10167.470,50000.000,-3862.294,-14926.234,50000.000,0
27101,-560.294,-4572.000,50000.000,-2764.117,-6170.706,50000.000,0
27151,-769.471,-1688.353,50000.000,-1075.765,67.235,50000.000,0
27201,-1344.706,-2360.706,50000.000,-1852.706,-22.412,50000.000,0
27251,-1411.941,-3765.176,50000.000,-2861.235,-97.118,50000.000,0
27301,-1262.529,-5827.059,50000.000,-3742.764,-2151.529,50000.000,0
27351,-455.706,-7911.353,50000.000,-3578.412,-5446.059,50000.000,0
27401,-104.588,-6813.176,50000.000,-3077.882,-9674.411,50000.000,0
27451,186.765,-2935.941,50000.000,-1583.765,-10503.646,50000.000,0
27501,97.118,-3092.823,50000.000,-1083.235,-7956.176,50000.000,0
27551,-881.529,-4893.235,50000.000,-3189.941,-3145.117,50000.000,0
27601,-2188.882,-3406.588,50000.000,-3660.588,-806.823,50000.000,0
27651,-1441.823,-2891.117,50000.000,-2383.117,-620.059,50000.000,0
27701,-1680.882,-3182.470,50000.000,-2898.588,-814.294,50000.000,0
27751,-1486.647,-3675.529,50000.000,-2988.235,-1486.647,50000.000,0
27801,-1053.353,-5192.059,50000.000,-3436.470,-3070.412,50000.000,0
27851,-1449.294,-3570.941,50000.000,-4071.470,-3817.470,50000.000,0
27901,-2099.235,-2965.823,50000.000,-3683.000,-2338.294,50000.000,0
27951,-1957.294,-2607.235,50000.000,-3189.941,-754.529,50000.000,0
28001,-1441.823,-1329.765,50000.000,-2741.706,-141.941,50000.000,0
28051,-926.353,-717.176,50000.000,-1367.118,-478.118,50000.000,0
28101,-328.706,-2076.823,50000.000,-1165.412,-1927.412,50000.000,0
28151,-552.823,-2024.529,50000.000,-1905.000,-1875.118,50000.000,0
28201,-903.941,-1456.765,50000.000,-1553.882,-1053.353,50000.000,0
28251,-739.588,-1105.647,50000.000,-1516.529,-1143.000,50000.000,0
28301,-866.588,-1075.765,50000.000,-1277.470,-485.588,50000.000,0
28351,-687.294,-724.647,50000.000,-1128.059,44.824,50000.000,0
28401,-209.176,-351.118,50000.000,-313.765,22.412,50000.000,0
28451,-44.824,-134.471,50000.000,-37.353,22.412,50000.000,0
28501,-164.353,-134.471,50000.000,-328.706,82.176,50000.000,0
28551,-478.118,-649.941,50000.000,-679.823,29.882,50000.000,0
28601,-567.765,-254.000,50000.000,-747.059,276.412,50000.000,0
28651,-186.765,-478.118,50000.000,-171.824,-7.471,50000.000,0
28701,-67.235,0.000,50000.000,-141.941,97.118,50000.000,0
28751,22.412,82.176,50000.000,52.294,-7.471,50000.000,0
28801,-14.941,-89.647,50000.000,0.000,-14.941,50000.000,0
28851,-14.941,-127.000,50000.000,22.412,14.941,50000.000,0
28901,-7.471,-7.471,50000.000,0.000,-14.941,50000.000,0
28951,-7.471,-29.882,50000.000,5737.411,-14.941,50000.000,0
29001,0.000,119.529,50000.000,-14.941,0.000,50000.000,0
29051,0.000,0.000,50000.000,-7.471,0.000,50000.000,0
29101,0.000,-52.294,50000.000,0.000,0.000,50000.000,0
29151,22.412,0.000,50000.000,7.471,7.471,50000.000,0
29201,-7.471,-37.353,50000.000,0.000,0.000,50000.000,0
29251,-14.941,-44.824,50000.000,0.000,-14.941,50000.000,0
29301,0.000,29.882,50000.000,0.000,-1860.176,50000.000,0
29351,-7.471,0.000,50000.000,0.000,1673.412,50000.000,0
29401,-7.471,0.000,50000.000,0.000,0.000,50000.000,0
29451,7.471,119.529,50000.000,0.000,0.000,50000.000,0
29501,0.000,-22.412,50000.000,0.000,-22.412,50000.000,0
29551,0.000,-22.412,50000.000,14.941,7.471,50000.000,0
29601,-7.471,52.294,50000.000,5737.411,0.000,50000.000,0
29651,0.000,29.882,50000.000,-7.471,0.000,50000.000,0
29701,0.000,-29.882,50000.000,0.000,0.000,50000.000,0
29751,7.471,119.529,50000.000,0.000,0.000,50000.000,0
29801,0.000,-22.412,50000.000,0.000,0.000,50000.000,0
29851,0.000,-82.176,50000.000,7.471,0.000,50000.000,0
29901,-7.471,97.118,50000.000,0.000,0.000,50000.000,0
29951,0.000,0.000,50000.000,-7.471,0.000,50000.000,0
30001,0.000,-29.882,50000.000,0.000,0.000,50000.000,0
30051,0.000,-14.941,50000.000,7.471,0.000,50000.000,0
30101,0.000,0.000,50000.000,0.000,0.000,50000.000,0
30151,0.000,7.471,50000.000,0.000,0.000,50000.000,0
30201,0.000,-22.412,50000.000,0.000,0.000,50000.000,0
30251,0.000,-22.412,50000.000,0.000,0.000,50000.000,0
30301,0.000,89.647,50000.000,0.000,0.000,50000.000,0
30351,7.471,14.941,50000.000,0.000,-7.471,50000.000,0
30401,0.000,-7.471,50000.000,7.471,0.000,50000.000,0
30451,0.000,0.000,50000.000,0.000,0.000,50000.000,0
30501,0.000,-7.471,50000.000,0.000,0.000,50000.000,0
30551,0.000,0.000,50000.000,0.000,0.000,50000.000,0
30601,7.471,59.765,50000.000,0.000,5737.411,50000.000,0
30651,0.000,0.000,50000.000,0.000,-14.941,50000.000,0
30701,0.000,-14.941,50000.000,0.000,0.000,50000.000,0
30751,0.000,7.471,50000.000,0.000,0.000,50000.000,0
30801,22.412,52.294,50000.000,0.000,0.000,50000.000,0
30851,0.000,0.000,50000.000,0.000,0.000,50000.000,0
30901,0.000,-44.824,50000.000,0.000,0.000,50000.000,0
30951,0.000,0.000,50000.000,0.000,-7.471,50000.000,0
31001,0.000,97.118,50000.000,0.000,-22.412,50000.000,0
31051,0.000,0.000,50000.000,52.294,-82.176,50000.000,0
31101,59.765,127.000,50000.000,82.176,-112.059,50000.000,0
31151,104.588,209.176,50000.000,141.941,-149.412,50000.000,0
31201,44.824,74.706,50000.000,44.824,-67.235,50000.000,0
31251,7.471,22.412,50000.000,7.471,0.000,50000.000,0
31301,0.000,0.000,50000.000,7.471,0.000,50000.000,0
31351,14.941,59.765,50000.000,37.353,-37.353,50000.000,0
31401,7.471,-134.471,50000.000,7.471,-239.059,50000.000,0
31451,-82.176,-141.941,50000.000,-156.882,-209.176,50000.000,0
31501,7.471,216.647,50000.000,-89.647,0.000,50000.000,0
31551,0.000,112.059,50000.000,0.000,22.412,50000.000,0
31601,-29.882,-59.765,50000.000,0.000,0.000,50000.000,0
31651,-22.412,-194.235,50000.000,0.000,-186.765,50000.000,0
31701,-29.882,-590.176,50000.000,-82.176,-679.823,50000.000,0
31751,22.412,-941.294,50000.000,-276.412,-1038.412,50000.000,0
31801,-104.588,-769.471,50000.000,-590.176,-1090.706,50000.000,0
31851,-508.000,-911.412,50000.000,-903.941,-552.823,50000.000,0
31901,-717.176,-1113.118,50000.000,-1150.470,0.000,50000.000,1
31951,-776.941,-1098.176,50000.000,-1090.706,186.765,50000.000,1
32001,-672.353,-866.588,50000.000,-986.118,164.353,50000.000,0
32051,-567.765,-455.706,50000.000,-754.529,470.647,50000.000,0
32101,-343.647,-709.706,50000.000,-366.059,22.412,50000.000,0
32151,-694.765,-1255.059,50000.000,-1113.118,-119.529,50000.000,0
32201,-1284.941,-1643.529,50000.000,-2159.000,298.824,50000.000,0
32251,-1651.000,-1621.118,50000.000,-2241.176,590.176,50000.000,0
32301,-1284.941,-1030.941,50000.000,-1456.765,664.882,50000.000,0
32351,-814.294,-769.471,50000.000,-1016.000,455.706,50000.000,0
32401,-605.118,-687.294,50000.000,-799.353,112.059,50000.000,0
32451,-515.471,-844.176,50000.000,-672.353,141.941,50000.000,0
32501,-522.941,-597.647,50000.000,-672.353,268.941,50000.000,0
32551,-448.235,-254.000,50000.000,-657.412,239.059,50000.000,0
32601,-194.235,171.824,50000.000,-119.529,366.059,50000.000,0
32651,-119.529,67.235,50000.000,-52.294,59.765,50000.000,0
32701,-67.235,22.412,50000.000,-67.235,74.706,50000.000,0
32751,-22.412,14.941,50000.000,-22.412,-22.412,50000.000,0
32801,-22.412,-112.059,50000.000,-7.471,37.353,50000.000,0
32851,-89.647,-82.176,50000.000,-194.235,67.235,50000.000,0
32901,-164.353,-127.000,50000.000,-254.000,-14.941,50000.000,0
32951,-112.059,-254.000,50000.000,-127.000,52.294,50000.000,0
33001,-224.118,-246.529,50000.000,-261.471,209.176,50000.000,0
33051,-306.294,-201.706,50000.000,-395.941,156.882,50000.000,0
33101,-179.294,-298.824,50000.000,-216.647,37.353,50000.000,0
33151,-44.824,-171.824,50000.000,-37.353,29.882,50000.000,0
33201,-67.235,-52.294,50000.000,-112.059,52.294,50000.000,0
33251,-89.647,22.412,50000.000,-89.647,67.235,50000.000,0
33301,82.176,156.882,50000.000,149.412,0.000,50000.000,0
33351,127.000,127.000,50000.000,231.588,-22.412,50000.000,0
33401,7.471,-59.765,50000.000,7.471,29.882,50000.000,0
33451,-112.059,-119.529,50000.000,-156.882,0.000,50000.000,0
33501,-127.000,-37.353,50000.000,-171.824,67.235,50000.000,0
33551,29.882,127.000,50000.000,59.765,22.412,50000.000,0
33601,112.059,149.412,50000.000,201.706,-44.824,50000.000,0
33651,7.471,-89.647,50000.000,0.000,-7.471,50000.000,0
33701,-112.059,-119.529,50000.000,-179.294,52.294,50000.000,0
33751,-112.059,-14.941,50000.000,-186.765,-7.471,50000.000,0
33801,0.000,-82.176,50000.000,22.412,0.000,50000.000,0
33851,-37.353,-89.647,50000.000,-22.412,14.941,50000.000,0
33901,-104.588,-37.353,50000.000,-156.882,-44.824,50000.000,0
33951,-22.412,-7.471,50000.000,-52.294,44.824,50000.000,0
34001,29.882,29.882,50000.000,37.353,7.471,50000.000,0
34051,7.471,-22.412,50000.000,29.882,0.000,50000.000,0
34101,-141.941,-351.118,50000.000,-134.471,7.471,50000.000,0
34151,-366.059,-605.118,50000.000,-575.235,59.765,50000.000,0
34201,-545.353,-635.000,50000.000,-986.118,74.706,50000.000,0
34251,-463.176,-679.823,50000.000,-866.588,67.235,50000.000,0
34301,-261.471,-515.471,50000.000,-664.882,67.235,50000.000,0
34351,-224.118,-231.588,50000.000,-403.412,0.000,50000.000,0
34401,-52.294,-104.588,50000.000,-67.235,-7.471,50000.000,0
34451,-52.294,-141.941,50000.000,-29.882,0.000,50000.000,0
34501,-224.118,-268.941,50000.000,-358.588,22.412,50000.000,0
34551,-358.588,-508.000,50000.000,-545.353,22.412,50000.000,0
34601,-313.765,-418.353,50000.000,-537.882,29.882,50000.000,0
34651,-149.412,-104.588,50000.000,-306.294,44.824,50000.000,0
34701,0.000,-37.353,50000.000,7.471,0.000,50000.000,0
34751,37.353,-37.353,50000.000,97.118,14.941,50000.000,0
34801,-22.412,0.000,50000.000,-37.353,0.000,50000.000,0
34851,-44.824,-82.176,50000.000,-89.647,-14.941,50000.000,0
34901,-74.706,-104.588,50000.000,-104.588,0.000,50000.000,0
34951,-104.588,-134.471,50000.000,-149.412,0.000,50000.000,0
35001,-97.118,-149.412,50000.000,-141.941,-67.235,50000.000,0
35051,-74.706,-149.412,50000.000,-134.471,-164.353,50000.000,0
35101,-52.294,0.000,50000.000,-112.059,14.941,50000.000,0
35151,104.588,306.294,50000.000,194.235,-7.471,50000.000,0
35201,470.647,769.471,50000.000,694.765,-134.471,50000.000,0
35251,739.588,776.941,50000.000,1068.294,-672.353,50000.000,0
35301,313.765,440.765,50000.000,470.647,-216.647,50000.000,0
35351,134.471,433.294,50000.000,209.176,7.471,50000.000,0
35401,978.647,1845.235,50000.000,1411.941,-141.941,50000.000,0
35451,2338.294,3787.588,50000.000,3503.706,-844.176,50000.000,0
35501,3122.706,3533.588,50000.000,4385.235,-2898.588,50000.000,0
35551,2667.000,1509.059,50000.000,2674.470,-2450.353,50000.000,0
35601,395.941,-29.882,50000.000,388.471,-209.176,50000.000,0
35651,-926.353,-1374.588,50000.000,-1419.412,261.471,50000.000,0
35701,-1471.706,-2024.529,50000.000,-2218.765,127.000,50000.000,0
35751,-1098.176,-1225.176,50000.000,-1934.882,590.176,50000.000,0
35801,-971.176,-1060.823,50000.000,-1232.647,493.059,50000.000,0
35851,-403.412,-612.588,50000.000,-657.412,186.765,50000.000,0
35901,-268.941,-455.706,50000.000,-440.765,29.882,50000.000,0
35951,-336.176,-381.000,50000.000,-500.529,134.471,50000.000,0
36001,-186.765,164.353,50000.000,-216.647,425.823,50000.000,0
36051,-7.471,1165.412,50000.000,179.294,306.294,50000.000,0
36101,-209.176,1299.882,50000.000,-44.824,-14.941,50000.000,0
36151,717.176,2637.117,50000.000,1531.470,-709.706,50000.000,0
36201,2181.412,3944.470,50000.000,3219.823,-2300.941,50000.000,0
36251,2726.764,2667.000,50000.000,3316.941,-2711.823,50000.000,0
36301,1516.529,224.118,50000.000,1501.588,-1419.412,50000.000,0
36351,-254.000,-2017.059,50000.000,-911.412,-552.823,50000.000,0
36401,-1322.294,-4250.765,50000.000,-2554.941,-1255.059,50000.000,0
36451,-1598.706,-5842.000,50000.000,-4064.000,-2256.117,50000.000,0
36501,-2181.412,-5715.000,50000.000,-4728.882,-1030.941,50000.000,0
36551,-2823.882,-4661.647,50000.000,-5035.176,-119.529,50000.000,0
36601,-1830.294,-2913.529,50000.000,-3526.117,-1785.470,50000.000,0
36651,-956.235,-2173.941,50000.000,-2241.176,-2913.529,50000.000,0
36701,-567.765,-694.765,50000.000,-1598.706,-1875.118,50000.000,0
36751,-530.412,-1284.941,50000.000,-739.588,-276.412,50000.000,0
36801,-1165.412,-1890.059,50000.000,-1905.000,-59.765,50000.000,0
36851,-1419.412,-1606.176,50000.000,-2233.706,141.941,50000.000,0
36901,-336.176,0.000,50000.000,-410.882,67.235,50000.000,0
36951,679.823,911.412,50000.000,1150.470,-52.294,50001.000,0
37001,948.765,791.882,50000.000,1516.529,-463.176,50000.000,0
37051,433.294,-119.529,50000.000,321.235,-425.823,50000.000,0
37101,134.471,866.588,50000.000,37.353,112.059,50000.000,0
37151,119.529,268.941,50000.000,164.353,7.471,50000.000,0
37201,-112.059,560.294,50000.000,-104.588,373.529,50000.000,0
37251,-336.176,82.176,50000.000,-59.765,844.176,50000.000,0
37301,-508.000,-918.882,50000.000,-328.706,664.882,50000.000,0
37351,-1090.706,-1449.294,50000.000,-1733.176,366.059,50000.000,0
37401,-2241.176,-1927.412,50000.000,-3107.764,1949.823,50000.000,0
37451,-3033.059,-1553.882,50000.000,-3458.882,3048.000,50000.000,0
37501,-2779.059,-821.765,50000.000,-2995.706,2024.529,50000.000,0
37551,-2741.706,-493.059,50000.000,-3384.176,2099.235,50000.000,0
37601,-3421.529,-1023.471,50000.000,-4011.706,2637.117,50000.000,0
37651,-5050.117,-2502.647,50000.000,-5513.294,3324.412,50000.000,0
37701,-7224.058,-3981.823,50000.000,-8314.764,4586.941,50000.000,0
37751,-8673.353,-4108.823,50000.000,-9405.470,5505.823,50000.000,0
37801,-8210.176,-2876.176,50000.000,-10242.176,5722.470,50000.000,0
37851,-11138.646,-3839.882,50000.000,-11504.705,6267.823,50000.000,0
37901,-12363.822,-5520.764,50000.000,-13275.234,5744.882,50000.000,0
37951,-9696.823,-5341.470,50000.000,-14253.882,5139.764,50000.000,0
38001,-8673.353,-5744.882,50000.000,-15658.352,4146.176,50000.000,0
38051,-9674.411,-5588.000,50000.000,-15366.999,1128.059,50000.000,0
38101,-10608.234,-4616.823,50000.000,-14380.882,-3316.941,50000.000,0
38151,-8964.705,-2659.529,50000.000,-13215.470,-4161.117,50000.000,0
38201,-10615.705,-1307.353,50000.000,-12640.234,-889.000,50000.000,0
38251,-10399.059,-164.353,50000.000,-12363.822,-993.588,50000.000,0
38301,-10346.764,-2540.000,50000.000,-13133.293,-1195.294,50000.000,0
38351,-11781.117,-5393.764,50000.000,-13618.882,-261.471,50000.000,0
38401,-11175.999,-6215.529,50000.000,-13372.352,358.588,50000.000,0
38451,-9681.882,-7209.117,50000.000,-13663.705,1060.823,50000.000,0
38501,-9420.411,-8404.411,50000.000,-12924.117,2181.412,50000.000,0
38551,-8777.940,-7313.706,50000.000,-12356.353,3018.117,50000.000,0
38601,-9666.940,-7119.470,50000.000,-11766.176,3989.294,50000.000,0
38651,-7918.823,-3488.764,50000.000,-8523.940,3010.647,50000.000,0
38701,-4153.647,1651.000,50000.000,-4273.176,74.706,50000.000,0
38751,-874.059,4049.059,50000.000,14.941,-1830.294,50000.000,0
38801,1135.529,4228.353,50000.000,1770.529,-3914.588,50000.000,0
38851,1845.235,1748.118,50000.000,1382.059,-4811.059,50000.000,0
38901,1613.647,-2525.059,50000.000,141.941,-4213.412,50000.000,0
38951,1314.823,-3376.706,50000.000,-500.529,-5393.764,50000.000,0
39001,1524.000,-1255.059,50000.000,216.647,-6193.117,50000.000,0
39051,1591.235,0.000,50000.000,1591.235,-2203.823,50000.000,0
39101,2203.823,-3354.294,50000.000,881.529,-2181.412,50000.000,0
39151,1934.882,-5535.706,50000.000,358.588,-2286.000,50000.000,0
39201,1509.059,-8045.823,50000.000,-582.706,-2935.941,50000.000,0
39251,1464.235,-4908.176,50000.000,-769.471,-6252.882,50000.000,0
39301,2405.529,-829.235,50000.000,1456.765,-6701.117,50000.000,0
39351,3272.117,649.941,50000.000,2129.117,-6932.706,50000.000,0
39401,3503.706,-2069.353,50002.000,1591.235,-5640.294,50000.000,0
39451,1165.412,-2248.647,49999.000,283.882,-1068.294,50000.000,0
39501,-515.471,-1994.647,49999.000,-1023.471,545.353,49999.000,0
39551,-2308.412,-3324.412,50000.000,-3249.706,522.941,50000.000,0
39601,-2495.176,-1875.118,50000.000,-3511.176,635.000,50000.000,0
39651,-1038.412,425.823,50000.000,-948.765,-134.471,50000.000,0
39701,291.353,903.941,50000.000,395.941,-1060.823,50000.000,0
39751,1075.765,1426.882,50000.000,1367.118,-1307.353,50000.000,0
39801,799.353,141.941,50000.000,806.823,-762.000,50000.000,0
39851,-104.588,-2129.117,50000.000,-694.765,-672.353,50000.000,0
39901,-209.176,-4228.353,50000.000,-1576.294,-1531.470,50000.000,0
39951,-388.471,-5819.588,50000.000,-2069.353,-2256.117,50000.000,0
40001,410.882,-9069.294,50000.000,-1845.235,-5871.882,50000.000,0
40051,1561.353,-9300.882,50000.000,-1494.118,-11870.764,50000.000,0
40101,1449.294,-3361.764,50000.000,-104.588,-5573.059,50000.000,0
40151,-903.941,-1688.353,50000.000,-874.059,2450.353,50000.000,0
40201,-1837.765,-3937.000,50000.000,-2413.000,3145.117,50000.000,0
40251,-1225.176,-5789.706,50000.000,-3249.706,493.059,50000.000,0
40301,-268.941,-8688.294,50000.000,-3436.470,-3533.588,50000.000,0
40351,231.588,-5886.823,50000.000,-2435.412,-7448.176,50000.000,0
40401,776.941,-1524.000,50000.000,-455.706,-7874.000,50000.000,0
40451,784.412,-1240.118,50000.000,22.412,-8105.588,50000.000,0
40501,918.882,-3175.000,50000.000,-784.412,-5408.706,50000.000,0
40551,-649.941,-2838.823,50000.000,-1419.412,-1001.059,50000.000,0
40601,-1434.353,-2898.588,50000.000,-2211.294,911.412,50000.000,0
40651,-2450.353,-3107.764,50000.000,-3062.941,2106.706,50000.000,0
40701,-2151.529,-2711.823,50000.000,-2995.706,567.765,50000.000,0
40751,-1531.470,-1845.235,50000.000,-2734.235,-866.588,50000.000,0
40801,-1568.823,-1030.941,50000.000,-2091.765,-806.823,50000.000,0
40851,-926.353,-1165.412,50000.000,-1568.823,-1890.059,50000.000,0
40901,-448.235,-2883.647,50000.000,-1964.765,-3062.941,50000.000,0
40951,-276.412,-5139.764,50000.000,-2435.412,-3003.176,50000.000,0
41001,-358.588,-5431.117,50000.000,-2338.294,-4176.059,50000.000,0
41051,-82.176,-2891.117,50000.000,-1688.353,-6753.411,50000.000,0
41101,-59.765,-4781.176,50000.000,-1785.470,-8128.000,50000.000,0
41151,-358.588,-6618.941,50000.000,-3324.412,-5356.412,50000.000,0
41201,-1352.176,-2995.706,50000.000,-2741.706,-530.412,50000.000,0
41251,-2046.941,-2203.823,50000.000,-2652.059,657.412,50000.000,0
41301,-1710.765,-4123.765,50000.000,-3354.294,-268.941,50000.000,0
41351,-881.529,-4848.412,50000.000,-3264.647,-1927.412,50000.000,0
41401,-59.765,-5558.117,50000.000,-2181.412,-4332.941,50000.000,0
41451,127.000,-2584.823,50000.000,-1075.765,-5147.235,50000.000,0
41501,328.706,-343.647,50000.000,-119.529,-5588.000,50000.000,0
41551,478.118,-44.824,50000.000,156.882,-6081.059,50000.000,0
41601,1001.059,-141.941,50000.000,164.353,-8419.353,50000.000,0
41651,1471.706,-1778.000,50000.000,463.176,-6058.646,50000.000,0
41701,52.294,-2532.529,50000.000,-776.941,-1217.706,50000.000,0
41751,-933.823,-1949.823,50000.000,-1344.706,-358.588,50000.000,0
41801,-418.353,-2129.117,50000.000,-1509.059,-1710.765,50000.000,0
41851,-149.412,-1538.941,50000.000,-1591.235,-2121.647,50000.000,0
41901,-112.059,-2286.000,50000.000,-836.706,-1673.412,50000.000,0
41951,246.529,-4131.235,50000.000,-1187.823,-3346.823,50000.000,0
42001,321.235,-3854.823,50000.000,-732.118,-3675.529,50000.000,0
42051,89.647,-2353.235,50000.000,-537.882,-3048.000,50000.000,0
42101,-373.529,-739.588,50000.000,-732.118,-1008.529,50000.000,0
42151,-112.059,-119.529,50000.000,-97.118,-381.000,50000.000,0
42201,283.882,463.176,50000.000,239.059,-851.647,50000.000,0
42251,672.353,1322.294,50000.000,836.706,-1367.118,50000.000,0
42301,1128.059,1546.412,50000.000,1411.941,-2151.529,50000.000,0
42351,1934.882,134.471,50000.000,1591.235,-3720.353,50000.000,0
42401,2278.529,-1524.000,50000.000,948.765,-4250.765,50000.000,0
42451,1135.529,-1262.529,50000.000,478.118,-1299.882,50000.000,0
42501,313.765,-1105.647,50000.000,119.529,-276.412,50000.000,0
42551,-37.353,-1456.765,50000.000,-493.059,-186.765,50000.000,0
42601,-433.294,-1875.118,50000.000,-941.294,709.706,50000.000,0
42651,-776.941,-1845.235,50000.000,-821.765,717.176,50000.000,0
42701,-343.647,-762.000,50000.000,-1060.823,-119.529,50000.000,0
42751,-351.118,-156.882,50000.000,-500.529,-545.353,50000.000,0
42801,-89.647,67.235,50000.000,194.235,-418.353,50000.000,0
42851,201.706,373.529,50000.000,552.823,-1030.941,50000.000,0
42901,478.118,351.118,50000.000,44.824,-844.176,50000.000,0
42951,-508.000,-216.647,50000.000,-358.588,291.353,50000.000,0
43001,-493.059,-530.412,50000.000,-963.706,97.118,50000.000,0
43051,-403.412,-328.706,50000.000,-1479.176,276.412,50000.000,0
43101,-1359.647,-582.706,50000.000,-1449.294,732.118,50000.000,0
43151,-485.588,-112.059,50000.000,-508.000,-948.765,50000.000,0
43201,866.588,-186.765,50000.000,343.647,-3421.529,50000.000,0
43251,2308.412,-186.765,50000.000,1763.059,-5229.412,50000.000,0
43301,3197.412,-2159.000,50000.000,2637.117,-8060.764,50000.000,0
43351,3653.117,-2644.588,50000.000,956.235,-7784.353,50000.000,0
43401,2756.647,283.882,50000.000,2659.529,-6626.411,50000.000,0
43451,3100.294,-1016.000,50000.000,2973.294,-6028.764,50000.000,0
43501,2480.235,-2943.412,50000.000,844.176,-3055.470,50000.000,0
43551,1867.647,-2771.588,50000.000,1606.176,-1509.059,50000.000,0
43601,859.118,-2002.118,50000.000,933.823,231.588,50000.000,0
43651,717.176,-2831.353,50000.000,74.706,201.706,50000.000,0
43701,1098.176,-2584.823,50000.000,388.471,-455.706,50000.000,0
43751,1262.529,-89.647,50000.000,1202.765,-418.353,50000.000,0
43801,1262.529,1202.765,50000.000,1994.647,74.706,50000.000,0
43851,1875.118,664.882,50000.000,2271.059,-1262.529,50000.000,0
43901,2808.941,-373.529,50000.000,2323.353,-3197.412,50000.000,0
43951,2293.470,-14.941,50000.000,1964.765,-2129.117,50000.000,0
44001,1008.529,694.765,50000.000,1703.294,806.823,50000.000,0
44051,463.176,-97.118,50000.000,851.647,1471.706,50000.000,0
44101,194.235,-1105.647,50000.000,127.000,799.353,50000.000,0
44151,246.529,-1143.000,50000.000,141.941,29.882,50000.000,0
44201,769.471,-1232.647,50000.000,493.059,-672.353,50000.000,0
44251,1068.294,-1680.882,50000.000,567.765,-1673.412,50000.000,0
44301,1225.176,-2293.470,50000.000,410.882,-2711.823,50000.000,0
44351,687.294,-717.176,50000.000,59.765,-1994.647,50000.000,0
44401,52.294,1486.647,50000.000,522.941,-283.882,50000.000,0
44451,291.353,739.588,50000.000,933.823,-37.353,50000.000,0
44501,649.941,-620.059,50000.000,164.353,-649.941,50000.000,0
44551,627.529,134.471,50000.000,500.529,-246.529,50000.000,0
44601,582.706,1255.059,50000.000,1426.882,-82.176,50000.000,0
44651,881.529,986.118,50000.000,1277.470,-590.176,50000.000,0
44701,1075.765,493.059,50000.000,993.588,-1045.882,50000.000,0
44751,1232.647,717.176,50000.000,1397.000,-933.823,50000.000,0
44801,1053.353,104.588,50000.000,1337.235,-829.235,50000.000,0
44851,642.471,-1060.823,50000.000,164.353,-545.353,50000.000,0
44901,-74.706,-1045.882,50000.000,-403.412,209.176,50000.000,0
44951,-388.471,-747.059,50000.000,-470.647,463.176,50000.000,0
45001,-395.941,-186.765,50000.000,-440.765,724.647,50000.000,0
45051,-89.647,22.412,50000.000,7.471,37.353,50000.000,0
45101,112.059,231.588,50000.000,254.000,-500.529,50000.000,0
45151,216.647,448.235,50000.000,186.765,-478.118,50000.000,0
45201,-74.706,358.588,50000.000,22.412,119.529,50000.000,0
45251,-231.588,-209.176,50000.000,-254.000,134.471,50000.000,0
45301,-395.941,-425.823,50000.000,-575.235,276.412,50000.000,0
45351,-463.176,-276.412,50000.000,-433.294,231.588,50000.000,0
45401,-470.647,156.882,50000.000,-283.882,373.529,50000.000,0
45451,-358.588,29.882,50000.000,-231.588,0.000,50000.000,0
45501,-209.176,-37.353,50000.000,-403.412,-231.588,50000.000,0
45551,-261.471,97.118,50000.000,-276.412,-164.353,50000.000,0
45601,-336.176,186.765,50000.000,-343.647,67.235,50000.000,0
45651,-463.176,67.235,50000.000,-448.235,209.176,50000.000,0
45701,-336.176,-201.706,50000.000,-567.765,14.941,50000.000,0
45751,-306.294,-141.941,50000.000,-537.882,0.000,50000.000,0
45801,-283.882,52.294,50000.000,-343.647,-74.706,50000.000,0
45851,-186.765,22.412,50000.000,-328.706,-134.471,50000.000,0
45901,-283.882,74.706,50000.000,-358.588,89.647,50000.000,0
45951,-388.471,14.941,50000.000,-283.882,52.294,50000.000,0
46001,-246.529,-89.647,50000.000,-433.294,-29.882,50000.000,0
46051,-231.588,-104.588,50000.000,-418.353,-22.412,50000.000,0
46101,-104.588,-52.294,50000.000,-201.706,-97.118,50000.000,0
46151,-104.588,22.412,50000.000,-239.059,-37.353,50000.000,0
46201,-216.647,89.647,50000.000,-231.588,141.941,50000.000,0
46251,-209.176,-104.588,50000.000,-276.412,-7.471,50000.000,0
46301,-186.765,-149.412,50000.000,-328.706,-7.471,50000.000,0
46351,-104.588,7.471,50000.000,-156.882,-29.882,50000.000,0
46401,-82.176,112.059,50000.000,-67.235,-67.235,50000.000,0
46451,-164.353,171.824,50000.000,-119.529,171.824,50000.000,0
46501,-112.059,-74.706,50000.000,-59.765,7.471,50000.000,0
46551,-29.882,-59.765,50000.000,-112.059,-37.353,50000.000,0
46601,-14.941,7.471,50000.000,-22.412,-149.412,50000.000,0
46651,-14.941,239.059,50000.000,22.412,67.235,50000.000,0
46701,67.235,59.765,50000.000,186.765,-97.118,50000.000,0
46751,186.765,-14.941,50000.000,112.059,-171.824,50000.000,0
46801,156.882,590.176,50000.000,231.588,373.529,50000.000,0
46851,403.412,1441.823,50000.000,1098.176,769.471,50000.000,0
46901,1195.294,926.353,50000.000,1822.823,-605.118,50000.000,0
46951,1890.059,246.529,50000.000,1815.353,-1195.294,50000.000,0
47001,1875.118,433.294,50000.000,2442.882,-754.529,50000.000,0
47051,1852.706,493.059,50000.000,2457.823,-216.647,50000.000,0
47101,1643.529,-515.471,50000.000,1830.294,-493.059,50000.000,0
47151,1247.588,-381.000,50000.000,1449.294,0.000,50000.000,0
47201,963.706,-22.412,50000.000,1426.882,649.941,50000.000,0
47251,381.000,-687.294,50000.000,395.941,679.823,50000.000,0
47301,-732.118,-1516.529,50000.000,-1344.706,1023.471,50000.000,0
47351,-1464.235,-1912.470,50000.000,-2353.235,1262.529,50000.000,0
47401,-1845.235,-2106.706,50000.000,-2704.353,560.294,50000.000,0
47451,-2495.176,-2046.941,50000.000,-3399.117,306.294,50000.000,0
47501,-3249.706,-1583.765,50000.000,-3839.882,784.412,50000.000,0
47551,-3653.117,-1195.294,50000.000,-4385.235,821.765,50000.000,0
47601,-3839.882,-1135.529,50000.000,-5020.235,567.765,50000.000,0
47651,-4422.588,-1568.823,50000.000,-5520.764,478.118,50000.000,0
47701,-4975.412,-769.471,50000.000,-5804.646,1397.000,50000.000,0
47751,-4736.353,694.765,50000.000,-5042.646,2151.529,50000.000,0
47801,-4011.706,-283.882,50000.000,-4325.470,-1195.294,50000.000,0
47851,-2935.941,-1778.000,50000.000,-5550.646,-2622.176,50000.000,0
47901,-4168.588,-1987.176,50000.000,-5759.823,358.588,50000.000,0
47951,-3884.706,-1419.412,50000.000,-5080.000,1389.529,50000.000,0
48001,-4138.706,-2263.588,50000.000,-5356.412,515.471,50000.000,0
48051,-3556.000,-2076.823,50000.000,-5296.646,97.118,50000.000,0
48101,-3040.529,-134.471,50000.000,-3877.235,29.882,50000.000,0
48151,-1651.000,1972.235,50000.000,-1636.059,-321.235,50000.000,0
48201,-194.235,4168.588,50000.000,657.412,-918.882,50000.000,0
48251,664.882,4407.647,50000.000,2674.470,-2808.941,50000.000,0
48301,1673.412,2995.706,50000.000,2584.823,-3152.588,50000.000,0
48351,1292.412,754.529,50000.000,1621.118,-1479.176,50000.000,0
48401,986.118,-2039.470,50000.000,485.588,-1867.647,50000.000,0
48451,978.647,-3705.412,50000.000,-164.353,-2293.470,50000.000,0
48501,216.647,-3272.117,50000.000,-582.706,-1083.235,50000.000,0
48551,-89.647,-2368.176,50000.000,-567.765,-358.588,50000.000,0
48601,-104.588,-1583.765,50000.000,-635.000,-246.529,50000.000,0
48651,-395.941,-1023.471,50000.000,-911.412,14.941,50000.000,0
48701,-575.235,-784.412,50000.000,-866.588,149.412,50000.000,0
48751,-500.529,-635.000,50000.000,-664.882,82.176,50000.000,0
48801,-410.882,-410.882,50000.000,-537.882,254.000,50000.000,0
48851,-127.000,-104.588,50000.000,-134.471,351.118,50000.000,0
48901,381.000,874.059,50000.000,717.176,-127.000,50000.000,0
48951,463.176,597.647,50000.000,717.176,-224.118,50000.000,0
49001,7.471,-298.824,50000.000,149.412,14.941,50000.000,0
49051,-463.176,-1038.412,50000.000,-933.823,-134.471,50000.000,0
49101,-948.765,-1150.470,50000.000,-1576.294,395.941,50000.000,0
49151,-747.059,-440.765,50000.000,-1135.529,552.823,50000.000,0
49201,-104.588,-7.471,50000.000,-141.941,209.176,50000.000,0
49251,351.118,747.059,50000.000,702.235,575.235,50000.000,0
49301,1636.059,2876.176,50000.000,2995.706,388.471,50000.000,0
49351,3294.529,3384.176,50000.000,4826.000,-1964.765,50000.000,0
49401,3040.529,1658.470,50000.000,3884.706,-1284.941,50000.000,0
49451,1016.000,-1382.059,50000.000,664.882,-664.882,50000.000,0
49501,784.412,-2973.294,50000.000,14.941,-2980.764,50000.000,0
49551,1740.647,-1740.647,50000.000,283.882,-7694.706,50000.000,0
49601,2024.529,1202.765,50000.000,1718.235,-5954.059,50000.000,0
49651,1695.823,7.471,50000.000,2002.118,-1509.059,50000.000,0
49701,1135.529,-3309.470,50000.000,-156.882,-4004.235,50000.000,0
49751,620.059,-2517.588,50000.000,-440.765,-3847.353,50000.000,0
49801,814.294,-2024.529,50000.000,82.176,-3003.176,50000.000,0
49851,1135.529,-3750.235,50000.000,0.000,-3541.059,50000.000,0
49901,1441.823,-4691.529,50000.000,-388.471,-5879.353,50000.000,0
49951,1299.882,-1979.706,50000.000,104.588,-7836.646,50000.000,0
50001,1770.529,2151.529,50000.000,1822.823,-5744.882,50000.000,0
50051,2584.823,2921.000,50000.000,3316.941,-5289.176,50000.000,0
50101,3272.117,-664.882,50000.000,2868.706,-6618.941,50000.000,0
50151,1598.706,-2271.059,50000.000,799.353,-3473.823,50000.000,0
50201,-186.765,-1927.412,50000.000,-791.882,-649.941,50000.000,0
50251,-1561.353,-2450.353,50000.000,-2562.412,89.647,50000.000,0
50301,-2808.941,-3570.941,50000.000,-4504.764,231.588,50000.000,0
50351,-2577.353,-3750.235,50000.000,-4191.000,261.471,50000.000,0
50401,-1875.118,-2629.647,50000.000,-3100.294,276.412,50000.000,0
50451,-993.588,-1426.882,50000.000,-1591.235,112.059,50000.000,0
50501,179.294,739.588,50000.000,283.882,-37.353,50000.000,0
50551,575.235,627.529,50000.000,1852.706,-918.882,50000.000,0
50601,851.647,321.235,50000.000,1225.176,-485.588,50000.000,0
50651,-22.412,-1105.647,50000.000,-567.765,-560.294,50000.000,0
50701,-672.353,-971.176,50000.000,-1150.470,-179.294,50000.000,0
50751,-119.529,-889.000,50000.000,-717.176,-739.588,50000.000,0
50801,0.000,-1800.412,50000.000,-679.823,-1628.588,50000.000,0
50851,216.647,-3242.235,50000.000,-829.235,-3361.764,50000.000,0
50901,1113.118,-3361.764,50000.000,-567.765,-8023.411,50000.000,0
50951,1284.941,-1359.647,50000.000,403.412,-9644.528,50000.000,0
51001,1755.588,-3989.294,50000.000,-22.412,-10421.470,50000.000,0
51051,313.765,-5662.706,50000.000,-1890.059,-4325.470,50000.000,0
51101,-1120.588,-2891.117,50000.000,-2099.235,-7.471,50000.000,0
51151,-799.353,-2278.529,50000.000,-1299.882,-127.000,50000.000,0
51201,-67.235,-3227.294,50000.000,-1606.176,-1785.470,50000.000,0
51251,-231.588,-2390.588,50000.000,-1292.412,-2061.882,50000.000,0
51301,246.529,-1397.000,50000.000,-164.353,-2689.412,50000.000,0
51351,1128.059,-2629.647,50000.000,-201.706,-4870.823,50000.000,0
51401,1367.118,-2540.000,50000.000,-89.647,-6223.000,50000.000,0
51451,627.529,-418.353,50000.000,164.353,-5229.412,50000.000,0
51501,575.235,351.118,50000.000,328.706,-5931.646,50000.000,0
51551,1494.118,-1180.353,50000.000,649.941,-8486.588,50000.000,0
51601,1583.765,-3414.059,50000.000,-149.412,-5117.353,50000.000,0
51651,-283.882,-1673.412,50000.000,-956.235,-291.353,50000.000,0
51701,-306.294,-328.706,50000.000,-328.706,216.647,50000.000,0
51751,119.529,-216.647,50000.000,59.765,-231.588,50000.000,0
51801,52.294,0.000,50000.000,0.000,-44.824,50000.000,0
51851,112.059,44.824,50000.000,179.294,-82.176,50000.000,0
51901,52.294,52.294,50000.000,82.176,-22.412,50000.000,0
51951,-74.706,-224.118,50000.000,-104.588,-7.471,50000.000,0
52001,-268.941,-440.765,50000.000,-440.765,-22.412,50000.000,0
52051,-291.353,-664.882,50000.000,-605.118,-448.235,50000.000,0
52101,-418.353,-567.765,50000.000,-724.647,164.353,50000.000,0
52151,-709.706,-903.941,50000.000,-933.823,478.118,50000.000,0
52201,-1113.118,-2024.529,50000.000,-1449.294,-141.941,50000.000,0
52251,-1068.294,-1299.882,50000.000,-1725.706,194.235,50000.000,0
52301,-463.176,605.118,50000.000,-283.882,530.412,50000.000,0
52351,470.647,1255.059,50000.000,859.118,-351.118,50000.000,0
52401,784.412,1449.294,50000.000,1135.529,-261.471,50000.000,0
52451,1524.000,2091.765,50000.000,2091.765,-754.529,50000.000,0
52501,2554.941,1673.412,50000.000,2973.294,-1740.647,50000.000,0
52551,2420.470,508.000,50000.000,2241.176,-1337.235,50000.000,0
52601,1150.470,-171.824,50000.000,1202.765,67.235,50000.000,0
52651,-515.471,-1785.470,50000.000,-881.529,605.118,50000.000,0
52701,-1277.470,-3802.529,50000.000,-2442.882,-769.471,50000.000,0
52751,-1105.647,-4512.235,50000.000,-2584.823,-1434.353,50000.000,0
52801,-1718.235,-5072.529,50000.000,-3376.706,-903.941,50000.000,0
52851,-2084.294,-5199.529,50000.000,-4310.529,-1979.706,50000.000,0
52901,-1972.235,-3951.941,50000.000,-4138.706,-4601.882,50000.000,0
52951,-941.294,-5356.412,50000.000,-3316.941,-7194.176,50000.000,0
53001,-1382.059,-8628.529,50000.000,-6140.823,-9360.646,50000.000,0
53051,-3309.470,-9136.528,50000.000,-7052.235,-4564.529,50000.000,0
53101,-4205.941,-8964.705,50000.000,-6581.588,-590.176,50000.000,0
53151,-3981.823,-7478.058,50000.000,-7351.058,-4183.529,50000.000,0
53201,-2764.117,-2435.412,50000.000,-4489.823,-5005.294,50000.000,0
53251,-2069.353,-283.882,50000.000,-3130.176,-3832.412,50000.000,0
53301,-1531.470,-2241.176,50000.000,-3839.882,-5685.117,50000.000,0
53351,-2099.235,-6484.470,50000.000,-4938.059,-6760.882,50000.000,0
53401,-3690.470,-7799.293,50000.000,-6013.823,-2719.294,50000.000,0
53451,-4915.646,-7343.588,50000.000,-6999.941,1165.412,50000.000,0
53501,-5005.294,-9330.764,50000.000,-7829.176,-1441.823,50000.000,0
53551,-3548.529,-5192.059,50000.000,-6693.646,-4318.000,50000.000,0
53601,-2622.176,-978.647,50000.000,-3907.117,-1919.941,50000.000,0
53651,-1763.059,-1284.941,50000.000,-2144.059,-1240.118,50000.000,0
53701,-1367.118,-3115.235,50000.000,-2696.882,-2263.588,50000.000,0
53751,-2039.470,-3182.470,50000.000,-2973.294,-732.118,50000.000,0
53801,-1927.412,-1830.294,50000.000,-2696.882,739.588,50000.000,0
53851,-1128.059,-1516.529,50000.000,-1449.294,276.412,50000.000,0
53901,-410.882,-313.765,50000.000,-500.529,-22.412,50000.000,0
53951,358.588,515.471,50000.000,418.353,-418.353,50000.000,0
54001,679.823,799.353,50000.000,836.706,-1023.471,50000.000,0
54051,1284.941,2263.588,50000.000,1673.412,-911.412,50000.000,0
54101,1860.176,2749.176,50000.000,2861.235,-1628.588,50000.000,0
54151,2547.470,3152.588,50000.000,3518.647,-2173.941,50000.000,0
54201,3600.823,3152.588,50000.000,3869.764,-2629.647,50000.000,0
54251,3892.176,1733.176,50000.000,3638.176,-2420.470,50000.000,0
54301,2442.882,-328.706,50000.000,1972.235,-1501.588,50000.000,0
54351,1068.294,-1591.235,50000.000,493.059,-724.647,50000.000,0
54401,22.412,-1912.470,50000.000,-410.882,-29.882,50000.000,0
54451,-694.765,-2465.294,50000.000,-1060.823,739.588,50000.000,0
54501,-1314.823,-2420.470,50000.000,-1591.235,440.765,50000.000,0
54551,-1479.176,-1397.000,50000.000,-1852.706,336.176,50000.000,0
54601,-948.765,-590.176,50000.000,-1038.412,-171.824,50000.000,0
54651,-358.588,-141.941,50000.000,-485.588,-395.941,50000.000,0
54701,82.176,74.706,50000.000,-44.824,-522.941,50000.000,0
54751,283.882,313.765,50000.000,216.647,-433.294,50000.000,0
54801,261.471,179.294,50000.000,194.235,-313.765,50000.000,0
54851,171.824,-216.647,50000.000,14.941,-395.941,50000.000,0
54901,44.824,-418.353,50000.000,14.941,-388.471,50000.000,0
54951,-156.882,-933.823,50000.000,-306.294,-508.000,50000.000,0
55001,-791.882,-941.294,50000.000,-1120.588,194.235,50000.000,0
55051,-1411.941,-1509.059,50000.000,-1919.941,642.471,50000.000,0
55101,-2173.941,-2159.000,50000.000,-2532.529,560.294,50000.000,0
55151,-2540.000,-2510.117,50000.000,-3309.470,582.706,50000.000,0
55201,-2413.000,-2883.647,50000.000,-3563.470,366.059,50000.000,0
55251,-2868.706,-2995.706,50000.000,-4004.235,582.706,50000.000,0
55301,-3145.117,-3204.882,50000.000,-4198.470,1247.588,50000.000,0
55351,-3107.764,-2472.765,50000.000,-4034.117,1621.118,50000.000,0
55401,-2921.000,-1240.118,50000.000,-3189.941,1733.176,50000.000,0
55451,-1972.235,112.059,50000.000,-1919.941,1464.235,50000.000,0
55501,-956.235,440.765,50000.000,-1038.412,-156.882,50000.000,0
55551,-784.412,224.118,50000.000,-1292.412,-1008.529,50000.000,0
55601,-1255.059,7.471,50000.000,-1665.941,-1098.176,50000.000,0
55651,-1770.529,-866.588,50000.000,-2487.706,-306.294,50000.000,0
55701,-1703.294,-1606.176,50000.000,-1964.765,649.941,50000.000,0
55751,-1045.882,-724.647,50000.000,-1359.647,881.529,50000.000,0
55801,179.294,859.118,50000.000,567.765,291.353,50000.000,0
55851,2173.941,1979.706,50000.000,2554.941,-1830.294,50000.000,0
55901,3720.353,104.588,50000.000,3384.176,-4818.529,50000.000,0
55951,3600.823,-1867.647,50000.000,2704.353,-4527.176,50000.000,0
56001,3541.059,-2099.235,50000.000,2510.117,-5946.588,50000.000,0
56051,3720.353,-1299.882,50000.000,2091.765,-5842.000,50000.000,0
56101,3727.823,-321.235,50000.000,3175.000,-7231.529,50000.000,0
56151,4220.882,-2883.647,50000.000,2622.176,-6910.293,50000.000,0
56201,2532.529,-4474.882,50000.000,889.000,-1845.235,50000.000,0
56251,889.000,-3264.647,50000.000,141.941,545.353,50000.000,0
56301,328.706,-3473.823,50000.000,22.412,388.471,50000.000,0
56351,709.706,-3458.882,50000.000,-239.059,-328.706,50000.000,0
56401,403.412,-3608.294,50000.000,-119.529,-694.765,50000.000,0
56451,717.176,-3966.882,50000.000,112.059,-836.706,50000.000,0
56501,1591.235,-4347.882,50000.000,171.824,-3772.647,50000.000,0
56551,2375.647,-3115.235,50000.000,395.941,-6970.059,50000.000,0
56601,2577.353,-3025.588,50000.000,291.353,-7634.940,50000.000,0
56651,2368.176,-5983.941,50000.000,-29.882,-6342.529,50000.000,0
56701,-37.353,-4534.647,50000.000,-978.647,-1075.765,50000.000,0
56751,-2300.941,-1658.470,50000.000,-1837.765,2532.529,50000.000,0
56801,-3488.764,-1919.941,50000.000,-3003.176,3593.353,50000.000,0
56851,-2794.000,-3346.823,50000.000,-4176.059,702.235,50000.000,0
56901,-1934.882,-2398.059,50000.000,-3533.588,-1471.706,50000.000,0
56951,-2188.882,-1471.706,50000.000,-2442.882,-1060.823,50000.000,0
57001,-1792.941,-3040.529,50000.000,-3062.941,-1329.765,50000.000,0
57051,-2017.059,-5363.882,50000.000,-3899.647,-1090.706,50000.000,0
57101,-2681.941,-5423.646,50000.000,-4923.117,-3854.823,50000.000,0
57151,-2121.647,-3496.235,50000.000,-4123.765,-5617.882,50000.000,0
57201,-2442.882,-5520.764,50000.000,-4153.647,-6125.882,50000.000,0
57251,-2853.764,-8411.882,50000.000,-6447.117,-5894.294,50000.000,0
57301,-5020.235,-8352.117,50000.000,-7724.588,-784.412,50000.000,0
57351,-5580.529,-7440.706,50000.000,-8635.999,1830.294,50000.000,0
57401,-5274.235,-7627.470,50000.000,-9607.176,-1710.765,50000.000,0
57451,-3996.764,-4900.706,50000.000,-9069.294,-6402.293,50000.000,0
57501,-4220.882,-4437.529,50000.000,-7455.646,-7097.058,50000.000,0
57551,-4146.176,-6596.529,50000.000,-7761.940,-7224.058,50000.000,0
57601,-5498.353,-7425.764,50000.000,-9151.470,-2532.529,50000.000,0
57651,-6193.117,-4594.412,50000.000,-8830.234,971.176,50000.000,0
57701,-6551.706,-5184.588,50000.000,-9368.117,986.118,50000.000,0
57751,-6223.000,-8277.411,50000.000,-9539.940,-2091.765,50000.000,0
57801,-5520.764,-8359.588,50000.000,-8262.470,-3877.235,50000.000,0
57851,-5475.941,-4452.470,50000.000,-8001.000,-4183.529,50000.000,0
57901,-5759.823,-3996.764,50000.000,-7709.646,-4586.941,50000.000,0
57951,-5819.588,-7560.235,50000.000,-9069.294,-5565.588,50000.000,0
58001,-6297.706,-8337.176,50000.000,-10227.234,-3085.353,50000.000,0
58051,-7358.529,-8262.470,50000.000,-10092.764,179.294,50000.000,0
58101,-6828.117,-9711.764,50000.000,-10249.646,-1128.059,50000.000,0
58151,-5715.000,-6970.059,50000.000,-10339.293,-5192.059,50000.000,0
58201,-5498.353,-3944.470,50000.000,-8441.764,-4609.353,50000.000,0
58251,-4243.294,-4609.353,50000.000,-7627.470,-4437.529,50000.000,0
58301,-4392.706,-8404.411,50000.000,-8777.940,-6529.293,50000.000,0
58351,-5020.235,-6843.059,50000.000,-9465.234,-2151.529,50000.000,0
58401,-6417.235,-4527.176,50000.000,-7881.470,3780.117,50000.000,0
58451,-6424.706,-2188.882,50000.000,-6925.235,3907.117,50000.000,0
58501,-6051.176,-2465.294,50000.000,-7358.529,649.941,50000.000,0
58551,-5401.235,-3331.882,50000.000,-7463.117,-1411.941,50000.000,0
58601,-5341.470,-3204.882,50000.000,-6626.411,-702.235,50000.000,0
58651,-3511.176,-1187.823,50000.000,-4706.470,-687.294,50000.000,0
58701,-1389.529,-1322.294,50000.000,-2674.470,-3802.529,50000.000,0
58751,-373.529,-1561.353,50000.000,-2883.647,-8389.470,50000.000,0
58801,14.941,-926.353,50000.000,-2166.470,-8762.999,50000.000,0
58851,-268.941,-455.706,50000.000,-1665.941,-5931.646,50000.000,0
58901,-82.176,-2726.764,50000.000,-1464.235,-8284.882,50000.000,0
58951,231.588,-6872.941,50000.000,-2928.470,-10145.059,50000.000,0
59001,-1068.294,-7448.176,50000.000,-3780.117,-3959.411,50000.000,0
59051,-2891.117,-6529.293,50000.000,-4355.353,104.588,50000.000,0
59101,-2495.176,-7552.764,50000.000,-4736.353,-664.882,50000.000,0
59151,-1262.529,-6260.353,50000.000,-5057.588,-3959.411,50000.000,0
59201,-1568.823,-4766.235,50000.000,-3974.353,-4355.353,50000.000,0
59251,-1329.765,-3780.117,50000.000,-3346.823,-4325.470,50000.000,0
59301,-896.471,-6297.706,50000.000,-4228.353,-6559.176,50000.000,0
59351,-1553.882,-6753.411,50000.000,-5535.706,-4265.706,50000.000,0
59401,-3122.706,-6357.470,50000.000,-5856.941,-485.588,50000.000,0
59451,-3175.000,-5483.412,50000.000,-5109.882,635.000,50000.000,0
59501,-2794.000,-5954.059,50000.000,-4818.529,-246.529,50000.000,0
59551,-3309.470,-4997.823,50000.000,-6335.059,321.235,50000.000,0
59601,-3563.470,-3302.000,50000.000,-4915.646,395.941,50000.000,0
59651,-3473.823,-3115.235,50000.000,-5214.470,-717.176,50000.000,0
59701,-2696.882,-3033.059,50000.000,-5087.470,-1755.588,50000.000,0
59751,-2756.647,-4153.647,50000.000,-5109.882,-1591.235,50000.000,0
59801,-2622.176,-1942.353,50000.000,-3892.176,-82.176,50000.000,0
59851,-2689.412,-657.412,50000.000,-3249.706,410.882,50000.000,0
59901,-2838.823,-1232.647,50000.000,-3720.353,194.235,50000.000,0
59951,-2540.000,-1778.000,50000.000,-4049.059,-672.353,50000.000,0
