timestamp[ms],left_dx[um],left_dy[um],left_dt[us],right_dx[um],right_dy[um],right_dt[us],waterPin
0,0.000,7.471,50154.000,0.000,0.000,50155.000,0
51,0.000,0.000,50000.000,0.000,1434.353,50000.000,0
101,0.000,-7.471,50000.000,0.000,0.000,50000.000,0
151,7.471,-7.471,50000.000,0.000,0.000,50000.000,0
201,0.000,-7.471,50000.000,5737.411,-1441.823,50000.000,0
251,0.000,14.941,50000.000,-14.941,-7.471,50000.000,0
301,0.000,0.000,50000.000,0.000,-14.941,50000.000,0
351,0.000,0.000,50000.000,-7.471,0.000,50000.000,0
401,0.000,-7.471,50000.000,0.000,-7.471,50000.000,0
451,0.000,0.000,50000.000,0.000,0.000,50000.000,0
501,0.000,0.000,50000.000,0.000,0.000,50000.000,0
551,0.000,7.471,50000.000,0.000,7.471,50000.000,0
601,0.000,7.471,50000.000,-7.471,0.000,50000.000,0
651,0.000,0.000,50000.000,0.000,0.000,50000.000,0
701,0.000,-22.412,50000.000,0.000,0.000,50000.000,0
751,0.000,-1680.882,50000.000,0.000,0.000,50000.000,0
801,0.000,-7.471,50000.000,0.000,0.000,50000.000,0
851,0.000,0.000,50000.000,0.000,0.000,50000.000,0
901,0.000,14.941,50000.000,-22.412,-7.471,50000.000,0
951,-5744.882,0.000,50000.000,0.000,-7.471,50000.000,0
1001,0.000,0.000,50000.000,0.000,0.000,50000.000,0
1051,0.000,-7.471,50000.000,0.000,0.000,50000.000,0
1101,0.000,0.000,50000.000,-7.471,0.000,50000.000,0
1151,0.000,14.941,50000.000,-7.471,0.000,50000.000,0
1201,0.000,7.471,50000.000,-7.471,0.000,50000.000,0
1251,0.000,-14.941,50000.000,0.000,-7.471,50000.000,0
1301,0.000,-7.471,50000.000,0.000,0.000,50000.000,0
1351,-7.471,0.000,50000.000,0.000,0.000,50000.000,0
1401,0.000,0.000,50000.000,0.000,0.000,50000.000,0
1451,0.000,14.941,50000.000,-7.471,-7.471,50000.000,0
1501,-7.471,-7.471,50000.000,0.000,-7.471,50000.000,0
1551,-7.471,-14.941,50000.000,0.000,-7.471,50000.000,0
1601,-7.471,0.000,50000.000,0.000,-7.471,50000.000,0
1651,0.000,0.000,50000.000,-14.941,-7.471,50000.000,0
1701,0.000,0.000,50000.000,0.000,0.000,50000.000,0
1751,-7.471,0.000,50000.000,0.000,0.000,50000.000,0
1801,0.000,-14.941,50000.000,0.000,1673.412,50000.000,0
1851,0.000,0.000,50000.000,0.000,0.000,50000.000,0
1901,0.000,0.000,50000.000,0.000,0.000,50000.000,0
1951,0.000,0.000,50000.000,0.000,0.000,50000.000,0
2001,0.000,0.000,50000.000,0.000,-14.941,50000.000,0
2051,-5744.882,-14.941,50000.000,0.000,-7.471,50000.000,0
2101,0.000,1434.353,50000.000,0.000,1434.353,50000.000,0
2151,0.000,0.000,50000.000,0.000,0.000,50000.000,0
2201,0.000,7.471,50000.000,0.000,0.000,50000.000,0
2251,0.000,0.000,50000.000,0.000,-14.941,50000.000,0
2301,0.000,1673.412,50000.000,0.000,0.000,50000.000,0
2351,0.000,0.000,50000.000,0.000,0.000,50000.000,0
2401,0.000,0.000,50000.000,0.000,0.000,50000.000,0
2451,0.000,0.000,50000.000,0.000,0.000,50000.000,0
2501,0.000,0.000,50000.000,0.000,0.000,50000.000,0
2551,0.000,-14.941,50000.000,0.000,0.000,50000.000,0
2601,0.000,-7.471,50000.000,0.000,0.000,50000.000,0
2651,0.000,0.000,50000.000,0.000,0.000,50000.000,0
2701,0.000,0.000,50000.000,0.000,0.000,50000.000,0
2751,0.000,0.000,50000.000,0.000,-7.471,50000.000,0
2801,-7.471,-22.412,50000.000,-5744.882,1673.412,50000.000,0
2851,-7.471,0.000,50000.000,0.000,0.000,50000.000,0
2901,0.000,-7.471,50000.000,0.000,0.000,50000.000,0
2951,0.000,-14.941,50000.000,-7.471,0.000,50000.000,0
3001,0.000,14.941,50000.000,-7.471,7.471,50000.000,0
3051,0.000,14.941,50000.000,0.000,0.000,50000.000,0
3101,0.000,0.000,50000.000,0.000,0.000,50000.000,0
3151,0.000,-1680.882,50000.000,0.000,0.000,50000.000,0
3201,0.000,-7.471,50000.000,7.471,-1680.882,50000.000,0
3251,7.471,0.000,50000.000,0.000,-7.471,50000.000,0
3301,0.000,-1680.882,50000.000,0.000,-7.471,50000.000,0
3351,0.000,-7.471,50000.000,7.471,-7.471,50000.000,0
3401,0.000,-7.471,50000.000,0.000,0.000,50000.000,0
3451,7.471,14.941,50000.000,0.000,1673.412,50000.000,0
3501,0.000,0.000,50000.000,0.000,0.000,50000.000,0
3551,0.000,-14.941,50000.000,0.000,-7.471,50000.000,0
3601,0.000,-1441.823,50000.000,0.000,0.000,50000.000,0
3651,0.000,-7.471,50000.000,0.000,0.000,50000.000,0
3701,-7.471,-7.471,50000.000,0.000,0.000,50000.000,0
3751,-5744.882,7.471,50000.000,-7.471,0.000,50000.000,0
3801,0.000,7.471,50000.000,0.000,0.000,50000.000,0
3851,0.000,0.000,50000.000,0.000,0.000,50000.000,0
3901,0.000,-7.471,50000.000,0.000,0.000,50000.000,0
3951,0.000,-14.941,50000.000,-7.471,-7.471,50000.000,0
4001,0.000,-7.471,50000.000,-14.941,-7.471,50000.000,0
4051,0.000,0.000,50000.000,-7.471,0.000,50000.000,0
4101,0.000,-14.941,50000.000,0.000,-14.941,50000.000,0
4151,0.000,-14.941,50000.000,0.000,0.000,50000.000,0
4201,0.000,0.000,50000.000,0.000,0.000,50000.000,0
4251,0.000,7.471,50000.000,0.000,0.000,50000.000,0
4301,0.000,7.471,50000.000,0.000,0.000,50000.000,0
4351,22.412,22.412,50000.000,0.000,-7.471,50000.000,0
4401,14.941,14.941,50000.000,0.000,-7.471,50000.000,0
4451,0.000,0.000,50000.000,0.000,-1680.882,50000.000,0
4501,0.000,0.000,50000.000,0.000,-7.471,50000.000,0
4551,0.000,0.000,50000.000,-7.471,0.000,50000.000,0
4601,0.000,0.000,50000.000,0.000,0.000,50000.000,0
4651,0.000,0.000,50000.000,0.000,-14.941,50000.000,0
4701,7.471,-7.471,50000.000,0.000,0.000,50000.000,0
4751,0.000,0.000,50000.000,0.000,0.000,50000.000,0
4801,0.000,0.000,50000.000,0.000,0.000,50000.000,0
4851,0.000,0.000,50000.000,0.000,0.000,50000.000,0
4901,0.000,-1695.823,50000.000,5737.411,-1695.823,50000.000,0
4951,0.000,-22.412,50000.000,-7.471,-22.412,50000.000,0
5001,0.000,-7.471,50000.000,0.000,0.000,50000.000,0
5051,0.000,0.000,50000.000,0.000,0.000,50000.000,0
5101,0.000,0.000,50000.000,0.000,0.000,50000.000,0
5151,0.000,0.000,50000.000,0.000,0.000,50000.000,0
5201,0.000,0.000,50000.000,0.000,-7.471,50000.000,0
5251,0.000,-7.471,50000.000,0.000,1673.412,50000.000,0
5301,0.000,-7.471,50000.000,0.000,0.000,50000.000,0
5351,0.000,0.000,50000.000,0.000,0.000,50000.000,0
5401,0.000,0.000,50000.000,0.000,0.000,50000.000,1
5451,0.000,-1688.353,50000.000,0.000,-1912.470,50000.000,1
5501,0.000,-14.941,50000.000,0.000,-14.941,50000.000,0
5551,0.000,-7.471,50000.000,0.000,0.000,50000.000,0
5601,-14.941,-22.412,50000.000,-7.471,0.000,50000.000,0
5651,-7.471,0.000,50000.000,0.000,-7.471,50000.000,0
5701,0.000,0.000,50000.000,-7.471,-14.941,50000.000,0
5751,-7.471,-37.353,50000.000,-14.941,-14.941,50000.000,0
5801,-127.000,-283.882,50000.000,-216.647,-89.647,50000.000,0
5851,-582.706,-926.353,50000.000,-1038.412,-44.824,50000.000,0
5901,-1240.118,-2061.882,50000.000,-1934.882,186.765,50000.000,0
5951,-1628.588,-3115.235,50000.000,-2413.000,246.529,50000.000,0
6001,-1703.294,-2764.117,50000.000,-2644.588,545.353,50000.000,0
6051,-1411.941,-1591.235,50000.000,-1979.706,1113.118,50000.000,0
6101,-963.706,-806.823,50000.000,-1068.294,1367.118,50000.000,0
6151,-515.471,-522.941,50000.000,-567.765,1038.412,50000.000,0
6201,-433.294,-590.176,50000.000,-605.118,881.529,50000.000,0
6251,-612.588,-859.118,50000.000,-784.412,702.235,50000.000,0
6301,-605.118,-672.353,50000.000,-806.823,739.588,50000.000,0
6351,-567.765,-545.353,50000.000,-657.412,784.412,50000.000,0
6401,-410.882,-485.588,50000.000,-448.235,500.529,50000.000,0
6451,-268.941,-276.412,50000.000,-313.765,254.000,50000.000,0
6501,-89.647,-112.059,50000.000,-104.588,52.294,50000.000,0
6551,0.000,-14.941,50000.000,-7.471,14.941,50000.000,0
6601,-29.882,-104.588,50000.000,-29.882,-67.235,50000.000,0
6651,-37.353,-67.235,50000.000,-67.235,-7.471,50000.000,0
6701,-74.706,-44.824,50000.000,-186.765,0.000,50000.000,0
6751,-149.412,-231.588,50000.000,-89.647,0.000,50000.000,0
6801,-216.647,-239.059,50000.000,-209.176,313.765,50000.000,0
6851,-186.765,-209.176,50000.000,-224.118,209.176,50000.000,0
6901,-89.647,-209.176,50000.000,-82.176,0.000,50000.000,0
6951,-44.824,-44.824,50000.000,-14.941,-7.471,50000.000,0
7001,-37.353,-97.118,50000.000,-7.471,-44.824,50000.000,0
7051,-37.353,-89.647,50000.000,-59.765,0.000,50000.000,0
7101,-59.765,-7.471,50000.000,-171.824,37.353,50000.000,0
7151,-82.176,-97.118,50000.000,-97.118,-7.471,50000.000,0
7201,-7.471,-14.941,50000.000,0.000,7.471,50000.000,0
7251,-22.412,-52.294,50000.000,-52.294,14.941,50000.000,0
7301,-74.706,-89.647,50000.000,-104.588,-59.765,50000.000,0
7351,-7.471,-7.471,50000.000,-14.941,7.471,50000.000,0
7401,-44.824,-74.706,50000.000,-29.882,67.235,50000.000,0
7451,-134.471,-194.235,50000.000,-104.588,201.706,50000.000,0
7501,-59.765,-127.000,50000.000,-29.882,7.471,50000.000,0
7551,-7.471,-7.471,50000.000,0.000,-7.471,50000.000,0
7601,-29.882,-29.882,50000.000,7.471,-59.765,50000.000,0
7651,7.471,7.471,50000.000,37.353,-22.412,50000.000,0
7701,14.941,14.941,50000.000,22.412,-37.353,50000.000,0
7751,104.588,216.647,50000.000,82.176,82.176,50000.000,0
7801,261.471,552.823,50000.000,485.588,67.235,50000.000,0
7851,395.941,702.235,50000.000,620.059,112.059,50000.000,0
7901,582.706,1038.412,50000.000,836.706,283.882,50000.000,0
7951,679.823,1217.706,50000.000,1172.882,14.941,50000.000,0
8001,515.471,933.823,50000.000,784.412,-291.353,50000.000,0
8051,127.000,306.294,50000.000,149.412,-201.706,50000.000,0
8101,0.000,22.412,50000.000,0.000,-44.824,50000.000,0
8151,52.294,164.353,50000.000,67.235,89.647,50000.000,0
8201,104.588,283.882,50000.000,201.706,0.000,50000.000,0
8251,74.706,291.353,50000.000,149.412,7.471,50000.000,0
8301,82.176,134.471,50000.000,134.471,59.765,50000.000,0
8351,14.941,141.941,50000.000,52.294,-74.706,50000.000,0
8401,44.824,343.647,50000.000,134.471,-29.882,50000.000,0
8451,29.882,82.176,50000.000,74.706,-7.471,50000.000,0
8501,7.471,156.882,50000.000,44.824,-89.647,50000.000,0
8551,14.941,201.706,50000.000,52.294,7.471,50000.000,0
8601,14.941,0.000,50000.000,37.353,-7.471,50000.000,0
8651,14.941,112.059,50000.000,74.706,-134.471,50000.000,0
8701,44.824,141.941,50000.000,119.529,-231.588,50000.000,0
8751,22.412,119.529,50000.000,67.235,-164.353,50000.000,0
8801,7.471,22.412,50000.000,14.941,-67.235,50000.000,0
8851,14.941,59.765,50000.000,0.000,-7.471,50000.000,0
8901,0.000,-7.471,50000.000,14.941,-67.235,50000.000,0
8951,7.471,0.000,50000.000,7.471,-52.294,50000.000,0
9001,0.000,0.000,50000.000,7.471,-14.941,50000.000,0
9051,29.882,44.824,50000.000,14.941,-59.765,50000.000,0
9101,22.412,74.706,50000.000,14.941,-67.235,50000.000,0
9151,0.000,0.000,50000.000,7.471,-14.941,50000.000,0
9201,0.000,-7.471,50000.000,7.471,-7.471,50000.000,0
9251,0.000,-14.941,50000.000,0.000,-7.471,50000.000,0
9301,22.412,82.176,50000.000,7.471,-112.059,50000.000,0
9351,0.000,29.882,50000.000,14.941,-127.000,50000.000,0
9401,0.000,0.000,50000.000,0.000,-22.412,50000.000,0
9451,0.000,-14.941,50000.000,0.000,-7.471,50000.000,0
9501,0.000,7.471,50000.000,0.000,0.000,50000.000,0
9551,0.000,7.471,50000.000,0.000,-7.471,50000.000,0
9601,0.000,0.000,50000.000,0.000,-52.294,50000.000,0
9651,0.000,-22.412,50000.000,7.471,0.000,50000.000,0
9701,0.000,0.000,50000.000,0.000,-7.471,50000.000,0
9751,0.000,0.000,50000.000,0.000,-14.941,50000.000,0
9801,0.000,7.471,50000.000,0.000,7.471,50000.000,0
9851,-7.471,37.353,50000.000,0.000,-7.471,50000.000,0
9901,-7.471,0.000,50000.000,7.471,-22.412,50000.000,0
9951,0.000,-7.471,50000.000,7.471,-7.471,50000.000,0
10001,0.000,-14.941,50000.000,0.000,-7.471,50000.000,0
10051,0.000,-7.471,50000.000,7.471,0.000,50000.000,0
10101,7.471,29.882,50000.000,0.000,0.000,50000.000,0
10151,14.941,52.294,50000.000,0.000,0.000,50000.000,0
10201,0.000,0.000,50000.000,0.000,-14.941,50000.000,0
10251,0.000,0.000,50000.000,0.000,0.000,50000.000,0
10301,0.000,-7.471,50000.000,0.000,0.000,50000.000,0
10351,7.471,14.941,50000.000,0.000,7.471,50000.000,0
10401,0.000,0.000,50000.000,0.000,0.000,50000.000,0
10451,0.000,0.000,50000.000,0.000,0.000,50000.000,0
10501,0.000,0.000,50000.000,0.000,0.000,50000.000,0
10551,0.000,0.000,50000.000,0.000,0.000,50000.000,0
10601,0.000,0.000,50000.000,0.000,0.000,50000.000,0
10651,0.000,0.000,50000.000,0.000,0.000,50000.000,0
10701,0.000,14.941,50000.000,0.000,0.000,50000.000,0
10751,29.882,119.529,50000.000,0.000,44.824,50000.000,0
10801,268.941,649.941,50000.000,298.824,418.353,50000.000,0
10851,104.588,321.235,50000.000,179.294,186.765,50000.000,0
10901,231.588,418.353,50000.000,328.706,134.471,50000.000,0
10951,956.235,1852.706,50000.000,1494.118,575.235,50000.000,0
11001,1494.118,2196.353,50000.000,2614.706,-635.000,50000.000,0
11051,1270.000,1157.941,50000.000,1516.529,-1113.118,50000.000,0
11101,231.588,-328.706,50000.000,-37.353,-851.647,50000.000,0
11151,-246.529,-418.353,50000.000,-642.471,-171.824,50000.000,0
11201,231.588,791.882,50000.000,209.176,351.118,50000.000,0
11251,403.412,1172.882,50000.000,635.000,597.647,50000.000,0
11301,29.882,1068.294,50000.000,-59.765,672.353,50000.000,0
11351,-82.176,1890.059,50000.000,276.412,1337.235,50000.000,0
11401,119.529,3092.823,50000.000,1718.235,2061.882,50000.000,0
11451,1658.470,4736.353,50000.000,3675.529,2764.117,50000.000,0
11501,2838.823,6245.411,50000.000,5461.000,3316.941,50000.000,0
11551,3414.059,6559.176,50000.000,6387.353,2861.235,50000.000,0
11601,1262.529,2794.000,50000.000,2218.765,1270.000,50000.000,0
11651,7.471,179.294,50000.000,-37.353,186.765,50000.000,0
11701,-141.941,-104.588,50000.000,-37.353,-29.882,50000.000,0
11751,-29.882,-112.059,50000.000,-14.941,-104.588,50000.000,0
11801,7.471,739.588,50000.000,-82.176,709.706,50000.000,0
11851,-186.765,164.353,50000.000,-29.882,298.824,50000.000,0
11901,-366.059,-179.294,50000.000,-97.118,22.412,50000.000,0
11951,-104.588,-156.882,50000.000,-7.471,-149.412,50000.000,0
12001,29.882,358.588,50000.000,-29.882,276.412,50000.000,0
12051,22.412,164.353,50000.000,0.000,119.529,50000.000,0
12101,-67.235,164.353,50000.000,-29.882,224.118,50000.000,0
12151,-164.353,-224.118,50000.000,0.000,-97.118,50000.000,0
12201,-67.235,-186.765,50000.000,-22.412,-74.706,50000.000,0
12251,44.824,321.235,50000.000,-7.471,239.059,50000.000,0
12301,37.353,254.000,50000.000,29.882,261.471,50000.000,0
12351,-82.176,-97.118,50000.000,7.471,-59.765,50000.000,0
12401,-67.235,-231.588,50000.000,-44.824,-224.118,50000.000,0
12451,7.471,0.000,50000.000,-29.882,-29.882,50000.000,0
12501,112.059,388.471,50000.000,-14.941,283.882,50000.000,0
12551,37.353,216.647,50000.000,37.353,141.941,50000.000,1
12601,-67.235,-119.529,50000.000,0.000,-89.647,50000.000,1
12651,-82.176,-186.765,50000.000,-7.471,-141.941,50000.000,0
12701,-171.824,-433.294,50000.000,-52.294,-254.000,50000.000,0
12751,-59.765,0.000,50000.000,0.000,82.176,50000.000,0
12801,59.765,605.118,50000.000,-44.824,440.765,50000.000,0
12851,44.824,164.353,50000.000,0.000,104.588,50000.000,0
12901,-22.412,-186.765,50000.000,7.471,-141.941,50000.000,0
12951,-112.059,-515.471,50000.000,-67.235,-321.235,50000.000,0
13001,7.471,-7.471,50000.000,0.000,67.235,50000.000,0
13051,7.471,171.824,50000.000,-29.882,37.353,50000.000,0
13101,0.000,0.000,50000.000,0.000,-44.824,50000.000,0
13151,-7.471,-74.706,50000.000,0.000,-67.235,50000.000,0
13201,-14.941,-44.824,50000.000,0.000,-7.471,50000.000,0
13251,-14.941,-7.471,50000.000,-22.412,-67.235,50000.000,0
13301,-89.647,-575.235,50000.000,-97.118,-1075.765,50000.000,0
13351,44.824,-1090.706,50000.000,-82.176,-881.529,50000.000,0
13401,-74.706,-1606.176,50000.000,-672.353,-986.118,50000.000,0
13451,-1277.470,-3443.941,50000.000,-2398.059,-1516.529,50000.000,0
13501,-2181.412,-3854.823,50000.000,-3907.117,-1397.000,50000.000,0
13551,-2211.294,-2741.706,50000.000,-3877.235,388.471,50000.000,0
13601,-1673.412,-2009.588,50000.000,-1897.529,1045.882,50000.000,0
13651,-694.765,-1187.823,50000.000,-732.118,784.412,50000.000,0
13701,-739.588,-1426.882,50000.000,-1030.941,283.882,50000.000,0
13751,-1030.941,-1972.235,50000.000,-1621.118,-97.118,50000.000,0
13801,-1247.588,-2114.176,50000.000,-2032.000,89.647,50000.000,0
13851,-1434.353,-2278.529,50000.000,-2069.353,373.529,50000.000,0
13901,-1367.118,-2218.765,50000.000,-2144.059,784.412,50000.000,0
13951,-1509.059,-1987.176,50000.000,-2054.412,1113.118,50000.000,0
14001,-1270.000,-1531.470,50000.000,-1703.294,1143.000,50000.000,0
14051,-911.412,-1016.000,50000.000,-1314.823,1008.529,50000.000,0
14101,-679.823,-1008.529,50000.000,-1030.941,679.823,50000.000,0
14151,-821.765,-1344.706,50000.000,-1068.294,22.412,50000.000,0
14201,-724.647,-918.882,50000.000,-1202.765,-231.588,50000.000,0
14251,-351.118,-642.471,50000.000,-515.471,-156.882,50000.000,0
14301,-164.353,-358.588,50000.000,-179.294,29.882,50000.000,0
14351,-134.471,-246.529,50000.000,-254.000,-59.765,50000.000,0
14401,-276.412,-470.647,50000.000,-560.294,-22.412,50000.000,0
14451,-403.412,-709.706,50000.000,-642.471,-276.412,50000.000,0
14501,-403.412,-515.471,50000.000,-672.353,0.000,50000.000,0
14551,-425.823,-522.941,50000.000,-478.118,216.647,50000.000,0
14601,-366.059,-537.882,50000.000,-493.059,268.941,50000.000,0
14651,-381.000,-336.176,50000.000,-433.294,306.294,50000.000,0
14701,-231.588,-201.706,50000.000,-336.176,119.529,50000.000,0
14751,-194.235,-171.824,50000.000,-156.882,149.412,50000.000,0
14801,-89.647,-52.294,50000.000,-134.471,104.588,50000.000,0
14851,14.941,74.706,50000.000,29.882,104.588,50000.000,0
14901,-97.118,149.412,50000.000,-22.412,321.235,50000.000,0
14951,-321.235,-149.412,50000.000,-201.706,410.882,50000.000,0
15001,-231.588,373.529,50000.000,-37.353,612.588,50000.000,0
15051,-14.941,141.941,50000.000,179.294,141.941,50000.000,0
15101,-164.353,-239.059,50000.000,-246.529,52.294,50000.000,0
15151,-605.118,-941.294,50000.000,-522.941,-89.647,50000.000,0
15201,-485.588,-515.471,50000.000,-575.235,7.471,50000.000,0
15251,-134.471,156.882,50000.000,-74.706,112.059,50000.000,0
15301,-246.529,44.824,50000.000,-37.353,209.176,50000.000,0
15351,-642.471,-1008.529,50000.000,-582.706,-156.882,50000.000,0
15401,-754.529,-866.588,50000.000,-1314.823,-156.882,50000.000,0
15451,-313.765,321.235,50000.000,-410.882,209.176,50000.000,0
15501,186.765,545.353,50000.000,762.000,-508.000,50000.000,0
15551,889.000,201.706,50000.000,597.647,-1591.235,50000.000,0
15601,926.353,1225.176,50000.000,889.000,-2009.588,50000.000,0
15651,1307.353,2622.176,50000.000,1755.588,-1964.765,50000.000,0
15701,1733.176,3055.470,50000.000,2091.765,-2099.235,50000.000,0
15751,1852.706,3264.647,50000.000,2196.353,-1942.353,50000.000,0
15801,1449.294,2510.117,50000.000,1942.353,-1613.647,50000.000,0
15851,709.706,1471.706,50000.000,1120.588,37.353,50000.000,0
15901,239.059,321.235,50000.000,500.529,22.412,50000.000,0
15951,-29.882,-119.529,50000.000,-59.765,-59.765,50000.000,0
16001,-52.294,-403.412,50000.000,-186.765,-657.412,50000.000,0
16051,-134.471,-560.294,50000.000,-754.529,-851.647,50000.000,0
16101,-642.471,-1292.412,50000.000,-1135.529,-769.471,50000.000,0
16151,-844.176,-1598.706,50000.000,-1471.706,-926.353,50000.000,0
16201,-971.176,-1755.588,50000.000,-1807.882,-866.588,50000.000,0
16251,-799.353,-1135.529,50000.000,-1434.353,-545.353,50000.000,0
16301,-119.529,-246.529,50000.000,-89.647,-179.294,50000.000,0
16351,22.412,-7.471,50000.000,97.118,7.471,50000.000,0
16401,52.294,171.824,50000.000,29.882,104.588,50000.000,0
16451,186.765,328.706,50000.000,433.294,89.647,50000.000,0
16501,470.647,1045.882,50000.000,739.588,717.176,50000.000,0
16551,844.176,1882.588,50000.000,1628.588,1210.235,50000.000,0
16601,582.706,1688.353,50000.000,1068.294,1060.823,50000.000,0
16651,410.882,754.529,50000.000,1113.118,358.588,50000.000,0
16701,1098.176,1785.470,50000.000,1942.353,948.765,50000.000,0
16751,702.235,545.353,50000.000,1359.647,104.588,50000.000,0
16801,-67.235,44.824,50000.000,-515.471,336.176,50000.000,0
16851,-395.941,-119.529,50000.000,-410.882,672.353,50000.000,0
16901,-194.235,-119.529,50000.000,-89.647,575.235,50000.000,0
16951,-37.353,-141.941,50000.000,0.000,52.294,50000.000,0
17001,-14.941,-59.765,50000.000,0.000,-44.824,50000.000,0
17051,-37.353,-67.235,50000.000,0.000,-37.353,50000.000,0
17101,-112.059,-321.235,50000.000,-89.647,-97.118,50000.000,0
17151,-971.176,-1778.000,50000.000,-1344.706,-560.294,50000.000,0
17201,-2375.647,-3780.117,50000.000,-3832.412,-664.882,50000.000,0
17251,-2816.412,-4101.353,50000.000,-4766.235,-67.235,50000.000,0
17301,-2540.000,-2398.059,50000.000,-3369.235,1008.529,50000.000,0
17351,-1434.353,-889.000,50000.000,-1157.941,926.353,50000.000,0
17401,-657.412,-889.000,50000.000,-762.000,119.529,50000.000,0
17451,-649.941,-993.588,50000.000,-859.118,-373.529,50000.000,0
17501,-246.529,-246.529,50000.000,-425.823,-82.176,50000.000,0
17551,403.412,1060.823,50000.000,881.529,224.118,50000.000,0
17601,1008.529,1942.353,50000.000,2091.765,-381.000,50000.000,0
17651,1516.529,2173.941,50000.000,2315.882,-1255.059,50000.000,0
17701,2338.294,2876.176,50000.000,3122.706,-2554.941,50000.000,0
17751,2525.059,2398.059,50000.000,3279.588,-2980.764,50000.000,0
17801,1606.176,1658.470,50000.000,2173.941,-1576.294,50000.000,0
17851,1016.000,164.353,50000.000,1075.765,-1763.059,50000.000,0
17901,1008.529,-1277.470,50000.000,216.647,-3533.588,50000.000,0
17951,1157.941,-2420.470,50000.000,74.706,-5475.941,50000.000,0
18001,1404.470,-3705.412,50000.000,-104.588,-7410.823,50000.000,0
18051,2517.588,-5946.588,50000.000,-216.647,-12050.058,50000.000,0
18101,2510.117,-5617.882,50000.000,-358.588,-13745.882,50000.000,0
18151,515.471,-851.647,50000.000,127.000,-2808.941,50000.000,0
18201,-89.647,-986.118,50000.000,194.235,-679.823,50000.000,0
18251,0.000,-4235.823,50000.000,-1524.000,-3996.764,50000.000,0
18301,-829.235,-4908.176,50000.000,-3473.823,-2786.529,50000.000,0
18351,-1479.176,-2271.059,50000.000,-2218.765,14.941,50000.000,0
18401,-485.588,-1083.235,50000.000,-590.176,-343.647,50000.000,0
18451,-291.353,-732.118,50000.000,-687.294,-582.706,50000.000,0
18501,-7.471,-702.235,50000.000,-388.471,-1494.118,50000.000,0
18551,418.353,-418.353,50000.000,0.000,-1733.176,50000.000,0
18601,635.000,-351.118,50000.000,336.176,-2622.176,50000.000,0
18651,709.706,-762.000,50000.000,194.235,-3697.941,50000.000,0
18701,388.471,-239.059,50000.000,-7.471,-1740.647,50000.000,0
18751,14.941,709.706,50000.000,-22.412,425.823,50000.000,0
18801,29.882,246.529,50000.000,395.941,82.176,50000.000,0
18851,149.412,448.235,50000.000,306.294,164.353,50000.000,0
18901,29.882,141.941,50000.000,0.000,82.176,50000.000,0
18951,0.000,-29.882,50000.000,29.882,-37.353,50000.000,0
19001,179.294,-814.294,50000.000,433.294,-1045.882,50000.000,0
19051,1792.941,-2786.529,50000.000,933.823,-5259.294,50000.000,0
19101,3055.470,-2831.353,50000.000,1270.000,-7373.470,50000.000,0
19151,2398.059,2002.118,50000.000,2465.294,-4758.764,50000.000,0
19201,2360.706,1553.882,50000.000,3107.764,-5602.941,50000.000,0
19251,3496.235,-3443.941,50000.000,1621.118,-7216.588,50000.000,0
19301,2024.529,-5610.412,50000.000,164.353,-4661.647,50000.000,0
19351,276.412,-5856.941,50000.000,-956.235,-2779.059,50000.000,0
19401,74.706,-6790.764,50000.000,-1524.000,-2450.353,50000.000,0
19451,881.529,-6312.646,50000.000,-956.235,-4960.470,50000.000,0
19501,1755.588,-2398.059,50000.000,537.882,-7366.000,50000.000,0
19551,1822.823,1501.588,50000.000,2315.882,-4758.764,50000.000,0
19601,2278.529,2823.882,50000.000,3346.823,-6312.646,50000.000,0
19651,3167.529,687.294,50000.000,2794.000,-9487.646,50000.000,0
19701,3055.470,-2502.647,50000.000,1180.353,-9054.353,50000.000,0
19751,590.176,-2368.176,50000.000,-343.647,-1912.470,50000.000,0
19801,-829.235,-1471.706,50000.000,-1143.000,642.471,50000.000,0
19851,-687.294,-1143.000,50000.000,-1120.588,381.000,50000.000,0
19901,-261.471,-470.647,50000.000,-395.941,-112.059,50000.000,0
19951,29.882,209.176,50000.000,52.294,44.824,50000.000,0
20001,156.882,575.235,50000.000,440.765,119.529,50000.000,0
20051,298.824,1389.529,50000.000,762.000,664.882,50000.000,0
20101,687.294,2114.176,50000.000,1651.000,956.235,50000.000,0
20151,1299.882,3003.176,50000.000,2525.059,-22.412,50000.000,0
20201,2151.529,1957.294,50000.000,2764.117,-2278.529,50000.000,0
20251,2943.412,1030.941,50000.000,3003.176,-3316.941,50000.000,0
20301,3570.941,179.294,50000.000,3466.353,-3892.176,50000.000,0
20351,3996.764,-1217.706,50000.000,3660.588,-4967.941,50000.000,0
20401,4265.706,-3817.470,50000.000,3660.588,-8269.940,50000.000,0
20451,6028.764,-8060.764,50000.000,2629.647,-15957.176,50000.000,0
20501,4191.000,-5744.882,50000.000,1845.235,-11527.117,50000.000,0
20551,911.412,762.000,50000.000,1882.588,978.647,50000.000,0
20601,351.118,119.529,50000.000,956.235,298.824,50000.000,0
20651,-747.059,-1299.882,50000.000,-1673.412,-156.882,50000.000,0
20701,-978.647,-1441.823,50000.000,-1613.647,74.706,50000.000,0
20751,-268.941,0.000,50000.000,-224.118,343.647,50000.000,0
20801,-112.059,478.118,50000.000,-37.353,239.059,50000.000,0
20851,-485.588,649.941,50000.000,-239.059,-52.294,50000.000,0
20901,-635.000,1591.235,50000.000,-224.118,0.000,50000.000,0
20951,-171.824,2435.412,50000.000,508.000,-769.471,50000.000,0
21001,522.941,2099.235,50000.000,1105.647,-1105.647,50000.000,0
21051,1105.647,2136.588,50000.000,1501.588,-1240.118,50000.000,0
21101,1755.588,2114.176,50000.000,2547.470,-1665.941,50000.000,0
21151,3309.470,1583.765,50000.000,3511.176,-3122.706,50000.000,0
21201,4011.706,605.118,50000.000,3944.470,-4489.823,50000.000,0
21251,4908.176,-1053.353,50000.000,4654.176,-6955.117,50000.000,0
21301,5281.706,-4123.765,50000.000,4146.176,-11467.353,50000.000,0
21351,5812.117,-7642.411,50000.000,2808.941,-12856.882,50000.000,0
21401,5177.117,-8860.117,50000.000,2076.823,-7986.058,50000.000,0
21451,4938.059,-4489.823,50000.000,3436.470,-6783.293,50000.000,0
21501,5916.706,-119.529,50000.000,5543.176,-6275.293,50000.000,0
21551,6133.353,1277.470,50000.000,6596.529,-8546.353,50000.000,0
21601,6237.941,-2794.000,50000.000,5289.176,-6574.117,50000.000,0
21651,3473.823,-3436.470,50000.000,2652.059,-343.647,50000.000,0
21701,1352.176,-1875.118,50000.000,2427.941,1778.000,50000.000,0
21751,1060.823,-2779.059,50000.000,814.294,762.000,50000.000,0
21801,776.941,-3354.294,50000.000,201.706,-194.235,50000.000,0
21851,2024.529,-5946.588,50000.000,1157.941,-3757.706,50000.000,0
21901,3645.647,-7112.000,50000.000,224.118,-10301.940,50000.000,0
21951,4071.470,-4086.411,50000.000,1890.059,-10189.882,50000.000,0
22001,3175.000,-2719.294,50000.000,2823.882,-5094.941,50000.000,0
22051,381.000,-1830.294,50000.000,-89.647,784.412,50000.000,0
22101,-1329.765,-2457.823,50000.000,-1636.059,2644.588,50000.000,0
22151,-2383.117,-3862.294,50000.000,-2973.294,2823.882,50000.000,0
22201,-2353.235,-5737.411,50000.000,-4407.647,1023.471,50000.000,1
22251,-933.823,-6910.293,50000.000,-3899.647,-2069.353,50000.000,1
22301,-209.176,-3585.882,50000.000,-1882.588,-4803.588,50000.000,0
22351,732.118,-485.588,50000.000,306.294,-4504.764,50000.000,0
22401,1942.353,-732.118,50000.000,1434.353,-4900.706,50000.000,0
22451,2681.941,-2681.941,50000.000,1120.588,-4631.764,50000.000,0
22501,1680.882,-2592.294,50000.000,664.882,-1987.176,50000.000,0
22551,-164.353,-1494.118,50000.000,-485.588,-112.059,50000.000,0
22601,-784.412,-2345.765,50000.000,-1382.059,52.294,50000.000,0
22651,-657.412,-3048.000,50000.000,-1770.529,-575.235,50000.000,0
22701,-597.647,-2659.529,50000.000,-1464.235,-635.000,50000.000,0
22751,-433.294,-1703.294,50000.000,-971.176,-664.882,50000.000,0
22801,-306.294,-881.529,50000.000,-672.353,-635.000,50000.000,0
22851,-567.765,-156.882,50000.000,-694.765,171.824,50000.000,0
22901,-1157.941,-903.941,50000.000,-1262.529,694.765,50000.000,0
22951,-1688.353,-769.471,50000.000,-1822.823,1150.470,50000.000,0
23001,-2457.823,-866.588,50000.000,-2420.470,1524.000,50000.000,0
23051,-2891.117,-1135.529,50000.000,-2943.412,1643.529,50000.000,0
23101,-2868.706,-1225.176,50000.000,-2980.764,1202.765,50000.000,0
23151,-2278.529,-1105.647,50000.000,-2771.588,814.294,50000.000,0
23201,-1905.000,-388.471,50000.000,-2061.882,635.000,50000.000,0
23251,-1008.529,-694.765,50000.000,-1576.294,-276.412,50000.000,0
23301,-478.118,-366.059,50000.000,-821.765,-276.412,50000.000,0
23351,-186.765,7.471,50000.000,-216.647,-156.882,50000.000,0
23401,171.824,-156.882,50000.000,67.235,-127.000,50000.000,0
23451,127.000,-156.882,50000.000,52.294,-89.647,50000.000,0
23501,-82.176,-104.588,50000.000,-89.647,82.176,50000.000,0
23551,-388.471,-418.353,50000.000,-418.353,201.706,50000.000,0
23601,-515.471,-418.353,50000.000,-597.647,224.118,50000.000,0
23651,-664.882,-276.412,50000.000,-694.765,433.294,50000.000,0
23701,-679.823,-395.941,50000.000,-747.059,381.000,50000.000,0
23751,-545.353,-283.882,50000.000,-799.353,463.176,50000.000,0
23801,-664.882,-82.176,50000.000,-642.471,395.941,50000.000,0
23851,-328.706,-306.294,50000.000,-410.882,-104.588,50000.000,0
23901,-89.647,-82.176,50000.000,-209.176,-104.588,50000.000,0
23951,-67.235,-59.765,50000.000,-67.235,52.294,50000.000,0
24001,-14.941,-283.882,50000.000,0.000,-134.471,50000.000,0
24051,112.059,-89.647,50000.000,82.176,-97.118,50000.000,0
24101,97.118,-59.765,50000.000,112.059,-82.176,50000.000,0
24151,52.294,-119.529,50000.000,14.941,-44.824,50000.000,0
24201,7.471,0.000,50000.000,-22.412,29.882,50000.000,0
24251,-7.471,-164.353,50000.000,-44.824,-14.941,50000.000,0
24301,0.000,-276.412,50000.000,-29.882,-52.294,50000.000,0
24351,-37.353,7.471,50000.000,-89.647,89.647,50000.000,0
24401,-141.941,-186.765,50000.000,-171.824,44.824,50000.000,0
24451,-149.412,-343.647,50000.000,-201.706,-22.412,50000.000,0
24501,-119.529,-29.882,50000.000,-171.824,112.059,50000.000,0
24551,-82.176,-59.765,50000.000,-104.588,59.765,50000.000,0
24601,7.471,-239.059,50000.000,-29.882,-112.059,50000.000,0
24651,52.294,-14.941,50000.000,0.000,-22.412,50000.000,0
24701,29.882,-89.647,50000.000,-7.471,0.000,50000.000,0
24751,-37.353,-37.353,50000.000,-29.882,0.000,50000.000,0
24801,-82.176,22.412,50000.000,-89.647,74.706,50000.000,0
24851,-112.059,-194.235,50000.000,-82.176,44.824,50000.000,0
24901,-67.235,-164.353,50000.000,-104.588,22.412,50000.000,0
24951,-149.412,7.471,50000.000,-194.235,156.882,50000.000,0
25001,-291.353,-156.882,50000.000,-268.941,141.941,50000.000,0
25051,-209.176,-104.588,50000.000,-283.882,74.706,50000.000,0
25101,-119.529,-7.471,50000.000,-149.412,67.235,50000.000,0
25151,104.588,-97.118,50000.000,127.000,-179.294,50000.000,0
25201,343.647,-14.941,50000.000,328.706,-283.882,50000.000,0
25251,261.471,-7.471,50000.000,224.118,-141.941,50000.000,0
25301,74.706,14.941,50000.000,59.765,-52.294,50000.000,0
25351,44.824,14.941,50000.000,44.824,-52.294,50000.000,0
25401,112.059,44.824,50000.000,67.235,-97.118,50000.000,0
25451,29.882,239.059,50000.000,22.412,82.176,50000.000,0
25501,-89.647,425.823,50000.000,-37.353,224.118,50000.000,0
25551,-201.706,859.118,50000.000,171.824,14.941,50000.000,0
25601,313.765,1247.588,50000.000,500.529,-261.471,50000.000,0
25651,866.588,1494.118,50000.000,993.588,-575.235,50000.000,0
25701,1090.706,1486.647,50000.000,1165.412,-859.118,50000.000,0
25751,1232.647,1210.235,50000.000,1322.294,-784.412,50000.000,0
25801,1307.353,687.294,50000.000,1292.412,-866.588,50000.000,0
25851,754.529,-313.765,50000.000,664.882,-1464.235,50000.000,0
25901,1292.412,-1277.470,50000.000,769.471,-2502.647,50000.000,0
25951,1128.059,-1613.647,50000.000,836.706,-612.588,50000.000,0
26001,366.059,-1284.941,50000.000,104.588,328.706,50000.000,0
26051,156.882,-2338.294,50000.000,-112.059,-224.118,50000.000,0
26101,911.412,-5632.823,50000.000,-216.647,-3264.647,50000.000,0
26151,2330.823,-4990.353,50000.000,216.647,-8195.234,50000.000,0
26201,2995.706,-1038.412,50000.000,1800.412,-6417.235,50000.000,0
26251,3429.000,-889.000,50000.000,2502.647,-4601.882,50000.000,0
26301,2629.647,-2398.059,50000.000,1538.941,-1449.294,50000.000,0
26351,1105.647,-358.588,50000.000,1105.647,-82.176,50000.000,0
26401,552.823,-941.294,50000.000,537.882,-381.000,50000.000,0
26451,164.353,-1389.529,50000.000,-448.235,-627.529,50000.000,0
26501,-1083.235,-1598.706,50000.000,-1195.294,597.647,50000.000,0
26551,-1591.235,-1934.882,50000.000,-1748.118,1001.059,50000.000,0
26601,-1561.353,-1546.412,50000.000,-1972.235,104.588,50000.000,0
26651,-1382.059,-216.647,50000.000,-1867.647,-29.882,50000.000,0
26701,-978.647,1748.118,50000.000,-395.941,179.294,50000.000,0
26751,-186.765,2988.235,50000.000,500.529,-1128.059,50000.000,0
26801,1322.294,2846.294,50000.000,1553.882,-2973.294,50000.000,0
26851,2144.059,2315.882,50000.000,1852.706,-3638.176,50000.000,0
26901,2091.765,791.882,50000.000,1210.235,-3272.117,50000.000,0
26951,1337.235,-1800.412,50000.000,351.118,-2853.764,50000.000,0
27001,2233.706,-7089.588,50000.000,-74.706,-8240.059,50000.000,0
27051,3839.882,-10018.059,50000.000,-306.294,-10399.059,50000.000,0
27101,1524.000,-3316.941,50000.000,171.824,-2487.706,50000.000,0
27151,0.000,171.824,50000.000,889.000,1494.118,50000.000,0
27201,1180.353,-425.823,50000.000,881.529,-485.588,50000.000,0
27251,2398.059,1382.059,50000.000,2151.529,-2315.882,50000.000,0
27301,3376.706,1382.059,50000.000,3585.882,-4863.353,50000.000,0
27351,4497.294,-814.294,50000.000,2876.176,-6940.176,50000.000,0
27401,4288.117,-3197.412,50000.000,1329.765,-5909.235,50000.000,0
27451,2502.647,-4355.353,50000.000,500.529,-2950.882,50000.000,0
27501,709.706,-3862.294,50000.000,37.353,119.529,50000.000,0
27551,-22.412,-2667.000,50000.000,-246.529,2084.294,50000.000,0
27601,268.941,-1665.941,50000.000,186.765,956.235,50000.000,0
27651,1307.353,-776.941,50000.000,851.647,-859.118,50000.000,0
27701,1277.470,291.353,50000.000,1299.882,-956.235,50000.000,0
27751,679.823,-52.294,50000.000,694.765,-717.176,50000.000,0
27801,321.235,-1001.059,50000.000,-209.176,-769.471,50000.000,0
27851,-366.059,-1068.294,50000.000,-948.765,-493.059,50000.000,0
27901,-1359.647,-1382.059,50000.000,-1516.529,1016.000,50000.000,0
27951,-2121.647,-2144.059,50000.000,-2263.588,1613.647,50000.000,0
28001,-2173.941,-2913.529,50000.000,-2883.647,1075.765,50000.000,0
28051,-2921.000,-2861.235,50000.000,-3219.823,881.529,50000.000,0
28101,-3152.588,-2203.823,50000.000,-3010.647,1113.118,50000.000,0
28151,-3182.470,-2853.764,50000.000,-3451.412,134.471,50000.000,0
28201,-3137.647,-2906.059,50000.000,-3182.470,1800.412,50000.000,0
28251,-3668.059,-2592.294,50000.000,-3234.764,127.000,50000.000,0
28301,-4056.529,-3242.235,50000.000,-4011.706,246.529,50000.000,0
28351,-3772.647,-2808.941,50000.000,-4594.412,-156.882,50000.000,0
28401,-3511.176,321.235,50000.000,-3234.764,-97.118,50000.000,0
28451,-2935.941,-747.059,50000.000,-2838.823,-373.529,50000.000,0
28501,-2413.000,-1509.059,50000.000,-3683.000,-859.118,50000.000,0
28551,-2801.470,-1636.059,50000.000,-3533.588,-395.941,50000.000,0
28601,-3175.000,-2398.059,50000.000,-4004.235,134.471,50000.000,0
28651,-2607.235,-2465.294,50000.000,-4519.706,298.824,50000.000,0
28701,-3055.470,-2472.765,50000.000,-4153.647,575.235,50000.000,0
28751,-3324.412,-2711.823,50000.000,-4273.176,530.412,50000.000,0
28801,-2958.353,-2121.647,50000.000,-4250.765,530.412,50000.000,0
28851,-2995.706,-1621.118,50000.000,-3638.176,657.412,50000.000,0
28901,-3010.647,-1516.529,50000.000,-3414.059,567.765,50000.000,0
28951,-2622.176,-1344.706,50000.000,-3264.647,82.176,50000.000,0
29001,-2159.000,-1270.000,50000.000,-2823.882,-127.000,50000.000,0
29051,-2039.470,-1098.176,50000.000,-2652.059,-37.353,50000.000,0
29101,-1897.529,-814.294,50000.000,-2368.176,410.882,50000.000,0
29151,-2024.529,-836.706,50000.000,-2024.529,560.294,50000.000,0
29201,-1247.588,-1830.294,50000.000,-1934.882,-978.647,50000.000,1
29251,-911.412,-1591.235,50000.000,-1680.882,-642.471,50000.000,1
29301,-709.706,-1202.765,50000.000,-903.941,-403.412,50000.000,0
29351,0.000,-1636.059,50000.000,-605.118,-1023.471,50000.000,0
29401,37.353,-739.588,50000.000,-493.059,-956.235,50000.000,0
29451,97.118,156.882,50000.000,336.176,-14.941,50000.000,0
29501,209.176,-1030.941,50000.000,104.588,127.000,50000.000,0
29551,37.353,-1897.529,50000.000,-478.118,82.176,50000.000,0
29601,-313.765,-1942.353,50000.000,-597.647,582.706,50000.000,0
29651,-493.059,-1763.059,50000.000,-866.588,881.529,50000.000,0
29701,-508.000,-1247.588,50000.000,-844.176,866.588,50000.000,0
29751,-351.118,-612.588,50000.000,-381.000,336.176,50000.000,0
29801,-149.412,-156.882,50000.000,-239.059,-22.412,50000.000,0
29851,-82.176,74.706,50000.000,-134.471,-201.706,50000.000,0
29901,-59.765,186.765,50000.000,0.000,-298.824,50000.000,0
29951,-134.471,119.529,50000.000,-134.471,-127.000,50001.000,0
30001,-224.118,-37.353,50000.000,-351.118,-7.471,50001.000,0
30051,-366.059,-283.882,50000.000,-358.588,74.706,49999.000,0
30101,-627.529,-306.294,50000.000,-657.412,410.882,50000.000,0
30151,-649.941,-672.353,50000.000,-821.765,141.941,50000.000,0
30201,-463.176,-552.823,50000.000,-687.294,-112.059,50000.000,0
30251,-440.765,67.235,50000.000,-463.176,67.235,50000.000,0
30301,-485.588,52.294,50000.000,-403.412,0.000,50000.000,0
30351,-649.941,-358.588,50000.000,-866.588,-67.235,50000.000,0
30401,-657.412,-141.941,50000.000,-851.647,89.647,50001.000,0
30451,-814.294,67.235,50000.000,-732.118,276.412,49999.000,0
30501,-754.529,-171.824,50000.000,-866.588,29.882,50000.000,0
30551,-373.529,-149.412,50000.000,-672.353,-455.706,50000.000,0
30601,-201.706,97.118,50000.000,-268.941,-530.412,50000.000,0
30651,-14.941,836.706,50000.000,74.706,-522.941,50000.000,0
30701,388.471,1150.470,50000.000,784.412,-1060.823,50000.000,0
30751,425.823,1800.412,50000.000,881.529,-410.882,50000.000,0
30801,530.412,2188.882,50000.000,1195.294,-366.059,50000.000,0
30851,881.529,1934.882,50000.000,1367.118,-963.706,50001.000,0
30901,1643.529,1426.882,50000.000,1613.647,-1524.000,49999.000,0
30951,1606.176,1314.823,50000.000,1807.882,-747.059,50000.000,0
31001,1733.176,1329.765,50000.000,2159.000,104.588,50000.000,0
31051,1643.529,1382.059,50000.000,2540.000,433.294,50001.000,0
31101,2607.235,433.294,50000.000,2928.470,-1591.235,49999.000,0
31151,2599.765,620.059,50000.000,2876.176,-343.647,50000.000,0
31201,2599.765,1382.059,50000.000,3302.000,664.882,50001.000,0
31251,3488.764,597.647,50000.000,3630.706,-844.176,49999.000,0
31301,3556.000,0.000,50000.000,3234.764,-918.882,50001.000,0
31351,3100.294,612.588,50000.000,3914.588,-104.588,49999.000,0
31401,3414.059,552.823,50000.000,4041.588,-336.176,50000.000,0
31451,3421.529,298.824,50000.000,3511.176,-231.588,50000.000,0
31501,2928.470,171.824,50000.000,3018.117,-14.941,50000.000,0
31551,2517.588,127.000,50000.000,2472.765,44.824,50000.000,0
31601,2129.117,119.529,50000.000,2218.765,127.000,50000.000,0
31651,1688.353,433.294,50000.000,1905.000,194.235,50000.000,0
31701,1083.235,889.000,50000.000,1613.647,769.471,50000.000,0
31751,575.235,261.471,50000.000,1210.235,1068.294,50000.000,0
31801,1195.294,127.000,50000.000,1053.353,418.353,50000.000,0
31851,993.588,448.235,50000.000,1120.588,478.118,50000.000,0
31901,-74.706,-463.176,50000.000,22.412,1165.412,50000.000,0
31951,-171.824,-381.000,50000.000,-246.529,874.059,50001.000,0
32001,-343.647,59.765,50000.000,-37.353,649.941,50000.000,0
32051,-1875.118,-1068.294,50000.000,-2091.765,1763.059,50000.000,0
32101,-3182.470,-2218.765,50000.000,-3772.647,2599.765,49999.000,0
32151,-4146.176,-3526.117,50000.000,-5528.235,2554.941,50000.000,0
32201,-4318.000,-2794.000,50000.000,-6215.529,1441.823,50000.000,0
32251,-3593.353,829.235,50000.000,-4586.941,291.353,50000.000,0
32301,-1890.059,4459.941,50000.000,-971.176,-2502.647,50000.000,0
32351,597.647,3608.294,50000.000,515.471,-6237.941,50000.000,0
32401,866.588,2495.176,50002.000,373.529,-3929.529,50000.000,0
32451,-89.647,1763.059,49999.000,134.471,-1143.000,50000.000,0
32501,-171.824,-336.176,49999.000,-59.765,-530.412,49999.000,0
32551,268.941,-2569.882,50000.000,-351.118,-2487.706,50000.000,0
32601,1860.176,-5976.470,50000.000,-134.471,-6125.882,50000.000,0
32651,1516.529,-4467.412,50000.000,-433.294,-4699.000,50000.000,0
32701,-216.647,956.235,50000.000,127.000,104.588,50000.000,0
32751,799.353,2495.176,50000.000,1785.470,-37.353,50000.000,0
32801,2480.235,1277.470,50000.000,2106.706,-1247.588,50000.000,0
32851,2562.412,1180.353,50000.000,2420.470,-993.588,50000.000,0
32901,1464.235,388.471,50000.000,1643.529,-918.882,50000.000,0
32951,903.941,186.765,50000.000,694.765,-321.235,50000.000,0
33001,978.647,1359.647,50000.000,1135.529,-134.471,50000.000,0
33051,1718.235,2532.529,50000.000,2577.353,-403.412,50000.000,0
33101,2652.059,2457.823,50000.000,3675.529,-2009.588,50000.000,0
33151,4071.470,1531.470,50000.000,3892.176,-3414.059,50000.000,0
33201,4930.588,-67.235,50000.000,3929.529,-5453.529,50000.000,0
33251,4855.882,-1172.882,50000.000,4161.117,-6260.353,50000.000,0
33301,4370.294,-2652.059,50000.000,3339.353,-5057.588,50000.000,0
33351,3167.529,-3593.353,50000.000,2241.176,-3451.412,50000.000,0
33401,2554.941,-4280.647,50000.000,1524.000,-1352.176,50000.000,0
33451,2749.176,-5393.764,50000.000,1195.294,-851.647,50000.000,0
33501,3384.176,-5916.706,50000.000,1688.353,-2935.941,50000.000,0
33551,2652.059,-2487.706,50000.000,2808.941,-5513.294,50000.000,0
33601,1397.000,978.647,50000.000,4400.176,-3287.059,50000.000,0
33651,3279.588,3302.000,50000.000,4870.823,-2913.529,50000.000,0
33701,3683.000,1643.529,50000.000,4078.941,-3242.235,50000.000,0
33751,1815.353,-537.882,50000.000,1748.118,-1688.353,50000.000,0
33801,-351.118,-1598.706,50000.000,-956.235,29.882,50000.000,0
33851,-1270.000,-1374.588,50000.000,-2017.059,627.529,50000.000,0
33901,-381.000,276.412,50000.000,-687.294,612.588,50000.000,0
33951,254.000,1008.529,50000.000,806.823,-664.882,50000.000,0
34001,971.176,1404.470,50000.000,1337.235,-403.412,50000.000,0
34051,1553.882,769.471,50000.000,1792.941,-1636.059,50000.000,0
34101,1434.353,545.353,50000.000,1576.294,-1255.059,50000.000,0
34151,1225.176,-1202.765,50000.000,829.235,-2091.765,50000.000,0
34201,418.353,-3145.117,50000.000,-627.529,-1934.882,50000.000,0
34251,-119.529,-5296.646,50000.000,-1710.765,-2226.235,50000.000,0
34301,-141.941,-6006.353,50000.000,-2203.823,-2607.235,50000.000,0
34351,-664.882,-4250.765,50000.000,-2517.588,-806.823,50000.000,0
34401,-1456.765,-4415.117,50000.000,-2659.529,-171.824,50000.000,0
34451,-463.176,-5939.117,50000.000,-2659.529,-3884.706,50000.000,0
34501,224.118,-3257.176,50000.000,-1561.353,-8142.940,50000.000,0
34551,657.412,-336.176,50000.000,89.647,-7433.235,50000.000,0
34601,791.882,1695.823,50000.000,642.471,-5229.412,50000.000,0
34651,903.941,224.118,50000.000,530.412,-6028.764,50000.000,0
34701,463.176,-3048.000,50000.000,-859.118,-5229.412,50000.000,0
34751,-791.882,-4467.412,50000.000,-2525.059,-1890.059,50000.000,0
34801,-2136.588,-3436.470,50000.000,-3869.764,-231.588,50000.000,0
34851,-1486.647,-2181.412,50000.000,-2405.529,-134.471,50000.000,0
34901,-657.412,-1665.941,50000.000,-1083.235,-448.235,50000.000,0
34951,-649.941,-732.118,50000.000,-1255.059,-186.765,50000.000,0
35001,52.294,485.588,50000.000,59.765,-156.882,50000.000,0
35051,948.765,1546.412,50000.000,1359.647,-328.706,50000.000,0
35101,425.823,127.000,50000.000,709.706,-717.176,50000.000,0
35151,-209.176,-306.294,50000.000,-373.529,74.706,50000.000,0
35201,283.882,1217.706,50000.000,515.471,-74.706,50000.000,0
35251,1225.176,1890.059,50000.000,2607.235,-829.235,50000.000,0
35301,1725.706,1882.588,50000.000,2614.706,-575.235,50000.000,0
35351,1621.118,1180.353,50000.000,2039.470,-560.294,50000.000,0
35401,1307.353,1509.059,50000.000,1837.765,-268.941,50000.000,0
35451,1083.235,440.765,50000.000,1299.882,-986.118,50000.000,0
35501,239.059,-14.941,50000.000,164.353,-216.647,50000.000,0
35551,179.294,537.882,50000.000,254.000,0.000,50000.000,0
35601,522.941,366.059,50000.000,754.529,-343.647,50000.000,0
35651,762.000,29.882,50000.000,821.765,-732.118,50000.000,0
35701,709.706,-717.176,50000.000,410.882,-1232.647,50000.000,0
35751,141.941,-127.000,50000.000,52.294,-224.118,50000.000,0
35801,44.824,-194.235,50000.000,29.882,-186.765,50000.000,0
35851,97.118,104.588,50000.000,44.824,-67.235,50000.000,0
35901,74.706,149.412,50000.000,134.471,-97.118,50000.000,0
35951,-246.529,-440.765,50000.000,-351.118,7.471,50000.000,0
36001,-530.412,-1165.412,50000.000,-933.823,29.882,50000.000,0
36051,-679.823,-388.471,50000.000,-1240.118,224.118,50000.000,0
36101,82.176,119.529,50000.000,381.000,-224.118,50000.000,0
36151,194.235,-268.941,50000.000,440.765,-44.824,50000.000,0
36201,74.706,-37.353,50000.000,22.412,52.294,50000.000,0
36251,179.294,664.882,50000.000,239.059,-171.824,50000.000,0
36301,366.059,37.353,50000.000,605.118,-739.588,50000.000,0
36351,156.882,171.824,50000.000,231.588,-119.529,50000.000,0
36401,89.647,22.412,50000.000,119.529,-156.882,50000.000,0
36451,-29.882,-530.412,50000.000,-156.882,-141.941,50000.000,0
36501,-575.235,-1075.765,50000.000,-1165.412,29.882,50000.000,0
36551,-1045.882,-1516.529,50000.000,-1725.706,29.882,50000.000,0
36601,-911.412,-1531.470,50000.000,-1471.706,-52.294,50000.000,0
36651,-298.824,-343.647,50000.000,-470.647,7.471,50000.000,0
36701,14.941,97.118,50000.000,0.000,0.000,50000.000,0
36751,0.000,0.000,50000.000,7.471,0.000,50000.000,0
36801,7.471,89.647,50000.000,0.000,37.353,50000.000,0
36851,7.471,306.294,50000.000,0.000,0.000,50000.000,0
36901,67.235,231.588,50000.000,127.000,0.000,50000.000,1
36951,224.118,261.471,50000.000,448.235,22.412,50000.000,1
37001,52.294,164.353,50000.000,67.235,14.941,50000.000,0
37051,22.412,410.882,50000.000,-67.235,59.765,50000.000,0
37101,7.471,358.588,50000.000,-22.412,67.235,50000.000,0
37151,179.294,-194.235,50000.000,433.294,-164.353,50000.000,0
37201,201.706,-89.647,50000.000,455.706,-22.412,50000.000,0
37251,-149.412,-545.353,50000.000,-328.706,-119.529,50000.000,0
37301,-739.588,-1367.118,50000.000,-1411.941,-156.882,50000.000,0
37351,-1030.941,-1561.353,50000.000,-1785.470,-171.824,50000.000,0
37401,-776.941,-1367.118,50000.000,-1329.765,-268.941,50000.000,0
37451,-567.765,-1068.294,50000.000,-978.647,-74.706,50000.000,0
37501,-717.176,-1202.765,50000.000,-1247.588,-149.412,50000.000,0
37551,-829.235,-1180.353,50000.000,-1449.294,-59.765,50000.000,0
37601,-209.176,-627.529,50000.000,-351.118,-82.176,50000.000,0
37651,37.353,-141.941,50000.000,37.353,-74.706,50000.000,0
37701,59.765,-179.294,50000.000,29.882,-164.353,50000.000,0
37751,44.824,-515.471,50000.000,-119.529,-268.941,50000.000,0
37801,-351.118,-874.059,50000.000,-754.529,-216.647,50000.000,0
37851,-941.294,-1135.529,50000.000,-1665.941,283.882,50000.000,0
37901,-1053.353,-1673.412,50000.000,-1501.588,-59.765,50000.000,0
37951,-1135.529,-1987.176,50000.000,-1658.470,-44.824,50000.000,0
38001,-1240.118,-1695.823,50000.000,-1860.176,37.353,50000.000,0
38051,-896.471,-1232.647,50000.000,-1411.941,22.412,50000.000,0
38101,-351.118,-649.941,50000.000,-455.706,0.000,50000.000,0
38151,-14.941,-194.235,50000.000,-22.412,-22.412,50000.000,0
38201,-22.412,-164.353,50000.000,-7.471,-44.824,50000.000,0
38251,-22.412,-127.000,50000.000,0.000,-7.471,50000.000,0
38301,-127.000,-194.235,50000.000,-134.471,0.000,50000.000,0
38351,-209.176,-224.118,50000.000,-358.588,-37.353,50000.000,0
38401,-89.647,-239.059,50000.000,-112.059,-59.765,50000.000,0
38451,-37.353,-336.176,50000.000,-37.353,-14.941,50000.000,0
38501,-149.412,-89.647,50000.000,-268.941,22.412,50000.000,0
38551,37.353,201.706,50000.000,22.412,-156.882,50000.000,0
38601,127.000,261.471,50000.000,231.588,-149.412,50000.000,0
38651,463.176,1090.706,50000.000,754.529,-44.824,50000.000,0
38701,1598.706,2689.412,50000.000,2144.059,-268.941,50000.000,0
38751,2248.647,3167.529,50000.000,3391.647,-769.471,50000.000,0
38801,2808.941,2644.588,50000.000,4078.941,-1613.647,50000.000,0
38851,2233.706,1292.412,50000.000,2667.000,-1382.059,50000.000,0
38901,1247.588,1763.059,50000.000,1486.647,-926.353,50000.000,0
38951,1680.882,1912.470,50000.000,2330.823,-1449.294,50000.000,0
39001,1905.000,1553.882,50000.000,2390.588,-1651.000,50000.000,0
39051,1329.765,104.588,50000.000,1157.941,-1785.470,50000.000,0
39101,395.941,-903.941,50000.000,37.353,-866.588,50000.000,0
39151,-52.294,-590.176,50000.000,-672.353,-336.176,50000.000,0
39201,-537.882,-896.471,50000.000,-1023.471,-44.824,50000.000,0
39251,-747.059,-1157.941,50000.000,-1180.353,-7.471,50000.000,0
39301,-508.000,-933.823,50000.000,-784.412,-14.941,50000.000,0
39351,-239.059,-313.765,50000.000,-455.706,22.412,50000.000,0
39401,-127.000,-156.882,50000.000,-209.176,14.941,50000.000,0
39451,7.471,112.059,50000.000,7.471,-7.471,50000.000,0
39501,216.647,560.294,50000.000,336.176,-82.176,50000.000,0
39551,620.059,821.765,50000.000,918.882,-231.588,50000.000,0
39601,560.294,679.823,50000.000,739.588,-231.588,50000.000,0
39651,-14.941,-463.176,50000.000,-44.824,-22.412,50000.000,0
39701,-291.353,-821.765,50000.000,-522.941,-29.882,50000.000,0
39751,-537.882,-560.294,50000.000,-918.882,0.000,50000.000,0
39801,-201.706,-463.176,50000.000,-209.176,-254.000,50000.000,0
39851,-14.941,-119.529,50000.000,-59.765,0.000,50000.000,0
39901,-59.765,-59.765,50000.000,-104.588,0.000,50000.000,0
39951,-29.882,0.000,50000.000,-89.647,0.000,50000.000,0
40001,-67.235,-52.294,50000.000,-134.471,141.941,50000.000,0
40051,-545.353,-739.588,50000.000,-679.823,709.706,50000.000,0
40101,-1225.176,-1524.000,50000.000,-1591.235,1501.588,50000.000,0
40151,-2278.529,-2360.706,50000.000,-2808.941,2495.176,50000.000,0
40201,-2562.412,-2741.706,50000.000,-3249.706,2465.294,50000.000,0
40251,-2681.941,-2764.117,50000.000,-3847.353,1979.706,50000.000,0
40301,-1718.235,-1867.647,50000.000,-2771.588,612.588,50000.000,0
40351,-156.882,-254.000,50000.000,-261.471,-97.118,50000.000,0
40401,351.118,687.294,50000.000,687.294,7.471,50000.000,0
40451,1636.059,2756.647,50000.000,2450.353,-926.353,50000.000,0
40501,2921.000,4004.235,50000.000,4355.353,-2502.647,50000.000,0
40551,3668.059,4056.529,50000.000,5625.353,-3421.529,50000.000,0
40601,4459.941,2330.823,50000.000,4982.882,-3974.353,50000.000,0
40651,3040.529,-769.471,50000.000,2786.529,-3122.706,50000.000,0
40701,1277.470,-1890.059,50000.000,687.294,-1509.059,50000.000,0
40751,455.706,-1419.412,50000.000,44.824,-1180.353,50000.000,0
40801,635.000,-1643.529,50000.000,0.000,-1919.941,50000.000,0
40851,1165.412,-2173.941,50000.000,313.765,-3683.000,50000.000,0
40901,2286.000,-3653.117,50000.000,903.941,-6574.117,50000.000,0
40951,3025.588,-4631.764,50000.000,948.765,-8561.294,50000.000,0
41001,1927.412,-1060.823,50000.000,1128.059,-5707.529,50000.000,0
41051,1553.882,1807.882,50000.000,2002.118,-2599.765,50000.000,0
41101,2502.647,-395.941,50000.000,2061.882,-6499.411,50000.000,0
41151,3152.588,-4019.176,50000.000,1083.235,-9442.823,50000.000,0
41201,2711.823,-4586.941,50000.000,844.176,-6118.411,50000.000,0
41251,694.765,-1456.765,50000.000,388.471,-448.235,50000.000,0
41301,-522.941,-918.882,50000.000,-724.647,283.882,50000.000,0
41351,-724.647,-1143.000,50000.000,-1232.647,37.353,50000.000,0
41401,-306.294,-1240.118,50000.000,-896.471,-814.294,50000.000,0
41451,-231.588,-732.118,50000.000,-762.000,-679.823,50000.000,0
41501,156.882,313.765,50000.000,164.353,-82.176,50000.000,0
41551,522.941,1195.294,50000.000,926.353,97.118,50000.000,0
41601,1060.823,2114.176,50000.000,2129.117,-216.647,50000.000,0
41651,1890.059,2644.588,50000.000,3048.000,-754.529,50000.000,0
41701,1695.823,1270.000,50000.000,2398.059,-522.941,50000.000,0
41751,1030.941,-522.941,50000.000,956.235,-642.471,50000.000,0
41801,283.882,-321.235,50000.000,261.471,29.882,50000.000,0
41851,29.882,-478.118,50000.000,-37.353,-82.176,50000.000,0
41901,-29.882,-1150.470,50000.000,-657.412,-702.235,50000.000,0
41951,0.000,-3399.117,50000.000,-1172.882,-2547.470,50000.000,0
42001,612.588,-7537.823,50000.000,-1800.412,-8023.411,50000.000,0
42051,612.588,-6865.470,50000.000,-2846.294,-7507.940,50000.000,0
42101,-395.941,-1255.059,50000.000,-627.529,-1060.823,50000.000,0
42151,-209.176,-993.588,50000.000,-515.471,-963.706,50000.000,0
42201,-224.118,-2569.882,50000.000,-1524.000,-1830.294,50000.000,0
42251,14.941,-2510.117,50000.000,-1075.765,-1538.941,50000.000,0
42301,141.941,-343.647,50000.000,-44.824,-149.412,50000.000,0
42351,567.765,-29.882,50000.000,709.706,-829.235,50000.000,0
42401,1434.353,-500.529,50000.000,1098.176,-3040.529,50000.000,0
42451,1927.412,-1135.529,50000.000,1120.588,-5909.235,50000.000,0
42501,1942.353,-1471.706,50000.000,814.294,-5401.235,50000.000,0
42551,911.412,-769.471,50000.000,321.235,-2607.235,50000.000,0
42601,-14.941,-455.706,50000.000,-67.235,-201.706,50000.000,0
42651,-29.882,-194.235,50000.000,-89.647,0.000,50000.000,0
42701,276.412,186.765,50000.000,395.941,-395.941,50000.000,0
42751,1023.471,388.471,50000.000,1128.059,-1284.941,50000.000,0
42801,1725.706,-209.176,50000.000,1852.706,-2420.470,50000.000,0
42851,2046.941,-2629.647,50000.000,1568.823,-4377.765,50000.000,0
42901,2741.706,-4108.823,50000.000,1060.823,-7052.235,50000.000,0
42951,2495.176,-1718.235,50000.000,1157.941,-6798.235,50000.000,0
43001,2569.882,-2413.000,50000.000,2323.353,-7224.058,50000.000,0
43051,2233.706,-5094.941,50000.000,321.235,-4026.647,50000.000,0
43101,612.588,-4885.764,50000.000,-836.706,-1770.529,50000.000,0
43151,-508.000,-3070.412,50000.000,-956.235,141.941,50000.000,0
43201,-784.412,-2846.294,50000.000,-1471.706,724.647,50000.000,0
43251,-814.294,-2831.353,50000.000,-2173.941,-224.118,50000.000,0
43301,-1217.706,-3010.647,50000.000,-2547.470,-1120.588,50000.000,0
43351,-1270.000,-2196.353,50000.000,-2360.706,-1187.823,50000.000,0
43401,-874.059,-1023.471,50000.000,-1292.412,-687.294,50000.000,0
43451,201.706,-769.471,50000.000,-14.941,-2719.294,50000.000,0
43501,1426.882,-1807.882,50000.000,283.882,-7560.235,50000.000,0
43551,1105.647,-470.647,50000.000,500.529,-8045.823,50000.000,0
43601,1180.353,881.529,50000.000,1792.941,-6417.235,50000.000,0
43651,2248.647,-2950.882,50000.000,1001.059,-9218.705,50000.000,0
43701,2069.353,-6686.176,50000.000,-351.118,-7014.882,50000.000,0
43751,231.588,-6917.764,50000.000,-1322.294,-2480.235,50000.000,0
43801,-328.706,-7664.823,50000.000,-1822.823,-1419.412,50000.000,0
43851,410.882,-7276.353,50000.000,-1583.765,-6290.235,50000.000,0
43901,1195.294,-3219.823,50000.000,-298.824,-8516.470,50000.000,0
43951,1083.235,-537.882,50000.000,59.765,-6155.764,50000.000,0
44001,2159.000,-2734.235,50000.000,-29.882,-3585.882,50000.000,0
44051,702.235,-3018.117,50000.000,-246.529,-1195.294,50000.000,0
44101,-1292.412,-2368.176,50000.000,-1113.118,784.412,50000.000,0
44151,-2846.294,-3668.059,50000.000,-3668.059,1016.000,50000.000,1
44201,-3175.000,-4019.176,50000.000,-4205.941,687.294,50000.000,1
44251,-2614.706,-2816.412,50000.000,-3421.529,732.118,50000.000,0
44301,-1621.118,351.118,50000.000,-1456.765,508.000,50000.000,0
44351,37.353,2181.412,50000.000,530.412,-1449.294,50000.000,0
44401,844.176,933.823,50000.000,373.529,-2188.882,50000.000,0
44451,-74.706,-425.823,50000.000,-388.471,-769.471,50000.000,0
44501,-1038.412,-1890.059,50000.000,-993.588,283.882,50000.000,0
44551,-2203.823,-4078.941,50000.000,-2398.059,1045.882,50000.000,0
44601,-2644.588,-4467.412,50000.000,-2935.941,1030.941,50000.000,0
44651,-2734.235,-3085.353,50000.000,-2988.235,3742.764,50000.000,0
44701,-3481.294,-3638.176,50000.000,-3526.117,2308.412,50000.000,0
44751,-3854.823,-3697.941,50000.000,-4631.764,2457.823,50000.000,0
44801,-3780.117,-2659.529,50000.000,-4235.823,2353.235,50000.000,0
44851,-4310.529,-2427.941,50000.000,-3884.706,2099.235,50000.000,0
44901,-3937.000,-1800.412,50000.000,-3496.235,1927.412,50000.000,0
44951,-3974.353,-1613.647,50000.000,-3585.882,1426.882,50000.000,0
45001,-3660.588,-1441.823,50000.000,-3526.117,814.294,50000.000,0
45051,-3003.176,-836.706,50000.000,-3025.588,694.765,50000.000,0
45101,-2532.529,-612.588,50000.000,-2913.529,-149.412,50000.000,0
45151,-2383.117,-627.529,50000.000,-2427.941,119.529,50000.000,0
45201,-2024.529,-522.941,50000.000,-2271.059,463.176,50000.000,0
45251,-1725.706,-679.823,50000.000,-1964.765,156.882,50000.000,0
45301,-1778.000,-814.294,50000.000,-1733.176,149.412,50000.000,0
45351,-1277.470,-500.529,50000.000,-1509.059,127.000,50000.000,0
45401,-941.294,-418.353,50000.000,-1016.000,-7.471,50000.000,0
45451,-522.941,-104.588,50000.000,-694.765,14.941,50000.000,0
45501,-149.412,-59.765,50000.000,-194.235,-59.765,50000.000,0
45551,283.882,112.059,50000.000,186.765,-620.059,50000.000,0
45601,575.235,709.706,50000.000,575.235,-537.882,50000.000,0
45651,724.647,829.235,50000.000,993.588,-874.059,50000.000,0
45701,702.235,433.294,50000.000,635.000,-649.941,50000.000,0
45751,239.059,-14.941,50000.000,209.176,-74.706,50000.000,0
45801,-261.471,-328.706,50000.000,-298.824,127.000,50000.000,0
45851,-448.235,-649.941,50000.000,-522.941,0.000,50000.000,0
45901,-343.647,-597.647,50000.000,-425.823,-59.765,50000.000,0
45951,-224.118,-201.706,50000.000,-276.412,-7.471,50000.000,0
46001,-7.471,-44.824,50000.000,-14.941,-97.118,50000.000,0
46051,7.471,-14.941,50000.000,-7.471,-14.941,50000.000,0
46101,-22.412,0.000,50000.000,-74.706,-44.824,50000.000,0
46151,14.941,-22.412,50000.000,0.000,-201.706,50000.000,0
46201,14.941,7.471,50000.000,22.412,-97.118,50000.000,0
46251,7.471,59.765,50000.000,0.000,-67.235,50000.000,0
46301,-14.941,-44.824,50000.000,44.824,59.765,50000.000,0
46351,-82.176,-104.588,50000.000,-112.059,52.294,50000.000,0
46401,-156.882,-104.588,50000.000,-201.706,-14.941,50000.000,0
46451,-29.882,-14.941,50000.000,-52.294,-149.412,50000.000,0
46501,37.353,-74.706,50000.000,14.941,-112.059,50000.000,0
46551,-44.824,44.824,50000.000,-74.706,-37.353,50000.000,0
46601,-14.941,0.000,50000.000,29.882,-89.647,50000.000,0
46651,-44.824,-97.118,50000.000,-7.471,29.882,50000.000,0
46701,-164.353,-127.000,50000.000,-89.647,-29.882,50000.000,0
46751,-104.588,-112.059,50000.000,-119.529,7.471,50000.000,0
46801,-59.765,-171.824,50000.000,-59.765,74.706,50000.000,0
46851,-239.059,-141.941,50000.000,-231.588,156.882,50000.000,0
46901,-156.882,-156.882,50000.000,-179.294,-22.412,50000.000,0
46951,-14.941,-89.647,50000.000,-37.353,44.824,50000.000,0
47001,-29.882,14.941,50000.000,-44.824,22.412,50000.000,0
47051,14.941,37.353,50000.000,37.353,-22.412,50000.000,0
47101,67.235,0.000,50000.000,97.118,44.824,50000.000,0
47151,-52.294,-14.941,50000.000,-82.176,59.765,50000.000,0
47201,-59.765,-7.471,50000.000,-89.647,-74.706,50000.000,0
47251,22.412,0.000,50000.000,52.294,-14.941,50000.000,0
47301,7.471,14.941,50000.000,37.353,0.000,50000.000,0
47351,-29.882,-112.059,50000.000,-22.412,-22.412,50000.000,0
47401,-97.118,-67.235,50000.000,-52.294,59.765,50000.000,0
47451,-74.706,0.000,50000.000,-44.824,7.471,50000.000,0
47501,29.882,-44.824,50000.000,67.235,-22.412,50000.000,0
47551,-67.235,-134.471,50000.000,-37.353,0.000,50000.000,0
47601,-156.882,-119.529,50000.000,-179.294,0.000,50000.000,0
47651,-59.765,44.824,50000.000,-29.882,0.000,50000.000,0
47701,0.000,119.529,50000.000,82.176,119.529,50000.000,0
47751,7.471,52.294,50000.000,29.882,119.529,50000.000,0
47801,0.000,298.824,50000.000,0.000,209.176,50000.000,0
47851,149.412,522.941,50000.000,298.824,-14.941,50000.000,0
47901,552.823,246.529,50000.000,403.412,-724.647,50000.000,0
47951,545.353,485.588,50000.000,590.176,-620.059,50000.000,0
48001,702.235,485.588,50000.000,799.353,-605.118,50000.000,0
48051,485.588,351.118,50000.000,425.823,-82.176,50000.000,0
48101,276.412,-104.588,50000.000,209.176,-127.000,50000.000,0
48151,254.000,82.176,50000.000,119.529,-37.353,50000.000,0
48201,515.471,926.353,50000.000,679.823,-22.412,50000.000,0
48251,1202.765,1867.647,50000.000,1411.941,-171.824,50000.000,0
48301,1688.353,2032.000,50000.000,1994.647,-717.176,50000.000,0
48351,1867.647,2540.000,50000.000,2637.117,-530.412,50000.000,0
48401,2719.294,2577.353,50000.000,2659.529,-829.235,50000.000,0
48451,3294.529,2383.117,50000.000,2988.235,-776.941,50000.000,0
48501,3316.941,1382.059,50000.000,3160.059,-799.353,50000.000,0
48551,3354.294,186.765,50000.000,3003.176,-694.765,50000.000,0
48601,3107.764,-321.235,50000.000,2704.353,-156.882,50000.000,0
48651,2599.765,-605.118,50000.000,2338.294,67.235,50000.000,0
48701,2218.765,-896.471,50000.000,1987.176,321.235,50000.000,0
48751,1583.765,-784.412,50000.000,1516.529,903.941,50000.000,0
48801,709.706,-552.823,50000.000,784.412,1441.823,50000.000,0
48851,448.235,-709.706,50000.000,537.882,1927.412,50000.000,0
48901,635.000,-463.176,50000.000,410.882,1008.529,50000.000,0
48951,-44.824,29.882,50000.000,-44.824,-179.294,50000.000,0
49001,-336.176,470.647,50000.000,-216.647,-52.294,50000.000,0
49051,-1329.765,313.765,50000.000,-717.176,821.765,50000.000,0
49101,-2614.706,-1277.470,50000.000,-2487.706,1748.118,50000.000,0
49151,-2801.470,-2129.117,50000.000,-3481.294,948.765,50000.000,0
49201,-2599.765,-1001.059,50000.000,-2891.117,478.118,50000.000,0
49251,-1845.235,1419.412,50000.000,-1195.294,239.059,50000.000,0
49301,-612.588,2345.765,50000.000,-418.353,-1255.059,50000.000,1
49351,732.118,3189.941,50000.000,605.118,-2614.706,50000.000,1
49401,1591.235,1247.588,50000.000,1165.412,-3331.882,50000.000,0
49451,1008.529,-948.765,50000.000,224.118,-1770.529,50000.000,0
49501,-22.412,-1822.823,50000.000,-239.059,-89.647,50000.000,0
49551,-119.529,-3085.353,50000.000,-732.118,-395.941,50000.000,0
49601,-1143.000,-2569.882,50000.000,-1471.706,22.412,50000.000,0
49651,-1770.529,-2390.588,50000.000,-1800.412,1083.235,50000.000,0
49701,-2099.235,-2741.706,50000.000,-2226.235,1703.294,50000.000,0
49751,-3175.000,-3152.588,50000.000,-3264.647,2099.235,50000.000,0
49801,-3556.000,-3503.706,50000.000,-3892.176,1733.176,50000.000,0
49851,-3832.412,-3264.647,50000.000,-4280.647,717.176,50000.000,0
49901,-3391.647,-1464.235,50000.000,-3787.588,657.412,50000.000,0
49951,-3197.412,-186.765,50000.000,-3085.353,410.882,50000.000,0
50001,-2943.412,-283.882,50000.000,-3354.294,-179.294,50000.000,0
50051,-2696.882,-276.412,50000.000,-3242.235,0.000,50000.000,0
50101,-2413.000,-395.941,50000.000,-2771.588,149.412,50000.000,0
50151,-1800.412,-747.059,50000.000,-2629.647,-134.471,50000.000,0
50201,-1778.000,-627.529,50000.000,-2510.117,74.706,50000.000,0
50251,-1270.000,-410.882,50000.000,-1867.647,74.706,50000.000,0
50301,-926.353,-254.000,50000.000,-1240.118,-97.118,50000.000,0
50351,-664.882,-44.824,50000.000,-799.353,-37.353,50000.000,0
50401,-216.647,29.882,50000.000,-216.647,-149.412,50000.000,0
50451,82.176,127.000,50000.000,89.647,-395.941,50000.000,0
50501,373.529,814.294,50000.000,545.353,-186.765,50000.000,0
50551,1135.529,1882.588,50000.000,1553.882,-336.176,50000.000,0
50601,2099.235,3309.470,50000.000,2786.529,-702.235,50000.000,0
50651,2779.059,3302.000,50000.000,3697.941,-1733.176,50000.000,0
50701,3167.529,2853.764,50000.000,3488.764,-1845.235,50000.000,0
50751,2823.882,1852.706,50000.000,3331.882,-1284.941,50000.000,0
50801,2196.353,493.059,50000.000,2106.706,-679.823,50000.000,0
50851,776.941,-515.471,50000.000,821.765,313.765,50000.000,0
50901,224.118,-1486.647,50000.000,-37.353,395.941,50000.000,0
50951,-201.706,-1576.294,50000.000,-612.588,657.412,50000.000,0
51001,-642.471,-732.118,50000.000,-926.353,747.059,50000.000,0
51051,-612.588,-463.176,50000.000,-567.765,328.706,50000.000,0
51101,-164.353,-59.765,50000.000,-149.412,134.471,50000.000,0
51151,194.235,620.059,50000.000,381.000,52.294,50000.000,0
51201,635.000,889.000,50000.000,732.118,-351.118,50000.000,0
51251,1001.059,1875.118,50000.000,1411.941,-164.353,50000.000,0
51301,1307.353,1830.294,50000.000,1845.235,14.941,50000.000,0
51351,418.353,388.471,50000.000,874.059,425.823,50000.000,0
51401,-149.412,-717.176,50000.000,-186.765,903.941,50000.000,0
51451,530.412,590.176,50000.000,866.588,388.471,50000.000,0
51501,1792.941,2091.765,50000.000,2315.882,-149.412,50000.000,0
51551,1479.176,889.000,50000.000,1651.000,-149.412,50000.000,0
51601,-156.882,-971.176,50000.000,-209.176,963.706,50000.000,0
51651,-1561.353,-2764.117,50000.000,-1748.118,2159.000,50000.000,0
51701,-2315.882,-2652.059,50000.000,-2360.706,2614.706,50000.000,0
51751,-2704.353,-2099.235,50000.000,-2965.823,2345.765,50000.000,0
51801,-2823.882,-1763.059,50000.000,-3533.588,963.706,50000.000,0
51851,-2719.294,-836.706,50000.000,-3421.529,-22.412,50000.000,0
51901,-1598.706,1367.118,50000.000,-1225.176,-44.824,50000.000,0
51951,-298.824,2808.941,50000.000,37.353,-1710.765,50000.000,0
52001,747.059,2898.588,50000.000,926.353,-3899.647,50000.000,0
52051,1621.118,642.471,50000.000,1023.471,-4288.117,50000.000,0
52101,448.235,179.294,50000.000,29.882,-1404.470,50000.000,0
52151,-224.118,1524.000,50000.000,44.824,1509.059,50000.000,0
52201,-1113.118,2614.706,50000.000,395.941,6858.000,50000.000,0
52251,-821.765,164.353,50000.000,493.059,6917.764,50000.000,0
52301,2091.765,-3451.412,50000.000,866.588,-1404.470,50000.000,0
52351,3122.706,-1897.529,50000.000,2024.529,-2734.235,50000.000,0
52401,2823.882,1389.529,50000.000,3100.294,-1314.823,50000.000,0
52451,2719.294,597.647,50000.000,2540.000,-1800.412,50000.000,0
52501,1382.059,-455.706,50000.000,971.176,-672.353,50000.000,0
52551,97.118,-971.176,50000.000,0.000,29.882,50000.000,0
52601,-119.529,-2188.882,50000.000,-612.588,-328.706,50000.000,0
52651,-896.471,-1352.176,50000.000,-1030.941,336.176,50000.000,0
52701,-1195.294,-590.176,50000.000,-1225.176,493.059,50000.000,0
52751,-1434.353,-590.176,50000.000,-1598.706,-104.588,50000.000,0
52801,-1778.000,-582.706,50000.000,-1949.823,-351.118,50000.000,0
52851,-1800.412,-254.000,50000.000,-1890.059,-328.706,50000.000,0
52901,-1232.647,-97.118,50000.000,-1755.588,-866.588,50000.000,0
52951,-903.941,522.941,50000.000,-1128.059,-948.765,50000.000,0
53001,-627.529,799.353,50000.000,-508.000,-1045.882,50000.000,0
53051,-455.706,567.765,50000.000,-567.765,-1068.294,50000.000,0
53101,-388.471,373.529,50000.000,-440.765,-702.235,50000.000,0
53151,-351.118,313.765,50000.000,-283.882,-298.824,50000.000,0
53201,-127.000,-37.353,50000.000,-224.118,-268.941,50000.000,0
53251,-97.118,-112.059,50000.000,-134.471,-14.941,50000.000,0
53301,164.353,283.882,50000.000,298.824,52.294,50000.000,0
53351,515.471,433.294,50000.000,664.882,-134.471,50000.000,0
53401,687.294,381.000,50000.000,762.000,-179.294,50000.000,0
53451,679.823,410.882,50000.000,829.235,-22.412,50000.000,0
53501,485.588,201.706,50000.000,784.412,52.294,50000.000,0
53551,627.529,-97.118,50000.000,739.588,-44.824,50000.000,0
53601,515.471,-67.235,50000.000,612.588,119.529,50000.000,0
53651,515.471,52.294,50000.000,567.765,298.824,50000.000,0
53701,627.529,22.412,50000.000,500.529,119.529,50000.000,0
53751,747.059,112.059,50000.000,866.588,22.412,50000.000,0
53801,657.412,171.824,50000.000,859.118,-14.941,50000.000,0
53851,612.588,283.882,50000.000,859.118,82.176,50000.000,0
53901,814.294,67.235,50000.000,956.235,-14.941,50000.000,0
53951,829.235,-59.765,50000.000,836.706,-22.412,50000.000,0
54001,560.294,67.235,50000.000,694.765,336.176,50000.000,0
54051,433.294,-82.176,50000.000,627.529,261.471,50000.000,0
54101,612.588,-149.412,50000.000,620.059,97.118,50000.000,0
54151,537.882,22.412,50000.000,642.471,59.765,50000.000,0
54201,582.706,164.353,50000.000,732.118,164.353,50000.000,0
54251,664.882,52.294,50000.000,724.647,-59.765,50000.000,0
54301,687.294,112.059,50000.000,769.471,-22.412,50000.000,0
54351,552.823,127.000,50000.000,657.412,67.235,50000.000,0
54401,530.412,97.118,50000.000,627.529,104.588,50000.000,0
54451,522.941,-14.941,50000.000,612.588,7.471,50000.000,0
54501,537.882,-29.882,50000.000,575.235,7.471,50000.000,0
54551,448.235,141.941,50000.000,590.176,104.588,50000.000,0
54601,425.823,67.235,50000.000,627.529,-7.471,50000.000,0
54651,463.176,0.000,50000.000,500.529,-44.824,50000.000,0
54701,433.294,14.941,50000.000,463.176,7.471,50000.000,0
54751,343.647,112.059,50000.000,395.941,156.882,50000.000,0
54801,313.765,22.412,50000.000,358.588,-22.412,50000.000,0
54851,373.529,-7.471,50000.000,336.176,-89.647,50000.000,0
54901,268.941,37.353,50000.000,328.706,-59.765,50000.000,0
54951,231.588,44.824,50000.000,209.176,29.882,50000.000,0
55001,59.765,37.353,50000.000,194.235,209.176,50000.000,0
55051,89.647,-74.706,50000.000,82.176,7.471,50000.000,0
55101,134.471,-14.941,50000.000,89.647,-89.647,50000.000,0
55151,67.235,14.941,50000.000,59.765,-89.647,50000.000,0
55201,-52.294,74.706,50000.000,-29.882,119.529,50000.000,0
55251,-194.235,-29.882,50000.000,-89.647,127.000,50000.000,0
55301,-112.059,-119.529,50000.000,-209.176,-74.706,50000.000,0
55351,-141.941,-29.882,50000.000,-156.882,-67.235,50000.000,0
55401,-209.176,37.353,50000.000,-186.765,-7.471,50000.000,0
55451,-246.529,112.059,50000.000,-216.647,112.059,50000.000,0
55501,-343.647,74.706,50000.000,-201.706,0.000,50000.000,0
55551,-209.176,-134.471,50000.000,-343.647,-254.000,50000.000,0
55601,-306.294,-22.412,50000.000,-313.765,7.471,50000.000,0
55651,-844.176,-560.294,50000.000,-732.118,321.235,50000.000,0
55701,-1509.059,-1419.412,50000.000,-1524.000,776.941,50000.000,0
55751,-1919.941,-2054.412,50000.000,-2136.588,836.706,50000.000,0
55801,-1837.765,-1621.118,50000.000,-2532.529,508.000,50000.000,0
55851,-2061.882,-1120.588,50000.000,-2315.882,291.353,50000.000,0
55901,-1830.294,-112.059,50000.000,-1875.118,112.059,50000.000,0
55951,-1471.706,747.059,50000.000,-1314.823,-82.176,50000.000,0
56001,-1292.412,1083.235,50000.000,-993.588,-403.412,50000.000,0
56051,-956.235,799.353,50000.000,-1060.823,-709.706,50000.000,0
56101,-859.118,493.059,50000.000,-1083.235,-664.882,50000.000,0
56151,-986.118,321.235,50000.000,-1143.000,-410.882,50000.000,0
56201,-1098.176,-97.118,50000.000,-1255.059,0.000,50000.000,0
56251,-1075.765,-485.588,50000.000,-1494.118,179.294,50000.000,0
56301,-948.765,-44.824,50000.000,-1113.118,836.706,50000.000,0
56351,-896.471,2129.117,50000.000,-224.118,3824.941,50000.000,0
56401,-440.765,3951.941,50000.000,1157.941,5348.941,50000.000,0
56451,605.118,-291.353,50000.000,620.059,-44.824,50000.000,0
56501,1613.647,-3234.764,50000.000,-119.529,-3862.294,50000.000,0
56551,343.647,-1210.235,50000.000,-59.765,-971.176,50000.000,0
56601,-470.647,-231.588,50000.000,-373.529,821.765,50000.000,0
56651,-268.941,-381.000,50000.000,-366.059,127.000,50000.000,0
56701,-127.000,-470.647,50000.000,-328.706,-268.941,50000.000,0
56751,-141.941,-74.706,50000.000,-216.647,-119.529,50000.000,0
56801,-37.353,74.706,50000.000,-29.882,-74.706,50000.000,0
56851,22.412,29.882,50000.000,14.941,-134.471,50000.000,0
56901,52.294,-74.706,50000.000,-22.412,-291.353,50000.000,0
56951,74.706,-74.706,50000.000,14.941,-298.824,50000.000,0
57001,44.824,104.588,50000.000,59.765,-82.176,50000.000,0
57051,127.000,52.294,50000.000,156.882,-74.706,50000.000,0
57101,89.647,-52.294,50000.000,52.294,-141.941,50000.000,0
57151,29.882,-82.176,50000.000,-7.471,-119.529,50000.000,0
57201,37.353,97.118,50000.000,82.176,-7.471,50000.000,0
57251,119.529,119.529,50000.000,171.824,-44.824,50000.000,0
57301,112.059,44.824,50000.000,112.059,-74.706,50000.000,0
57351,67.235,14.941,50000.000,37.353,-52.294,50000.000,0
57401,29.882,74.706,50000.000,37.353,14.941,50000.000,0
57451,82.176,82.176,50000.000,97.118,-7.471,50000.000,0
57501,37.353,0.000,50000.000,67.235,-89.647,50000.000,0
57551,67.235,-52.294,50000.000,0.000,-104.588,50000.000,0
57601,0.000,82.176,50000.000,37.353,67.235,50000.000,0
57651,44.824,7.471,50000.000,74.706,-14.941,50000.000,0
57701,-7.471,-14.941,50000.000,-37.353,-7.471,50000.000,0
57751,-52.294,-89.647,50000.000,-112.059,-52.294,50000.000,0
57801,-22.412,-7.471,50000.000,-29.882,0.000,50000.000,0
57851,29.882,74.706,50000.000,67.235,82.176,50000.000,0
57901,29.882,0.000,50000.000,52.294,7.471,50000.000,0
57951,44.824,29.882,50000.000,-74.706,-14.941,50000.000,0
58001,-37.353,-52.294,50000.000,-104.588,-59.765,50000.000,0
58051,-14.941,37.353,50000.000,0.000,52.294,50000.000,0
58101,44.824,29.882,50000.000,89.647,7.471,50000.000,0
58151,37.353,7.471,50000.000,22.412,0.000,50000.000,0
58201,0.000,-52.294,50000.000,-14.941,-67.235,50000.000,0
58251,0.000,7.471,50000.000,52.294,37.353,50000.000,0
58301,37.353,67.235,50000.000,97.118,82.176,50000.000,0
58351,67.235,0.000,50000.000,82.176,-7.471,50000.000,0
58401,0.000,-14.941,50000.000,-29.882,-22.412,50000.000,0
58451,-7.471,-44.824,50000.000,-67.235,-52.294,50000.000,0
58501,-14.941,37.353,50000.000,-7.471,7.471,50000.000,0
58551,37.353,44.824,50000.000,74.706,7.471,50000.000,0
58601,29.882,14.941,50000.000,14.941,0.000,50000.000,0
58651,-7.471,-37.353,50000.000,-52.294,-52.294,50000.000,0
58701,-14.941,-22.412,50000.000,-74.706,-59.765,50000.000,0
58751,0.000,29.882,50000.000,0.000,74.706,50000.000,0
58801,52.294,37.353,50000.000,97.118,-14.941,50000.000,0
58851,14.941,0.000,50000.000,7.471,-14.941,50000.000,0
58901,-7.471,-59.765,50000.000,-89.647,-112.059,50000.000,1
58951,-7.471,0.000,50000.000,-44.824,-14.941,50000.000,1
59001,7.471,29.882,50000.000,37.353,37.353,50000.000,0
59051,29.882,0.000,50000.000,37.353,0.000,50000.000,0
59101,0.000,-14.941,50000.000,-22.412,-22.412,50000.000,0
59151,0.000,-14.941,50000.000,-29.882,-67.235,50000.000,0
59201,-22.412,14.941,50000.000,0.000,37.353,50000.000,0
59251,-14.941,-89.647,50000.000,0.000,0.000,50000.000,0
59301,-52.294,-104.588,50000.000,-82.176,-29.882,50000.000,0
59351,-52.294,-59.765,50000.000,-112.059,-44.824,50000.000,0
59401,-186.765,-216.647,50000.000,-246.529,194.235,50000.000,0
59451,-806.823,-1053.353,50000.000,-1030.941,478.118,50000.000,0
59501,-1329.765,-1830.294,50000.000,-1778.000,724.647,50000.000,0
59551,-1949.823,-2532.529,50000.000,-2599.765,1232.647,50000.000,0
59601,-2256.117,-2405.529,50000.000,-3018.117,1837.765,50000.000,0
59651,-2375.647,-1890.059,50000.000,-2741.706,1352.176,50000.000,0
59701,-2121.647,-1524.000,50000.000,-2465.294,1045.882,50000.000,0
59751,-1867.647,-612.588,50000.000,-2129.117,1464.235,50000.000,0
59801,-1949.823,-791.882,50000.000,-1867.647,1359.647,50000.000,0
59851,-1867.647,-1329.765,50000.000,-2181.412,1202.765,50000.000,0
59901,-1972.235,-1449.294,50000.000,-2271.059,1210.235,50000.000,0
59951,-1942.353,-971.176,50000.000,-2069.353,1225.176,50000.000,0
