timestamp[ms],left_dx[um],left_dy[um],left_dt[us],right_dx[um],right_dy[um],right_dt[us],waterPin
0,0.000,0.000,50153.000,0.000,0.000,50153.000,0
51,0.000,-22.412,50000.000,0.000,0.000,50000.000,0
101,29.882,-22.412,50000.000,-67.235,-29.882,50000.000,0
151,29.882,29.882,50000.000,-14.941,0.000,50000.000,0
201,-7.471,22.412,50000.000,7.471,0.000,50000.000,0
251,0.000,7.471,50000.000,-7.471,-29.882,50000.000,0
301,14.941,44.824,50000.000,22.412,14.941,50000.000,0
351,-14.941,14.941,50000.000,14.941,14.941,50000.000,0
401,22.412,-29.882,50000.000,-22.412,-22.412,50000.000,0
451,0.000,-22.412,50000.000,0.000,0.000,50000.000,0
501,0.000,14.941,50000.000,14.941,22.412,50000.000,0
551,29.882,14.941,50000.000,22.412,-37.353,50000.000,0
601,52.294,0.000,50000.000,52.294,0.000,50000.000,0
651,0.000,0.000,50000.000,52.294,29.882,50000.000,0
701,44.824,-14.941,50000.000,0.000,-14.941,50000.000,0
751,14.941,-22.412,50000.000,7.471,-7.471,50000.000,0
801,7.471,7.471,50000.000,37.353,22.412,50000.000,0
851,37.353,14.941,50000.000,-82.176,37.353,50000.000,0
901,44.824,0.000,50000.000,44.824,14.941,50000.000,0
951,0.000,22.412,50000.000,44.824,7.471,50000.000,0
1001,29.882,-14.941,50000.000,0.000,-7.471,50000.000,0
1051,14.941,-29.882,50000.000,0.000,-7.471,50000.000,0
1101,7.471,22.412,50000.000,37.353,0.000,50000.000,0
1151,22.412,22.412,50000.000,37.353,-22.412,50000.000,0
1201,22.412,22.412,50000.000,37.353,7.471,50000.000,0
1251,0.000,0.000,50000.000,37.353,14.941,50000.000,0
1301,14.941,-29.882,50000.000,0.000,0.000,50000.000,0
1351,7.471,-22.412,50000.000,14.941,-14.941,50000.000,0
1401,0.000,22.412,50000.000,7.471,0.000,50000.000,0
1451,22.412,22.412,50000.000,7.471,-7.471,50000.000,0
1501,22.412,14.941,50000.000,22.412,22.412,50000.000,0
1551,-7.471,-37.353,50000.000,7.471,-14.941,50000.000,0
1601,14.941,-29.882,50000.000,0.000,-14.941,50000.000,0
1651,-7.471,0.000,50000.000,0.000,-7.471,50000.000,0
1701,0.000,22.412,50000.000,22.412,7.471,50002.000,0
1751,0.000,14.941,50000.000,7.471,-22.412,50000.000,0
1801,0.000,14.941,50000.000,7.471,22.412,50000.000,0
1851,-29.882,-22.412,50000.000,0.000,0.000,50000.000,0
1901,14.941,-52.294,50000.000,-29.882,-14.941,50000.000,0
1951,0.000,0.000,50000.000,-7.471,-7.471,50000.000,0
2001,-7.471,37.353,50000.000,0.000,0.000,50000.000,0
2051,0.000,7.471,50000.000,-22.412,0.000,50000.000,0
2101,-22.412,14.941,50000.000,7.471,44.824,50000.000,0
2151,-44.824,0.000,50000.000,-7.471,0.000,50000.000,0
2201,0.000,-22.412,50000.000,-59.765,-37.353,50000.000,0
2251,-14.941,0.000,50000.000,-14.941,0.000,50000.000,0
2301,-29.882,29.882,50000.000,-7.471,14.941,50000.000,0
2351,0.000,0.000,50000.000,0.000,-7.471,50000.000,0
2401,-7.471,14.941,50000.000,7.471,44.824,50000.000,0
2451,-22.412,-14.941,50000.000,0.000,7.471,50000.000,0
2501,0.000,-29.882,50000.000,-29.882,-22.412,50000.000,0
2551,0.000,0.000,50000.000,0.000,-14.941,50000.000,0
2601,-14.941,44.824,50000.000,0.000,0.000,50000.000,0
2651,22.412,52.294,50000.000,14.941,-14.941,50000.000,0
2701,7.471,22.412,50000.000,22.412,-7.471,50000.000,0
2751,37.353,-14.941,50000.000,14.941,-14.941,50000.000,0
2801,7.471,-29.882,50000.000,7.471,0.000,50000.000,0
2851,37.353,29.882,50000.000,44.824,0.000,50000.000,0
2901,67.235,82.176,50000.000,52.294,0.000,50000.000,0
2951,29.882,29.882,50000.000,44.824,7.471,50000.000,0
3001,52.294,-14.941,50000.000,37.353,0.000,50000.000,0
3051,29.882,-37.353,50000.000,29.882,0.000,50000.000,0
3101,29.882,0.000,50000.000,52.294,0.000,50000.000,0
3151,29.882,37.353,50000.000,44.824,-22.412,50000.000,0
3201,22.412,29.882,50000.000,22.412,7.471,50000.000,0
3251,7.471,22.412,50000.000,29.882,44.824,50000.000,0
3301,0.000,-22.412,50000.000,22.412,0.000,50000.000,0
3351,22.412,-22.412,50000.000,0.000,0.000,50000.000,0
3401,0.000,-7.471,50000.000,14.941,0.000,50000.000,0
3451,7.471,0.000,50000.000,0.000,-22.412,50000.000,0
3501,7.471,29.882,50000.000,7.471,0.000,50000.000,0
3551,14.941,29.882,50000.000,44.824,44.824,50000.000,0
3601,-7.471,-22.412,50000.000,14.941,0.000,50000.000,0
3651,14.941,-37.353,50000.000,-7.471,-29.882,50000.000,0
3701,0.000,0.000,50000.000,0.000,0.000,50000.000,0
3751,7.471,14.941,50000.000,37.353,-7.471,50000.000,0
3801,29.882,22.412,50000.000,22.412,-29.882,50000.000,0
3851,7.471,14.941,50000.000,29.882,22.412,50000.000,0
3901,0.000,-14.941,50000.000,0.000,0.000,50000.000,0
3951,29.882,-37.353,50000.000,0.000,-37.353,50000.000,0
4001,0.000,-7.471,50000.000,0.000,0.000,50000.000,0
4051,-7.471,22.412,50000.000,14.941,22.412,50000.000,0
4101,14.941,14.941,50000.000,0.000,-29.882,50000.000,0
4151,14.941,14.941,50000.000,22.412,0.000,50000.000,0
4201,0.000,14.941,50002.000,14.941,59.765,50000.000,0
4251,7.471,-37.353,49999.000,0.000,-29.882,49999.000,0
4301,7.471,-37.353,49999.000,-14.941,0.000,49999.000,0
4351,-22.412,14.941,50000.000,-14.941,0.000,50000.000,0
4401,7.471,29.882,50000.000,0.000,-22.412,50000.000,0
4451,7.471,7.471,50000.000,0.000,0.000,50000.000,0
4501,0.000,22.412,50000.000,0.000,44.824,50000.000,0
4551,-14.941,-29.882,50000.000,0.000,-44.824,50000.000,0
4601,-14.941,-44.824,50000.000,-37.353,-22.412,50000.000,0
4651,-14.941,0.000,50000.000,0.000,22.412,50000.000,0
4701,0.000,14.941,50000.000,0.000,-22.412,50000.000,0
4751,14.941,7.471,50000.000,14.941,-29.882,50000.000,0
4801,-7.471,22.412,50000.000,29.882,37.353,50000.000,0
4851,-14.941,-7.471,50000.000,0.000,-14.941,50000.000,0
4901,14.941,-29.882,50000.000,-7.471,-7.471,50000.000,0
4951,0.000,-7.471,50000.000,0.000,7.471,50000.000,0
5001,7.471,22.412,50000.000,22.412,0.000,50000.000,0
5051,22.412,14.941,50000.000,22.412,-22.412,50000.000,0
5101,7.471,22.412,50000.000,37.353,22.412,50000.000,0
5151,0.000,-7.471,50000.000,29.882,0.000,50000.000,0
5201,44.824,-44.824,50000.000,0.000,-7.471,50000.000,0
5251,7.471,-14.941,50000.000,0.000,0.000,50000.000,0
5301,14.941,7.471,50000.000,52.294,14.941,50000.000,0
5351,22.412,14.941,50000.000,14.941,0.000,50000.000,0
5401,7.471,22.412,50000.000,14.941,29.882,50000.000,0
5451,7.471,0.000,50000.000,22.412,0.000,50000.000,0
5501,22.412,-22.412,50000.000,0.000,-14.941,50000.000,0
5551,7.471,-22.412,50000.000,14.941,0.000,50000.000,0
5601,7.471,22.412,50000.000,37.353,22.412,50000.000,0
5651,37.353,14.941,50000.000,7.471,-22.412,50000.000,0
5701,14.941,14.941,50000.000,29.882,0.000,50000.000,0
5751,0.000,14.941,50000.000,52.294,22.412,50000.000,0
5801,14.941,-14.941,50000.000,0.000,-22.412,50000.000,0
5851,22.412,-52.294,50000.000,0.000,-14.941,50000.000,0
5901,0.000,7.471,50000.000,0.000,0.000,50000.000,0
5951,7.471,14.941,50000.000,14.941,-22.412,50000.000,0
6001,29.882,22.412,50000.000,7.471,-14.941,50000.000,0
6051,0.000,29.882,50000.000,59.765,52.294,50000.000,0
6101,0.000,0.000,50000.000,14.941,-22.412,50000.000,0
6151,37.353,-44.824,50000.000,-14.941,-22.412,50000.000,0
6201,0.000,-22.412,50000.000,0.000,7.471,50000.000,0
6251,0.000,14.941,50000.000,14.941,-7.471,50000.000,0
6301,44.824,14.941,50000.000,7.471,-37.353,50000.000,0
6351,22.412,37.353,50000.000,29.882,37.353,50000.000,0
6401,0.000,0.000,50000.000,7.471,14.941,50000.000,0
6451,44.824,-52.294,50000.000,7.471,-7.471,50000.000,0
6501,7.471,-52.294,50000.000,0.000,0.000,50000.000,0
6551,0.000,0.000,50000.000,22.412,7.471,50000.000,0
6601,44.824,22.412,50000.000,14.941,-22.412,50000.000,0
6651,7.471,0.000,50000.000,0.000,-22.412,50000.000,0
6701,0.000,14.941,50000.000,0.000,52.294,50000.000,0
6751,-7.471,-44.824,50000.000,0.000,-37.353,50000.000,0
6801,7.471,-44.824,50000.000,0.000,-14.941,50000.000,0
6851,-7.471,0.000,50000.000,7.471,0.000,50000.000,0
6901,7.471,29.882,50000.000,14.941,0.000,50000.000,0
6951,14.941,14.941,50000.000,14.941,0.000,50000.000,0
7001,0.000,14.941,50000.000,0.000,14.941,50000.000,0
7051,-14.941,-29.882,50000.000,0.000,-14.941,50000.000,0
7101,5744.882,1434.353,50000.000,-7.471,-7.471,50000.000,0
7151,-14.941,0.000,50000.000,7.471,0.000,50000.000,0
7201,-7.471,29.882,50000.000,0.000,0.000,50000.000,0
7251,7.471,14.941,50000.000,0.000,-29.882,50000.000,0
7301,7.471,29.882,50000.000,7.471,7.471,50000.000,0
7351,-7.471,7.471,50000.000,14.941,0.000,50000.000,0
7401,14.941,-29.882,50000.000,-22.412,-22.412,50000.000,0
7451,0.000,-37.353,50000.000,-7.471,-14.941,50000.000,0
7501,0.000,29.882,50000.000,7.471,0.000,50000.000,0
7551,14.941,7.471,50000.000,22.412,-14.941,50000.000,0
7601,14.941,14.941,50000.000,7.471,7.471,50000.000,0
7651,0.000,22.412,50000.000,22.412,14.941,50000.000,0
7701,22.412,-29.882,50000.000,0.000,-29.882,50000.000,0
7751,14.941,-37.353,50000.000,0.000,0.000,50000.000,0
7801,0.000,7.471,50000.000,29.882,7.471,50000.000,0
7851,29.882,37.353,50000.000,7.471,0.000,50000.000,0
7901,22.412,7.471,50000.000,22.412,0.000,50000.000,0
7951,0.000,0.000,50000.000,14.941,0.000,50000.000,0
8001,7.471,-7.471,50000.000,-7.471,0.000,50000.000,0
8051,0.000,-14.941,50000.000,0.000,-7.471,50000.000,0
8101,7.471,22.412,50000.000,37.353,-7.471,50000.000,0
8151,22.412,22.412,50000.000,37.353,-14.941,50000.000,0
8201,7.471,22.412,50000.000,7.471,0.000,50000.000,0
8251,-7.471,7.471,50000.000,0.000,14.941,50000.000,0
8301,22.412,-14.941,50000.000,0.000,-22.412,50000.000,0
8351,14.941,-44.824,50000.000,0.000,-7.471,50000.000,0
8401,0.000,29.882,50000.000,14.941,22.412,50000.000,0
8451,22.412,14.941,50000.000,0.000,-7.471,50000.000,0
8501,22.412,22.412,50000.000,22.412,-29.882,50000.000,0
8551,0.000,29.882,50000.000,44.824,52.294,50000.000,0
8601,0.000,-44.824,50000.000,0.000,-44.824,50000.000,0
8651,14.941,-44.824,50000.000,-29.882,-14.941,50000.000,0
8701,-14.941,0.000,50000.000,0.000,7.471,50000.000,0
8751,0.000,29.882,50000.000,0.000,-29.882,50000.000,0
8801,0.000,14.941,50000.000,7.471,-14.941,50000.000,0
8851,-14.941,22.412,50000.000,7.471,22.412,50000.000,0
8901,-7.471,-7.471,50000.000,-14.941,-22.412,50000.000,0
8951,7.471,-22.412,50000.000,-29.882,-29.882,50000.000,0
9001,-14.941,0.000,50000.000,-14.941,22.412,50000.000,0
9051,-1919.941,14.941,50000.000,-14.941,0.000,50000.000,0
9101,0.000,14.941,50000.000,0.000,-37.353,50000.000,0
9151,0.000,29.882,50000.000,22.412,14.941,50000.000,0
9201,0.000,0.000,50000.000,22.412,0.000,50000.000,0
9251,14.941,-44.824,50000.000,-7.471,-14.941,50000.000,0
9301,-7.471,-37.353,50000.000,-37.353,0.000,50000.000,0
9351,0.000,22.412,50000.000,0.000,14.941,50000.000,0
9401,0.000,22.412,50000.000,-7.471,0.000,50000.000,0
9451,0.000,14.941,50000.000,0.000,44.824,50000.000,0
9501,-37.353,-7.471,50000.000,-7.471,-7.471,50000.000,0
9551,-14.941,-52.294,50000.000,-67.235,-29.882,50000.000,0
9601,-22.412,-29.882,50000.000,-37.353,0.000,50000.000,0
9651,-14.941,37.353,50000.000,0.000,0.000,50000.000,0
9701,0.000,14.941,50000.000,0.000,0.000,50000.000,0
9751,-14.941,0.000,50000.000,0.000,52.294,50000.000,0
9801,-14.941,-37.353,50000.000,0.000,-7.471,50000.000,0
9851,0.000,-37.353,50000.000,-22.412,0.000,50000.000,0
9901,-29.882,14.941,50000.000,-14.941,0.000,50000.000,0
9951,-7.471,67.235,50000.000,0.000,0.000,50000.000,0
10001,-29.882,14.941,50000.000,0.000,-7.471,50000.000,0
10051,470.647,-321.235,50000.000,67.235,-134.471,50000.000,0
10101,1651.000,-156.882,50000.000,1105.647,-254.000,50000.000,0
10151,1860.176,642.471,50000.000,1748.118,-276.412,50000.000,0
10201,3533.588,1337.235,50000.000,5655.235,-343.647,50000.000,0
10251,9226.176,2360.706,50000.000,12819.528,-37.353,50000.000,0
10301,10578.353,1397.000,50000.000,13080.999,784.412,50000.000,0
10351,8135.470,-321.235,50000.000,10503.646,911.412,50000.000,0
10401,7276.353,-627.529,50000.000,9330.764,1397.000,50000.000,0
10451,5700.059,-530.412,50000.000,6992.470,1755.588,50000.000,0
10501,1949.823,-485.588,50000.000,2383.117,597.647,50000.000,0
10551,381.000,1008.529,50000.000,1568.823,276.412,50000.000,0
10601,418.353,552.823,50000.000,612.588,-1673.412,50000.000,0
10651,201.706,44.824,50000.000,-395.941,-1860.176,50000.000,0
10701,-567.765,209.176,50000.000,-717.176,-395.941,50000.000,0
10751,-926.353,171.824,50000.000,-948.765,44.824,50000.000,0
10801,-926.353,-351.118,50000.000,-1598.706,14.941,50000.000,0
10851,-1426.882,-403.412,50000.000,-1524.000,171.824,50000.000,0
10901,-896.471,-7.471,50000.000,-1195.294,14.941,50000.000,0
10951,-1001.059,-44.824,50000.000,-1314.823,-201.706,50000.000,0
11001,-948.765,-119.529,50000.000,-1434.353,-306.294,50000.000,0
11051,-1195.294,44.824,50000.000,-1344.706,-119.529,50000.000,0
11101,-1068.294,179.294,50000.000,-1292.412,141.941,50000.000,0
11151,-508.000,-201.706,50000.000,-717.176,627.529,50000.000,0
11201,-127.000,-1367.118,50000.000,-239.059,-1038.412,50000.000,0
11251,351.118,-993.588,50000.000,-134.471,-791.882,50000.000,0
11301,-22.412,-171.824,50000.000,-112.059,-388.471,50000.000,0
11351,-298.824,156.882,50000.000,-179.294,-97.118,50000.000,0
11401,-470.647,-14.941,50000.000,-717.176,-216.647,50000.000,0
11451,-844.176,-321.235,50000.000,-1128.059,-82.176,50000.000,0
11501,-1322.294,-127.000,50000.000,-1389.529,448.235,50000.000,0
11551,-2203.823,-769.471,50000.000,-2368.176,1217.706,50000.000,0
11601,-3234.764,-2569.882,50000.000,-4116.294,2061.882,50000.000,0
11651,-4572.000,-5976.470,50000.000,-6686.176,732.118,50000.000,0
11701,-3966.882,-9532.470,50000.000,-8344.646,-3055.470,50000.000,0
11751,-4183.529,-8254.999,50000.000,-9211.234,-6424.706,50000.000,0
11801,-4220.882,-1748.118,50000.000,-6828.117,-4430.059,50000.000,0
11851,-5543.176,-2241.176,50000.000,-7829.176,-4818.529,50000.000,0
11901,-5670.176,-4975.412,50000.000,-10824.882,-5259.294,50000.000,0
11951,-7313.706,-4960.470,50000.000,-12035.117,-1897.529,50000.000,0
12001,-8404.411,-2420.470,50000.000,-11004.176,4579.470,50000.000,0
12051,-10003.117,-4213.412,50000.000,-11691.470,5961.529,50000.000,0
12101,-9031.940,-6447.117,50000.000,-12849.411,836.706,50000.000,0
12151,-7620.000,-5662.706,50000.000,-12834.470,-739.588,50000.000,0
12201,-8635.999,-3645.647,50000.000,-11855.822,1456.765,50000.000,0
12251,-7941.235,-1449.294,50000.000,-11534.588,1434.353,50000.000,0
12301,-7836.646,-933.823,50000.000,-10421.470,-918.882,50000.000,0
12351,-7074.646,-425.823,50000.000,-9524.999,-2241.176,50000.000,0
12401,-6962.588,395.941,50000.000,-8240.059,-1516.529,50000.000,0
12451,-7231.529,620.059,50000.000,-7784.353,-1255.059,50000.000,0
12501,-6805.706,328.706,50000.000,-7903.882,-1232.647,50000.000,0
12551,-6536.764,-141.941,50000.000,-7709.646,-747.059,50000.000,0
12601,-6372.411,-552.823,50000.000,-7754.470,-321.235,50000.000,0
12651,-5871.882,-896.471,50000.000,-7268.882,-291.353,50000.000,0
12701,-4161.117,-201.706,50000.000,-5715.000,0.000,50000.000,0
12751,-2457.823,1008.529,50000.000,-2338.294,-911.412,50000.000,0
12801,-575.235,560.294,50000.000,-649.941,-4034.117,50000.000,0
12851,201.706,1202.765,50000.000,-44.824,-2741.706,50000.000,0
12901,1060.823,2390.588,50000.000,1606.176,97.118,50000.000,0
12951,2487.706,1367.118,50000.000,2868.706,-1501.588,50000.000,0
13001,4191.000,-1441.823,50000.000,3623.235,-5027.706,50000.000,0
13051,4474.882,-3137.647,50000.000,3122.706,-6529.293,50000.000,0
13101,3496.235,-3645.647,50000.000,2756.647,-5094.941,50000.000,0
13151,2629.647,-4445.000,50000.000,1501.588,-2577.353,50000.000,0
13201,1651.000,-4848.412,50000.000,530.412,268.941,50000.000,0
13251,963.706,-5416.176,50000.000,-44.824,649.941,50000.000,0
13301,1651.000,-5453.529,50000.000,156.882,-2696.882,50000.000,0
13351,1875.118,-3944.470,50000.000,560.294,-3175.000,50000.000,0
13401,1217.706,-224.118,50000.000,1546.412,-201.706,50000.000,0
13451,37.353,381.000,50000.000,814.294,2928.470,50000.000,0
13501,-1187.823,-1128.059,50000.000,-986.118,3645.647,50000.000,0
13551,-1329.765,-2218.765,50000.000,-2024.529,2151.529,50000.000,0
13601,-1284.941,-1807.882,50000.000,-2360.706,1016.000,50000.000,0
13651,-2315.882,-1636.059,50000.000,-2838.823,1202.765,50000.000,0
13701,-3040.529,-1217.706,50000.000,-3847.353,1307.353,50000.000,0
13751,-4183.529,-1770.529,50000.000,-5543.176,1830.294,50000.000,0
13801,-5856.941,-2711.823,50000.000,-7395.882,2652.059,50000.000,0
13851,-6551.706,-3025.588,50000.000,-9091.705,3541.059,50000.000,0
13901,-7971.117,-3100.294,50000.000,-10286.999,4303.059,50000.000,0
13951,-9846.234,-3660.588,50000.000,-11415.058,4400.176,50000.000,0
14001,-8792.882,-2831.353,50000.000,-12139.705,3234.764,50000.000,0
14051,-10832.353,-2891.117,50000.000,-12543.117,2121.647,50000.000,0
14101,-10503.646,-2181.412,50000.000,-12924.117,2779.059,50000.000,0
14151,-12259.234,-2211.294,50000.000,-13461.999,3914.588,50000.000,0
14201,-12759.764,-4078.941,50000.000,-14619.940,3033.059,50000.000,0
14251,-12565.528,-6282.764,50000.000,-16397.939,1344.706,50000.000,0
14301,-11355.293,-6484.470,50000.000,-16988.117,597.647,50000.000,0
14351,-12109.822,-5483.412,50000.000,-16442.764,2069.353,50000.000,0
14401,-15673.293,-2487.706,50000.000,-17346.705,3907.117,50000.000,0
14451,-17488.646,-403.412,50000.000,-18153.527,3802.529,50000.000,0
14501,-16890.998,-3496.235,50000.000,-18452.352,3570.941,50000.000,0
14551,-15508.940,-6364.941,50000.000,-20387.234,1665.941,50000.000,0
14601,-16562.293,-5916.706,50000.000,-19864.293,1561.353,50000.000,0
14651,-16106.587,-5408.706,50000.000,-20192.998,2039.470,50000.000,0
14701,-15837.646,-5931.646,50000.000,-20790.646,971.176,50000.000,0
14751,-15598.587,-6775.823,50000.000,-21507.822,82.176,50000.000,0
14801,-16726.646,-9383.059,50000.000,-21627.352,-440.765,50000.000,0
14851,-15135.411,-10324.353,50000.000,-22471.527,-2584.823,50000.000,0
14901,-13633.822,-9823.823,50000.000,-21963.527,-3070.412,50000.000,0
14951,-16084.176,-9323.294,50000.000,-21739.410,-1830.294,50000.000,0
15001,-16397.939,-4303.059,50000.000,-20215.410,2375.647,50000.000,0
15051,-16711.705,-635.000,50000.000,-18945.410,5573.059,50000.000,0
15101,-14014.822,-4415.117,50000.000,-18721.293,3010.647,50000.000,0
15151,-13327.528,-6252.882,50000.000,-20021.176,141.941,50000.000,0
15201,-15083.116,-4691.529,50000.000,-19348.822,-141.941,50000.000,0
15251,-13760.822,-4116.294,50000.000,-19266.646,366.059,50000.000,0
15301,-13947.587,-7298.764,50000.000,-19901.646,-552.823,50000.000,0
15351,-14515.352,-7082.117,50000.000,-20305.057,-1651.000,50000.000,0
15401,-13760.822,-9524.999,50000.000,-21029.705,-1434.353,50000.000,0
15451,-13574.058,-10921.999,50000.000,-22613.469,-478.118,50000.000,0
15501,-13596.470,-9644.528,50000.000,-22374.410,239.059,50000.000,0
15551,-16076.705,-6775.823,50000.000,-22441.646,485.588,50000.000,0
15601,-16517.469,-2054.412,50000.000,-21037.176,1591.235,50000.000,0
15651,-17406.469,-5401.235,50000.000,-20006.234,3107.764,50000.000,0
15701,-16390.469,-7336.117,50000.000,-21619.881,2017.059,50000.000,0
15751,-16696.764,-6036.235,50000.000,-20514.234,694.765,50000.000,0
15801,-16375.528,-5162.176,50000.000,-19976.352,82.176,50000.000,0
15851,-15987.058,-5767.294,50000.000,-21029.705,-911.412,50000.000,0
15901,-17130.059,-7896.411,50000.000,-21821.586,-2584.823,50000.000,0
15951,-15060.705,-9846.234,50000.000,-22986.998,-2898.588,50000.000,0
16001,-13215.470,-9995.646,50000.000,-22561.176,-1411.941,50000.000,0
16051,-14612.470,-9719.234,50000.000,-21799.176,-2323.353,50000.000,0
16101,-15845.116,-5446.059,50000.000,-21433.115,-3406.588,50000.000,0
16151,-15546.293,-1852.706,50000.000,-19498.234,-343.647,50000.000,0
16201,-13940.117,-5804.646,50000.000,-19229.293,1426.882,50000.000,0
16251,-13282.705,-7216.588,50000.000,-19572.939,1075.765,50000.000,0
16301,-13402.234,-5707.529,50000.000,-17772.527,410.882,50000.000,0
16351,-13760.822,-4997.823,50000.000,-17974.234,-889.000,50000.000,0
16401,-12012.705,-4721.412,50000.000,-17794.939,-2398.059,50000.000,0
16451,-11325.411,-6297.706,50000.000,-18071.352,-2749.176,50000.000,0
16501,-11713.882,-9920.940,50000.000,-19251.705,-2166.470,50000.000,0
16551,-10122.646,-9532.470,50000.000,-19072.410,-1613.647,50000.000,0
16601,-10122.646,-9771.528,50000.000,-18661.527,-2532.529,50000.000,0
16651,-10682.940,-6387.353,50000.000,-18840.822,-1598.706,50000.000,0
16701,-12617.822,-1120.588,50000.000,-15493.999,2667.000,50000.000,0
16751,-12274.176,-4191.000,50000.000,-14261.352,3578.412,50000.000,0
16801,-11683.999,-6350.000,50000.000,-15919.822,1404.470,50000.000,0
16851,-11482.293,-5192.059,50000.000,-15830.176,896.471,50000.000,0
16901,-10817.411,-3802.529,50000.000,-15598.587,649.941,50000.000,0
16951,-10772.588,-3526.117,50000.000,-16801.352,298.824,50000.000,0
17001,-10892.117,-4519.706,50000.000,-17563.352,-1352.176,50000.000,0
17051,-11385.176,-5871.882,50000.000,-18280.527,-2435.412,50000.000,0
17101,-12132.234,-7836.646,50000.000,-19699.939,-2009.588,50000.000,0
17151,-10555.940,-8613.588,50000.000,-20163.117,-1389.529,50000.000,0
17201,-12602.882,-9016.999,50000.000,-20334.939,-762.000,50000.000,0
17251,-15538.822,-4116.294,50000.000,-19430.998,1792.941,50000.000,0
17301,-12752.293,-358.588,50000.000,-17354.176,4579.470,50000.000,0
17351,-14014.822,-4885.764,50000.000,-17772.527,2577.353,50000.000,0
17401,-12535.646,-6611.470,50000.000,-18982.764,358.588,50000.000,0
17451,-10638.117,-3742.764,50000.000,-16995.588,515.471,50000.000,0
17501,-14291.234,-5192.059,50000.000,-17578.293,201.706,50000.000,0
17551,-13633.822,-5894.294,50000.000,-18579.352,-373.529,50000.000,0
17601,-14216.528,-7141.882,50000.000,-18810.939,-1202.765,50000.000,0
17651,-13551.646,-10018.059,50000.000,-20319.998,-2704.353,50000.000,0
17701,-13260.293,-13088.470,50000.000,-20969.939,-3623.235,50000.000,0
17751,-13753.352,-10055.411,50000.000,-20730.881,-635.000,50000.000,0
17801,-15770.411,-4639.235,50000.000,-18683.939,2532.529,50000.000,0
17851,-16711.705,-4684.059,50000.000,-19221.822,2622.176,50000.000,0
17901,-15994.528,-8568.764,50000.000,-20857.881,1890.059,50000.000,0
17951,-14485.470,-8449.234,50000.000,-20454.469,1845.235,50000.000,0
18001,-15904.881,-8389.470,50000.000,-19931.527,2383.117,50000.000,0
18051,-16173.822,-8404.411,50000.000,-19991.293,1673.412,50000.000,0
18101,-15777.881,-8822.764,50000.000,-20566.527,-694.765,50000.000,0
18151,-14522.822,-4960.470,50000.000,-20185.527,-2749.176,50000.000,0
18201,-12625.293,-4452.470,50000.000,-18601.764,-2891.117,50000.000,0
18251,-10936.940,-7732.058,50000.000,-19543.057,-4586.941,50000.000,0
18301,-10959.353,-10615.705,50000.000,-20222.881,-7522.882,50000.000,0
18351,-10533.528,-12087.411,50000.000,-19296.527,-9263.528,50000.000,0
18401,-9480.176,-8314.764,50000.000,-18646.588,-8449.234,50000.000,0
18451,-9517.528,-7074.646,50000.000,-14672.234,351.118,50000.000,0
18501,-7500.470,-6760.882,50000.000,-12610.353,1890.059,50000.000,0
18551,-6708.588,-7440.706,50000.000,-11198.411,-440.765,50000.000,0
18601,-4751.294,-9988.176,50000.000,-10286.999,-6596.529,50000.000,0
18651,-3130.176,-5879.353,50000.000,-9749.117,-10675.470,50000.000,0
18701,-3526.117,-3951.941,50000.000,-5535.706,-1382.059,50000.000,0
18751,-3242.235,-3914.588,50000.000,-4781.176,1643.529,50000.000,0
18801,-2943.412,-4026.647,50000.000,-4572.000,874.059,50000.000,0
18851,-2943.412,-4303.059,50000.000,-4885.764,530.412,50000.000,0
18901,-3085.353,-5946.588,50000.000,-5027.706,-732.118,50000.000,0
18951,-2786.529,-8381.999,50000.000,-6708.588,-4616.823,50000.000,0
19001,-2054.412,-7007.411,50000.000,-7485.529,-9741.646,50000.000,0
19051,-2129.117,-5438.588,50000.000,-6036.235,-8710.705,50000.000,0
19101,-3675.529,-6477.000,50000.000,-6125.882,-1553.882,50000.000,0
19151,-3802.529,-5461.000,50000.000,-6290.235,-52.294,50000.000,0
19201,-2779.059,-4594.412,50000.000,-4945.529,74.706,50000.000,0
19251,-2988.235,-7089.588,50000.000,-4863.353,-1695.823,50000.000,0
19301,-3481.294,-8591.176,50000.000,-6985.000,-4534.647,50000.000,0
19351,-3204.882,-8240.059,50000.000,-6357.470,-6387.353,50000.000,0
19401,-2398.059,-9129.059,50000.000,-6335.059,-8329.705,50000.000,0
19451,-3369.235,-9547.411,50000.000,-7403.353,-5378.823,50000.000,0
19501,-4034.117,-6081.059,50000.000,-7388.411,141.941,50000.000,1
19551,-3787.588,-5431.117,50000.000,-6484.470,291.353,50000.000,1
19601,-3234.764,-8150.411,50000.000,-5909.235,-2502.647,50000.000,0
19651,-3145.117,-8456.705,50000.000,-6887.882,-5558.117,50000.000,0
19701,-1680.882,-6424.706,50000.000,-5483.412,-6955.117,50000.000,0
19751,-2203.823,-6036.235,50000.000,-5109.882,-6013.823,50000.000,0
19801,-2517.588,-4601.882,50000.000,-4609.353,-2405.529,50000.000,0
19851,-1979.706,-2099.235,50000.000,-3361.764,-597.647,50000.000,0
19901,-1105.647,-1045.882,50000.000,-1987.176,-664.882,50000.000,0
19951,74.706,649.941,50000.000,231.588,254.000,50000.000,0
20001,-67.235,649.941,50000.000,156.882,351.118,50000.000,0
20051,-246.529,-52.294,50000.000,-134.471,224.118,50000.000,0
20101,-283.882,-1128.059,50000.000,-388.471,67.235,50000.000,0
20151,-1524.000,-3212.353,50000.000,-2622.176,246.529,50000.000,0
20201,-2652.059,-3391.647,50000.000,-3884.706,971.176,50000.000,0
20251,-2017.059,-1120.588,50000.000,-2308.412,1651.000,50000.000,0
20301,-971.176,-164.353,50000.000,-903.941,1165.412,50000.000,0
20351,-560.294,-418.353,50000.000,-709.706,612.588,50000.000,0
20401,-537.882,-784.412,50000.000,-664.882,403.412,50000.000,0
20451,-709.706,-672.353,50000.000,-799.353,582.706,50000.000,0
20501,-545.353,-388.471,50000.000,-552.823,358.588,50000.000,0
20551,-410.882,-127.000,50000.000,-485.588,590.176,50000.000,0
20601,-388.471,-149.412,50000.000,-425.823,552.823,50000.000,0
20651,0.000,-89.647,50000.000,7.471,37.353,50000.000,0
20701,0.000,0.000,50000.000,14.941,29.882,50000.000,0
20751,0.000,7.471,50000.000,7.471,7.471,50000.000,0
20801,0.000,0.000,50000.000,0.000,37.353,50000.000,0
20851,0.000,-7.471,50000.000,0.000,-7.471,50000.000,0
20901,0.000,-22.412,50000.000,0.000,0.000,50000.000,0
20951,-14.941,-74.706,50000.000,0.000,0.000,50000.000,0
21001,-7.471,-29.882,50000.000,0.000,-22.412,50000.000,0
21051,0.000,-52.294,50000.000,7.471,0.000,50000.000,0
21101,0.000,-59.765,50000.000,0.000,0.000,50000.000,0
21151,0.000,0.000,50000.000,0.000,29.882,50000.000,0
21201,-7.471,59.765,50000.000,0.000,14.941,50000.000,0
21251,0.000,-7.471,50000.000,0.000,22.412,50000.000,0
21301,-7.471,-7.471,50000.000,-7.471,0.000,50000.000,0
21351,0.000,-29.882,50000.000,0.000,0.000,50000.000,0
21401,7.471,0.000,50000.000,0.000,0.000,50000.000,0
21451,0.000,-14.941,50000.000,0.000,-7.471,50000.000,0
21501,0.000,-29.882,50000.000,7.471,14.941,50000.000,0
21551,0.000,0.000,50000.000,0.000,14.941,50000.000,0
21601,0.000,7.471,50000.000,0.000,14.941,50000.000,0
21651,0.000,7.471,50000.000,0.000,7.471,50000.000,0
21701,0.000,7.471,50000.000,0.000,7.471,50000.000,0
21751,-14.941,-231.588,50000.000,14.941,-134.471,50000.000,0
21801,231.588,-754.529,50000.000,112.059,-179.294,50000.000,0
21851,37.353,-679.823,50000.000,-373.529,-29.882,50000.000,0
21901,-37.353,-74.706,50000.000,-164.353,37.353,50000.000,0
21951,7.471,-104.588,50000.000,22.412,-14.941,50000.000,0
22001,0.000,-37.353,50000.000,7.471,7.471,50000.000,0
22051,-7.471,-29.882,50000.000,7.471,-7.471,50000.000,0
22101,-37.353,-112.059,50000.000,14.941,-14.941,50000.000,0
22151,-7.471,-22.412,50000.000,7.471,0.000,50000.000,0
22201,0.000,29.882,50000.000,0.000,7.471,50000.000,0
22251,14.941,-82.176,50000.000,22.412,-7.471,50000.000,0
22301,67.235,-82.176,50000.000,14.941,22.412,50000.000,0
22351,7.471,22.412,50000.000,0.000,14.941,50000.000,0
22401,0.000,-44.824,50000.000,0.000,0.000,50000.000,0
22451,0.000,-74.706,50000.000,14.941,-7.471,50000.000,0
22501,7.471,14.941,50000.000,-7.471,0.000,50000.000,0
22551,0.000,0.000,50000.000,0.000,0.000,50000.000,0
22601,0.000,-14.941,50000.000,0.000,0.000,50000.000,0
22651,0.000,0.000,50000.000,0.000,0.000,50000.000,0
22701,0.000,-7.471,50000.000,0.000,0.000,50000.000,0
22751,7.471,44.824,50000.000,0.000,37.353,50000.000,0
22801,7.471,52.294,50000.000,-7.471,14.941,50000.000,0
22851,0.000,-37.353,50000.000,0.000,0.000,50000.000,0
22901,-7.471,-37.353,50000.000,7.471,14.941,50000.000,0
22951,0.000,37.353,50000.000,-7.471,7.471,50000.000,0
23001,0.000,14.941,50000.000,0.000,0.000,50000.000,0
23051,0.000,0.000,50000.000,0.000,29.882,50000.000,0
23101,0.000,-14.941,50000.000,0.000,-14.941,50000.000,0
23151,0.000,-67.235,50000.000,14.941,-37.353,50000.000,0
23201,134.471,-194.235,50000.000,67.235,-52.294,50000.000,0
23251,59.765,-29.882,50000.000,22.412,37.353,50000.000,0
23301,0.000,0.000,50000.000,0.000,0.000,50000.000,0
23351,0.000,-22.412,50000.000,0.000,0.000,50000.000,0
23401,0.000,-14.941,50000.000,0.000,0.000,50000.000,0
23451,0.000,0.000,50000.000,0.000,0.000,50000.000,0
23501,0.000,-29.882,50000.000,7.471,0.000,50000.000,0
23551,0.000,0.000,50000.000,7.471,0.000,50000.000,0
23601,7.471,7.471,50000.000,0.000,0.000,50000.000,0
23651,0.000,-7.471,50000.000,0.000,7.471,50000.000,0
23701,0.000,0.000,50000.000,0.000,7.471,50000.000,0
23751,29.882,-67.235,50000.000,0.000,-22.412,50000.000,0
23801,254.000,-373.529,50000.000,104.588,-231.588,50000.000,0
23851,171.824,-224.118,50000.000,67.235,-44.824,50000.000,0
23901,0.000,0.000,50000.000,7.471,0.000,50000.000,0
23951,22.412,-59.765,50000.000,7.471,-14.941,50000.000,0
24001,29.882,-97.118,50000.000,22.412,-22.412,50000.000,0
24051,52.294,-82.176,50000.000,22.412,-59.765,50000.000,0
24101,216.647,-268.941,50000.000,127.000,-328.706,50000.000,0
24151,291.353,-440.765,50000.000,141.941,-336.176,50000.000,0
24201,59.765,-67.235,50000.000,22.412,7.471,50000.000,0
24251,0.000,14.941,50000.000,0.000,0.000,50000.000,0
24301,0.000,22.412,50000.000,0.000,-7.471,50000.000,0
24351,0.000,7.471,50000.000,0.000,0.000,50000.000,0
24401,-7.471,22.412,50000.000,5737.411,14.941,50000.000,0
24451,7.471,141.941,50000.000,-14.941,14.941,50000.000,0
24501,-7.471,89.647,50000.000,-44.824,52.294,50000.000,0
24551,-89.647,149.412,50000.000,-67.235,313.765,50000.000,0
24601,-149.412,164.353,50000.000,-112.059,410.882,50000.000,0
24651,-44.824,-246.529,50000.000,22.412,-29.882,50000.000,0
24701,-14.941,-59.765,50000.000,-7.471,-44.824,50000.000,0
24751,0.000,0.000,50000.000,0.000,-7.471,50000.000,0
24801,0.000,37.353,50000.000,-7.471,-134.471,50000.000,0
24851,82.176,97.118,50000.000,89.647,-597.647,50000.000,0
24901,112.059,433.294,50000.000,171.824,-366.059,50000.000,0
24951,29.882,283.882,50000.000,141.941,-448.235,50000.000,0
25001,-67.235,448.235,50000.000,-59.765,7.471,50000.000,0
25051,-127.000,470.647,50000.000,-82.176,97.118,50000.000,0
25101,-239.059,306.294,50000.000,-104.588,59.765,50000.000,0
25151,-209.176,239.059,50000.000,-97.118,82.176,50000.000,0
25201,-52.294,246.529,50000.000,-59.765,29.882,50000.000,0
25251,-89.647,254.000,50000.000,-67.235,7.471,50000.000,0
25301,-216.647,306.294,50000.000,-89.647,127.000,50000.000,0
25351,-74.706,134.471,50000.000,-37.353,29.882,50000.000,0
25401,-82.176,231.588,50000.000,-67.235,74.706,50000.000,0
25451,-194.235,14.941,50000.000,-82.176,141.941,50000.000,0
25501,-164.353,14.941,50000.000,-104.588,134.471,50000.000,0
25551,-14.941,7.471,50000.000,-14.941,14.941,50000.000,0
25601,-7.471,104.588,50000.000,-7.471,-7.471,50000.000,0
25651,-44.824,104.588,50000.000,-29.882,37.353,50000.000,0
25701,-74.706,37.353,50000.000,-14.941,22.412,50000.000,0
25751,-14.941,14.941,50000.000,0.000,0.000,50000.000,0
25801,0.000,14.941,50000.000,-7.471,7.471,50000.000,0
25851,-22.412,59.765,50000.000,-14.941,0.000,50000.000,0
25901,-74.706,74.706,50000.000,-14.941,22.412,50000.000,0
25951,-59.765,97.118,50000.000,-52.294,44.824,50000.000,0
26001,-29.882,29.882,50000.000,-22.412,14.941,50000.000,0
26051,0.000,7.471,50000.000,-7.471,7.471,50000.000,0
26101,0.000,-7.471,50000.000,0.000,0.000,50000.000,0
26151,-14.941,-44.824,50000.000,0.000,0.000,50000.000,0
26201,-7.471,-22.412,50000.000,0.000,0.000,50000.000,0
26251,0.000,14.941,50000.000,5737.411,0.000,50000.000,0
26301,-14.941,7.471,50000.000,-7.471,0.000,50000.000,0
26351,0.000,-14.941,50000.000,0.000,0.000,50000.000,0
26401,-7.471,0.000,50000.000,0.000,0.000,50000.000,0
26451,-7.471,0.000,50000.000,0.000,0.000,50000.000,0
26501,-7.471,22.412,50000.000,0.000,-7.471,50000.000,0
26551,-14.941,74.706,50000.000,0.000,-59.765,50000.000,0
26601,-14.941,59.765,50000.000,0.000,-104.588,50000.000,0
26651,-7.471,119.529,50000.000,7.471,-186.765,50000.000,0
26701,22.412,141.941,50000.000,22.412,-433.294,50000.000,0
26751,22.412,216.647,50000.000,37.353,-395.941,50000.000,0
26801,0.000,52.294,50000.000,22.412,-493.059,50000.000,0
26851,7.471,52.294,50000.000,-7.471,-455.706,50000.000,0
26901,112.059,336.176,50000.000,164.353,-321.235,50000.000,0
26951,433.294,776.941,50000.000,649.941,-485.588,50000.000,0
27001,642.471,343.647,50000.000,754.529,-1120.588,50000.000,0
27051,478.118,-388.471,50000.000,209.176,-1538.941,50000.000,0
27101,0.000,-268.941,50000.000,-164.353,-605.118,50000.000,0
27151,-89.647,-261.471,50000.000,-127.000,-44.824,50000.000,0
27201,-276.412,-829.235,50000.000,-455.706,-201.706,50000.000,0
27251,-672.353,-1277.470,50000.000,-1105.647,-239.059,50000.000,0
27301,-911.412,-1210.235,50000.000,-1486.647,14.941,50000.000,0
27351,-627.529,-1001.059,50000.000,-1038.412,186.765,50000.000,0
27401,-254.000,-373.529,50000.000,-366.059,74.706,50000.000,0
27451,74.706,201.706,50000.000,156.882,-164.353,50000.000,0
27501,194.235,590.176,50000.000,358.588,-82.176,50000.000,0
27551,351.118,1441.823,50000.000,560.294,186.765,50000.000,0
27601,343.647,1382.059,50000.000,1113.118,134.471,50000.000,0
27651,-141.941,440.765,50000.000,59.765,500.529,50000.000,0
27701,-171.824,52.294,50000.000,-59.765,552.823,50000.000,0
27751,-134.471,59.765,50000.000,-52.294,478.118,50000.000,0
27801,-82.176,37.353,50000.000,-14.941,209.176,50000.000,0
27851,-67.235,29.882,50000.000,-29.882,209.176,50000.000,0
27901,-291.353,-291.353,50000.000,-373.529,358.588,50000.000,0
27951,-627.529,-754.529,50000.000,-829.235,440.765,50000.000,0
28001,-1568.823,-1314.823,50000.000,-1875.118,1419.412,50000.000,0
28051,-1882.588,-2256.117,50000.000,-2338.294,978.647,50000.000,0
28101,-1128.059,-1202.765,50000.000,-1815.353,328.706,50000.000,0
28151,134.471,762.000,50000.000,283.882,22.412,50000.000,0
28201,769.471,1725.706,50000.000,1479.176,-918.882,50000.000,0
28251,1852.706,2547.470,50000.000,2689.412,-2510.117,50000.000,0
28301,2861.235,2203.823,50000.000,3421.529,-4407.647,50000.000,0
28351,2681.941,1098.176,50000.000,2808.941,-4594.412,50000.000,0
28401,1464.235,-1299.882,50000.000,844.176,-4041.588,50000.000,0
28451,963.706,-5139.764,50000.000,-552.823,-6977.529,50000.000,0
28501,1748.118,-9076.764,50000.000,-1352.176,-12886.764,50000.000,0
28551,567.765,-5229.412,50000.000,-1680.882,-8128.000,50000.000,0
28601,-313.765,-1090.706,50000.000,-433.294,-351.118,50000.000,0
28651,-1008.529,-1912.470,50000.000,-1553.882,-179.294,50000.000,0
28701,-1673.412,-3077.882,50000.000,-2995.706,-119.529,50000.000,0
28751,-2427.941,-3570.941,50000.000,-4131.235,463.176,50000.000,0
28801,-2883.647,-3556.000,50000.000,-4265.706,776.941,50000.000,0
28851,-2465.294,-3376.706,50000.000,-3533.588,597.647,50000.000,0
28901,-2106.706,-3541.059,50000.000,-3316.941,52.294,50000.000,0
28951,-1830.294,-2846.294,50000.000,-2995.706,216.647,50000.000,0
29001,-1426.882,-2935.941,50000.000,-2263.588,-298.824,50000.000,0
29051,-881.529,-3145.117,50000.000,-2330.823,-1665.941,50000.000,0
29101,-552.823,-2338.294,50000.000,-2435.412,-3802.529,50000.000,0
29151,-590.176,-508.000,50000.000,-1598.706,-3070.412,50000.000,0
29201,-455.706,-59.765,50000.000,-926.353,-754.529,50000.000,0
29251,-455.706,-829.235,50000.000,-844.176,-59.765,50000.000,0
29301,-784.412,-1180.353,50000.000,-1389.529,-59.765,50000.000,0
29351,-851.647,-1105.647,50000.000,-1695.823,67.235,50000.000,0
29401,-1150.470,-1494.118,50000.000,-1934.882,209.176,50000.000,0
29451,-1524.000,-2413.000,50000.000,-2390.588,164.353,50000.000,0
29501,-1957.294,-2681.941,50000.000,-2913.529,418.353,50000.000,0
29551,-2039.470,-2383.117,50000.000,-3003.176,717.176,50000.000,0
29601,-657.412,-478.118,50000.000,-1740.647,911.412,50000.000,0
29651,-522.941,366.059,50000.000,-448.235,657.412,50000.000,0
29701,22.412,1128.059,50000.000,418.353,-395.941,50000.000,0
29751,366.059,-74.706,50000.000,224.118,-1172.882,50000.000,0
29801,358.588,1150.470,50000.000,224.118,-29.882,50000.000,0
29851,1591.235,2091.765,50000.000,2517.588,-1053.353,50000.000,0
29901,3033.059,2166.470,50000.000,3683.000,-2495.176,50000.000,0
29951,3421.529,1307.353,50000.000,3630.706,-2950.882,50000.000,0
30001,2913.529,298.824,50000.000,3092.823,-2457.823,50000.000,0
30051,2091.765,366.059,50000.000,2271.059,-1322.294,50000.000,0
30101,1359.647,-485.588,50000.000,1411.941,-1195.294,50000.000,0
30151,672.353,-896.471,50000.000,366.059,-1008.529,50000.000,0
30201,-209.176,-500.529,50000.000,-627.529,-104.588,50000.000,0
30251,-747.059,-1202.765,50000.000,-1090.706,-82.176,50000.000,0
30301,-874.059,-1404.470,50000.000,-1845.235,-82.176,50000.000,0
30351,-1284.941,-1598.706,50000.000,-2173.941,306.294,50000.000,0
30401,-1202.765,-1516.529,50000.000,-1979.706,500.529,50000.000,0
30451,-1075.765,-1120.588,50000.000,-1561.353,896.471,50000.000,0
30501,-1001.059,-881.529,50000.000,-1150.470,948.765,50000.000,0
30551,-829.235,-1172.882,50000.000,-1053.353,620.059,50000.000,0
30601,-926.353,-1404.470,50000.000,-1486.647,276.412,50000.000,0
30651,-672.353,-567.765,50000.000,-1098.176,336.176,50000.000,0
30701,22.412,1292.412,50000.000,366.059,298.824,50000.000,0
30751,978.647,1964.765,50000.000,2099.235,-1120.588,50000.000,0
30801,1987.176,2442.882,50000.000,2741.706,-1733.176,50000.000,0
30851,1942.353,1038.412,50000.000,2263.588,-1763.059,50000.000,0
30901,567.765,-298.824,50000.000,537.882,-612.588,50000.000,0
30951,-575.235,-1225.176,50000.000,-963.706,-14.941,50000.000,0
31001,-1135.529,-1718.235,50000.000,-2054.412,-351.118,50000.000,0
31051,-1180.353,-3780.117,50000.000,-2562.412,-2338.294,50000.000,0
31101,-1255.059,-7717.117,50000.000,-4295.588,-4183.529,50000.000,0
31151,-2398.059,-8277.411,50000.000,-5729.941,-657.412,50000.000,0
31201,-2442.882,-7672.293,50000.000,-6103.470,-4198.470,50000.000,0
31251,-1068.294,-3406.588,50000.000,-4123.765,-8792.882,50000.000,0
31301,-336.176,-672.353,50000.000,-2076.823,-8538.882,50000.000,0
31351,-261.471,-2711.823,50000.000,-1927.412,-7082.117,50000.000,0
31401,-1882.588,-4676.588,50000.000,-4161.117,-1755.588,50000.000,0
31451,-2950.882,-4205.941,50000.000,-4803.588,321.235,50000.000,0
31501,-2323.353,-2898.588,50000.000,-3832.412,1217.706,50000.000,0
31551,-1524.000,-2084.294,50000.000,-2480.235,717.176,50000.000,0
31601,-851.647,-1583.765,50000.000,-1344.706,-29.882,50000.000,0
31651,-373.529,-784.412,50000.000,-620.059,-254.000,50000.000,0
31701,-82.176,-179.294,50000.000,-373.529,-395.941,50000.000,0
31751,22.412,-493.059,50000.000,-134.471,-844.176,50000.000,0
31801,74.706,-1284.941,50000.000,-418.353,-1232.647,50000.000,0
31851,52.294,-1890.059,50000.000,-590.176,-1053.353,50000.000,0
31901,164.353,-2973.294,50000.000,-709.706,-2091.765,50000.000,0
31951,448.235,-3548.529,50000.000,-724.647,-3854.823,50000.000,0
32001,141.941,-1591.235,50000.000,-791.882,-4153.647,50000.000,0
32051,112.059,44.824,50000.000,-29.882,-2935.941,50000.000,0
32101,418.353,-1680.882,50000.000,-141.941,-4601.882,50000.000,0
32151,754.529,-5490.882,50000.000,-1426.882,-6043.706,50000.000,0
32201,-127.000,-5700.059,50000.000,-1636.059,-2861.235,50000.000,0
32251,-1344.706,-2921.000,50000.000,-2413.000,7.471,50000.000,0
32301,-747.059,-1083.235,50000.000,-1322.294,463.176,50000.000,0
32351,-522.941,-829.235,50000.000,-836.706,231.588,50000.000,0
32401,-440.765,-642.471,50000.000,-911.412,67.235,50000.000,0
32451,-283.882,-1023.471,50000.000,-425.823,-52.294,50000.000,0
32501,-119.529,-1524.000,50000.000,-762.000,-754.529,50000.000,0
32551,149.412,-1972.235,50000.000,-530.412,-1389.529,50000.000,0
32601,612.588,-3376.706,50000.000,-388.471,-3018.117,50000.000,0
32651,1001.059,-4176.059,50000.000,-358.588,-5849.470,50000.000,0
32701,1060.823,-1524.000,50000.000,104.588,-6163.235,50000.000,0
32751,739.588,440.765,50000.000,769.471,-4564.529,50000.000,0
32801,799.353,-2188.882,50000.000,-141.941,-6648.823,50000.000,0
32851,209.176,-4445.000,50000.000,-1449.294,-3294.529,50000.000,0
32901,-1023.471,-3167.529,50000.000,-2248.647,97.118,50000.000,0
32951,-1695.823,-2487.706,50000.000,-2622.176,179.294,50000.000,0
33001,-1344.706,-2413.000,50000.000,-1964.765,112.059,50000.000,0
33051,-1187.823,-1905.000,50000.000,-2121.647,448.235,50000.000,0
33101,-866.588,-1210.235,50000.000,-1546.412,37.353,50000.000,0
33151,-179.294,-493.059,50000.000,-276.412,7.471,50000.000,0
33201,14.941,-358.588,50000.000,0.000,-164.353,50000.000,0
33251,74.706,-889.000,50000.000,-104.588,-836.706,50000.000,0
33301,119.529,-1778.000,50000.000,-694.765,-1322.294,50000.000,0
33351,0.000,-2099.235,50000.000,-612.588,-903.941,50000.000,0
33401,0.000,-1680.882,50000.000,-433.294,-1180.353,50000.000,0
33451,515.471,-1957.294,50000.000,-97.118,-3018.117,50000.000,0
33501,844.176,-2323.353,50000.000,-82.176,-4422.588,50000.000,0
33551,530.412,-1270.000,50000.000,-112.059,-4078.941,50000.000,0
33601,343.647,567.765,50000.000,478.118,-2226.235,50000.000,0
33651,351.118,1464.235,50000.000,515.471,-2061.882,50000.000,0
33701,552.823,89.647,50000.000,717.176,-2749.176,50000.000,0
33751,1075.765,-2667.000,50000.000,-59.765,-6148.294,50000.000,0
33801,851.647,-4766.235,50000.000,-1143.000,-6178.176,50000.000,0
33851,-321.235,-3481.294,50000.000,-1613.647,-1553.882,50000.000,0
33901,-1262.529,-2121.647,50000.000,-2173.941,-22.412,50000.000,0
33951,-1404.470,-2106.706,50000.000,-2054.412,44.824,50000.000,0
34001,-739.588,-1225.176,50000.000,-1658.470,0.000,50000.000,0
34051,-769.471,-1524.000,50000.000,-1262.529,-612.588,50000.000,0
34101,-889.000,-1606.176,50000.000,-1591.235,-709.706,50000.000,0
34151,-343.647,-1008.529,50000.000,-859.118,-1225.176,50000.000,0
34201,239.059,-1479.176,50000.000,-381.000,-2868.706,50000.000,0
34251,493.059,-1576.294,50000.000,-201.706,-4019.176,50000.000,0
34301,971.176,-1411.941,50000.000,0.000,-4938.059,50000.000,0
34351,508.000,283.882,50000.000,425.823,-3339.353,50000.000,0
34401,612.588,-313.765,50000.000,649.941,-2786.529,50000.000,0
34451,933.823,-3937.000,50000.000,-351.118,-5505.823,50000.000,0
34501,799.353,-7291.293,50000.000,-1710.765,-6887.882,50000.000,0
34551,-485.588,-7493.000,50000.000,-3212.353,-2958.353,50000.000,0
34601,-2547.470,-6872.941,50000.000,-4967.941,-254.000,50000.000,0
34651,-2973.294,-7119.470,50000.000,-5490.882,-1621.118,50000.000,0
34701,-2532.529,-3981.823,50000.000,-4878.294,-3600.823,50000.000,0
34751,-1359.647,-769.471,50000.000,-2510.117,-2046.941,50000.000,0
34801,-321.235,156.882,50000.000,-545.353,-410.882,50000.000,0
34851,-156.882,-298.824,50000.000,-261.471,37.353,50000.000,0
34901,-612.588,-933.823,50000.000,-986.118,-44.824,50000.000,0
34951,-530.412,-642.471,50000.000,-874.059,-171.824,50000.000,0
35001,97.118,261.471,50000.000,194.235,0.000,50000.000,0
35051,448.235,739.588,50000.000,791.882,-44.824,50000.000,0
35101,889.000,1374.588,50000.000,1516.529,-358.588,50000.000,0
35151,1538.941,1045.882,50000.000,1957.294,-2188.882,50000.000,0
35201,1270.000,-22.412,50000.000,1053.353,-2054.412,50000.000,0
35251,298.824,-1337.235,50000.000,-156.882,-1665.941,50000.000,0
35301,-918.882,-2256.117,50000.000,-1964.765,-769.471,50000.000,0
35351,-1800.412,-3107.764,50000.000,-2853.764,-164.353,50000.000,0
35401,-1695.823,-2921.000,50000.000,-2823.882,-231.588,50000.000,0
35451,-1404.470,-2099.235,50000.000,-2338.294,-89.647,50000.000,0
35501,-732.118,-1187.823,50000.000,-1419.412,29.882,50000.000,0
35551,-313.765,-395.941,50000.000,-515.471,246.529,50000.000,0
35601,-201.706,-82.176,50000.000,-224.118,328.706,50000.000,0
35651,52.294,-22.412,50000.000,-14.941,22.412,50000.000,0
35701,149.412,328.706,50000.000,104.588,104.588,50000.000,0
35751,575.235,1157.941,50000.000,844.176,67.235,50000.000,0
35801,1247.588,1807.882,50000.000,2024.529,-851.647,50002.000,0
35851,1651.000,1486.647,50000.000,2226.235,-1591.235,50000.000,0
35901,1322.294,493.059,50000.000,1352.176,-1494.118,50000.000,0
35951,448.235,313.765,50000.000,649.941,-358.588,50000.000,0
36001,89.647,-410.882,50000.000,37.353,-493.059,50000.000,0
36051,-82.176,-1606.176,50000.000,-829.235,-859.118,50000.000,0
36101,-1068.294,-2995.706,50000.000,-2457.823,-1232.647,50000.000,0
36151,-1800.412,-4586.941,50000.000,-3421.529,-1524.000,50000.000,0
36201,-784.412,-8561.294,50000.000,-4026.647,-5401.235,50000.000,0
36251,-276.412,-11392.646,50000.000,-5094.941,-8471.646,50000.000,0
36301,-851.647,-2099.235,50000.000,-2144.059,-986.118,50000.000,0
36351,-687.294,-433.294,50000.000,-575.235,687.294,50000.000,0
36401,-530.412,-1277.470,50000.000,-851.647,1083.235,50000.000,0
36451,-649.941,-1688.353,50000.000,-1225.176,664.882,50000.000,0
36501,-724.647,-2375.647,50000.000,-1733.176,-552.823,50000.000,0
36551,-448.235,-2995.706,50000.000,-2159.000,-1695.823,50000.000,0
36601,-298.824,-4198.470,50000.000,-2390.588,-2584.823,50000.000,0
36651,-134.471,-6387.353,50000.000,-2405.529,-3488.764,50000.000,0
36701,-89.647,-6910.293,50000.000,-2278.529,-4758.764,50000.000,0
36751,119.529,-4407.647,50000.000,-1524.000,-7283.823,50000.000,0
36801,343.647,-6290.235,50000.000,-2129.117,-7829.176,50000.000,0
36851,-1367.118,-5416.176,50000.000,-3578.412,-1845.235,50000.000,0
36901,-2300.941,-3272.117,50000.000,-3197.412,575.235,50000.000,0
36951,-2166.470,-2644.588,50000.000,-2734.235,1553.882,50000.000,0
37001,-2203.823,-2248.647,50000.000,-2659.529,2286.000,50000.000,0
37051,-1875.118,-1979.706,50000.000,-2547.470,1008.529,50000.000,0
37101,-814.294,-522.941,50000.000,-1195.294,-762.000,50000.000,0
37151,0.000,-74.706,50000.000,-433.294,-2144.059,50000.000,0
37201,216.647,37.353,50000.000,-22.412,-2427.941,50000.000,0
37251,672.353,-799.353,50000.000,381.000,-2652.059,50000.000,0
37301,851.647,-2883.647,50000.000,-112.059,-4758.764,50000.000,0
37351,717.176,-4347.882,50000.000,-776.941,-5707.529,50000.000,0
37401,455.706,-3122.706,50000.000,-821.765,-5363.882,50000.000,0
37451,-119.529,403.412,50000.000,-313.765,-1718.235,50000.000,0
37501,-97.118,-44.824,50000.000,97.118,-717.176,50000.000,0
37551,-672.353,-1628.588,50000.000,-1262.529,-582.706,50000.000,0
37601,-1658.470,-2741.706,50000.000,-2876.176,-724.647,50000.000,0
37651,-1710.765,-2614.706,50000.000,-3204.882,-194.235,50000.000,0
37701,-1262.529,-1270.000,50000.000,-1740.647,149.412,50000.000,0
37751,-276.412,-179.294,50000.000,-209.176,37.353,50000.000,0
37801,216.647,560.294,50000.000,351.118,59.765,50000.000,0
37851,463.176,1165.412,50000.000,829.235,156.882,50000.000,0
37901,1120.588,2801.470,50000.000,2054.412,52.294,50000.000,0
37951,2024.529,3944.470,50000.000,3302.000,-1165.412,50000.000,0
38001,2779.059,2741.706,50000.000,3630.706,-3189.941,50000.000,0
38051,2816.412,-112.059,50000.000,2554.941,-3824.941,50000.000,0
38101,1314.823,-1128.059,50000.000,806.823,-2002.118,50000.000,0
38151,545.353,-1770.529,50000.000,298.824,-1748.118,50000.000,0
38201,194.235,-5274.235,50000.000,-1374.588,-3735.294,50000.000,0
38251,-620.059,-6506.882,50000.000,-3458.882,-2883.647,50000.000,0
38301,-2151.529,-5737.411,50002.000,-3854.823,-2084.294,50000.000,0
38351,-1852.706,-6051.176,49999.000,-4422.588,-3466.353,49999.000,0
38401,-1359.647,-7074.646,49999.000,-5072.529,-6992.470,49999.000,0
38451,-1337.235,-3324.412,50000.000,-4026.647,-7313.706,50000.000,0
38501,-836.706,-732.118,50000.000,-1890.059,-3518.647,50000.000,0
38551,-37.353,1247.588,50000.000,29.882,-2241.176,50000.000,0
38601,874.059,-37.353,50000.000,358.588,-6551.706,50000.000,0
38651,986.118,-2293.470,50000.000,-470.647,-7089.588,50000.000,0
38701,-336.176,-2958.353,50000.000,-1486.647,-2413.000,50000.000,0
38751,-1598.706,-2674.470,50000.000,-2704.353,-926.353,50000.000,0
38801,-1651.000,-2794.000,50000.000,-2420.470,-762.000,50000.000,0
38851,-1456.765,-2383.117,50000.000,-2241.176,-552.823,50000.000,0
38901,-1180.353,-1367.118,50000.000,-2196.353,22.412,50000.000,0
38951,-874.059,-732.118,50000.000,-1113.118,754.529,50000.000,0
39001,-485.588,-642.471,50000.000,-366.059,313.765,50000.000,0
39051,-67.235,-283.882,50000.000,-37.353,-82.176,50000.000,0
39101,-119.529,-388.471,50000.000,-82.176,-209.176,50000.000,0
39151,-194.235,-156.882,50000.000,-418.353,-44.824,50000.000,0
39201,395.941,1128.059,50000.000,470.647,455.706,50000.000,0
39251,522.941,1023.471,50000.000,1202.765,336.176,50000.000,0
39301,971.176,1411.941,50000.000,2136.588,44.824,50000.000,0
39351,1329.765,1098.176,50000.000,1800.412,-844.176,50000.000,0
39401,903.941,224.118,50000.000,1023.471,-1187.823,50000.000,0
39451,343.647,-373.529,50000.000,291.353,-642.471,50000.000,0
39501,-141.941,-941.294,50000.000,-537.882,-567.765,50000.000,0
39551,-366.059,-889.000,50000.000,-687.294,-522.941,50000.000,0
39601,-351.118,-1479.176,50000.000,-978.647,-948.765,50000.000,0
39651,-1150.470,-2188.882,50000.000,-2039.470,-829.235,50000.000,0
39701,-1382.059,-2293.470,50000.000,-2427.941,-762.000,50000.000,0
39751,-1060.823,-1763.059,50000.000,-1725.706,-545.353,50000.000,0
39801,-679.823,-1001.059,50000.000,-1128.059,-224.118,50000.000,0
39851,-306.294,-366.059,50000.000,-575.235,268.941,50000.000,0
39901,-209.176,-254.000,50000.000,-209.176,381.000,50000.000,0
39951,0.000,-104.588,50000.000,82.176,-29.882,50000.000,0
40001,164.353,351.118,50000.000,216.647,82.176,50000.000,0
40051,97.118,59.765,50000.000,127.000,7.471,50000.000,0
40101,-37.353,-268.941,50000.000,-7.471,-7.471,50000.000,0
40151,29.882,149.412,50000.000,-14.941,59.765,50000.000,0
40201,149.412,448.235,50000.000,67.235,97.118,50000.000,0
40251,7.471,67.235,50000.000,0.000,37.353,50000.000,0
40301,0.000,-7.471,50000.000,14.941,-29.882,50000.000,0
40351,-14.941,-104.588,50000.000,22.412,-52.294,50000.000,0
40401,7.471,97.118,50000.000,-7.471,29.882,50000.000,0
40451,14.941,-52.294,50000.000,22.412,-44.824,50000.000,0
40501,0.000,-22.412,50000.000,7.471,-29.882,50000.000,0
40551,0.000,-37.353,50000.000,0.000,-7.471,50000.000,0
40601,-29.882,-209.176,50000.000,14.941,-74.706,50000.000,0
40651,-7.471,-67.235,50000.000,7.471,-22.412,50000.000,0
40701,0.000,89.647,50000.000,0.000,-7.471,50000.000,0
40751,14.941,-59.765,50000.000,52.294,-74.706,50000.000,0
40801,14.941,-74.706,50000.000,29.882,-67.235,50000.000,0
40851,37.353,22.412,50000.000,59.765,-14.941,50000.000,0
40901,7.471,14.941,50000.000,29.882,22.412,50000.000,0
40951,0.000,112.059,50000.000,-44.824,-67.235,50000.000,0
41001,7.471,37.353,50000.000,7.471,-67.235,50000.000,0
41051,0.000,-37.353,50000.000,29.882,-7.471,50000.000,0
41101,22.412,104.588,50000.000,0.000,37.353,50000.000,0
41151,29.882,74.706,50000.000,44.824,97.118,50000.000,0
41201,44.824,89.647,50000.000,52.294,29.882,50000.000,0
41251,156.882,283.882,50000.000,201.706,29.882,50000.000,0
41301,29.882,29.882,50000.000,44.824,7.471,50000.000,0
41351,0.000,0.000,50000.000,7.471,0.000,50000.000,0
41401,0.000,0.000,50000.000,0.000,-7.471,50000.000,0
41451,14.941,22.412,50000.000,0.000,0.000,50000.000,0
41501,0.000,0.000,50000.000,5737.411,1673.412,50000.000,0
41551,0.000,0.000,50000.000,-7.471,0.000,50000.000,0
41601,0.000,44.824,50000.000,0.000,14.941,50000.000,0
41651,14.941,29.882,50000.000,22.412,29.882,50000.000,0
41701,0.000,0.000,50000.000,44.824,-14.941,50000.000,0
41751,0.000,0.000,50000.000,7.471,0.000,50000.000,0
41801,0.000,0.000,50000.000,14.941,0.000,50000.000,0
41851,7.471,7.471,50000.000,0.000,0.000,50000.000,0
41901,7.471,29.882,50000.000,0.000,0.000,50000.000,0
41951,0.000,0.000,50000.000,7.471,0.000,50000.000,0
42001,0.000,0.000,50000.000,7.471,0.000,50000.000,0
42051,0.000,0.000,50000.000,0.000,0.000,50000.000,0
42101,14.941,14.941,50000.000,14.941,7.471,50000.000,0
42151,29.882,82.176,50000.000,52.294,22.412,50000.000,0
42201,67.235,89.647,50000.000,127.000,7.471,50000.000,0
42251,22.412,44.824,50000.000,52.294,14.941,50000.000,0
42301,7.471,29.882,50000.000,0.000,7.471,50000.000,0
42351,0.000,22.412,50000.000,-7.471,29.882,50000.000,0
42401,0.000,7.471,50000.000,0.000,-7.471,50000.000,0
42451,0.000,7.471,50000.000,0.000,0.000,50000.000,0
42501,0.000,0.000,50000.000,0.000,0.000,50000.000,0
42551,7.471,0.000,50000.000,0.000,0.000,50000.000,0
42601,0.000,-7.471,50000.000,0.000,0.000,50000.000,0
42651,0.000,0.000,50000.000,0.000,0.000,50000.000,0
42701,0.000,0.000,50000.000,0.000,14.941,50000.000,0
42751,0.000,22.412,50000.000,0.000,14.941,50000.000,0
42801,0.000,0.000,50000.000,0.000,14.941,50000.000,0
42851,0.000,0.000,50000.000,0.000,0.000,50000.000,0
42901,0.000,-7.471,50000.000,0.000,0.000,50000.000,0
42951,0.000,0.000,50000.000,0.000,0.000,50000.000,0
43001,0.000,-7.471,50000.000,7.471,-7.471,50000.000,0
43051,0.000,0.000,50000.000,0.000,0.000,50000.000,0
43101,0.000,0.000,50000.000,0.000,0.000,50000.000,0
43151,0.000,0.000,50000.000,0.000,0.000,50000.000,0
43201,0.000,7.471,50000.000,7.471,7.471,50000.000,0
43251,0.000,0.000,50000.000,0.000,-7.471,50000.000,0
43301,-7.471,0.000,50000.000,0.000,0.000,50000.000,0
43351,0.000,0.000,50000.000,0.000,0.000,50000.000,0
43401,0.000,0.000,50000.000,0.000,0.000,50000.000,0
43451,0.000,0.000,50000.000,0.000,7.471,50000.000,0
43501,0.000,0.000,50000.000,7.471,0.000,50000.000,0
43551,0.000,7.471,50000.000,0.000,7.471,50000.000,0
43601,0.000,0.000,50000.000,0.000,0.000,50000.000,0
43651,0.000,22.412,50000.000,0.000,0.000,50000.000,0
43701,7.471,0.000,50000.000,0.000,-7.471,50000.000,0
43751,0.000,0.000,50000.000,0.000,0.000,50000.000,0
43801,0.000,0.000,50000.000,0.000,0.000,50000.000,0
43851,0.000,22.412,50000.000,-5744.882,0.000,50000.000,0
43901,0.000,-7.471,50000.000,0.000,7.471,50000.000,0
43951,0.000,0.000,50000.000,0.000,0.000,50000.000,1
44001,0.000,-7.471,50000.000,0.000,0.000,50000.000,1
44051,0.000,7.471,50000.000,0.000,7.471,50000.000,0
44101,14.941,52.294,50000.000,-22.412,29.882,50000.000,0
44151,-14.941,-67.235,50000.000,0.000,-44.824,50000.000,0
44201,-22.412,-141.941,50000.000,0.000,-89.647,50000.000,0
44251,-7.471,-104.588,50000.000,-7.471,-22.412,50000.000,0
44301,14.941,67.235,50000.000,-7.471,224.118,50000.000,0
44351,-104.588,-254.000,50000.000,-89.647,-29.882,50000.000,0
44401,-635.000,-1329.765,50000.000,-1008.529,-112.059,50000.000,0
44451,-1255.059,-2308.412,50000.000,-2114.176,-231.588,50000.000,0
44501,-1441.823,-2517.588,50000.000,-2375.647,-485.588,50000.000,0
44551,-1277.470,-1531.470,50000.000,-2300.941,59.765,50000.000,0
44601,-328.706,-276.412,50000.000,-784.412,963.706,50000.000,0
44651,-209.176,-485.588,50000.000,-59.765,679.823,50000.000,0
44701,-22.412,-44.824,50000.000,0.000,298.824,50000.000,0
44751,-14.941,44.824,50000.000,-37.353,52.294,50000.000,0
44801,-14.941,-74.706,50000.000,22.412,52.294,50000.000,0
44851,-37.353,-119.529,50000.000,7.471,231.588,50000.000,0
44901,-14.941,-89.647,50000.000,14.941,22.412,50000.000,0
44951,0.000,0.000,50000.000,0.000,0.000,50000.000,0
45001,-14.941,-97.118,50000.000,14.941,-44.824,50000.000,0
45051,-7.471,-67.235,50000.000,14.941,7.471,50000.000,0
45101,0.000,-22.412,50000.000,-7.471,-44.824,50000.000,0
45151,-7.471,-82.176,50000.000,7.471,-7.471,50000.000,0
45201,0.000,-7.471,50000.000,7.471,0.000,50000.000,0
45251,0.000,-14.941,50000.000,0.000,-29.882,50000.000,0
45301,0.000,-14.941,50000.000,0.000,14.941,50000.000,0
45351,0.000,0.000,50000.000,5737.411,-1703.294,50000.000,0
45401,0.000,-7.471,50000.000,-14.941,-29.882,50000.000,0
45451,0.000,-7.471,50000.000,0.000,-7.471,50000.000,0
45501,-7.471,0.000,50000.000,0.000,0.000,50000.000,0
45551,-14.941,-37.353,50000.000,0.000,-7.471,50000.000,0
45601,-7.471,-67.235,50000.000,0.000,37.353,50000.000,0
45651,-59.765,-127.000,50000.000,-134.471,82.176,50000.000,0
45701,-485.588,-582.706,50000.000,-657.412,194.235,50000.000,0
45751,-560.294,-769.471,50000.000,-769.471,418.353,50000.000,0
45801,-440.765,-649.941,50000.000,-493.059,620.059,50000.000,0
45851,-7.471,-67.235,50000.000,29.882,37.353,50000.000,0
45901,-7.471,14.941,50000.000,-14.941,-7.471,50000.000,0
45951,-14.941,-89.647,50000.000,22.412,-14.941,50000.000,0
46001,-14.941,-59.765,50000.000,7.471,-44.824,50000.000,0
46051,0.000,0.000,50000.000,-7.471,-52.294,50000.000,0
46101,14.941,29.882,50000.000,-22.412,0.000,50000.000,0
46151,22.412,-82.176,50000.000,22.412,-179.294,50000.000,0
46201,37.353,-37.353,50000.000,37.353,-127.000,50000.000,0
46251,7.471,-44.824,50000.000,7.471,0.000,50000.000,0
46301,0.000,-7.471,50000.000,0.000,-7.471,50000.000,0
46351,22.412,-156.882,50000.000,44.824,-74.706,50000.000,0
46401,7.471,-37.353,50000.000,22.412,-14.941,50000.000,0
46451,22.412,89.647,50000.000,-7.471,-7.471,50000.000,0
46501,0.000,-29.882,50000.000,0.000,-7.471,50000.000,0
46551,-7.471,-44.824,50000.000,0.000,0.000,50000.000,0
46601,0.000,0.000,50000.000,-7.471,0.000,50000.000,0
46651,14.941,74.706,50000.000,-14.941,7.471,50000.000,0
46701,44.824,231.588,50000.000,-52.294,104.588,50000.000,0
46751,141.941,440.765,50000.000,134.471,156.882,50000.000,0
46801,37.353,44.824,50000.000,52.294,22.412,50000.000,0
46851,7.471,171.824,50000.000,-14.941,89.647,50000.000,0
46901,29.882,306.294,50000.000,-22.412,112.059,50000.000,0
46951,14.941,104.588,50000.000,-14.941,52.294,50000.000,0
47001,14.941,298.824,50000.000,29.882,171.824,50000.000,0
47051,0.000,418.353,50000.000,7.471,156.882,50000.000,0
47101,-164.353,127.000,50000.000,-37.353,-59.765,50000.000,0
47151,-268.941,149.412,50000.000,-82.176,-52.294,50000.000,0
47201,-134.471,149.412,50000.000,-97.118,-22.412,50000.000,0
47251,-104.588,82.176,50000.000,-67.235,-104.588,50000.000,0
47301,-186.765,201.706,50000.000,-44.824,-44.824,50000.000,0
47351,-127.000,134.471,50000.000,-52.294,-29.882,50000.000,0
47401,-119.529,239.059,50000.000,-29.882,-44.824,50000.000,0
47451,-67.235,425.823,50000.000,0.000,-22.412,50000.000,0
47501,291.353,956.235,50000.000,635.000,-254.000,50000.000,0
47551,986.118,1740.647,50000.000,1546.412,-1352.176,50000.000,0
47601,1292.412,1748.118,50000.000,1785.470,-2151.529,50000.000,0
47651,1001.059,911.412,50000.000,1255.059,-1606.176,50000.000,0
47701,209.176,-276.412,50000.000,67.235,-717.176,50000.000,0
47751,-366.059,-859.118,50000.000,-582.706,-283.882,50000.000,0
47801,-560.294,-971.176,50000.000,-1045.882,-254.000,50000.000,0
47851,-560.294,-903.941,50000.000,-1068.294,-246.529,50000.000,0
47901,-381.000,-754.529,50000.000,-635.000,-201.706,50000.000,0
47951,-455.706,-754.529,50000.000,-784.412,-149.412,50000.000,0
48001,-620.059,-889.000,50000.000,-1053.353,-209.176,50000.000,0
48051,-522.941,-776.941,50000.000,-903.941,-171.824,50000.000,0
48101,-276.412,-440.765,50000.000,-478.118,112.059,50000.000,0
48151,-89.647,-97.118,50000.000,-44.824,425.823,50000.000,0
48201,-97.118,-291.353,50000.000,0.000,0.000,50000.000,0
48251,-52.294,-328.706,50000.000,22.412,-224.118,50000.000,0
48301,-89.647,-336.176,50000.000,-59.765,-134.471,50000.000,0
48351,-186.765,-194.235,50000.000,-366.059,-7.471,50000.000,0
48401,-29.882,119.529,50000.000,-74.706,-14.941,50000.000,0
48451,216.647,388.471,50000.000,403.412,-14.941,50000.000,0
48501,552.823,739.588,50000.000,881.529,-254.000,50000.000,0
48551,844.176,1030.941,50000.000,1157.941,-358.588,50000.000,0
48601,1165.412,1404.470,50000.000,1628.588,-918.882,50000.000,0
48651,1411.941,1591.235,50000.000,2114.176,-881.529,50000.000,0
48701,911.412,762.000,50000.000,1344.706,-261.471,50000.000,0
48751,-7.471,-254.000,50000.000,-89.647,-97.118,50000.000,0
48801,-366.059,-395.941,50000.000,-806.823,-59.765,50000.000,0
48851,-224.118,-201.706,50000.000,-366.059,-29.882,50000.000,0
48901,29.882,134.471,50000.000,29.882,97.118,50000.000,0
48951,37.353,59.765,50000.000,149.412,231.588,50000.000,0
49001,-231.588,-328.706,50000.000,-201.706,1038.412,50000.000,0
49051,-918.882,-1501.588,50000.000,-1090.706,1307.353,50000.000,0
49101,-1352.176,-1695.823,50000.000,-1748.118,1583.765,50000.000,0
49151,-560.294,-261.471,50000.000,-612.588,724.647,50000.000,0
49201,74.706,276.412,50000.000,67.235,156.882,50000.000,0
49251,14.941,0.000,50000.000,7.471,37.353,50000.000,0
49301,-7.471,-29.882,50000.000,22.412,-52.294,50000.000,0
49351,0.000,0.000,50000.000,0.000,0.000,50000.000,0
49401,7.471,-22.412,50000.000,0.000,7.471,50000.000,0
49451,-7.471,-82.176,50000.000,0.000,-44.824,50000.000,0
49501,7.471,164.353,50000.000,-7.471,194.235,50000.000,0
49551,67.235,470.647,50000.000,-59.765,410.882,50000.000,0
49601,0.000,82.176,50000.000,0.000,44.824,50000.000,0
49651,0.000,-112.059,50000.000,7.471,-67.235,50000.000,0
49701,0.000,0.000,50000.000,22.412,-7.471,50000.000,0
49751,-29.882,-388.471,50000.000,283.882,-597.647,50000.000,0
49801,874.059,687.294,50000.000,1501.588,-2226.235,50000.000,0
49851,1949.823,2226.235,50000.000,2241.176,-3608.294,50000.000,0
49901,2136.588,2472.765,50000.000,2659.529,-2711.823,50000.000,0
49951,1314.823,493.059,50000.000,1299.882,-1628.588,50000.000,0
50001,-470.647,-1016.000,50000.000,-956.235,-201.706,50000.000,0
50051,-1075.765,-1964.765,50000.000,-1546.412,-463.176,50000.000,0
50101,-1120.588,-1673.412,50000.000,-2002.118,-395.941,50000.000,0
50151,-620.059,-762.000,50000.000,-1060.823,-283.882,50000.000,0
50201,0.000,-104.588,50000.000,97.118,-44.824,50000.000,0
50251,22.412,-7.471,50000.000,74.706,59.765,50000.000,0
50301,-37.353,-291.353,50000.000,22.412,-134.471,50000.000,0
50351,44.824,156.882,50000.000,14.941,59.765,50000.000,0
50401,127.000,261.471,50000.000,239.059,-119.529,50000.000,0
50451,7.471,-194.235,50000.000,112.059,-97.118,50000.000,0
50501,-298.824,-709.706,50000.000,-403.412,-283.882,50000.000,0
50551,-679.823,-1397.000,50000.000,-1232.647,-605.118,50000.000,0
50601,-1060.823,-1703.294,50000.000,-1763.059,-500.529,50000.000,0
50651,-724.647,-1060.823,50000.000,-1120.588,-276.412,50000.000,0
50701,-67.235,-246.529,50000.000,14.941,-74.706,50000.000,0
50751,37.353,97.118,50000.000,97.118,44.824,50000.000,0
50801,22.412,306.294,50000.000,-44.824,52.294,50000.000,0
50851,-44.824,209.176,50000.000,-22.412,224.118,50000.000,0
50901,7.471,179.294,50000.000,-7.471,149.412,50000.000,0
50951,-44.824,-164.353,50000.000,0.000,-44.824,50000.000,0
51001,-59.765,186.765,50000.000,-37.353,239.059,50000.000,0
51051,-119.529,-14.941,50000.000,-22.412,224.118,50000.000,0
51101,-14.941,67.235,50000.000,-14.941,141.941,50000.000,0
51151,22.412,89.647,50000.000,-7.471,127.000,50000.000,0
51201,-52.294,59.765,50000.000,-44.824,216.647,50000.000,0
51251,-127.000,194.235,50000.000,-29.882,522.941,50000.000,0
51301,-156.882,52.294,50000.000,7.471,373.529,50000.000,0
51351,-52.294,-89.647,50000.000,22.412,29.882,50000.000,0
51401,7.471,156.882,50000.000,0.000,74.706,50000.000,0
51451,14.941,-37.353,50000.000,22.412,-7.471,50000.000,0
51501,-7.471,14.941,50000.000,-37.353,0.000,50000.000,0
51551,7.471,67.235,50000.000,-14.941,52.294,50000.000,0
51601,0.000,-59.765,50000.000,0.000,-7.471,50000.000,0
51651,-14.941,-171.824,50000.000,-22.412,-74.706,50000.000,0
51701,0.000,0.000,50000.000,0.000,14.941,50000.000,0
51751,0.000,-52.294,50000.000,0.000,0.000,50000.000,0
51801,-29.882,-171.824,50000.000,37.353,-22.412,50000.000,0
51851,-44.824,-44.824,50000.000,22.412,29.882,50000.000,0
51901,-37.353,-112.059,50000.000,0.000,-29.882,50000.000,0
51951,0.000,-59.765,50000.000,0.000,-14.941,50000.000,0
52001,-22.412,14.941,50000.000,-22.412,0.000,50000.000,0
52051,-7.471,-44.824,50000.000,7.471,-7.471,50000.000,0
52101,0.000,-14.941,50000.000,0.000,-7.471,50000.000,0
52151,0.000,89.647,50000.000,-22.412,22.412,50000.000,0
52201,0.000,-7.471,50000.000,0.000,0.000,50000.000,0
52251,0.000,-29.882,50000.000,0.000,-1890.059,50000.000,0
52301,0.000,52.294,50000.000,-14.941,-7.471,50000.000,0
52351,0.000,0.000,50000.000,-22.412,-7.471,50000.000,0
52401,0.000,-14.941,50000.000,0.000,0.000,50000.000,0
52451,0.000,0.000,50000.000,0.000,-7.471,50000.000,0
52501,0.000,14.941,50000.000,-14.941,0.000,50000.000,0
52551,0.000,-7.471,50000.000,0.000,0.000,50000.000,0
52601,0.000,-14.941,50000.000,7.471,0.000,50000.000,0
52651,0.000,22.412,50000.000,0.000,-7.471,50000.000,0
52701,-7.471,-7.471,50000.000,0.000,-22.412,50000.000,0
52751,-5744.882,1673.412,50000.000,0.000,0.000,50000.000,0
52801,0.000,0.000,50000.000,0.000,-1680.882,50000.000,0
52851,0.000,0.000,50000.000,7.471,-7.471,50000.000,0
52901,0.000,-29.882,50000.000,14.941,-14.941,50000.000,0
52951,0.000,-14.941,50000.000,0.000,-7.471,50000.000,0
53001,0.000,7.471,50000.000,0.000,-14.941,50000.000,0
53051,0.000,0.000,50000.000,0.000,-7.471,50000.000,0
53101,0.000,0.000,50000.000,0.000,-7.471,50000.000,0
53151,0.000,0.000,50000.000,0.000,0.000,50000.000,0
53201,0.000,0.000,50000.000,0.000,0.000,50000.000,0
53251,0.000,0.000,50000.000,0.000,0.000,50000.000,0
53301,0.000,-7.471,50000.000,0.000,0.000,50000.000,0
53351,7.471,-7.471,50000.000,0.000,0.000,50000.000,0
53401,0.000,-14.941,50000.000,0.000,0.000,50000.000,0
53451,0.000,22.412,50000.000,0.000,0.000,50000.000,0
53501,0.000,0.000,50000.000,7.471,-14.941,50000.000,0
53551,0.000,-7.471,50000.000,0.000,-7.471,50000.000,0
53601,0.000,0.000,50000.000,7.471,0.000,50000.000,0
53651,7.471,14.941,50000.000,0.000,-1860.176,50000.000,0
53701,0.000,22.412,50000.000,0.000,-7.471,50000.000,0
53751,7.471,-7.471,50000.000,0.000,-7.471,50000.000,0
53801,0.000,14.941,50000.000,0.000,0.000,50000.000,0
53851,0.000,37.353,50000.000,0.000,14.941,50000.000,0
53901,7.471,44.824,50000.000,7.471,67.235,50000.000,0
53951,0.000,14.941,50000.000,0.000,0.000,50000.000,0
54001,14.941,231.588,50000.000,-14.941,156.882,50000.000,0
54051,7.471,22.412,50000.000,0.000,14.941,50000.000,0
54101,37.353,127.000,50000.000,14.941,97.118,50000.000,0
54151,7.471,-52.294,50000.000,0.000,-29.882,50000.000,0
54201,-14.941,-59.765,50000.000,-22.412,-74.706,50000.000,0
54251,-22.412,-112.059,50000.000,0.000,-29.882,50000.000,0
54301,-22.412,-112.059,50000.000,0.000,-52.294,50000.000,0
54351,0.000,-29.882,50000.000,0.000,-14.941,50000.000,0
54401,0.000,7.471,50000.000,0.000,0.000,50000.000,0
54451,0.000,-14.941,50000.000,0.000,-14.941,50000.000,0
54501,0.000,-7.471,50000.000,0.000,-14.941,50000.000,0
54551,0.000,0.000,50000.000,0.000,7.471,50000.000,0
54601,0.000,0.000,50000.000,-7.471,-7.471,50000.000,0
54651,0.000,1680.882,50000.000,0.000,0.000,50000.000,0
54701,0.000,7.471,50000.000,0.000,22.412,50000.000,0
54751,0.000,37.353,50000.000,0.000,22.412,50000.000,0
54801,7.471,82.176,50000.000,0.000,74.706,50000.000,0
54851,-14.941,-82.176,50000.000,0.000,-59.765,50000.000,0
54901,7.471,89.647,50000.000,-14.941,14.941,50000.000,0
54951,-14.941,-74.706,50000.000,0.000,-44.824,50000.000,0
55001,0.000,-14.941,50000.000,0.000,0.000,50000.000,0
55051,14.941,112.059,50000.000,7.471,44.824,50000.000,0
55101,29.882,-44.824,50000.000,29.882,37.353,50000.000,0
55151,-7.471,-29.882,50000.000,-14.941,-67.235,50000.000,0
55201,0.000,112.059,50000.000,-22.412,37.353,50000.000,0
55251,0.000,-67.235,50000.000,0.000,-22.412,50000.000,0
55301,0.000,-22.412,50000.000,0.000,-22.412,50000.000,0
55351,0.000,14.941,50000.000,-14.941,-7.471,50000.000,0
55401,-7.471,-37.353,50000.000,0.000,-7.471,50000.000,0
55451,0.000,0.000,50000.000,7.471,0.000,50000.000,0
55501,0.000,-7.471,50000.000,0.000,0.000,50000.000,0
55551,0.000,-14.941,50000.000,0.000,-22.412,50000.000,0
55601,-7.471,-1441.823,50000.000,0.000,-14.941,50000.000,0
55651,-7.471,-7.471,50000.000,0.000,-14.941,50000.000,0
55701,0.000,-29.882,50000.000,0.000,-7.471,50000.000,0
55751,0.000,-14.941,50000.000,0.000,-14.941,50000.000,0
55801,-14.941,-37.353,50000.000,0.000,-7.471,50000.000,0
55851,0.000,14.941,50000.000,0.000,0.000,50000.000,0
55901,7.471,29.882,50000.000,0.000,0.000,50000.000,0
55951,0.000,0.000,50000.000,0.000,0.000,50000.000,0
56001,0.000,0.000,50000.000,0.000,0.000,50000.000,0
56051,0.000,0.000,50000.000,0.000,0.000,50000.000,0
56101,0.000,0.000,50000.000,0.000,0.000,50000.000,0
56151,7.471,0.000,50000.000,0.000,0.000,50000.000,0
56201,7.471,0.000,50000.000,0.000,-7.471,50000.000,0
56251,0.000,-7.471,50000.000,0.000,0.000,50000.000,0
56301,-14.941,-37.353,50000.000,0.000,-7.471,50000.000,0
56351,0.000,-7.471,50000.000,0.000,0.000,50000.000,0
56401,0.000,0.000,50000.000,0.000,-1688.353,50000.000,0
56451,-7.471,-14.941,50000.000,0.000,1673.412,50000.000,0
56501,0.000,0.000,50000.000,0.000,0.000,50000.000,0
56551,0.000,14.941,50000.000,7.471,0.000,50000.000,0
56601,7.471,14.941,50000.000,0.000,0.000,50000.000,0
56651,0.000,0.000,50000.000,0.000,0.000,50000.000,0
56701,0.000,-7.471,50000.000,0.000,0.000,50000.000,0
56751,0.000,0.000,50000.000,0.000,0.000,50000.000,0
56801,0.000,22.412,50000.000,0.000,0.000,50000.000,0
56851,-7.471,44.824,50000.000,0.000,-1441.823,50000.000,0
56901,0.000,-7.471,50000.000,0.000,-7.471,50000.000,0
56951,0.000,0.000,50000.000,0.000,0.000,50000.000,0
57001,0.000,0.000,50000.000,0.000,0.000,50000.000,0
57051,0.000,0.000,50000.000,0.000,0.000,50000.000,0
57101,0.000,14.941,50000.000,0.000,0.000,50000.000,0
57151,0.000,1434.353,50000.000,0.000,-7.471,50000.000,0
57201,0.000,0.000,50000.000,0.000,-7.471,50000.000,0
57251,0.000,0.000,50000.000,0.000,0.000,50000.000,0
57301,0.000,22.412,50000.000,0.000,0.000,50000.000,0
57351,0.000,0.000,50000.000,7.471,-7.471,50000.000,0
57401,0.000,1434.353,50000.000,0.000,0.000,50000.000,0
57451,0.000,0.000,50000.000,-5744.882,0.000,50000.000,0
57501,1912.470,-1680.882,50000.000,0.000,0.000,50000.000,0
57551,-7.471,-7.471,50000.000,0.000,0.000,50000.000,0
57601,0.000,-14.941,50000.000,0.000,0.000,50000.000,0
57651,0.000,-29.882,50000.000,0.000,0.000,50000.000,0
57701,0.000,-59.765,50000.000,52.294,37.353,50000.000,0
57751,-7.471,-209.176,50000.000,0.000,-104.588,50000.000,0
57801,0.000,-59.765,50000.000,7.471,-14.941,50000.000,0
57851,22.412,134.471,50000.000,-22.412,37.353,50000.000,0
57901,37.353,216.647,50000.000,-7.471,119.529,50000.000,0
57951,0.000,-22.412,50000.000,14.941,0.000,50000.000,0
58001,0.000,216.647,50000.000,-7.471,104.588,50000.000,0
58051,-29.882,22.412,50000.000,0.000,14.941,50000.000,0
58101,-22.412,-164.353,50000.000,29.882,-52.294,50000.000,0
58151,-7.471,44.824,50000.000,-22.412,-29.882,50000.000,0
58201,0.000,52.294,50000.000,-7.471,7.471,50000.000,0
58251,-7.471,-37.353,50000.000,0.000,7.471,50000.000,0
58301,0.000,-14.941,50000.000,0.000,-7.471,50000.000,0
58351,-14.941,-29.882,50000.000,-7.471,-22.412,50000.000,0
58401,-14.941,-14.941,50000.000,0.000,-29.882,50000.000,0
58451,-7.471,-14.941,50000.000,0.000,-22.412,50000.000,0
58501,0.000,14.941,50000.000,0.000,7.471,50000.000,0
58551,0.000,0.000,50000.000,0.000,0.000,50000.000,0
58601,14.941,37.353,50000.000,0.000,14.941,50000.000,0
58651,0.000,-22.412,50000.000,0.000,-7.471,50000.000,0
58701,0.000,-14.941,50000.000,0.000,-7.471,50000.000,0
58751,0.000,-14.941,50000.000,0.000,0.000,50000.000,0
58801,0.000,7.471,50000.000,0.000,5737.411,50000.000,0
58851,0.000,-14.941,50000.000,7.471,-7.471,50000.000,0
58901,0.000,-14.941,50000.000,0.000,0.000,50000.000,0
58951,0.000,-7.471,50000.000,7.471,-7.471,50000.000,0
59001,0.000,-22.412,50000.000,7.471,0.000,50000.000,0
59051,0.000,14.941,50000.000,0.000,0.000,50000.000,0
59101,0.000,-7.471,50000.000,0.000,0.000,50000.000,0
59151,0.000,-7.471,50000.000,7.471,0.000,50000.000,0
59201,0.000,-7.471,50000.000,0.000,0.000,50000.000,0
59251,0.000,-37.353,50000.000,14.941,-7.471,50000.000,0
59301,0.000,44.824,50000.000,5737.411,-1680.882,50000.000,0
59351,0.000,0.000,50000.000,-7.471,-7.471,50000.000,0
59401,0.000,0.000,50000.000,0.000,0.000,50000.000,0
59451,0.000,7.471,50000.000,0.000,7.471,50000.000,0
59501,7.471,89.647,50000.000,7.471,44.824,50000.000,0
59551,-7.471,-37.353,50000.000,7.471,0.000,50000.000,0
59601,22.412,127.000,50000.000,7.471,59.765,50000.000,0
59651,7.471,-14.941,50000.000,14.941,7.471,50000.000,0
59701,0.000,-7.471,50000.000,7.471,0.000,50000.000,0
59751,-7.471,-29.882,50000.000,-7.471,-67.235,50000.000,0
59801,-29.882,-276.412,50000.000,22.412,-89.647,50000.000,0
59851,14.941,-29.882,50000.000,59.765,104.588,50000.000,0
59901,-7.471,-7.471,50000.000,0.000,0.000,50000.000,0
59951,-14.941,-44.824,50000.000,7.471,0.000,50000.000,0
