timestamp[ms],left_dx[um],left_dy[um],left_dt[us],right_dx[um],right_dy[um],right_dt[us],waterPin
0,0.000,0.000,50153.000,0.000,0.000,50153.000,0
51,-201.706,-127.000,50000.000,-82.176,104.588,50000.000,0
101,-67.235,-89.647,50000.000,-44.824,44.824,50000.000,0
151,-44.824,-29.882,50000.000,-7.471,22.412,50000.000,0
201,-37.353,164.353,50000.000,14.941,276.412,50000.000,0
251,7.471,508.000,50000.000,231.588,672.353,50000.000,0
301,216.647,410.882,50000.000,433.294,246.529,50000.000,0
351,358.588,530.412,50000.000,321.235,276.412,50000.000,0
401,141.941,156.882,50000.000,343.647,-14.941,50000.000,0
451,261.471,201.706,50000.000,171.824,0.000,50000.000,0
501,59.765,89.647,50000.000,82.176,179.294,50000.000,0
551,239.059,-156.882,50000.000,104.588,-112.059,50000.000,0
601,627.529,268.941,50000.000,470.647,-283.882,50000.000,0
651,537.882,724.647,50000.000,664.882,44.824,50000.000,0
701,291.353,410.882,50000.000,358.588,134.471,50000.000,0
751,74.706,-82.176,50000.000,37.353,-104.588,50000.000,0
801,112.059,-59.765,50000.000,67.235,-134.471,50000.000,0
851,14.941,209.176,50000.000,127.000,134.471,50000.000,0
901,22.412,-22.412,50000.000,89.647,59.765,50000.000,0
951,127.000,-7.471,50000.000,29.882,-164.353,50000.000,0
1001,194.235,239.059,50000.000,224.118,-179.294,50000.000,0
1051,112.059,283.882,50000.000,74.706,127.000,50000.000,0
1101,-37.353,59.765,50000.000,-29.882,-59.765,50000.000,0
1151,-231.588,149.412,50000.000,-52.294,336.176,50000.000,0
1201,-433.294,-134.471,50000.000,-134.471,283.882,50000.000,0
1251,-171.824,-14.941,50000.000,-328.706,29.882,50000.000,0
1301,-425.823,-7.471,50000.000,-358.588,-276.412,50000.000,0
1351,-171.824,67.235,50000.000,-395.941,-522.941,50000.000,0
1401,-306.294,97.118,50000.000,-336.176,-171.824,50000.000,0
1451,-351.118,-141.941,50000.000,-515.471,-224.118,50000.000,0
1501,-336.176,-261.471,50000.000,-478.118,-44.824,50000.000,0
1551,-149.412,-186.765,50000.000,-298.824,119.529,50000.000,0
1601,-97.118,-171.824,50000.000,-112.059,-67.235,50000.000,0
1651,67.235,-14.941,50000.000,0.000,-186.765,50000.000,0
1701,186.765,44.824,50000.000,179.294,-395.941,50000.000,0
1751,276.412,-52.294,50000.000,216.647,-478.118,50000.000,0
1801,306.294,-291.353,50000.000,14.941,-747.059,50000.000,0
1851,74.706,-291.353,50000.000,-22.412,-283.882,50000.000,0
1901,-52.294,-522.941,50000.000,-246.529,-164.353,50000.000,0
1951,-298.824,-799.353,50000.000,-448.235,-59.765,50000.000,0
2001,-500.529,-1008.529,50000.000,-739.588,112.059,50000.000,0
2051,-649.941,-1075.765,50000.000,-724.647,-59.765,50000.000,0
2101,-463.176,-911.412,50000.000,-844.176,-156.882,50000.000,0
2151,-29.882,-552.823,50000.000,-194.235,-194.235,50000.000,0
2201,104.588,-104.588,50000.000,14.941,-22.412,50000.000,0
2251,620.059,358.588,50000.000,791.882,179.294,50000.000,0
2301,1023.471,612.588,50000.000,1195.294,149.412,50000.000,0
2351,1912.470,500.529,50000.000,1957.294,-1030.941,50000.000,0
2401,2226.235,1292.412,50000.000,2151.529,-679.823,50000.000,0
2451,1800.412,1232.647,50000.000,2525.059,29.882,50000.000,0
2501,2465.294,455.706,50000.000,2569.882,134.471,50000.000,0
2551,2398.059,0.000,50000.000,2637.117,470.647,50000.000,0
2601,2308.412,-37.353,50000.000,2898.588,1165.412,50000.000,0
2651,3189.941,-179.294,50000.000,3219.823,321.235,50000.000,0
2701,3824.941,104.588,50000.000,3839.882,-552.823,50000.000,0
2751,3660.588,717.176,50000.000,4198.470,-508.000,50000.000,0
2801,4176.059,1471.706,50000.000,4751.294,-194.235,50000.000,0
2851,3085.353,1023.471,50000.000,4205.941,127.000,50000.000,0
2901,2696.882,37.353,50000.000,3167.529,358.588,50000.000,0
2951,2375.647,-321.235,50000.000,2637.117,522.941,50000.000,0
3001,1934.882,-620.059,50000.000,2547.470,313.765,50000.000,0
3051,2173.941,-283.882,50000.000,2629.647,209.176,50000.000,0
3101,2106.706,179.294,50000.000,2868.706,59.765,50000.000,0
3151,2114.176,306.294,50000.000,2823.882,-171.824,50000.000,0
3201,2166.470,246.529,50000.000,2450.353,-141.941,50000.000,0
3251,1845.235,186.765,50000.000,2121.647,-44.824,50000.000,0
3301,1419.412,59.765,50000.000,1710.765,134.471,50000.000,0
3351,1120.588,-89.647,50000.000,1419.412,141.941,50000.000,0
3401,1143.000,-37.353,50000.000,1128.059,74.706,50000.000,0
3451,851.647,74.706,50000.000,1016.000,74.706,50000.000,0
3501,575.235,74.706,50000.000,829.235,-7.471,50000.000,0
3551,485.588,22.412,50000.000,515.471,-44.824,50000.000,0
3601,291.353,14.941,50000.000,261.471,0.000,50000.000,0
3651,14.941,-7.471,50000.000,0.000,0.000,50000.000,0
3701,-239.059,-67.235,50000.000,-239.059,7.471,50000.000,0
3751,-328.706,-22.412,50000.000,-433.294,-7.471,50000.000,0
3801,-545.353,-29.882,50000.000,-642.471,-29.882,50000.000,0
3851,-844.176,0.000,50000.000,-963.706,-44.824,50000.000,0
3901,-1090.706,0.000,50000.000,-926.353,-97.118,50000.000,0
3951,-1090.706,-14.941,50000.000,-1202.765,-104.588,50000.000,0
4001,-1195.294,-149.412,50000.000,-1322.294,-104.588,50000.000,0
4051,-1464.235,-44.824,50000.000,-1531.470,-82.176,50000.000,0
4101,-1651.000,-97.118,50000.000,-1703.294,-156.882,50000.000,0
4151,-1680.882,-59.765,50000.000,-1837.765,-97.118,50000.000,0
4201,-1710.765,-82.176,50000.000,-1957.294,-44.824,50000.000,0
4251,-1733.176,-14.941,50000.000,-2166.470,-67.235,50000.000,0
4301,-1867.647,-89.647,50000.000,-2084.294,-104.588,50000.000,0
4351,-1778.000,-82.176,50000.000,-2106.706,-112.059,50000.000,0
4401,-1778.000,-59.765,50000.000,-2256.117,-231.588,50000.000,0
4451,-1927.412,-141.941,50000.000,-2525.059,-231.588,50000.000,0
4501,-1778.000,-14.941,50000.000,-2435.412,-82.176,50000.000,0
4551,-2009.588,-44.824,50000.000,-2345.765,-52.294,50000.000,0
4601,-1897.529,-171.824,50000.000,-2248.647,-149.412,50000.000,0
4651,-2032.000,-119.529,50000.000,-2345.765,-164.353,50000.000,0
4701,-1680.882,-52.294,50000.000,-2009.588,-261.471,50000.000,0
4751,-1636.059,7.471,50000.000,-1890.059,-82.176,50000.000,0
4801,-1568.823,-74.706,50000.000,-1710.765,-134.471,50000.000,0
4851,-1426.882,-44.824,50000.000,-1471.706,-22.412,50000.000,0
4901,-1255.059,-89.647,50000.000,-1277.470,-67.235,50000.000,0
4951,-1060.823,-59.765,50000.000,-1053.353,-74.706,50002.000,0
5001,-889.000,14.941,50000.000,-889.000,52.294,50000.000,0
5051,-612.588,-112.059,50000.000,-709.706,-52.294,50000.000,0
5101,-381.000,-156.882,50000.000,-582.706,-37.353,50000.000,0
5151,-216.647,14.941,50000.000,-306.294,-14.941,50000.000,0
5201,-29.882,89.647,50000.000,-22.412,-14.941,50000.000,0
5251,44.824,67.235,50000.000,52.294,0.000,50000.000,0
5301,67.235,44.824,50000.000,89.647,22.412,50000.000,0
5351,37.353,0.000,50000.000,37.353,0.000,50000.000,0
5401,0.000,-37.353,50000.000,0.000,-7.471,50000.000,0
5451,-44.824,-29.882,50000.000,-44.824,-7.471,50000.000,0
5501,-29.882,-14.941,50000.000,-52.294,0.000,50000.000,0
5551,0.000,0.000,50000.000,-14.941,29.882,50000.000,0
5601,22.412,0.000,50000.000,0.000,-7.471,50000.000,0
5651,14.941,22.412,50000.000,29.882,0.000,50000.000,0
5701,0.000,0.000,50000.000,7.471,-7.471,50000.000,0
5751,0.000,0.000,50000.000,0.000,7.471,50000.000,0
5801,0.000,0.000,50000.000,0.000,29.882,50000.000,0
5851,7.471,0.000,50000.000,0.000,0.000,50000.000,0
5901,7.471,0.000,50000.000,37.353,-7.471,50000.000,0
5951,0.000,7.471,50000.000,14.941,-14.941,50000.000,0
6001,0.000,0.000,50000.000,0.000,0.000,50000.000,0
6051,0.000,0.000,50000.000,0.000,14.941,50000.000,0
6101,0.000,7.471,50000.000,0.000,-1695.823,50000.000,0
6151,0.000,0.000,50000.000,7.471,-22.412,50000.000,0
6201,0.000,0.000,50000.000,7.471,0.000,50000.000,0
6251,5737.411,-14.941,50000.000,5744.882,0.000,50000.000,0
6301,-29.882,-5752.353,50000.000,-5759.823,7.471,50000.000,0
6351,-14.941,0.000,50000.000,7.471,7.471,50000.000,0
6401,22.412,22.412,50000.000,74.706,14.941,50000.000,0
6451,22.412,7.471,50000.000,14.941,-7.471,50000.000,0
6501,5737.411,-7.471,50000.000,-37.353,-14.941,50000.000,0
6551,-5752.353,1673.412,50000.000,-52.294,7.471,50000.000,0
6601,0.000,0.000,50000.000,0.000,14.941,50000.000,0
6651,14.941,14.941,50000.000,22.412,-7.471,50000.000,0
6701,14.941,0.000,50000.000,7.471,-22.412,50000.000,0
6751,0.000,0.000,50000.000,-14.941,-7.471,50000.000,0
6801,-7.471,0.000,50000.000,-7.471,0.000,50000.000,0
6851,0.000,29.882,50000.000,0.000,0.000,50000.000,0
6901,14.941,59316.465,50000.000,22.412,-7.471,50000.000,0
6951,14.941,-7.471,50000.000,14.941,-7.471,50000.000,0
7001,7.471,-7.471,50000.000,-7.471,-7.471,50000.000,0
7051,-7.471,0.000,50000.000,-52.294,14.941,50000.000,0
7101,0.000,0.000,50000.000,-14.941,7.471,50000.000,0
7151,7.471,7.471,50000.000,22.412,7.471,50000.000,0
7201,14.941,7.471,50000.000,22.412,-37.353,50000.000,0
7251,0.000,-7.471,50000.000,-7.471,-7.471,50000.000,0
7301,0.000,-7.471,50000.000,-29.882,-7.471,50000.000,0
7351,0.000,0.000,50000.000,-7.471,0.000,50000.000,0
7401,22.412,22.412,50002.000,22.412,-7.471,50000.000,0
7451,14.941,0.000,50000.000,22.412,-44.824,50000.000,0
7501,0.000,0.000,49998.000,0.000,0.000,49999.000,0
7551,-14.941,-22.412,50000.000,-29.882,-22.412,49999.000,0
7601,-14.941,-7.471,50000.000,-14.941,22.412,50000.000,0
7651,7.471,7.471,50000.000,7.471,7.471,50000.000,0
7701,14.941,14.941,50000.000,22.412,-7.471,50000.000,0
7751,22.412,0.000,50000.000,7.471,-7.471,50000.000,0
7801,0.000,0.000,50000.000,-7.471,-7.471,50000.000,0
7851,0.000,-7.471,50000.000,-82.176,7.471,50000.000,0
7901,-7.471,7.471,50000.000,-37.353,14.941,50000.000,0
7951,7.471,14.941,50000.000,22.412,7.471,50000.000,0
8001,52.294,14.941,50000.000,59.765,-7.471,50000.000,0
8051,7.471,0.000,50000.000,22.412,0.000,50000.000,0
8101,-14.941,-7.471,50000.000,-29.882,0.000,50000.000,0
8151,-29.882,-22.412,50000.000,-29.882,0.000,50000.000,0
8201,0.000,0.000,50000.000,0.000,22.412,50000.000,0
8251,14.941,7.471,50000.000,22.412,7.471,50000.000,0
8301,7.471,0.000,50000.000,37.353,0.000,50000.000,0
8351,5744.882,-1449.294,50000.000,0.000,-14.941,50000.000,0
8401,-7.471,-14.941,50000.000,-44.824,0.000,50000.000,0
8451,-14.941,-14.941,50000.000,-37.353,7.471,50000.000,0
8501,0.000,0.000,50000.000,7.471,22.412,50000.000,0
8551,14.941,14.941,50000.000,52.294,-52.294,50000.000,0
8601,7.471,0.000,50000.000,7.471,-7.471,50000.000,0
8651,0.000,-7.471,50000.000,-7.471,7.471,50000.000,0
8701,-7.471,0.000,50000.000,0.000,7.471,50000.000,0
8751,22.412,-7.471,50000.000,29.882,-22.412,50000.000,0
8801,37.353,7.471,50000.000,37.353,0.000,50000.000,0
8851,37.353,37.353,50000.000,22.412,7.471,50000.000,0
8901,22.412,14.941,50000.000,37.353,-29.882,50000.000,0
8951,22.412,0.000,50000.000,22.412,-7.471,50000.000,0
9001,0.000,0.000,50000.000,0.000,0.000,50000.000,0
9051,0.000,37.353,50000.000,0.000,52.294,50000.000,0
9101,-74.706,0.000,50000.000,-59.765,74.706,50000.000,0
9151,-381.000,-366.059,50000.000,-373.529,239.059,50000.000,0
9201,-657.412,-1083.235,50000.000,-799.353,29.882,50000.000,0
9251,-851.647,-948.765,50000.000,-978.647,231.588,50000.000,0
9301,-627.529,-89.647,50000.000,-552.823,186.765,50000.000,0
9351,52.294,1247.588,50000.000,381.000,358.588,50000.000,0
9401,724.647,1292.412,50000.000,1090.706,-306.294,50000.000,0
9451,1225.176,732.118,50000.000,933.823,-478.118,50000.000,0
9501,1262.529,612.588,50000.000,1217.706,-291.353,50000.000,0
9551,1008.529,201.706,50000.000,1083.235,112.059,50000.000,0
9601,1128.059,545.353,50000.000,1292.412,508.000,50000.000,0
9651,1509.059,366.059,50000.000,1875.118,89.647,50000.000,1
9701,2241.176,254.000,50000.000,2442.882,52.294,50000.000,1
9751,2547.470,448.235,50000.000,3316.941,89.647,50000.000,0
9801,3346.823,194.235,50000.000,3653.117,-149.412,50000.000,0
9851,3750.235,201.706,50000.000,4205.941,-14.941,50000.000,0
9901,4280.647,59.765,50000.000,4684.059,-478.118,50000.000,0
9951,4631.764,-37.353,50000.000,4736.353,-672.353,50000.000,0
10001,4445.000,254.000,50000.000,5453.529,-866.588,50000.000,0
10051,4699.000,986.118,50000.000,5677.646,-268.941,50000.000,0
10101,4870.823,821.765,50000.000,5909.235,-276.412,50000.000,0
10151,4654.176,485.588,50000.000,5759.823,-283.882,50000.000,0
10201,4826.000,22.412,50000.000,5177.117,-403.412,50000.000,0
10251,4265.706,-156.882,50000.000,4624.294,-298.824,50000.000,0
10301,3907.117,22.412,50000.000,4340.412,-201.706,50000.000,0
10351,3391.647,239.059,50000.000,4198.470,-209.176,50000.000,0
10401,2958.353,366.059,50000.000,3346.823,-141.941,50000.000,0
10451,1972.235,276.412,50000.000,2457.823,-209.176,50000.000,0
10501,1210.235,0.000,50000.000,1210.235,-351.118,50000.000,0
10551,268.941,-283.882,50000.000,149.412,-231.588,50000.000,0
10601,-844.176,-552.823,50000.000,-881.529,231.588,50000.000,0
10651,-1576.294,-537.882,50000.000,-1680.882,395.941,50000.000,0
10701,-2300.941,-418.353,50000.000,-2465.294,373.529,50000.000,0
10751,-2248.647,-171.824,50000.000,-3107.764,67.235,50000.000,0
10801,-2980.764,-141.941,50000.000,-3503.706,-37.353,50000.000,0
10851,-3675.529,-321.235,50000.000,-4161.117,-14.941,50000.000,0
10901,-4153.647,-620.059,50000.000,-5094.941,97.118,50000.000,0
10951,-4706.470,-799.353,50000.000,-5207.000,388.471,50000.000,0
11001,-5087.470,-1075.765,50000.000,-5094.941,500.529,50000.000,0
11051,-5490.882,-971.176,50000.000,-5804.646,351.118,50000.000,0
11101,-5363.882,-635.000,50000.000,-6073.588,448.235,50000.000,0
11151,-5296.646,-791.882,50000.000,-6275.293,119.529,50000.000,0
11201,-5266.764,-859.118,50000.000,-6215.529,306.294,50000.000,0
11251,-5326.529,-694.765,50000.000,-6223.000,268.941,50000.000,0
11301,-4818.529,-694.765,50000.000,-5573.059,283.882,50000.000,0
11351,-5102.412,-747.059,50000.000,-5573.059,515.471,50000.000,0
11401,-4736.353,-754.529,50000.000,-3989.294,515.471,50000.000,0
11451,-3839.882,-717.176,50000.000,-3996.764,343.647,50000.000,0
11501,-3227.294,-724.647,50000.000,-3608.294,82.176,50000.000,0
11551,-3048.000,-1143.000,50000.000,-3062.941,254.000,50000.000,0
11601,-2554.941,-1411.941,50000.000,-2308.412,433.294,50000.000,0
11651,-1815.353,-1180.353,50000.000,-1770.529,388.471,50000.000,0
11701,-1053.353,-903.941,50000.000,-1344.706,156.882,50000.000,0
11751,-500.529,-433.294,50000.000,-560.294,59.765,50000.000,0
11801,-7.471,-104.588,50000.000,-7.471,-74.706,50000.000,0
11851,224.118,-52.294,50000.000,179.294,-119.529,50000.000,0
11901,313.765,-97.118,50000.000,171.824,-112.059,50000.000,0
11951,246.529,44.824,50000.000,209.176,-14.941,50000.000,0
12001,14.941,-112.059,50000.000,0.000,0.000,50000.000,0
12051,-209.176,-254.000,50000.000,-239.059,37.353,50000.000,0
12101,-261.471,-268.941,50000.000,-246.529,14.941,50000.000,0
12151,-194.235,-268.941,50000.000,-149.412,14.941,50000.000,0
12201,-141.941,-179.294,50000.000,-127.000,44.824,50000.000,0
12251,-104.588,-171.824,50000.000,-127.000,0.000,50000.000,0
12301,-89.647,-313.765,50000.000,-104.588,-82.176,50000.000,0
12351,-74.706,-164.353,50000.000,-134.471,7.471,50000.000,0
12401,-82.176,-52.294,50000.000,-112.059,29.882,50000.000,0
12451,-44.824,-97.118,50000.000,-29.882,22.412,50000.000,0
12501,-59.765,-186.765,50000.000,-89.647,0.000,50000.000,0
12551,-164.353,-171.824,50000.000,-254.000,-7.471,50000.000,0
12601,-149.412,-291.353,50000.000,-216.647,-67.235,50000.000,0
12651,-89.647,-298.824,50000.000,-179.294,-67.235,50000.000,0
12701,-201.706,-321.235,50000.000,-283.882,0.000,50000.000,0
12751,-261.471,-261.471,50000.000,-261.471,59.765,50000.000,0
12801,-231.588,-156.882,50000.000,-209.176,37.353,50000.000,0
12851,-82.176,-74.706,50000.000,-67.235,14.941,50000.000,0
12901,29.882,0.000,50000.000,67.235,0.000,50000.000,0
12951,89.647,0.000,50000.000,74.706,0.000,50000.000,0
13001,-7.471,0.000,50000.000,-14.941,-7.471,50000.000,0
13051,-82.176,-52.294,50000.000,-44.824,-14.941,50000.000,0
13101,-52.294,-52.294,50000.000,-82.176,29.882,50000.000,0
13151,-44.824,-29.882,50000.000,-67.235,0.000,50000.000,0
13201,-7.471,0.000,50000.000,-22.412,-7.471,50000.000,0
13251,7.471,-22.412,50000.000,0.000,0.000,50000.000,0
13301,-44.824,-44.824,50000.000,-59.765,0.000,50000.000,0
13351,-67.235,-67.235,50000.000,-82.176,22.412,50000.000,0
13401,-44.824,-29.882,50000.000,-59.765,44.824,50000.000,0
13451,0.000,-7.471,50000.000,37.353,-44.824,50000.000,0
13501,74.706,0.000,50000.000,164.353,-97.118,50000.000,0
13551,74.706,14.941,50000.000,104.588,-52.294,50000.000,0
13601,59.765,-7.471,50000.000,44.824,-37.353,50000.000,0
13651,209.176,141.941,50000.000,171.824,-104.588,50000.000,0
13701,381.000,283.882,50000.000,395.941,-276.412,50000.000,0
13751,500.529,283.882,50000.000,463.176,-231.588,50000.000,0
13801,635.000,351.118,50000.000,530.412,-141.941,50000.000,0
13851,597.647,388.471,50000.000,739.588,0.000,50000.000,0
13901,560.294,231.588,50000.000,881.529,-37.353,50000.000,0
13951,717.176,440.765,50000.000,762.000,0.000,50000.000,0
14001,866.588,552.823,50000.000,956.235,112.059,50000.000,0
14051,1060.823,567.765,50000.000,1030.941,74.706,50000.000,0
14101,1172.882,425.823,50000.000,1419.412,59.765,50000.000,0
14151,1090.706,366.059,50000.000,1628.588,134.471,50000.000,0
14201,1337.235,254.000,50000.000,1763.059,44.824,50000.000,0
14251,1949.823,254.000,50000.000,1942.353,-403.412,50000.000,0
14301,2629.647,679.823,50000.000,2465.294,-1068.294,50000.000,0
14351,3264.647,1187.823,50000.000,2734.235,-971.176,50000.000,0
14401,3197.412,1449.294,50000.000,3436.470,-903.941,50000.000,0
14451,2935.941,1299.882,50000.000,3040.529,-343.647,50000.000,0
14501,2121.647,74.706,50000.000,1897.529,-194.235,50000.000,0
14551,1830.294,-747.059,50000.000,1845.235,-112.059,50000.000,0
14601,1778.000,-791.882,50000.000,1755.588,224.118,50000.000,0
14651,1524.000,-560.294,50000.000,1800.412,164.353,50000.000,0
14701,1561.353,-231.588,50000.000,1875.118,119.529,50000.000,0
14751,1464.235,291.353,50000.000,2278.529,298.824,50000.000,0
14801,1994.647,963.706,50000.000,2808.941,74.706,50000.000,0
14851,3436.470,1404.470,50000.000,3668.059,-724.647,50000.000,0
14901,3780.117,1942.353,50000.000,4258.235,-776.941,50000.000,0
14951,4504.764,2300.941,50000.000,5124.823,-687.294,50000.000,0
15001,4751.294,1262.529,50000.000,5595.470,-1307.353,50000.000,0
15051,5184.588,1202.765,50000.000,5348.941,-762.000,50000.000,0
15101,5408.706,1292.412,50000.000,6656.293,-313.765,50000.000,0
15151,5446.059,874.059,50000.000,6775.823,224.118,50000.000,0
15201,5625.353,635.000,50000.000,6850.529,597.647,50000.000,0
15251,4579.470,373.529,50000.000,6970.059,948.765,50000.000,0
15301,5065.059,545.353,50000.000,7201.646,1322.294,50000.000,0
15351,4893.235,373.529,50000.000,6521.823,1628.588,50000.000,0
15401,4288.117,844.176,50000.000,5804.646,2808.941,50000.000,0
15451,1815.353,791.882,50000.000,4967.941,3727.823,50000.000,0
15501,1509.059,866.588,50000.000,3264.647,3600.823,50000.000,0
15551,537.882,-22.412,50000.000,918.882,1815.353,50000.000,0
15601,-1045.882,-366.059,50000.000,-1023.471,814.294,50000.000,0
15651,-2106.706,388.471,50000.000,-2644.588,134.471,50000.000,0
15701,-3578.412,-425.823,50000.000,-5177.117,-246.529,50000.000,0
15751,-5879.353,-814.294,50000.000,-7769.411,-89.647,50000.000,0
15801,-7575.176,-410.882,50000.000,-9495.117,186.765,50000.000,0
15851,-9472.705,-582.706,50000.000,-11698.940,418.353,50000.000,0
15901,-10929.470,-806.823,50000.000,-13633.822,664.882,50000.000,0
15951,-11161.058,-948.765,50000.000,-15366.999,642.471,50000.000,0
16001,-12177.058,-649.941,50000.000,-16704.234,664.882,50000.000,0
16051,-12595.411,-186.765,50000.000,-15972.116,-366.059,50000.000,0
16101,-12050.058,-82.176,50000.000,-14276.293,-1299.882,50000.000,0
16151,-11250.705,1606.176,50000.000,-12610.353,-672.353,50000.000,0
16201,-9383.059,3653.117,50000.000,-9846.234,-635.000,50000.000,0
16251,-6611.470,2935.941,50000.000,-7829.176,-844.176,50000.000,0
16301,-4676.588,1509.059,50000.000,-5871.882,-448.235,50000.000,0
16351,-2577.353,231.588,50000.000,-2891.117,-261.471,50000.000,0
16401,37.353,-104.588,50000.000,-67.235,-276.412,50000.000,0
16451,2323.353,1135.529,50000.000,2696.882,-261.471,50000.000,0
16501,4198.470,2061.882,50000.000,4923.117,-522.941,50000.000,0
16551,5969.000,933.823,50000.000,6021.294,-2024.529,50000.000,0
16601,7022.353,-702.235,50000.000,6364.941,-2965.823,50000.000,0
16651,7560.235,-1860.176,50000.000,6828.117,-3847.353,50000.000,0
16701,7642.411,-268.941,50000.000,7074.646,-3130.176,50000.000,0
16751,7448.176,717.176,50000.000,6491.941,-2024.529,50000.000,0
16801,6977.529,1038.412,50000.000,5520.764,-732.118,50000.000,0
16851,5640.294,1195.294,50000.000,4101.353,209.176,50000.000,0
16901,5729.941,2039.470,50000.000,4811.059,448.235,50000.000,0
16951,7044.764,2211.294,50000.000,7918.823,37.353,50000.000,0
17001,7948.706,1284.941,50000.000,7552.764,-1875.118,50000.000,0
17051,8292.353,2114.176,50000.000,8038.353,-3167.529,50000.000,0
17101,8404.411,2091.765,50000.000,9233.646,-4198.470,50000.000,0
17151,8830.234,-530.412,50000.000,5588.000,-3690.470,50000.000,0
17201,6955.117,-276.412,50000.000,7246.470,-1001.059,50000.000,0
17251,6357.470,896.471,50000.000,7799.293,575.235,50000.000,0
17301,6977.529,956.235,50000.000,8748.059,-597.647,50000.000,0
17351,8688.294,552.823,50000.000,10092.764,-3892.176,50000.000,0
17401,10996.705,-134.471,50000.000,10286.999,-6731.000,50000.000,0
17451,11609.293,-3451.412,50000.000,9891.059,-10003.117,50000.000,0
17501,11482.293,-3429.000,50000.000,5700.059,-6745.941,50000.000,0
17551,10966.823,1636.059,50000.000,8934.823,-7702.176,50000.000,0
17601,9920.940,747.059,50000.000,10406.528,-6506.882,50000.000,0
17651,6544.235,-2046.941,50000.000,5647.764,-1792.941,50000.000,0
17701,5588.000,-2831.353,50000.000,5901.764,-948.765,50000.000,0
17751,6006.353,-4661.647,50000.000,5744.882,-4011.706,50000.000,1
17801,7126.941,-6701.117,50000.000,5423.646,-8210.176,50000.000,1
17851,8038.353,-3608.294,50000.000,6902.823,-10249.646,50000.000,0
17901,8680.823,978.647,50000.000,8538.882,-10735.234,50000.000,0
17951,9114.117,171.824,50000.000,8277.411,-8837.705,50000.000,0
18001,6193.117,-1262.529,50000.000,6327.588,-3033.059,50000.000,0
18051,2943.412,-381.000,50000.000,3451.412,141.941,50000.000,0
18101,889.000,-1927.412,50000.000,709.706,-418.353,50000.000,0
18151,-186.765,-3922.059,50000.000,-1524.000,-971.176,50000.000,0
18201,-1314.823,-4213.412,50000.000,-2801.470,-358.588,50000.000,0
18251,-2495.176,-4840.941,50000.000,-3735.294,-29.882,50000.000,0
18301,-2891.117,-5035.176,50000.000,-4474.882,-649.941,50000.000,0
18351,-3189.941,-2995.706,50000.000,-4474.882,747.059,50000.000,0
18401,-2906.059,-1703.294,50000.000,-3443.941,1673.412,50000.000,0
18451,-2106.706,-1867.647,50000.000,-2935.941,776.941,50000.000,0
18501,-2009.588,-2196.353,50000.000,-2779.059,612.588,50000.000,0
18551,-1583.765,-1725.706,50000.000,-2106.706,403.412,50000.000,0
18601,-948.765,-844.176,50000.000,-1120.588,179.294,50000.000,0
18651,-224.118,-388.471,50000.000,-239.059,-410.882,50000.000,0
18701,-14.941,44.824,50000.000,-37.353,-291.353,50000.000,0
18751,-37.353,-59.765,50000.000,-52.294,0.000,50000.000,0
18801,-89.647,-156.882,50000.000,-186.765,97.118,50000.000,0
18851,-239.059,-261.471,50000.000,-336.176,0.000,50000.000,0
18901,-254.000,-291.353,50000.000,-358.588,-67.235,50000.000,0
18951,-179.294,-224.118,50000.000,-313.765,22.412,50000.000,0
19001,-179.294,-328.706,50000.000,-291.353,-112.059,50000.000,0
19051,-134.471,-328.706,50000.000,-328.706,-381.000,50000.000,0
19101,-156.882,-112.059,50000.000,-261.471,-276.412,50000.000,0
19151,-22.412,-74.706,50000.000,-44.824,-366.059,50000.000,0
19201,44.824,-22.412,50000.000,0.000,-448.235,50000.000,0
19251,37.353,29.882,50000.000,22.412,-52.294,50000.000,0
19301,-7.471,-59.765,50000.000,0.000,-97.118,50000.000,0
19351,-44.824,-141.941,50000.000,-112.059,-112.059,50000.000,0
19401,-74.706,-59.765,50000.000,-171.824,-74.706,50000.000,0
19451,-59.765,-97.118,50000.000,-52.294,-268.941,50000.000,0
19501,-7.471,-134.471,50000.000,-82.176,-358.588,50000.000,0
19551,-74.706,-171.824,50000.000,-164.353,-179.294,50000.000,0
19601,7.471,-239.059,50000.000,-97.118,-373.529,50000.000,0
19651,44.824,-164.353,50000.000,-74.706,-605.118,50000.000,0
19701,59.765,97.118,50000.000,14.941,-156.882,50000.000,0
19751,186.765,14.941,50000.000,216.647,-373.529,50000.000,0
19801,164.353,104.588,50000.000,186.765,-164.353,50000.000,0
19851,74.706,0.000,50000.000,82.176,-127.000,50000.000,0
19901,14.941,-194.235,50000.000,-59.765,-127.000,50000.000,0
19951,-82.176,-52.294,50000.000,-164.353,0.000,50000.000,0
20001,-7.471,0.000,50000.000,-22.412,-59.765,50000.000,0
20051,283.882,418.353,50000.000,373.529,-89.647,50000.000,0
20101,814.294,1277.470,50000.000,1068.294,-52.294,50000.000,0
20151,1770.529,2883.647,50000.000,2569.882,-254.000,50000.000,0
20201,3107.764,3981.823,50000.000,4624.294,-762.000,50000.000,0
20251,4183.529,3055.470,50000.000,5236.882,-2495.176,50000.000,0
20301,3451.412,1262.529,50000.000,3324.412,-1830.294,50000.000,0
20351,2024.529,141.941,50000.000,1942.353,-709.706,50000.000,0
20401,1359.647,-1329.765,50000.000,896.471,-560.294,50000.000,0
20451,963.706,-1860.176,50000.000,-37.353,-1195.294,50000.000,0
20501,470.647,-739.588,50000.000,179.294,-635.000,50000.000,0
20551,171.824,179.294,50000.000,194.235,-231.588,50000.000,0
20601,605.118,1128.059,50000.000,635.000,-1045.882,50000.000,0
20651,2502.647,1710.765,50000.000,2330.823,-2121.647,50000.000,0
20701,3832.412,425.823,50000.000,3033.059,-5483.412,50000.000,0
20751,4116.294,-3331.882,50000.000,1800.412,-7732.058,50000.000,0
20801,1972.235,-5640.294,50000.000,141.941,-3473.823,50000.000,0
20851,642.471,-6641.353,50000.000,-627.529,-1344.706,50000.000,0
20901,1374.588,-5408.706,50000.000,-246.529,-5356.412,50000.000,0
20951,1972.235,-1090.706,50000.000,784.412,-6320.117,50000.000,0
21001,2801.470,2308.412,50000.000,2808.941,-6223.000,50000.000,0
21051,3705.412,2338.294,50000.000,3488.764,-9285.940,50000.000,0
21101,4616.823,-2278.529,50000.000,3003.176,-8987.117,50000.000,0
21151,2286.000,-3810.000,50000.000,418.353,-3623.235,50000.000,0
21201,313.765,-2442.882,50000.000,-134.471,-470.647,50000.000,0
21251,74.706,-4736.353,50000.000,-1180.353,-1994.647,50000.000,0
21301,1180.353,-5976.470,50000.000,-1105.647,-5378.823,50000.000,0
21351,1867.647,-4049.059,50000.000,306.294,-7373.470,50000.000,0
21401,2644.588,-717.176,50000.000,1120.588,-8030.882,50000.000,0
21451,2838.823,4586.941,50000.000,3533.588,-4594.412,50000.000,0
21501,3989.294,2704.353,50000.000,4407.647,-7605.058,50000.000,0
21551,5513.294,-2532.529,50000.000,3070.412,-8142.940,50000.000,0
21601,3780.117,-3757.706,50000.000,2487.706,-4766.235,50000.000,0
21651,3264.647,-3690.470,50000.000,2211.294,-2928.470,50000.000,0
21701,3279.588,-4900.706,50000.000,2532.529,-4452.470,50000.000,0
21751,4751.294,-5423.646,50000.000,2330.823,-6596.529,50000.000,0
21801,4549.588,-1441.823,50000.000,3077.882,-5139.764,50000.000,0
21851,4041.588,1613.647,50000.000,4108.823,-5311.588,50000.000,0
21901,4833.470,-2091.765,50000.000,3040.529,-8904.940,50000.000,0
21951,3854.823,-5692.588,50000.000,1053.353,-6596.529,50000.000,0
22001,2375.647,-5871.882,50000.000,216.647,-5565.588,50000.000,0
22051,2196.353,-6394.823,50000.000,0.000,-6163.235,50000.000,0
22101,2831.353,-4728.882,50000.000,156.882,-8643.470,50000.000,0
22151,2159.000,-14.941,50000.000,1531.470,-6088.529,50000.000,0
22201,1860.176,3212.353,50000.000,2442.882,-5946.588,50000.000,0
22251,2734.235,-1217.706,50000.000,1882.588,-7112.000,50000.000,0
22301,2054.412,-4818.529,50000.000,-29.882,-5080.000,50000.000,0
22351,500.529,-5386.294,50000.000,-687.294,-4557.059,50000.000,0
22401,732.118,-7149.353,50000.000,-1083.235,-5931.646,50000.000,0
22451,1561.353,-7097.058,50000.000,-560.294,-9136.528,50000.000,1
22501,1210.235,-1658.470,50000.000,268.941,-9016.999,50000.000,1
22551,1240.118,2017.059,50000.000,1538.941,-5842.000,50000.000,0
22601,2554.941,-1255.059,50000.000,1703.294,-6850.529,50000.000,0
22651,2211.294,-3914.588,50000.000,112.059,-5363.882,50000.000,0
22701,67.235,-3085.353,50000.000,-732.118,-1621.118,50000.000,0
22751,-1591.235,-3189.941,50000.000,-2794.000,-1494.118,50000.000,0
22801,-2383.117,-4295.588,50000.000,-4422.588,-1897.529,50000.000,0
22851,-2689.412,-5647.764,50000.000,-4743.823,-2547.470,50000.000,0
22901,-2943.412,-6424.706,50000.000,-5446.059,-2965.823,50000.000,0
22951,-2816.412,-5065.059,50000.000,-6200.588,-1852.706,50000.000,0
23001,-3503.706,-2891.117,50000.000,-5139.764,1411.941,50000.000,0
23051,-2853.764,-2233.706,50000.000,-3892.176,1598.706,50000.000,0
23101,-2614.706,-1576.294,50000.000,-3264.647,1456.765,50000.000,0
23151,-2308.412,-1045.882,50000.000,-2427.941,1240.118,50000.000,0
23201,-1352.176,-358.588,50000.000,-1352.176,627.529,50000.000,0
23251,-784.412,-485.588,50000.000,-1023.471,-52.294,50000.000,0
23301,-545.353,-455.706,50000.000,-896.471,52.294,50000.000,0
23351,-381.000,-575.235,50000.000,-508.000,-22.412,50000.000,0
23401,-358.588,-448.235,50000.000,-493.059,171.824,50000.000,0
23451,-351.118,-403.412,50000.000,-463.176,52.294,50000.000,0
23501,-156.882,-515.471,50000.000,-268.941,-343.647,50000.000,0
23551,0.000,-545.353,50000.000,-171.824,-605.118,50000.000,0
23601,-22.412,14.941,50000.000,-127.000,7.471,50000.000,0
23651,22.412,-127.000,50000.000,37.353,-59.765,50000.000,0
23701,52.294,-194.235,50000.000,29.882,67.235,50000.000,0
23751,-37.353,418.353,50000.000,-22.412,433.294,50000.000,0
23801,97.118,545.353,50000.000,283.882,74.706,50000.000,0
23851,500.529,500.529,50000.000,672.353,-896.471,50000.000,0
23901,597.647,799.353,50000.000,679.823,-268.941,50000.000,0
23951,1128.059,1800.412,50000.000,1815.353,29.882,50000.000,0
24001,1972.235,3974.353,50000.000,3518.647,-306.294,50000.000,0
24051,3197.412,7276.353,50000.000,5005.294,-866.588,50000.000,0
24101,4654.176,3907.117,50000.000,5894.294,-4093.882,50000.000,0
24151,4721.412,1068.294,50000.000,4131.235,-3914.588,50000.000,0
24201,2764.117,2024.529,50000.000,3668.059,-597.647,50000.000,0
24251,2054.412,1329.765,50000.000,2913.529,179.294,50000.000,0
24301,1606.176,1314.823,50000.000,2054.412,216.647,50000.000,0
24351,1755.588,926.353,50000.000,2330.823,-814.294,50000.000,0
24401,1344.706,1217.706,50000.000,1568.823,-119.529,50000.000,0
24451,791.882,1240.118,50000.000,1397.000,463.176,50000.000,0
24501,508.000,-358.588,50000.000,844.176,-343.647,50000.000,0
24551,119.529,-664.882,50000.000,-261.471,-156.882,50000.000,0
24601,-493.059,-1120.588,50000.000,-642.471,-351.118,50000.000,0
24651,-702.235,-1613.647,50000.000,-1553.882,-672.353,50000.000,0
24701,-799.353,-1060.823,50000.000,-1449.294,-246.529,50000.000,0
24751,-194.235,-224.118,50000.000,-321.235,-44.824,50000.000,0
24801,89.647,-246.529,50000.000,321.235,-276.412,50000.000,0
24851,-29.882,-664.882,50000.000,-313.765,-433.294,50000.000,0
24901,-74.706,-1001.059,50000.000,-993.588,-1098.176,50000.000,0
24951,-201.706,-276.412,50000.000,-836.706,-254.000,50000.000,0
25001,343.647,859.118,50000.000,747.059,358.588,50000.000,0
25051,649.941,986.118,50000.000,1524.000,776.941,50000.000,0
25101,59.765,194.235,50000.000,388.471,1374.588,50000.000,0
25151,-291.353,-440.765,50000.000,-500.529,776.941,50000.000,0
25201,-866.588,-799.353,50000.000,-1299.882,1957.294,50000.000,0
25251,-2547.470,-2704.353,50000.000,-3025.588,3645.647,50000.000,0
25301,-3429.000,-5543.176,50000.000,-5356.412,1613.647,50000.000,0
25351,-4138.706,-4713.941,50000.000,-6357.470,627.529,50000.000,0
25401,-3309.470,-1098.176,50000.000,-3839.882,1322.294,50000.000,0
25451,-1060.823,2151.529,50000.000,-664.882,-239.059,50000.000,0
25501,642.471,3070.412,50000.000,889.000,-3212.353,50000.000,0
25551,1404.470,1225.176,50000.000,971.176,-7493.000,50000.000,0
25601,1807.882,-2308.412,50000.000,171.824,-12759.764,50000.000,0
25651,2300.941,-5528.235,50000.000,-687.294,-15568.705,50000.000,0
25701,-425.823,-1733.176,50000.000,-1852.706,-3399.117,50000.000,0
25751,-388.471,-276.412,50000.000,-14.941,-22.412,50000.000,0
25801,239.059,-1329.765,50000.000,7.471,-2151.529,50000.000,0
25851,971.176,-2696.882,50000.000,-156.882,-6477.000,50000.000,0
25901,2659.529,-6021.294,50000.000,-104.588,-14276.293,50000.000,0
25951,3294.529,-8001.000,50000.000,-739.588,-17817.352,50000.000,0
26001,717.176,-3369.235,50000.000,-829.235,-6604.000,50000.000,0
26051,-89.647,-956.235,50000.000,-37.353,-366.059,50000.000,0
26101,-515.471,-1038.412,50000.000,-971.176,-276.412,50000.000,0
26151,-724.647,-1060.823,50000.000,-1307.353,-522.941,50000.000,0
26201,-627.529,-1232.647,50000.000,-1038.412,-806.823,50000.000,0
26251,-552.823,-1591.235,50000.000,-1456.765,-1307.353,50000.000,0
26301,-911.412,-1957.294,50000.000,-1658.470,-1456.765,50000.000,0
26351,-762.000,-911.412,50000.000,-1262.529,-597.647,50000.000,0
26401,500.529,1090.706,50000.000,627.529,-403.412,50000.000,0
26451,1210.235,724.647,50000.000,1673.412,-2779.059,50000.000,0
26501,1800.412,-1695.823,50000.000,1001.059,-6753.411,50000.000,0
26551,2950.882,-6544.235,50000.000,134.471,-12079.940,50000.000,0
26601,2719.294,-9749.117,50000.000,-762.000,-8972.176,50000.000,0
26651,1441.823,-4960.470,50000.000,-268.941,-6589.059,50000.000,0
26701,1763.059,171.824,50000.000,1172.882,-5670.176,50000.000,0
26751,1516.529,2241.176,50000.000,2271.059,-6230.470,50000.000,0
26801,2188.882,-321.235,50000.000,1770.529,-9106.646,50000.000,0
26851,1710.765,-4459.941,50000.000,-74.706,-5109.882,50000.000,0
26901,-597.647,-4347.882,50000.000,-1927.412,-1329.765,50000.000,0
26951,-1822.823,-3780.117,50000.000,-2898.588,-291.353,50000.000,0
27001,-1987.176,-3810.000,50000.000,-3331.882,-1292.412,50000.000,0
27051,-1344.706,-3653.117,50000.000,-2988.235,-2801.470,50000.000,0
27101,-239.059,-4303.059,50000.000,-2510.117,-5072.529,50000.000,0
27151,537.882,-2943.412,50000.000,-1509.059,-7739.529,50000.000,0
27201,239.059,-7.471,50000.000,-291.353,-6125.882,50000.000,0
27251,418.353,1030.941,50000.000,478.118,-3839.882,50000.000,0
27301,1023.471,-1344.706,50000.000,306.294,-6208.059,50000.000,0
27351,1270.000,-3331.882,50000.000,-605.118,-8329.705,50000.000,0
27401,-134.471,-3944.470,50000.000,-1449.294,-3361.764,50000.000,0
27451,-1449.294,-4004.235,50000.000,-2681.941,261.471,50000.000,0
27501,-1613.647,-4938.059,50000.000,-3234.764,179.294,50000.000,0
27551,-739.588,-6887.882,50000.000,-3331.882,-3302.000,50000.000,0
27601,0.000,-5752.353,50000.000,-2711.823,-6843.059,50000.000,0
27651,246.529,-1382.059,50000.000,-776.941,-7933.764,50000.000,0
27701,425.823,127.000,50000.000,-194.235,-6775.823,50000.000,0
27751,903.941,-1329.765,50000.000,186.765,-9181.353,50000.000,0
27801,851.647,-4205.941,50000.000,-1890.059,-7582.646,50000.000,0
27851,-1449.294,-3817.470,50000.000,-2846.294,-1090.706,50000.000,0
27901,-2144.059,-3062.941,50000.000,-2883.647,1150.470,50000.000,0
27951,-2032.000,-2233.706,50000.000,-2749.176,239.059,50000.000,0
28001,-1576.294,-1284.941,50000.000,-2413.000,-395.941,50000.000,0
28051,-1456.765,-1247.588,50000.000,-2076.823,-74.706,50000.000,0
28101,-1636.059,-776.941,50000.000,-1905.000,112.059,50000.000,0
28151,-1098.176,-254.000,50000.000,-1060.823,-1098.176,50000.000,0
28201,-22.412,1157.941,50000.000,-418.353,-948.765,50000.000,0
28251,328.706,4011.706,50000.000,1621.118,268.941,50000.000,0
28301,1718.235,4915.646,50000.000,3122.706,-1053.353,50000.000,0
28351,2659.529,2861.235,50000.000,2906.059,-2076.823,50000.000,0
28401,2883.647,1217.706,50000.000,3175.000,-2495.176,50000.000,0
28451,3399.117,209.176,50000.000,3287.059,-2913.529,50000.000,0
28501,3824.941,-605.118,50000.000,3541.059,-3526.117,50000.000,0
28551,3548.529,-1613.647,50000.000,3100.294,-3204.882,50000.000,0
28601,2233.706,-1673.412,50000.000,1912.470,-1456.765,50000.000,0
28651,515.471,-1486.647,50000.000,515.471,941.294,50000.000,0
28701,-44.824,-2562.412,50000.000,-194.235,1075.765,50000.000,0
28751,-156.882,-3145.117,50000.000,-754.529,268.941,50000.000,0
28801,-239.059,-2442.882,50000.000,-963.706,433.294,50000.000,0
28851,119.529,-283.882,50000.000,201.706,567.765,50000.000,0
28901,1665.941,-156.882,50000.000,1890.059,-3294.529,50000.000,0
28951,3473.823,216.647,50000.000,2106.706,-8299.823,50000.000,0
29001,2973.294,2502.647,50000.000,3085.353,-7104.529,50000.000,0
29051,1987.176,1270.000,50000.000,2607.235,-5341.470,50000.000,0
29101,2577.353,-3608.294,50000.000,732.118,-8075.706,50000.000,0
29151,1740.647,-7657.353,50000.000,-732.118,-5931.646,50000.000,0
29201,1277.470,-9323.294,50000.000,-590.176,-6551.706,50000.000,0
29251,2883.647,-8486.588,50000.000,-179.294,-11594.353,50000.000,0
29301,3526.117,-2674.470,50000.000,1651.000,-12087.411,50000.000,0
29351,4071.470,-1516.529,50000.000,3429.000,-9599.705,50000.000,0
29401,4123.765,-4773.706,50000.000,2868.706,-5535.706,50000.000,0
29451,2196.353,-4064.000,50000.000,1105.647,-575.235,50000.000,0
29501,1165.412,-4579.470,50000.000,627.529,127.000,50000.000,0
29551,2405.529,-6379.882,50000.000,254.000,-4385.235,50000.000,0
29601,3458.882,-5842.000,50000.000,1053.353,-9375.588,50000.000,0
29651,3264.647,-1785.470,50000.000,2032.000,-10653.058,50000.000,0
29701,3712.882,-268.941,50000.000,3384.176,-8344.646,50000.000,0
29751,3795.059,-3122.706,50000.000,3294.529,-6148.294,50000.000,0
29801,2390.588,-4064.000,50000.000,1262.529,-1195.294,50000.000,0
29851,709.706,-1561.353,50000.000,605.118,590.176,50000.000,0
29901,179.294,-739.588,50000.000,112.059,-918.882,50000.000,0
29951,29.882,-1344.706,50000.000,-298.824,-978.647,50000.000,0
30001,-14.941,-1553.882,50000.000,-433.294,-1299.882,50000.000,0
30051,-14.941,-1165.412,50000.000,-508.000,-1172.882,50000.000,0
30101,-141.941,-1419.412,50000.000,-373.529,-1202.765,50000.000,1
30151,239.059,-3040.529,50000.000,-605.118,-2405.529,50000.000,1
30201,89.647,-5042.646,50000.000,-1411.941,-3615.764,50000.000,0
30251,186.765,-4370.294,50000.000,-1389.529,-8083.176,50000.000,0
30301,343.647,-1262.529,50000.000,-986.118,-8090.646,50000.000,0
30351,-343.647,-3145.117,50000.000,-1210.235,-3899.647,50000.000,0
30401,-874.059,-4452.470,50000.000,-2614.706,-1307.353,50000.000,0
30451,-2457.823,-3331.882,50000.000,-2995.706,1643.529,50000.000,0
30501,-3675.529,-3212.353,50000.000,-4318.000,3167.529,50000.000,0
30551,-3944.470,-3869.764,50000.000,-5707.529,2345.765,50000.000,0
30601,-4123.765,-4078.941,50000.000,-5894.294,1120.588,50000.000,0
30651,-4258.235,-4803.588,50000.000,-6096.000,-29.882,50000.000,0
30701,-4191.000,-3862.294,50000.000,-5998.882,-29.882,50000.000,0
30751,-4699.000,-1912.470,50000.000,-5326.529,216.647,50000.000,0
30801,-4773.706,-336.176,50000.000,-4437.529,1389.529,50000.000,0
30851,-6051.176,-896.471,50000.000,-5453.529,1852.706,50000.000,0
30901,-5946.588,-2973.294,50000.000,-6835.588,418.353,50000.000,0
30951,-5640.294,-3264.647,50000.000,-5094.941,799.353,50000.000,0
31001,-6611.470,-2652.059,50000.000,-6798.235,3937.000,50000.000,0
31051,-6925.235,-3212.353,50000.000,-6925.235,4430.059,50000.000,0
31101,-6790.764,-3951.941,50000.000,-7791.823,3376.706,50000.000,0
31151,-6970.059,-4213.412,50000.000,-7679.764,1979.706,50000.000,0
31201,-6170.706,-3466.353,50000.000,-7433.235,1195.294,50000.000,0
31251,-5281.706,-1860.176,50000.000,-6477.000,1284.941,50000.000,0
31301,-4684.059,-485.588,50000.000,-5326.529,104.588,50000.000,0
31351,-4101.353,-104.588,50000.000,-4796.117,-754.529,50000.000,0
31401,-3227.294,201.706,50000.000,-3683.000,-814.294,50000.000,0
31451,-2554.941,321.235,50000.000,-2906.059,-89.647,50000.000,0
31501,-2144.059,104.588,50000.000,-2794.000,-896.471,50000.000,0
31551,-1695.823,-134.471,50000.000,-2032.000,74.706,50000.000,0
31601,-1225.176,134.471,50000.000,-1008.529,194.235,50000.000,0
31651,-590.176,164.353,50000.000,-814.294,-395.941,50000.000,0
31701,-29.882,89.647,50000.000,-22.412,74.706,50000.000,0
31751,186.765,194.235,50000.000,381.000,22.412,50000.000,0
31801,37.353,0.000,50000.000,89.647,0.000,50000.000,0
31851,-82.176,-134.471,50000.000,-179.294,-59.765,50000.000,0
31901,-7.471,-104.588,50000.000,-67.235,-44.824,50000.000,0
31951,-37.353,-52.294,50000.000,-67.235,67.235,50000.000,0
32001,-74.706,-82.176,50000.000,-67.235,246.529,50000.000,0
32051,-52.294,-37.353,50000.000,-52.294,67.235,50000.000,0
32101,-29.882,-112.059,50000.000,0.000,0.000,50000.000,0
32151,-37.353,-82.176,50000.000,-37.353,37.353,50000.000,0
32201,-59.765,37.353,50000.000,-97.118,254.000,50000.000,0
32251,52.294,224.118,50000.000,141.941,261.471,50000.000,0
32301,82.176,254.000,50000.000,261.471,313.765,50000.000,0
32351,7.471,-22.412,50000.000,44.824,74.706,50000.000,0
32401,74.706,-164.353,50000.000,-22.412,112.059,50000.000,0
32451,-14.941,37.353,50000.000,22.412,664.882,50000.000,0
32501,82.176,0.000,50000.000,179.294,37.353,50000.000,0
32551,37.353,-59.765,50000.000,29.882,-14.941,50000.000,0
32601,-112.059,-149.412,50000.000,-186.765,112.059,50000.000,0
32651,-201.706,-246.529,50000.000,-276.412,164.353,50000.000,0
32701,-22.412,-82.176,50000.000,0.000,14.941,50000.000,0
32751,82.176,52.294,50000.000,134.471,134.471,50000.000,0
32801,216.647,127.000,50000.000,336.176,-119.529,50000.000,0
32851,239.059,186.765,50000.000,313.765,-164.353,50000.000,0
32901,239.059,239.059,50000.000,418.353,-22.412,50000.000,0
32951,239.059,149.412,50000.000,395.941,149.412,50000.000,0
33001,201.706,246.529,50000.000,298.824,-37.353,50000.000,0
33051,343.647,261.471,50000.000,410.882,-418.353,50000.000,0
33101,179.294,201.706,50000.000,231.588,-67.235,50000.000,0
33151,14.941,-67.235,50000.000,-14.941,-52.294,50000.000,0
33201,-14.941,-97.118,50000.000,-67.235,0.000,50000.000,0
33251,-29.882,-82.176,50000.000,-59.765,67.235,50000.000,0
33301,-104.588,-112.059,50000.000,-186.765,14.941,50000.000,0
33351,-67.235,-97.118,50000.000,-127.000,179.294,50000.000,0
33401,-82.176,-141.941,50000.000,-74.706,149.412,50000.000,0
33451,-44.824,-119.529,50000.000,-67.235,0.000,50000.000,0
33501,-7.471,-37.353,50000.000,-52.294,14.941,50000.000,0
33551,-14.941,-52.294,50000.000,-22.412,-7.471,50000.000,0
33601,-7.471,-37.353,50000.000,-74.706,-52.294,50000.000,0
33651,-7.471,-29.882,50000.000,7.471,67.235,50000.000,0
33701,-29.882,-37.353,50000.000,-44.824,7.471,50000.000,0
33751,-37.353,-44.824,50000.000,-74.706,14.941,50000.000,0
33801,-7.471,0.000,50000.000,-22.412,22.412,50000.000,0
33851,-14.941,0.000,50000.000,-22.412,-7.471,50000.000,0
33901,-14.941,-22.412,50000.000,-7.471,37.353,50000.000,0
33951,-37.353,-44.824,50000.000,-59.765,14.941,50000.000,0
34001,-22.412,-29.882,50000.000,-22.412,0.000,50000.000,0
34051,-14.941,-22.412,50000.000,-44.824,0.000,50000.000,0
34101,14.941,22.412,50000.000,52.294,-7.471,50000.000,0
34151,29.882,7.471,50000.000,37.353,-22.412,50000.000,0
34201,7.471,-37.353,50000.000,-29.882,-44.824,50000.000,0
34251,29.882,-82.176,50000.000,37.353,-22.412,50000.000,0
34301,82.176,-74.706,50000.000,44.824,-7.471,50000.000,0
34351,22.412,22.412,50000.000,59.765,-67.235,50000.000,0
34401,156.882,-14.941,50000.000,164.353,-186.765,50000.000,0
34451,194.235,97.118,50000.000,283.882,7.471,50000.000,0
34501,134.471,351.118,50000.000,209.176,0.000,50000.000,0
34551,366.059,649.941,50000.000,612.588,14.941,50000.000,0
34601,582.706,911.412,50000.000,1053.353,59.765,50000.000,0
34651,844.176,560.294,50000.000,1128.059,-179.294,50000.000,0
34701,866.588,814.294,50000.000,1165.412,246.529,50000.000,0
34751,1038.412,672.353,50000.000,1419.412,104.588,50000.000,0
34801,1180.353,896.471,50000.000,1531.470,478.118,50000.000,0
34851,1389.529,754.529,50000.000,1785.470,216.647,50000.000,0
34901,2002.118,851.647,50000.000,2368.176,-127.000,50000.000,0
34951,2442.882,1128.059,50000.000,3122.706,-52.294,50000.000,0
35001,3025.588,1359.647,50000.000,3556.000,-410.882,50000.000,0
35051,4004.235,2263.588,50000.000,4557.059,-1210.235,50000.000,0
35101,4504.764,2577.353,50000.000,5274.235,-2293.470,50000.000,0
35151,4870.823,2413.000,50000.000,5640.294,-1979.706,50000.000,0
35201,4908.176,1703.294,50000.000,5573.059,-1770.529,50000.000,0
35251,4781.176,679.823,50000.000,5274.235,-806.823,50000.000,0
35301,4773.706,224.118,50000.000,5274.235,-590.176,50000.000,0
35351,4990.353,37.353,50000.000,5341.470,-395.941,50000.000,0
35401,4915.646,44.824,50000.000,5139.764,-291.353,50000.000,0
35451,5065.059,164.353,50000.000,4840.941,-343.647,50000.000,0
35501,5558.117,470.647,50000.000,5931.646,-627.529,50000.000,0
35551,5655.235,702.235,50000.000,6193.117,-702.235,50000.000,0
35601,5184.588,627.529,50000.000,5983.941,7.471,50000.000,0
35651,4549.588,410.882,50000.000,5207.000,784.412,50000.000,0
35701,4280.647,37.353,50000.000,4542.117,1426.882,50000.000,0
35751,4071.470,-194.235,50000.000,4049.059,1359.647,50000.000,0
35801,3316.941,201.706,50000.000,3996.764,2203.823,50000.000,0
35851,1972.235,635.000,50000.000,3406.588,3630.706,50000.000,0
35901,986.118,-209.176,50000.000,1695.823,2965.823,50000.000,0
35951,283.882,-537.882,50000.000,395.941,2106.706,50000.000,0
36001,-403.412,-112.059,50000.000,-239.059,1382.059,50000.000,0
36051,-1568.823,141.941,50000.000,-1501.588,410.882,50000.000,0
36101,-2943.412,-156.882,50000.000,-3436.470,59.765,50000.000,0
36151,-5042.646,-261.471,50000.000,-5371.353,545.353,50000.000,0
36201,-7149.353,-478.118,50000.000,-7522.882,933.823,50000.000,0
36251,-8210.176,-672.353,50000.000,-9532.470,485.588,50000.000,0
36301,-9091.705,-470.647,50000.000,-10600.764,-89.647,50000.000,0
36351,-10316.882,-104.588,50000.000,-11497.234,-500.529,50000.000,0
36401,-10809.940,-67.235,50000.000,-12356.353,-635.000,50000.000,0
36451,-11743.764,-246.529,50000.000,-12879.293,-597.647,50000.000,0
36501,-11041.528,156.882,50000.000,-12879.293,-493.059,50000.000,0
36551,-10413.999,306.294,50000.000,-12229.353,-2510.117,50000.000,0
36601,-9084.234,-1255.059,50000.000,-12072.470,-4303.059,50000.000,0
36651,-8217.646,-3466.353,50000.000,-11646.646,-3309.470,50000.000,0
36701,-8172.823,-2480.235,50000.000,-10690.411,-881.529,50000.000,0
36751,-7986.058,-2435.412,50000.000,-9719.234,425.823,50000.000,0
36801,-6618.941,-3152.588,50000.000,-8591.176,1979.706,50000.000,0
36851,-5162.176,-3354.294,50000.000,-6118.411,1397.000,50000.000,0
36901,-3608.294,-4034.117,50000.000,-6073.588,-52.294,50000.000,0
36951,-3145.117,-4938.059,50000.000,-5849.470,164.353,50000.000,0
37001,-3152.588,-4273.176,50000.000,-4938.059,1389.529,50000.000,0
37051,-2988.235,-4422.588,50000.000,-4325.470,1725.706,50000.000,0
37101,-2644.588,-5356.412,50000.000,-4295.588,-201.706,50000.000,0
37151,-2091.765,-6320.117,50000.000,-4347.882,-1531.470,50000.000,0
37201,-2861.235,-6925.235,50000.000,-5207.000,-537.882,50000.000,0
37251,-3092.823,-7515.411,50000.000,-5812.117,-1643.529,50000.000,0
37301,-1583.765,-7448.176,50000.000,-5580.529,-6865.470,50000.000,0
37351,-239.059,-10316.882,50000.000,-5834.529,-11377.705,50000.000,0
37401,-1598.706,-7851.588,50000.000,-6245.411,-5139.764,50000.000,0
37451,-2510.117,-2017.059,50000.000,-4138.706,1329.765,50000.000,0
37501,-2435.412,-403.412,50000.000,-2420.470,2114.176,50000.000,0
37551,-1710.765,-1038.412,50000.000,-2218.765,425.823,50000.000,0
37601,-874.059,-635.000,50000.000,-1202.765,-298.824,50000.000,0
37651,-485.588,-171.824,50000.000,-597.647,-149.412,50000.000,0
37701,-328.706,-298.824,50000.000,-485.588,-433.294,50000.000,0
37751,-231.588,-141.941,50000.000,-306.294,-82.176,50000.000,0
37801,-127.000,-381.000,50000.000,-186.765,-119.529,50000.000,0
37851,-298.824,-358.588,50000.000,-537.882,97.118,50000.000,0
37901,-239.059,-89.647,50000.000,-254.000,366.059,50000.000,0
37951,-74.706,-37.353,50000.000,-52.294,52.294,50000.000,0
38001,-22.412,-44.824,50000.000,-14.941,29.882,50000.000,0
38051,-127.000,194.235,50000.000,-164.353,276.412,50000.000,0
38101,-291.353,-321.235,50000.000,-336.176,-52.294,50000.000,0
38151,-470.647,-112.059,50000.000,-694.765,500.529,50000.000,0
38201,-575.235,-14.941,50000.000,-418.353,410.882,50000.000,0
38251,-351.118,-224.118,50000.000,-455.706,194.235,50000.000,0
38301,-194.235,-186.765,50000.000,-321.235,171.824,50000.000,0
38351,-186.765,37.353,50000.000,-186.765,127.000,50000.000,0
38401,-291.353,283.882,50000.000,-291.353,425.823,50000.000,0
38451,-515.471,261.471,50000.000,-515.471,679.823,50000.000,0
38501,-889.000,-7.471,50000.000,-1038.412,493.059,50000.000,0
38551,-1135.529,-784.412,50000.000,-1934.882,-268.941,50000.000,0
38601,-642.471,-306.294,50000.000,-1785.470,44.824,50000.000,0
38651,-814.294,425.823,50000.000,-1016.000,119.529,50000.000,0
38701,-395.941,762.000,50000.000,-246.529,-552.823,50000.000,0
38751,216.647,769.471,50000.000,171.824,-2233.706,50000.000,0
38801,814.294,1411.941,50000.000,732.118,-3033.059,50000.000,0
38851,1217.706,1755.588,50000.000,1680.882,-3331.882,50000.000,0
38901,687.294,119.529,50000.000,747.059,-2667.000,50000.000,0
38951,-74.706,-2114.176,50000.000,-874.059,-1807.882,50000.000,0
39001,164.353,-4885.764,50000.000,-1038.412,-3473.823,50000.000,0
39051,881.529,-4713.941,50000.000,-1060.823,-5782.235,50000.000,0
39101,1030.941,-679.823,50000.000,440.765,-4684.059,50000.000,0
39151,1157.941,963.706,50000.000,1441.823,-5162.176,50002.000,0
39201,1785.470,-2681.941,50000.000,754.529,-7739.529,50000.000,0
39251,373.529,-5849.470,50000.000,-1591.235,-3182.470,50000.000,0
39301,-1217.706,-5229.412,50000.000,-2599.765,-672.353,50000.000,0
39351,-1890.059,-5348.941,50000.000,-3503.706,-440.765,50000.000,0
39401,-1143.000,-7156.823,50000.000,-3578.412,-3100.294,50000.000,0
39451,119.529,-6297.706,50000.000,-3018.117,-8008.470,50000.000,1
39501,926.353,-2749.176,50000.000,-814.294,-10384.117,50000.000,1
39551,1404.470,-1553.882,50000.000,246.529,-9704.294,50000.000,0
39601,1411.941,-4684.059,50000.000,-358.588,-5259.294,50000.000,0
39651,-321.235,-3481.294,50000.000,-1307.353,-186.765,50000.000,0
39701,-1516.529,-2286.000,50000.000,-2151.529,1299.882,50000.000,0
39751,-2554.941,-2450.353,50000.000,-3212.353,2106.706,50000.000,0
39801,-3040.529,-3638.176,50000.000,-4325.470,1389.529,50000.000,0
39851,-3608.294,-3615.764,50000.000,-4557.059,1979.706,50000.000,0
39901,-3974.353,-3376.706,50000.000,-4826.000,2726.764,50000.000,0
39951,-4549.588,-3458.882,50000.000,-5072.529,2921.000,50000.000,0
40001,-4452.470,-4325.470,50000.000,-6028.764,1314.823,50000.000,0
40051,-3981.823,-3160.059,50000.000,-5438.588,903.941,50000.000,0
40101,-4474.882,-1643.529,50000.000,-4639.235,1957.294,50000.000,0
40151,-4362.823,-2039.470,50000.000,-5221.941,560.294,50000.000,0
40201,-4288.117,-1673.412,50000.000,-4960.470,52.294,50000.000,0
40251,-4445.000,-702.235,50000.000,-4310.529,896.471,50000.000,0
40301,-4542.117,-1217.706,50000.000,-4900.706,1001.059,50000.000,0
40351,-4609.353,-194.235,50000.000,-4146.176,1763.059,50000.000,0
40401,-4355.353,-381.000,50000.000,-3951.941,866.588,50000.000,0
40451,-4332.941,-485.588,50000.000,-4288.117,754.529,50000.000,0
40501,-4191.000,-231.588,50000.000,-4467.412,657.412,50000.000,0
40551,-3436.470,-440.765,50000.000,-4176.059,239.059,50000.000,0
40601,-3443.941,-44.824,50000.000,-3526.117,1225.176,50000.000,0
40651,-2749.176,-104.588,50000.000,-2950.882,-448.235,50000.000,0
40701,-1449.294,-224.118,50000.000,-2547.470,-1628.588,50000.000,0
40751,-1135.529,493.059,50000.000,-1232.647,209.176,50000.000,0
40801,-97.118,1852.706,50000.000,575.235,702.235,50000.000,0
40851,1531.470,3824.941,50000.000,2427.941,-941.294,50000.000,0
40901,3331.882,3765.176,50000.000,4235.823,-2203.823,50000.000,0
40951,4542.117,1636.059,50000.000,4116.294,-3182.470,50000.000,0
41001,4684.059,-1135.529,50000.000,3399.117,-3294.529,50000.000,0
41051,4542.117,-2689.412,50000.000,3040.529,-2338.294,50000.000,0
41101,4736.353,-2786.529,50000.000,3025.588,-1725.706,50000.000,0
41151,4631.764,-2114.176,50000.000,3070.412,-1628.588,50000.000,0
41201,4878.294,-1441.823,50000.000,3683.000,-1972.235,50000.000,0
41251,4975.412,-918.882,50000.000,4220.882,-2510.117,50000.000,0
41301,5184.588,-1344.706,50000.000,4459.941,-3810.000,50000.000,0
41351,5797.176,-1695.823,50000.000,3130.176,-3361.764,50000.000,0
41401,4908.176,-2188.882,50000.000,3429.000,-3062.941,50000.000,0
41451,4011.706,-1778.000,50000.000,3316.941,-1344.706,50000.000,0
41501,2517.588,-724.647,50000.000,3137.647,903.941,50000.000,0
41551,2465.294,-1210.235,50000.000,2861.235,635.000,50000.000,0
41601,2913.529,-1509.059,50002.000,2368.176,-515.471,50000.000,0
41651,2562.412,343.647,49999.000,2808.941,-664.882,50000.000,0
41701,2173.941,1247.588,49999.000,3137.647,-1755.588,49998.000,0
41751,2674.470,664.882,50000.000,2525.059,-2592.294,50000.000,0
41801,1337.235,-22.412,50000.000,1352.176,-926.353,50000.000,0
41851,44.824,-1008.529,50000.000,-119.529,388.471,50000.000,0
41901,-1217.706,-1299.882,50000.000,-1636.059,1404.470,50000.000,0
41951,-2188.882,-2256.117,50000.000,-2540.000,1479.176,50000.000,0
42001,-2188.882,-2846.294,50000.000,-3556.000,276.412,50000.000,0
42051,-1964.765,-1942.353,50000.000,-3189.941,-448.235,50000.000,0
42101,-1927.412,-642.471,50000.000,-2950.882,-515.471,50000.000,0
42151,-2442.882,986.118,50000.000,-2375.647,186.765,50000.000,0
42201,-2495.176,1143.000,50000.000,-2076.823,127.000,50000.000,0
42251,-2614.706,209.176,50000.000,-2988.235,485.588,50000.000,0
42301,-4370.294,-709.706,50000.000,-3712.882,1994.647,50000.000,0
42351,-5475.941,-776.941,50000.000,-4736.353,3884.706,50000.000,0
42401,-5715.000,-866.588,50000.000,-5393.764,3907.117,50000.000,0
42451,-5797.176,-1419.412,50000.000,-6110.941,3085.353,50000.000,0
42501,-6813.176,-1172.882,50000.000,-7149.353,3862.294,50000.000,0
42551,-7948.706,-889.000,50000.000,-7859.058,4138.706,50000.000,0
42601,-7552.764,-2121.647,50000.000,-8979.646,2144.059,50000.000,0
42651,-9383.059,-4026.647,50000.000,-10152.528,2039.470,50000.000,0
42701,-11706.411,-5446.059,50000.000,-11982.822,3802.529,50000.000,0
42751,-12543.117,-6477.000,50000.000,-11609.293,3227.294,50000.000,0
42801,-11616.764,-7380.941,50000.000,-12976.411,1359.647,50000.000,0
42851,-10630.646,-8733.117,50000.000,-14769.352,0.000,50000.000,0
42901,-9905.999,-8337.176,50000.000,-14627.411,-283.882,50000.000,0
42951,-10772.588,-7620.000,50000.000,-14022.293,-1479.176,50000.000,0
43001,-10047.940,-7104.529,50000.000,-13603.940,-4303.059,50000.000,0
43051,-8299.823,-8441.764,50000.000,-13955.058,-5961.529,50000.000,0
43101,-7866.529,-7911.353,50000.000,-14537.764,-2652.059,50000.000,0
43151,-9203.764,-6663.764,50000.000,-12453.470,3257.176,50000.000,0
43201,-8374.529,-7395.882,50000.000,-11683.999,3175.000,50000.000,0
43251,-6290.235,-7567.706,50000.000,-11825.940,-1643.529,50000.000,0
43301,-5319.059,-5588.000,50000.000,-10309.411,-6402.293,50000.000,0
43351,-3951.941,-4034.117,50000.000,-9270.999,-8120.529,50000.000,0
43401,-4295.588,-6536.764,50000.000,-9002.059,-9218.705,50000.000,0
43451,-4818.529,-7888.940,50000.000,-9838.764,-6947.646,50000.000,0
43501,-5939.117,-6641.353,50000.000,-9771.528,-470.647,50000.000,1
43551,-6932.706,-8210.176,50000.000,-9913.470,1957.294,50000.000,1
43601,-6103.470,-8337.176,50000.000,-9808.882,-6514.353,50000.000,0
43651,-4362.823,-4415.117,50000.000,-7590.117,-6081.059,50000.000,0
43701,-3817.470,-1411.941,50000.000,-4430.059,-3167.529,50000.000,0
43751,-4908.176,-2002.118,50000.000,-7418.293,911.412,50000.000,0
43801,-5729.941,-2958.353,50000.000,-6342.529,194.235,50000.000,0
43851,-6469.529,-4235.823,50000.000,-6536.764,1135.529,50000.000,0
43901,-6708.588,-5423.646,50000.000,-8195.234,1718.235,50000.000,0
43951,-6895.353,-7171.764,50000.000,-9181.353,2114.176,50000.000,0
44001,-7224.058,-7851.588,50000.000,-10174.940,2188.882,50000.000,0
44051,-8068.235,-5983.941,50000.000,-10077.823,4557.059,50000.000,0
44101,-9412.940,-4161.117,50000.000,-9831.293,6723.529,50000.000,0
44151,-9950.823,-3130.176,50000.000,-10227.234,7859.058,50000.000,0
44201,-10526.059,-3040.529,50000.000,-10122.646,8374.529,50000.000,0
44251,-9861.176,-3055.470,50000.000,-10533.528,7418.293,50000.000,0
44301,-9241.117,-3765.176,50000.000,-10249.646,4116.294,50000.000,0
44351,-8501.529,-3346.823,50000.000,-9741.646,1008.529,50000.000,0
44401,-5490.882,-903.941,50000.000,-7089.588,343.647,50000.000,0
44451,-4347.882,-22.412,50000.000,-4900.706,-410.882,50000.000,0
44501,-2749.176,-104.588,50000.000,-3683.000,-889.000,50000.000,0
44551,-1822.823,149.412,50000.000,-2241.176,-395.941,50000.000,0
44601,-567.765,254.000,50000.000,-612.588,-194.235,50000.000,0
44651,44.824,164.353,50000.000,74.706,-179.294,50000.000,0
44701,-22.412,37.353,50000.000,-7.471,0.000,50000.000,0
44751,-14.941,-276.412,50000.000,52.294,-74.706,50000.000,0
44801,0.000,-485.588,50000.000,-29.882,-291.353,50000.000,0
44851,-29.882,14.941,50000.000,-97.118,-224.118,50000.000,0
44901,74.706,-22.412,50000.000,-7.471,-694.765,50000.000,0
44951,141.941,-186.765,50000.000,29.882,-649.941,50000.000,0
45001,44.824,-29.882,50000.000,-7.471,-239.059,50000.000,0
45051,0.000,-29.882,50000.000,7.471,-7.471,50000.000,0
45101,7.471,-336.176,50000.000,-44.824,-418.353,50000.000,0
45151,7.471,455.706,50000.000,-7.471,52.294,50000.000,0
45201,-82.176,582.706,50000.000,37.353,-104.588,50000.000,0
45251,-22.412,388.471,50000.000,127.000,-926.353,50000.000,0
45301,-149.412,127.000,50000.000,-171.824,-351.118,50000.000,0
45351,-29.882,112.059,50000.000,-52.294,-186.765,50000.000,0
45401,44.824,-7.471,50000.000,82.176,-537.882,50000.000,0
45451,22.412,104.588,50000.000,7.471,0.000,50000.000,0
45501,7.471,-261.471,50000.000,-112.059,-395.941,50000.000,0
45551,-104.588,-261.471,50000.000,-194.235,-14.941,50000.000,0
45601,-67.235,-104.588,50000.000,-97.118,22.412,50000.000,0
45651,-14.941,127.000,50000.000,-44.824,-37.353,50000.000,0
45701,44.824,201.706,50000.000,74.706,-82.176,50000.000,0
45751,134.471,321.235,50000.000,186.765,-44.824,50000.000,0
45801,74.706,156.882,50000.000,261.471,-119.529,50000.000,0
45851,283.882,261.471,50000.000,410.882,-239.059,50000.000,0
45901,298.824,433.294,50000.000,433.294,-321.235,50000.000,0
45951,358.588,343.647,50000.000,478.118,-851.647,50000.000,0
46001,470.647,149.412,50000.000,455.706,-986.118,50000.000,0
46051,395.941,358.588,50000.000,373.529,-635.000,50000.000,0
46101,537.882,844.176,50000.000,806.823,-186.765,50000.000,0
46151,918.882,709.706,50000.000,1277.470,-956.235,50000.000,0
46201,1060.823,97.118,50000.000,1120.588,-1314.823,50000.000,0
46251,1187.823,-694.765,50000.000,1045.882,-1538.941,50000.000,0
46301,1001.059,-1307.353,50000.000,806.823,-1486.647,50000.000,0
46351,918.882,-1464.235,50000.000,306.294,-2233.706,50000.000,0
46401,971.176,0.000,50000.000,851.647,-1763.059,50000.000,0
46451,1001.059,1561.353,50000.000,1486.647,-1419.412,50000.000,0
46501,1583.765,1636.059,50000.000,2166.470,-1912.470,50000.000,0
46551,2413.000,164.353,50000.000,2263.588,-3302.000,50000.000,0
46601,2226.235,-1322.294,50000.000,1546.412,-4176.059,50000.000,0
46651,1695.823,-1329.765,50000.000,1770.529,-3346.823,50000.000,0
46701,776.941,-1822.823,50000.000,343.647,-1247.588,50000.000,0
46751,-567.765,-1651.000,50000.000,-814.294,926.353,50000.000,0
46801,-254.000,-1807.882,50000.000,-754.529,-395.941,50000.000,0
46851,127.000,-1075.765,50000.000,-231.588,-1195.294,50000.000,0
46901,119.529,-209.176,50000.000,179.294,-291.353,50000.000,0
46951,336.176,-171.824,50000.000,194.235,-664.882,50000.000,0
47001,605.118,-239.059,50000.000,470.647,-1389.529,50000.000,0
47051,806.823,590.176,50000.000,918.882,-1270.000,50000.000,0
47101,1030.941,425.823,50000.000,1060.823,-1068.294,50000.000,0
47151,388.471,343.647,50000.000,522.941,-351.118,50000.000,0
47201,171.824,-149.412,50000.000,97.118,-22.412,50000.000,0
47251,-194.235,-358.588,50000.000,-328.706,336.176,50000.000,0
47301,-291.353,-657.412,50000.000,-478.118,268.941,50000.000,0
47351,-709.706,-276.412,50000.000,-605.118,874.059,50000.000,0
47401,-844.176,291.353,50000.000,-388.471,1680.882,50000.000,0
47451,-321.235,388.471,50000.000,-134.471,956.235,50000.000,0
47501,-590.176,261.471,50000.000,-515.471,1150.470,50000.000,0
47551,-1068.294,-171.824,50000.000,-1060.823,1822.823,50000.000,0
47601,-1232.647,-620.059,50000.000,-1411.941,1972.235,50000.000,0
47651,-1262.529,-1023.471,50000.000,-1748.118,1546.412,50000.000,0
47701,-1576.294,-1688.353,50000.000,-2061.882,881.529,50000.000,0
47751,-1187.823,-1389.529,50000.000,-2061.882,-425.823,50000.000,0
47801,-762.000,-918.882,50000.000,-1367.118,-1479.176,50000.000,0
47851,-313.765,-4310.529,50000.000,-2315.882,-4669.117,50000.000,0
47901,-403.412,-8777.940,50000.000,-3488.764,-3234.764,50000.000,0
47951,-2913.529,-5416.176,50000.000,-5281.706,1919.941,50000.000,0
48001,-2674.470,358.588,50000.000,-2315.882,881.529,50000.000,0
48051,-2457.823,-1546.412,50000.000,-3257.176,388.471,50000.000,0
48101,-3018.117,-4811.059,50000.000,-4930.588,194.235,50000.000,0
48151,-4168.588,-6648.823,50000.000,-6066.117,1860.176,50000.000,0
48201,-5924.176,-8053.293,50000.000,-8501.529,3526.117,50000.000,0
48251,-6110.941,-6454.588,50000.000,-8740.588,4534.647,50000.000,0
48301,-5767.294,-5939.117,50000.000,-8367.059,5012.764,50000.000,0
48351,-5072.529,-6499.411,50000.000,-7470.588,2823.882,50000.000,0
48401,-3137.647,-6805.706,50000.000,-6036.235,-3339.353,50000.000,0
48451,-1277.470,-5782.235,50000.000,-5154.706,-6379.882,50000.000,0
48501,-1509.059,-6820.646,50000.000,-5505.823,-5595.470,50000.000,0
48551,-2741.706,-4975.412,50000.000,-5759.823,-2517.588,50000.000,0
48601,-2794.000,-3160.059,50000.000,-4101.353,1815.353,50000.000,0
48651,-3152.588,-3473.823,50000.000,-4019.176,3780.117,50000.000,0
48701,-3533.588,-6828.117,50000.000,-5229.412,2435.412,50000.000,0
48751,-2032.000,-7537.823,50000.000,-5139.764,-2226.235,50000.000,0
48801,-821.765,-6297.706,50000.000,-4004.235,-6096.000,50000.000,0
48851,-926.353,-4355.353,50000.000,-3234.764,-5969.000,50000.000,0
48901,-1479.176,-6753.411,50000.000,-4459.941,-6013.823,50000.000,0
48951,-3189.941,-7097.058,50000.000,-6551.706,-1972.235,50000.000,0
49001,-4818.529,-3847.353,50000.000,-5356.412,3429.000,50000.000,1
49051,-4953.000,-4347.882,50000.000,-5655.235,4280.647,50000.000,1
49101,-4542.117,-7567.706,50000.000,-7425.764,679.823,50000.000,0
49151,-4116.294,-5334.000,50000.000,-7104.529,-1359.647,50000.000,0
49201,-4101.353,-2218.765,50000.000,-5827.059,-1748.118,50000.000,0
49251,-4519.706,-552.823,50000.000,-5573.059,-747.059,50000.000,0
49301,-5192.059,-956.235,50000.000,-6148.294,97.118,50000.000,0
49351,-6066.117,-2711.823,50000.000,-7246.470,209.176,50000.000,0
49401,-5864.411,-4489.823,50000.000,-7224.058,231.588,50000.000,0
49451,-5468.470,-5087.470,50000.000,-8292.353,119.529,50000.000,0
49501,-5722.470,-4967.941,50000.000,-7948.706,425.823,50000.000,0
49551,-7545.293,-4019.176,50000.000,-4773.706,1524.000,50000.000,0
49601,-8882.529,-3077.882,50000.000,-6917.764,3152.588,50000.000,0
49651,-8740.588,-3204.882,50000.000,-8934.823,3645.647,50000.000,0
49701,-8927.353,-3787.588,50000.000,-9442.823,2838.823,50000.000,0
49751,-8606.117,-3003.176,50000.000,-9711.764,2853.764,50000.000,0
49801,-8860.117,-2764.117,50000.000,-9532.470,2995.706,50000.000,0
49851,-8172.823,-2345.765,50000.000,-9711.764,2368.176,50000.000,0
49901,-7799.293,-2360.706,50000.000,-9577.294,1628.588,50000.000,0
49951,-7328.646,-2173.941,50000.000,-9285.940,1240.118,50000.000,0
50001,-6731.000,-2009.588,50000.000,-8157.882,1643.529,50000.000,0
50051,-6110.941,-1524.000,50000.000,-7433.235,1277.470,50000.000,0
50101,-5647.764,-1822.823,50000.000,-7037.293,268.941,50000.000,0
50151,-4751.294,-1778.000,50000.000,-5834.529,276.412,50000.000,0
50201,-3675.529,-851.647,50000.000,-4220.882,702.235,50000.000,0
50251,-2480.235,-530.412,50000.000,-2965.823,694.765,50000.000,0
50301,-1553.882,-679.823,50000.000,-2241.176,22.412,50000.000,0
50351,-1001.059,-649.941,50000.000,-1307.353,-276.412,50000.000,0
50401,-373.529,-560.294,50000.000,-493.059,-366.059,50000.000,0
50451,-82.176,-134.471,50000.000,-59.765,-119.529,50000.000,0
50501,209.176,-22.412,50000.000,291.353,-194.235,50000.000,0
50551,485.588,-29.882,50000.000,410.882,-485.588,50000.000,0
50601,418.353,164.353,50000.000,328.706,-82.176,50000.000,0
50651,104.588,141.941,50000.000,179.294,67.235,50000.000,0
50701,-7.471,-7.471,50000.000,0.000,0.000,50000.000,0
50751,-97.118,-29.882,50000.000,-164.353,14.941,50000.000,0
50801,-22.412,0.000,50000.000,-52.294,7.471,50000.000,0
50851,14.941,-82.176,50000.000,82.176,0.000,50000.000,0
50901,-29.882,-52.294,50000.000,-82.176,-14.941,50000.000,0
50951,-67.235,-59.765,50000.000,-141.941,44.824,50000.000,0
51001,-7.471,14.941,50000.000,0.000,112.059,50000.000,0
51051,0.000,7.471,50000.000,22.412,112.059,50000.000,0
51101,0.000,-29.882,50000.000,22.412,0.000,50000.000,0
51151,-44.824,-119.529,50000.000,-52.294,-14.941,50000.000,0
51201,-37.353,0.000,50000.000,-104.588,44.824,50000.000,0
51251,-59.765,-149.412,50000.000,-37.353,52.294,50000.000,0
51301,-44.824,-97.118,50000.000,-67.235,14.941,50000.000,0
51351,-29.882,-44.824,50000.000,-52.294,0.000,50000.000,0
51401,-7.471,-52.294,50000.000,0.000,22.412,50000.000,0
51451,-52.294,-74.706,50000.000,-59.765,22.412,50000.000,0
51501,-67.235,-22.412,50000.000,-171.824,97.118,50000.000,0
51551,-59.765,0.000,50000.000,-59.765,440.765,50000.000,0
51601,-171.824,941.294,50000.000,194.235,2607.235,50000.000,0
51651,-291.353,127.000,50000.000,-7.471,575.235,50000.000,0
51701,-164.353,-351.118,50000.000,-522.941,-859.118,50000.000,0
51751,-254.000,-709.706,50000.000,-642.471,44.824,50000.000,0
51801,-425.823,-635.000,50000.000,-747.059,22.412,50000.000,0
51851,-201.706,-373.529,50000.000,-381.000,29.882,50000.000,0
51901,22.412,-104.588,50000.000,37.353,0.000,50000.000,0
51951,52.294,194.235,50000.000,89.647,224.118,50000.000,0
52001,209.176,664.882,50000.000,478.118,-261.471,50000.000,0
52051,537.882,664.882,50000.000,918.882,-1800.412,50000.000,0
52101,679.823,657.412,50000.000,956.235,-672.353,50000.000,0
52151,926.353,687.294,50000.000,1038.412,-694.765,50000.000,0
52201,1411.941,694.765,50000.000,1471.706,-1568.823,50000.000,0
52251,1255.059,732.118,50000.000,1651.000,-470.647,50000.000,0
52301,1008.529,239.059,50000.000,1389.529,-104.588,50000.000,0
52351,903.941,-515.471,50000.000,918.882,-515.471,50000.000,0
52401,717.176,-590.176,50000.000,784.412,-231.588,50000.000,0
52451,440.765,-336.176,50000.000,545.353,52.294,50000.000,0
52501,186.765,-216.647,50000.000,119.529,-82.176,50000.000,0
52551,14.941,-224.118,50000.000,22.412,-246.529,50000.000,0
52601,186.765,-612.588,50000.000,67.235,-941.294,50000.000,0
52651,246.529,-1509.059,50000.000,-59.765,-874.059,50000.000,0
52701,403.412,-2427.941,50000.000,-104.588,-605.118,50000.000,0
52751,186.765,-2450.353,50000.000,-224.118,-844.176,50000.000,0
52801,52.294,-978.647,50000.000,-268.941,29.882,50000.000,0
52851,112.059,1337.235,50000.000,814.294,485.588,50000.000,0
52901,821.765,1964.765,50000.000,1651.000,-67.235,50000.000,0
52951,1045.882,1576.294,50000.000,1651.000,-194.235,50000.000,0
53001,1329.765,1270.000,50000.000,1733.176,-1083.235,50000.000,0
53051,1531.470,1367.118,50000.000,2076.823,-1150.470,50000.000,0
53101,1568.823,1030.941,50000.000,1979.706,-903.941,50000.000,0
53151,1710.765,1270.000,50000.000,2338.294,-410.882,50000.000,0
53201,2203.823,1292.412,50000.000,2876.176,-859.118,50000.000,0
53251,2203.823,717.176,50000.000,2614.706,-933.823,50000.000,0
53301,2114.176,276.412,50000.000,2711.823,-552.823,50000.000,0
53351,2338.294,-201.706,50000.000,2569.882,-343.647,50000.000,0
53401,1538.941,-470.647,50000.000,2084.294,-67.235,50000.000,0
53451,1299.882,-268.941,50000.000,1957.294,104.588,50000.000,0
53501,1322.294,-508.000,50000.000,1606.176,-59.765,50000.000,0
53551,1143.000,-82.176,50000.000,1471.706,82.176,50000.000,0
53601,1157.941,672.353,50000.000,1710.765,239.059,50000.000,0
53651,216.647,-201.706,50000.000,59.765,-216.647,50000.000,0
53701,-141.941,291.353,50000.000,82.176,171.824,50000.000,0
53751,-171.824,298.824,50000.000,-74.706,-7.471,50000.000,0
53801,-127.000,82.176,50000.000,-186.765,-171.824,50000.000,0
53851,-179.294,156.882,50000.000,-186.765,-156.882,50000.000,0
53901,-201.706,14.941,50000.000,-224.118,-52.294,50000.000,0
53951,-216.647,-127.000,50000.000,-336.176,97.118,50000.000,0
54001,-186.765,-67.235,50000.000,-261.471,156.882,50000.000,1
54051,-216.647,-7.471,50000.000,-171.824,164.353,50000.000,1
54101,-59.765,-22.412,50000.000,-89.647,0.000,50000.000,0
54151,14.941,59.765,50000.000,7.471,-89.647,50000.000,0
54201,14.941,82.176,50000.000,67.235,-14.941,50000.000,0
54251,0.000,29.882,50000.000,-7.471,127.000,50000.000,0
54301,-59.765,-29.882,50000.000,-89.647,201.706,50000.000,0
54351,-22.412,-74.706,50000.000,-14.941,44.824,50000.000,0
54401,97.118,-201.706,50000.000,7.471,-59.765,50000.000,0
54451,0.000,-224.118,50000.000,-89.647,418.353,50000.000,0
54501,-313.765,-186.765,50000.000,-127.000,1217.706,50000.000,0
54551,-1157.941,-1613.647,50000.000,-1516.529,2166.470,50000.000,0
54601,-1270.000,-3361.764,50000.000,-2106.706,1404.470,50000.000,0
54651,-1240.118,-3272.117,50000.000,-2300.941,694.765,50000.000,0
54701,-1172.882,-2868.706,50000.000,-2054.412,-149.412,50000.000,0
54751,-747.059,-1494.118,50000.000,-1516.529,-1001.059,50000.000,0
54801,-844.176,-470.647,50000.000,-1284.941,-560.294,50000.000,0
54851,-1083.235,52.294,50000.000,-1195.294,29.882,50000.000,0
54901,-1352.176,-134.471,50000.000,-1538.941,216.647,50000.000,0
54951,-1770.529,-463.176,50000.000,-1905.000,560.294,50000.000,0
55001,-1905.000,-597.647,50000.000,-2121.647,552.823,50000.000,0
55051,-2114.176,-672.353,50000.000,-2487.706,649.941,50000.000,0
55101,-2181.412,-597.647,50000.000,-2577.353,515.471,50000.000,0
55151,-2136.588,-351.118,50000.000,-2442.882,306.294,50000.000,0
55201,-2173.941,-470.647,50000.000,-2510.117,358.588,50000.000,0
55251,-2345.765,-515.471,50000.000,-2607.235,351.118,50000.000,0
55301,-2084.294,-306.294,50000.000,-2562.412,156.882,50000.000,0
55351,-1875.118,-306.294,50000.000,-2330.823,74.706,50000.000,0
55401,-2039.470,-366.059,50000.000,-2196.353,171.824,50000.000,0
55451,-1725.706,-268.941,50000.000,-2203.823,298.824,50000.000,0
55501,-1553.882,-276.412,50000.000,-1927.412,642.471,50000.000,0
55551,-1441.823,-149.412,50000.000,-1606.176,343.647,50000.000,0
55601,-1053.353,-194.235,50000.000,-1576.294,-29.882,50000.000,0
55651,-829.235,-358.588,50000.000,-1374.588,-194.235,50000.000,0
55701,-672.353,-44.824,50000.000,-903.941,0.000,50000.000,0
55751,-612.588,0.000,50000.000,-605.118,7.471,50000.000,0
55801,-410.882,-261.471,50000.000,-590.176,7.471,50000.000,0
55851,-231.588,-82.176,50000.000,-351.118,7.471,50000.000,0
55901,-74.706,67.235,50000.000,-44.824,59.765,50000.000,0
55951,29.882,-44.824,50000.000,74.706,-52.294,50000.000,0
56001,37.353,-14.941,50000.000,22.412,-22.412,50000.000,0
56051,0.000,44.824,50000.000,0.000,7.471,50000.000,0
56101,14.941,29.882,50000.000,37.353,7.471,50000.000,0
56151,7.471,7.471,50000.000,14.941,37.353,50000.000,0
56201,-7.471,0.000,50000.000,-22.412,112.059,50000.000,0
56251,-44.824,-74.706,50000.000,-37.353,74.706,50000.000,0
56301,-52.294,-29.882,50000.000,-89.647,44.824,50000.000,0
56351,-22.412,-156.882,50000.000,-22.412,-59.765,50000.000,0
56401,0.000,-112.059,50000.000,0.000,-37.353,50000.000,0
56451,37.353,44.824,50000.000,0.000,-44.824,50000.000,0
56501,7.471,7.471,50000.000,7.471,7.471,50000.000,0
56551,0.000,-82.176,50000.000,29.882,0.000,50000.000,0
56601,-22.412,-67.235,50000.000,-97.118,-14.941,50000.000,0
56651,14.941,-67.235,50000.000,-14.941,-112.059,50000.000,0
56701,22.412,-14.941,50000.000,7.471,-52.294,50000.000,0
56751,14.941,0.000,50000.000,-29.882,-52.294,50000.000,0
56801,-7.471,-29.882,50000.000,-7.471,-7.471,50000.000,0
56851,7.471,-37.353,50000.000,-22.412,-44.824,50000.000,0
56901,29.882,-22.412,50000.000,-14.941,-216.647,50000.000,0
56951,186.765,37.353,50000.000,164.353,-283.882,50000.000,0
57001,179.294,119.529,50000.000,254.000,-164.353,50000.000,0
57051,119.529,59.765,50000.000,186.765,-119.529,50000.000,0
57101,74.706,-22.412,50000.000,97.118,-37.353,50000.000,0
57151,22.412,82.176,50000.000,0.000,29.882,50000.000,0
57201,-37.353,112.059,50000.000,-44.824,104.588,50000.000,0
57251,0.000,-89.647,50000.000,-7.471,14.941,50000.000,0
57301,-82.176,-59.765,50000.000,-37.353,52.294,50000.000,0
57351,-141.941,-67.235,50000.000,-254.000,209.176,50000.000,0
57401,-268.941,-268.941,50000.000,-298.824,268.941,50000.000,0
57451,-343.647,-321.235,50000.000,-440.765,276.412,50000.000,0
57501,-231.588,-268.941,50000.000,-306.294,-7.471,50000.000,0
57551,-22.412,-74.706,50000.000,-52.294,-29.882,50000.000,0
57601,0.000,37.353,50000.000,-7.471,-7.471,50000.000,0
57651,0.000,-44.824,50000.000,14.941,-22.412,50000.000,0
57701,-29.882,-74.706,50000.000,-37.353,7.471,50000.000,0
57751,-29.882,59.765,50000.000,-82.176,29.882,50000.000,0
57801,-22.412,-67.235,50000.000,14.941,-119.529,50000.000,0
57851,0.000,-37.353,50000.000,22.412,-44.824,50000.000,0
57901,-37.353,44.824,50000.000,-52.294,-37.353,50000.000,0
57951,-29.882,0.000,50000.000,-22.412,-67.235,50000.000,0
58001,0.000,-59.765,50000.000,-29.882,-37.353,50000.000,0
58051,0.000,29.882,50000.000,-22.412,-74.706,50000.000,0
58101,112.059,74.706,50000.000,141.941,-351.118,50000.000,0
58151,127.000,134.471,50000.000,149.412,-201.706,50000.000,0
58201,82.176,59.765,50000.000,97.118,-74.706,50000.000,0
58251,22.412,-7.471,50000.000,29.882,-14.941,50000.000,0
58301,-22.412,-14.941,50000.000,-67.235,74.706,50000.000,0
58351,-52.294,14.941,50000.000,-97.118,22.412,50000.000,0
58401,0.000,-44.824,50000.000,44.824,-134.471,50000.000,0
58451,44.824,59.765,50000.000,59.765,-44.824,50000.000,0
58501,104.588,104.588,50000.000,127.000,-141.941,50000.000,0
58551,179.294,59.765,50000.000,239.059,-179.294,50000.000,0
58601,149.412,29.882,50000.000,201.706,-134.471,50000.000,0
58651,82.176,104.588,50000.000,149.412,-104.588,50000.000,0
58701,127.000,29.882,50000.000,164.353,-97.118,50000.000,0
58751,22.412,-59.765,50000.000,22.412,7.471,50000.000,0
58801,-67.235,-59.765,50000.000,-201.706,216.647,50000.000,0
58851,-201.706,-22.412,50000.000,-254.000,448.235,50000.000,0
58901,-336.176,-209.176,50000.000,-321.235,418.353,50000.000,0
58951,-321.235,-112.059,50000.000,-425.823,403.412,50000.000,0
59001,-283.882,-254.000,50000.000,-328.706,112.059,50000.000,0
59051,-104.588,-209.176,50000.000,-112.059,-22.412,50000.000,0
59101,-44.824,59.765,50000.000,-112.059,74.706,50000.000,0
59151,-52.294,-82.176,50000.000,-14.941,-44.824,50000.000,0
59201,-97.118,-149.412,50000.000,-141.941,52.294,50000.000,0
59251,-149.412,-149.412,50000.000,-239.059,59.765,50000.000,0
59301,-74.706,-149.412,50000.000,-104.588,-29.882,50000.000,0
59351,-22.412,-104.588,50000.000,-29.882,-89.647,50000.000,0
59401,-22.412,0.000,50000.000,-14.941,-14.941,50000.000,0
59451,-14.941,-7.471,50000.000,0.000,-52.294,50000.000,0
59501,-29.882,-14.941,50000.000,-7.471,-29.882,50000.000,0
59551,0.000,22.412,50000.000,0.000,0.000,50000.000,0
59601,-29.882,-74.706,50000.000,7.471,0.000,50000.000,0
59651,-7.471,97.118,50000.000,7.471,44.824,50000.000,0
59701,14.941,530.412,50000.000,209.176,283.882,50000.000,0
59751,156.882,381.000,50000.000,381.000,-67.235,50000.000,0
59801,321.235,395.941,50000.000,261.471,-283.882,50000.000,0
59851,171.824,956.235,50000.000,373.529,276.412,50000.000,0
59901,134.471,1314.823,50000.000,844.176,694.765,50000.000,0
59951,224.118,1591.235,50000.000,941.294,829.235,50000.000,0
