timestamp[ms],left_dx[um],left_dy[um],left_dt[us],right_dx[um],right_dy[um],right_dt[us],waterPin
0,0.000,0.000,50153.000,0.000,0.000,50153.000,0
51,-14.941,-7.471,50000.000,-22.412,-7.471,50000.000,0
101,-7.471,14.941,50000.000,0.000,-7.471,50000.000,0
151,0.000,-14.941,50000.000,0.000,-29.882,50000.000,0
201,-7.471,-7.471,50000.000,0.000,0.000,50000.000,0
251,0.000,0.000,50000.000,-7.471,0.000,50000.000,0
301,0.000,7.471,50000.000,0.000,0.000,50000.000,0
351,0.000,7.471,50000.000,-7.471,-22.412,50000.000,0
401,7.471,0.000,50000.000,0.000,1897.529,50000.000,0
451,0.000,-14.941,50000.000,0.000,0.000,50000.000,0
501,0.000,0.000,50000.000,0.000,0.000,50000.000,0
551,0.000,0.000,50000.000,0.000,0.000,50000.000,0
601,14.941,0.000,50000.000,-7.471,0.000,50000.000,0
651,7.471,-14.941,50000.000,0.000,-37.353,50000.000,0
701,0.000,1673.412,50000.000,0.000,7.471,50000.000,0
751,0.000,0.000,50000.000,0.000,0.000,50000.000,0
801,0.000,0.000,50000.000,0.000,0.000,50000.000,0
851,5737.411,7.471,50000.000,-7.471,0.000,50000.000,0
901,-5744.882,-1680.882,50000.000,7.471,13387.293,50000.000,0
951,0.000,-7.471,50000.000,0.000,-7.471,50000.000,0
1001,-7.471,-14.941,50000.000,5737.411,0.000,50000.000,0
1051,0.000,-7.471,50000.000,-7.471,0.000,50000.000,0
1101,0.000,7.471,50000.000,0.000,0.000,50000.000,0
1151,0.000,-1695.823,50000.000,22.412,-29.882,50000.000,0
1201,0.000,-22.412,50000.000,0.000,-7.471,50000.000,0
1251,0.000,-7.471,50000.000,0.000,0.000,50000.000,0
1301,0.000,0.000,50000.000,-7.471,0.000,50000.000,0
1351,0.000,7.471,50000.000,-7.471,7.471,50000.000,0
1401,29.882,7.471,50000.000,29.882,-29.882,50000.000,0
1451,0.000,0.000,50000.000,0.000,-7.471,50000.000,0
1501,0.000,0.000,50000.000,0.000,0.000,50000.000,0
1551,0.000,7.471,50000.000,0.000,-14.941,50000.000,0
1601,0.000,-7.471,50000.000,0.000,0.000,50000.000,0
1651,0.000,-7.471,50000.000,0.000,14.941,50000.000,0
1701,0.000,0.000,50000.000,-14.941,0.000,50000.000,0
1751,0.000,0.000,50000.000,7.471,-59.765,50000.000,0
1801,-22.412,-22.412,50000.000,-44.824,0.000,50000.000,0
1851,-14.941,-14.941,50000.000,-37.353,-29.882,50000.000,0
1901,0.000,-37.353,50000.000,-14.941,-37.353,50000.000,0
1951,-44.824,-7.471,50000.000,-52.294,14.941,50000.000,0
2001,0.000,22.412,50000.000,-7.471,0.000,50000.000,0
2051,-44.824,-37.353,50000.000,-82.176,52.294,50000.000,0
2101,-283.882,-321.235,50000.000,-373.529,171.824,50000.000,0
2151,-620.059,-747.059,50000.000,-829.235,351.118,50000.000,0
2201,-836.706,-784.412,50000.000,-1180.353,642.471,50000.000,0
2251,-993.588,-545.353,50000.000,-1255.059,717.176,50000.000,0
2301,-806.823,-194.235,50000.000,-903.941,612.588,50000.000,0
2351,-575.235,-343.647,50000.000,-664.882,351.118,50000.000,0
2401,-224.118,-127.000,50000.000,-321.235,44.824,50000.000,0
2451,-14.941,134.471,50000.000,74.706,-97.118,50000.000,0
2501,119.529,141.941,50000.000,201.706,-403.412,50000.000,0
2551,194.235,89.647,50000.000,231.588,-515.471,50000.000,0
2601,82.176,239.059,50000.000,89.647,-448.235,50000.000,0
2651,156.882,179.294,50000.000,201.706,-418.353,50000.000,0
2701,67.235,201.706,50000.000,67.235,-186.765,50000.000,0
2751,97.118,254.000,50000.000,209.176,-127.000,50000.000,0
2801,448.235,679.823,50000.000,635.000,-89.647,50000.000,0
2851,709.706,649.941,50000.000,948.765,-455.706,50000.000,0
2901,522.941,366.059,50000.000,687.294,-403.412,50000.000,0
2951,313.765,59.765,50000.000,313.765,-343.647,50000.000,0
3001,224.118,298.824,50000.000,298.824,-104.588,50000.000,0
3051,433.294,433.294,50000.000,635.000,-156.882,50000.000,0
3101,336.176,164.353,50000.000,358.588,-186.765,50000.000,0
3151,239.059,29.882,50000.000,246.529,-246.529,50000.000,0
3201,134.471,-7.471,50000.000,97.118,-298.824,50000.000,0
3251,179.294,14.941,50000.000,194.235,-194.235,50000.000,0
3301,149.412,-29.882,50000.000,104.588,-224.118,50000.000,0
3351,74.706,-37.353,50000.000,44.824,-194.235,50000.000,0
3401,59.765,-112.059,50000.000,29.882,-186.765,50000.000,0
3451,-22.412,-14.941,50000.000,-52.294,-52.294,50000.000,0
3501,52.294,-82.176,50000.000,67.235,-119.529,50000.000,0
3551,14.941,0.000,50000.000,0.000,-104.588,50000.000,0
3601,156.882,-29.882,50000.000,119.529,-268.941,50000.000,0
3651,104.588,179.294,50000.000,171.824,-112.059,50000.000,0
3701,336.176,582.706,50000.000,485.588,-119.529,50000.000,0
3751,537.882,321.235,50000.000,694.765,-194.235,50000.000,0
3801,418.353,141.941,50000.000,440.765,-298.824,50000.000,0
3851,358.588,0.000,50000.000,433.294,-164.353,50000.000,0
3901,239.059,179.294,50000.000,283.882,-29.882,50000.000,0
3951,119.529,134.471,50000.000,141.941,-37.353,50000.000,0
4001,59.765,14.941,50000.000,74.706,-104.588,50000.000,0
4051,97.118,-119.529,50000.000,52.294,-134.471,50000.000,0
4101,0.000,29.882,50000.000,0.000,-14.941,50000.000,0
4151,14.941,0.000,50000.000,44.824,0.000,50000.000,0
4201,-7.471,7.471,50000.000,-14.941,0.000,50000.000,0
4251,-7.471,-37.353,50000.000,-7.471,-29.882,50000.000,0
4301,22.412,-44.824,50000.000,0.000,0.000,50000.000,0
4351,0.000,0.000,50000.000,0.000,-22.412,50000.000,0
4401,0.000,-37.353,50000.000,-22.412,7.471,50000.000,0
4451,0.000,-37.353,50000.000,-7.471,22.412,50000.000,0
4501,0.000,-14.941,50000.000,14.941,59.765,50000.000,0
4551,14.941,0.000,50000.000,44.824,52.294,50000.000,0
4601,0.000,7.471,50000.000,0.000,14.941,50000.000,0
4651,7.471,14.941,50000.000,0.000,22.412,50000.000,0
4701,14.941,59.765,50000.000,7.471,-14.941,50000.000,0
4751,44.824,156.882,50000.000,59.765,-37.353,50000.000,0
4801,171.824,194.235,50000.000,231.588,0.000,50000.000,0
4851,209.176,298.824,50000.000,306.294,82.176,50000.000,0
4901,224.118,388.471,50000.000,336.176,156.882,50000.000,0
4951,216.647,418.353,50000.000,321.235,231.588,50000.000,0
5001,381.000,851.647,50000.000,642.471,388.471,50000.000,0
5051,560.294,806.823,50000.000,993.588,14.941,50000.000,0
5101,216.647,134.471,50000.000,268.941,-134.471,50000.000,0
5151,-201.706,-500.529,50000.000,-425.823,14.941,50000.000,0
5201,-537.882,-851.647,50000.000,-881.529,67.235,50000.000,0
5251,-747.059,-971.176,50000.000,-1157.941,119.529,50000.000,0
5301,-575.235,-664.882,50000.000,-911.412,283.882,50000.000,0
5351,-186.765,-194.235,50000.000,-239.059,171.824,50000.000,0
5401,254.000,246.529,50000.000,373.529,-82.176,50000.000,0
5451,500.529,605.118,50000.000,784.412,-283.882,50000.000,0
5501,403.412,732.118,50000.000,657.412,-291.353,50000.000,0
5551,246.529,889.000,50000.000,448.235,485.588,50000.000,0
5601,-388.471,1284.941,50000.000,156.882,2420.470,50000.000,0
5651,-1068.294,762.000,50000.000,-186.765,3981.823,50000.000,0
5701,-2002.118,0.000,50000.000,-1763.059,3600.823,50000.000,0
5751,-2465.294,-1098.176,50000.000,-2756.647,3272.117,50000.000,0
5801,-3048.000,-2218.765,50000.000,-3951.941,2898.588,50000.000,0
5851,-4280.647,-2472.765,50000.000,-4833.470,2794.000,50000.000,0
5901,-4915.646,-2218.765,50000.000,-5311.588,2465.294,50000.000,0
5951,-5169.646,-1314.823,50000.000,-5737.411,2308.412,50000.000,0
6001,-5229.412,-799.353,50000.000,-5991.411,1098.176,50000.000,0
6051,-5498.353,-1090.706,50000.000,-6581.588,-29.882,50000.000,0
6101,-5505.823,-448.235,50000.000,-6357.470,-306.294,50000.000,0
6151,-4953.000,-328.706,50000.000,-6043.706,-366.059,50000.000,0
6201,-4564.529,-291.353,50000.000,-5685.117,97.118,50000.000,0
6251,-3697.941,-306.294,50000.000,-4908.176,-186.765,50000.000,0
6301,-2891.117,-321.235,50000.000,-3862.294,-366.059,50000.000,0
6351,-2226.235,-149.412,50000.000,-2801.470,-478.118,50000.000,0
6401,-963.706,508.000,50000.000,-1314.823,104.588,50000.000,0
6451,156.882,1815.353,50000.000,799.353,-22.412,50000.000,0
6501,739.588,2091.765,50000.000,1538.941,-903.941,50000.000,0
6551,933.823,1314.823,50000.000,1419.412,-1217.706,50000.000,0
6601,776.941,22.412,50000.000,627.529,-1576.294,50000.000,0
6651,276.412,-702.235,50000.000,-112.059,-1083.235,50000.000,0
6701,-82.176,-395.941,50000.000,-463.176,-313.765,50000.000,0
6751,-89.647,-283.882,50000.000,-283.882,-134.471,50000.000,0
6801,-82.176,-246.529,50000.000,-381.000,-366.059,50000.000,0
6851,0.000,-410.882,50000.000,-261.471,-709.706,50000.000,0
6901,-67.235,-522.941,50000.000,-306.294,-560.294,50000.000,0
6951,-216.647,-799.353,50000.000,-470.647,-635.000,50000.000,0
7001,-515.471,-918.882,50000.000,-1008.529,-448.235,50000.000,0
7051,-567.765,-889.000,50000.000,-1053.353,-171.824,50000.000,0
7101,-552.823,-1045.882,50000.000,-1068.294,-216.647,50000.000,0
7151,-575.235,-1008.529,50000.000,-1060.823,-298.824,50000.000,0
7201,-366.059,-119.529,50000.000,-717.176,14.941,50000.000,0
7251,388.471,829.235,50000.000,597.647,37.353,50000.000,0
7301,1187.823,1710.765,50000.000,1964.765,29.882,50000.000,0
7351,1860.176,2973.294,50000.000,2831.353,403.412,50000.000,0
7401,2689.412,4684.059,50000.000,4572.000,844.176,50000.000,0
7451,4318.000,4945.529,50000.000,6858.000,-1016.000,50000.000,0
7501,4870.823,2263.588,50000.000,5632.823,-2711.823,50000.000,0
7551,3077.882,829.235,50000.000,3832.412,-1083.235,50000.000,0
7601,2121.647,381.000,50000.000,3107.764,-597.647,50000.000,0
7651,1643.529,231.588,50000.000,2248.647,-388.471,50000.000,0
7701,1531.470,351.118,50000.000,1785.470,-635.000,50000.000,0
7751,911.412,851.647,50000.000,1389.529,-104.588,50000.000,0
7801,366.059,0.000,50000.000,343.647,-366.059,50000.000,0
7851,395.941,-37.353,50000.000,425.823,-418.353,50000.000,0
7901,537.882,-239.059,50000.000,478.118,-552.823,50000.000,0
7951,455.706,-164.353,50000.000,373.529,-493.059,50000.000,0
8001,552.823,-612.588,50000.000,448.235,-903.941,50000.000,0
8051,201.706,-485.588,50000.000,52.294,-463.176,50000.000,0
8101,97.118,-829.235,50000.000,-186.765,-515.471,50000.000,0
8151,-119.529,-1157.941,50000.000,-545.353,-410.882,50000.000,0
8201,-642.471,-1434.353,50000.000,-1135.529,-67.235,50000.000,0
8251,-739.588,-1053.353,50000.000,-1247.588,89.647,50000.000,0
8301,-298.824,-373.529,50000.000,-537.882,134.471,50000.000,0
8351,97.118,201.706,50000.000,149.412,0.000,50000.000,0
8401,298.824,463.176,50000.000,485.588,149.412,50000.000,0
8451,328.706,806.823,50000.000,508.000,358.588,50000.000,0
8501,67.235,1225.176,50000.000,388.471,1576.294,50000.000,0
8551,-186.765,1359.647,50000.000,239.059,3137.647,50000.000,0
8601,-418.353,903.941,50000.000,-97.118,2218.765,50000.000,0
8651,-321.235,1225.176,50000.000,7.471,1875.118,50000.000,0
8701,-209.176,1994.647,50000.000,261.471,2032.000,50000.000,0
8751,-97.118,261.471,50000.000,306.294,1060.823,50000.000,0
8801,-119.529,918.882,50000.000,-104.588,844.176,50000.000,0
8851,-328.706,1710.765,50000.000,216.647,2241.176,50000.000,0
8901,-732.118,1748.118,50000.000,127.000,1882.588,50000.000,0
8951,-59.765,1105.647,50000.000,478.118,1247.588,50000.000,0
9001,-89.647,418.353,50000.000,-29.882,201.706,50000.000,0
9051,-59.765,-164.353,50000.000,7.471,37.353,50000.000,0
9101,-7.471,440.765,50000.000,-67.235,-59.765,50000.000,0
9151,-74.706,-216.647,50000.000,0.000,-179.294,50000.000,0
9201,22.412,194.235,50000.000,-7.471,0.000,50000.000,0
9251,-14.941,-156.882,50000.000,-14.941,-239.059,50000.000,0
9301,44.824,-29.882,50000.000,-44.824,-635.000,50000.000,0
9351,149.412,-44.824,50000.000,112.059,-993.588,50000.000,0
9401,769.471,37.353,50000.000,859.118,-1090.706,50000.000,0
9451,1053.353,-194.235,50000.000,1060.823,-1284.941,50000.000,0
9501,679.823,127.000,50000.000,642.471,-530.412,50000.000,0
9551,89.647,-22.412,50000.000,112.059,-22.412,50000.000,0
9601,-29.882,22.412,50000.000,-29.882,0.000,50000.000,0
9651,7.471,127.000,50000.000,0.000,44.824,50000.000,0
9701,7.471,37.353,50000.000,0.000,29.882,50000.000,0
9751,-37.353,298.824,50000.000,-74.706,328.706,50000.000,0
9801,-239.059,470.647,50000.000,-97.118,1105.647,50000.000,0
9851,-298.824,366.059,50000.000,-14.941,1516.529,50000.000,0
9901,-343.647,642.471,50000.000,0.000,2181.412,50000.000,0
9951,-582.706,1172.882,50000.000,14.941,3600.823,50000.000,0
10001,-791.882,1187.823,50000.000,-14.941,2054.412,50000.000,0
10051,-231.588,-201.706,50000.000,-104.588,448.235,50000.000,0
10101,-216.647,29.882,50000.000,-216.647,971.176,50000.000,0
10151,-694.765,-104.588,50000.000,-747.059,1576.294,50000.000,0
10201,-993.588,-485.588,50000.000,-762.000,1994.647,50000.000,0
10251,-859.118,-388.471,50000.000,-918.882,1389.529,50000.000,0
10301,-291.353,-657.412,50000.000,-254.000,829.235,50000.000,0
10351,-769.471,-328.706,50000.000,-1157.941,911.412,50000.000,0
10401,-1202.765,-866.588,50000.000,-1329.765,1651.000,50000.000,0
10451,-1882.588,-1770.529,50000.000,-2592.294,2144.059,50000.000,0
10501,-3175.000,-3204.882,50000.000,-4392.706,2622.176,50000.000,0
10551,-4116.294,-3466.353,50000.000,-5498.353,3107.764,50000.000,0
10601,-4796.117,-3085.353,50000.000,-6178.176,3122.706,50000.000,0
10651,-4855.882,-2764.117,50000.000,-6379.882,3257.176,50000.000,0
10701,-6312.646,-2861.235,50000.000,-6701.117,4594.412,50000.000,0
10751,-6880.411,-3324.412,50000.000,-7149.353,5050.117,50000.000,0
10801,-7276.353,-4706.470,50000.000,-8441.764,5139.764,50000.000,0
10851,-7866.529,-4258.235,50000.000,-9248.588,5408.706,50000.000,0
10901,-8860.117,-3279.588,50000.000,-9973.234,5961.529,50000.000,0
10951,-8703.234,-3578.412,50000.000,-10331.823,5655.235,50000.000,0
11001,-8792.882,-6805.706,50000.000,-12326.470,2950.882,50000.000,0
11051,-8628.529,-5797.176,50000.000,-13409.705,2667.000,50000.000,0
11101,-10518.588,-2502.647,50000.000,-12939.058,3122.706,50000.000,0
11151,-10720.293,-156.882,50000.000,-13088.470,3376.706,50000.000,0
11201,-10705.353,717.176,50000.000,-13125.822,2525.059,50000.000,0
11251,-11915.588,-664.882,50000.000,-14052.176,1060.823,50000.000,0
11301,-12124.764,-2614.706,50000.000,-16726.646,821.765,50000.000,0
11351,-13992.411,-3062.941,50000.000,-17884.588,1815.353,50000.000,0
11401,-15299.764,-2368.176,50000.000,-18497.176,2846.294,50000.000,0
11451,-15202.646,-3361.764,50000.000,-19595.352,2487.706,50000.000,0
11501,-16629.527,-5446.059,50000.000,-20521.705,1755.588,50000.000,0
11551,-16128.999,-6066.117,50000.000,-20783.176,1419.412,50000.000,0
11601,-16001.999,-8419.353,50000.000,-22239.939,425.823,50000.000,0
11651,-14365.940,-9278.470,50000.000,-23405.352,97.118,50000.000,0
11701,-13267.764,-9562.353,50000.000,-23315.705,171.824,50000.000,0
11751,-15426.764,-7388.411,50000.000,-21985.939,1232.647,50000.000,0
11801,-16711.705,-1292.412,50000.000,-19901.646,2883.647,50000.000,0
11851,-15583.646,-3675.529,50000.000,-20372.293,433.294,50000.000,0
11901,-14597.528,-5535.706,50000.000,-19296.527,672.353,50000.000,0
11951,-14814.176,-5580.529,50000.000,-16614.588,485.588,50000.000,0
12001,-14223.999,-4930.588,50000.000,-15389.411,515.471,50000.000,0
12051,-14470.528,-4609.353,50000.000,-16241.058,1882.588,50000.000,0
12101,-16121.528,-3802.529,50000.000,-17197.293,2315.882,50000.000,0
12151,-16375.528,-4960.470,50000.000,-18340.293,1628.588,50000.000,0
12201,-13312.587,-3585.882,50000.000,-18437.410,-425.823,50000.000,0
12251,-13148.234,-2121.647,50000.000,-17115.117,-2106.706,50000.000,0
12301,-13402.234,-4422.588,50000.000,-17286.939,-2009.588,50000.000,0
12351,-13215.470,-7620.000,50000.000,-17630.588,-3608.294,50000.000,0
12401,-11721.353,-9614.646,50000.000,-18579.352,-7074.646,50000.000,0
12451,-10757.646,-6491.941,50000.000,-17705.293,-6648.823,50002.000,0
12501,-9756.588,-4168.588,50000.000,-13992.411,-1075.765,50000.000,0
12551,-8449.234,-6350.000,50000.000,-12939.058,903.941,50000.000,0
12601,-13394.764,-6932.706,50000.000,-12027.646,1688.353,50000.000,0
12651,-6708.588,-6193.117,50000.000,-10406.528,1822.823,50000.000,0
12701,-6103.470,-4818.529,50000.000,-8949.764,3787.588,50000.000,0
12751,-6723.529,-3272.117,50000.000,-7201.646,4527.176,50000.000,0
12801,-5700.059,-3189.941,50000.000,-6805.706,4564.529,50000.000,0
12851,-6290.235,-3877.235,50000.000,-7769.411,3638.176,50000.000,0
12901,-6686.176,-4265.706,50000.000,-8449.234,3287.059,50000.000,0
12951,-7575.176,-3615.764,50000.000,-9270.999,2883.647,50000.000,0
13001,-7799.293,-3062.941,50000.000,-9935.882,2375.647,50000.000,0
13051,-8912.411,-4131.235,50000.000,-11392.646,1135.529,50000.000,0
13101,-8673.353,-8202.705,50000.000,-13618.882,-104.588,50000.000,0
13151,-7425.764,-9823.823,50000.000,-15598.587,-478.118,50000.000,0
13201,-9637.059,-2816.412,50000.000,-12961.470,3414.059,50000.000,0
13251,-12012.705,1210.235,50000.000,-12072.470,6574.117,50000.000,0
13301,-12856.882,-455.706,50000.000,-13178.117,4586.941,50000.000,0
13351,-11198.411,-4176.059,50000.000,-15456.646,1030.941,50000.000,0
13401,-11280.588,-3944.470,50000.000,-16345.646,1598.706,50000.000,0
13451,-12640.234,-1957.294,50000.000,-16397.939,3421.529,50000.000,0
13501,-13282.705,-2226.235,50000.000,-18041.469,3518.647,50000.000,0
13551,-14440.646,-3570.941,50000.000,-19102.293,2383.117,50000.000,0
13601,-15247.470,-4699.000,50000.000,-20103.352,1875.118,50000.000,0
13651,-16831.234,-7821.706,50000.000,-21448.057,201.706,50000.000,0
13701,-15344.587,-8210.176,50000.000,-22845.057,-1105.647,50000.000,0
13751,-14612.470,-8748.059,50000.000,-21993.410,-7.471,50000.000,0
13801,-14470.528,-9502.588,50000.000,-21851.469,-762.000,50000.000,0
13851,-15546.293,-3683.000,50000.000,-21089.469,769.471,50000.000,0
13901,-18213.293,-1307.353,50000.000,-17458.764,1994.647,50000.000,0
13951,-17346.705,-6895.353,50000.000,-19460.881,1479.176,50000.000,0
14001,-16338.176,-6962.588,50000.000,-18654.057,1494.118,50000.000,0
14051,-16920.881,-5319.059,50000.000,-18362.705,1621.118,50000.000,0
14101,-17869.646,-6260.353,50000.000,-21044.646,664.882,50000.000,0
14151,-16943.293,-7052.235,50000.000,-21694.586,-418.353,50000.000,0
14201,-17675.410,-9599.705,50000.000,-21814.115,-836.706,50000.000,0
14251,-15568.705,-11332.882,50000.000,-24144.939,-635.000,50000.000,0
14301,-14186.646,-10862.234,50000.000,-23517.410,89.647,50000.000,0
14351,-15277.352,-9637.059,50000.000,-22986.998,-537.882,50000.000,0
14401,-16547.352,-4108.823,50000.000,-22224.998,52.294,50000.000,0
14451,-16248.528,-5386.294,50000.000,-20566.527,2114.176,50000.000,0
14501,-16106.587,-7739.529,50000.000,-21306.115,1531.470,50000.000,0
14551,-14067.116,-5677.646,50000.000,-20551.586,709.706,50000.000,0
14601,-13432.117,-4885.764,50000.000,-19274.117,1172.882,50000.000,0
14651,-12326.470,-2950.882,50000.000,-17862.176,2853.764,50000.000,0
14701,-11855.822,-2300.941,50000.000,-16061.764,2532.529,50000.000,0
14751,-11527.117,-3996.764,50000.000,-16412.881,1561.353,50000.000,0
14801,-11459.882,-3705.412,50000.000,-16562.293,844.176,50000.000,0
14851,-11011.646,-1845.235,50000.000,-14268.822,-769.471,50000.000,0
14901,-10765.117,-1613.647,50002.000,-13476.940,-2398.059,50000.000,0
14951,-8733.117,-1994.647,49999.000,-13073.528,-3772.647,49999.000,0
15001,-8785.411,-3040.529,49999.000,-11952.940,-5072.529,49999.000,0
15051,-8150.411,-5386.294,50000.000,-12169.588,-6858.000,50000.000,0
15101,-7097.058,-6947.646,50000.000,-11646.646,-9173.882,50000.000,0
15151,-6536.764,-4900.706,50000.000,-11332.882,-6753.411,50000.000,0
15201,-7373.470,-4377.765,50000.000,-9323.294,582.706,50000.000,0
15251,-5565.588,-5348.941,50000.000,-7425.764,2704.353,50000.000,0
15301,-5207.000,-6066.117,50000.000,-8060.764,1546.412,50000.000,0
15351,-3944.470,-5192.059,50000.000,-6880.411,-732.118,50000.000,0
15401,-3496.235,-5446.059,50000.000,-6021.294,-836.706,50000.000,0
15451,-3712.882,-5169.646,50000.000,-6058.646,82.176,50000.000,0
15501,-3376.706,-5655.235,50000.000,-5236.882,-261.471,50000.000,0
15551,-3152.588,-2831.353,50000.000,-4818.529,-1180.353,50000.000,0
15601,-2779.059,791.882,50000.000,-3548.529,-343.647,50000.000,0
15651,-3488.764,-1359.647,50000.000,-3824.941,425.823,50000.000,0
15701,-3668.059,-3399.117,50000.000,-6066.117,1561.353,50000.000,0
15751,-4990.353,-3279.588,50000.000,-6058.646,2816.412,50000.000,0
15801,-5655.235,-3145.117,50000.000,-6626.411,2995.706,50000.000,0
15851,-5408.706,-3705.412,50000.000,-7530.353,1695.823,50000.000,0
15901,-5685.117,-2569.882,50000.000,-7620.000,2719.294,50000.000,0
15951,-7724.588,-2136.588,50000.000,-8426.823,4616.823,50000.000,0
16001,-8912.411,-3526.117,50000.000,-10092.764,4318.000,50000.000,0
16051,-7664.823,-3600.823,50000.000,-11534.588,2831.353,50000.000,0
16101,-9599.705,-4273.176,50000.000,-12027.646,2188.882,50000.000,0
16151,-11646.646,-4878.294,50000.000,-12662.646,3279.588,50000.000,0
16201,-10951.882,-6716.059,50000.000,-13013.764,3645.647,50000.000,0
16251,-10593.293,-9943.353,50000.000,-15800.293,1905.000,50000.000,0
16301,-10944.411,-9039.411,50000.000,-15591.116,231.588,50000.000,0
16351,-11497.234,-3018.117,50000.000,-12595.411,351.118,50000.000,0
16401,-12558.058,298.824,50000.000,-10339.293,657.412,50000.000,0
16451,-12722.411,-2151.529,50000.000,-14545.234,1628.588,50000.000,0
16501,-13155.705,-5229.412,50000.000,-16950.764,1090.706,50000.000,0
16551,-14059.646,-5446.059,50000.000,-17137.527,1643.529,50000.000,0
16601,-14858.999,-4198.470,50000.000,-18422.469,3548.529,50000.000,0
16651,-16405.410,-4542.117,50000.000,-19259.176,3496.235,50000.000,0
16701,-17593.234,-6462.059,50000.000,-20036.117,1860.176,50000.000,0
16751,-17443.822,-9637.059,50000.000,-21679.646,22.412,50000.000,0
16801,-14948.646,-10249.646,50000.000,-22247.410,-1449.294,50000.000,0
16851,-14126.882,-9644.528,50000.000,-22097.998,-515.471,50000.000,0
16901,-15591.116,-3421.529,50000.000,-20573.998,2891.117,50000.000,0
16951,-15516.411,-814.294,50000.000,-19572.939,4564.529,50000.000,0
17001,-13491.882,-4377.765,50000.000,-19438.469,2980.764,50000.000,0
17051,-14724.528,-5842.000,50000.000,-19983.822,2667.000,50000.000,0
17101,-14403.293,-4489.823,50000.000,-19445.939,2405.529,50000.000,0
17151,-14052.176,-3944.470,50000.000,-19468.352,1636.059,50000.000,0
17201,-13626.352,-5147.235,50000.000,-20028.646,141.941,50000.000,0
17251,-14679.705,-10212.293,50000.000,-20095.881,-2577.353,50000.000,0
17301,-11908.117,-12528.176,50000.000,-21306.115,-3817.470,50000.000,0
17351,-12640.234,-8830.234,50000.000,-20357.352,1180.353,50000.000,0
17401,-15538.822,-3406.588,50000.000,-18900.588,4437.529,50000.000,0
17451,-15269.881,-3832.412,50000.000,-18609.234,4639.235,50000.000,0
17501,-15994.528,-7037.293,50000.000,-19520.646,4833.470,50000.000,0
17551,-16442.764,-6731.000,50000.000,-19595.352,3966.882,50000.000,0
17601,-15098.058,-4840.941,50000.000,-19894.176,4982.882,50000.000,0
17651,-14664.764,-4967.941,50000.000,-20185.527,5035.176,50000.000,0
17701,-16495.059,-7754.470,50000.000,-21335.998,4019.176,50000.000,0
17751,-16786.410,-9031.940,50000.000,-23390.410,1860.176,50000.000,0
17801,-17436.352,-9450.294,50000.000,-22083.057,993.588,50000.000,0
17851,-16382.999,-6013.823,50000.000,-19632.705,2353.235,50000.000,0
17901,-16838.705,-1030.941,50000.000,-17750.117,1845.235,50000.000,0
17951,-19049.998,-4930.588,50000.000,-19699.939,2002.118,50000.000,0
18001,-17839.764,-7948.706,50000.000,-22942.176,2465.294,50000.000,0
18051,-17929.410,-7530.353,50000.000,-21634.822,2816.412,50000.000,0
18101,-19057.469,-8120.529,50000.000,-23734.057,1807.882,50000.000,0
18151,-17735.176,-11467.353,50000.000,-26132.115,-620.059,50000.000,0
18201,-16719.176,-13835.528,50000.000,-26401.057,-2883.647,50000.000,0
18251,-14851.528,-11586.882,50000.000,-26064.881,-1837.765,50000.000,0
18301,-14761.882,-9831.293,50000.000,-24615.586,-2659.529,50000.000,0
18351,-13872.882,-9076.764,50000.000,-23412.822,-4885.764,50000.000,0
18401,-13379.822,-8284.882,50000.000,-20051.057,2480.235,50000.000,0
18451,-10249.646,-7306.235,50000.000,-16263.470,2935.941,50000.000,0
18501,-9024.470,-9278.470,50000.000,-14336.058,-1464.235,50000.000,0
18551,-7709.646,-7911.353,50000.000,-13110.882,-3384.176,50000.000,0
18601,-6402.293,-5558.117,50000.000,-10780.058,-4796.117,50000.000,0
18651,-5035.176,-7702.176,50000.000,-9562.353,-5326.529,50000.000,0
18701,-5774.764,-9905.999,50000.000,-10705.353,-4273.176,50000.000,0
18751,-4684.059,-5588.000,50000.000,-7291.293,1397.000,50000.000,0
18801,-2554.941,-4654.176,50000.000,-3675.529,590.176,50000.000,0
18851,-1479.176,-7672.293,50000.000,-4049.059,-3331.882,50000.000,0
18901,-582.706,-8150.411,50000.000,-4893.235,-7814.235,50000.000,0
18951,-455.706,-7179.235,50000.000,-3772.647,-9397.999,50000.000,0
19001,-1822.823,-7590.117,50000.000,-5513.294,-6088.529,50000.000,0
19051,-3824.941,-6282.764,50000.000,-7209.117,-649.941,50000.000,0
19101,-2771.588,-4078.941,50000.000,-4519.706,911.412,50000.000,0
19151,-2405.529,-6260.353,50000.000,-4265.706,-1090.706,50000.000,0
19201,-1494.118,-8262.470,50000.000,-5774.764,-3757.706,50000.000,0
19251,-1389.529,-5879.353,50000.000,-4893.235,-5289.176,50000.000,0
19301,-791.882,-7530.353,50000.000,-4713.941,-8665.882,50000.000,0
19351,-776.941,-8494.059,50000.000,-5513.294,-7530.353,50000.000,0
19401,-3048.000,-5080.000,50000.000,-5229.412,156.882,50000.000,0
19451,-2599.765,-3623.235,50000.000,-3600.823,1053.353,50000.000,0
19501,-1165.412,-6693.646,50000.000,-3974.353,-2032.000,50000.000,0
19551,-687.294,-7552.764,50000.000,-4601.882,-3914.588,50000.000,0
19601,-418.353,-6843.059,50000.000,-3914.588,-6678.706,50000.000,0
19651,-171.824,-7657.353,50000.000,-4564.529,-11108.764,50000.000,0
19701,-1135.529,-5700.059,50000.000,-4527.176,-4713.941,50000.000,0
19751,-2383.117,-3436.470,50000.000,-3556.000,-156.882,50000.000,0
19801,-911.412,-1665.941,50000.000,-1322.294,-201.706,50000.000,0
19851,-268.941,-2166.470,50000.000,-1322.294,-1120.588,50000.000,0
19901,-1120.588,-5229.412,50000.000,-3466.353,-2226.235,50000.000,0
19951,-2091.765,-7141.882,50000.000,-5535.706,-2652.059,50000.000,0
20001,-3272.117,-7448.176,50000.000,-6267.823,-3189.941,50000.000,0
20051,-3600.823,-6828.117,50000.000,-5871.882,-3795.059,50000.000,0
20101,-2622.176,-7388.411,50000.000,-5700.059,-6574.117,50000.000,0
20151,-3189.941,-7911.353,50000.000,-6843.059,-5991.411,50000.000,0
20201,-3458.882,-5244.353,50000.000,-5767.294,-971.176,50000.000,0
20251,-1905.000,-2988.235,50000.000,-2853.764,-112.059,50000.000,0
20301,-1621.118,-3526.117,50000.000,-2271.059,-971.176,50000.000,0
20351,-2592.294,-6230.470,50000.000,-4355.353,-1845.235,50000.000,0
20401,-4056.529,-7941.235,50000.000,-7141.882,-2278.529,50000.000,0
20451,-4542.117,-6947.646,50000.000,-7022.353,-1426.882,50000.000,0
20501,-3989.294,-6701.117,50000.000,-6178.176,-2532.529,50000.000,0
20551,-3152.588,-6125.882,50000.000,-5595.470,-5408.706,50000.000,0
20601,-2696.882,-5842.000,50000.000,-5774.764,-5954.059,50000.000,0
20651,-3406.588,-4766.235,50000.000,-5573.059,-1292.412,50000.000,0
20701,-2173.941,-2562.412,50000.000,-3085.353,14.941,50000.000,0
20751,-1098.176,-1695.823,50000.000,-1718.235,97.118,50000.000,0
20801,-986.118,-1120.588,50000.000,-1613.647,7.471,50000.000,0
20851,-627.529,-1053.353,50000.000,-948.765,-44.824,50000.000,0
20901,-933.823,-2159.000,50000.000,-1516.529,-448.235,50000.000,0
20951,-1733.176,-2935.941,50000.000,-2973.294,-194.235,50000.000,0
21001,-2330.823,-3862.294,50000.000,-3683.000,-306.294,50000.000,0
21051,-2659.529,-5281.706,50000.000,-4362.823,-851.647,50000.000,0
21101,-2569.882,-4392.706,50000.000,-4549.588,-2390.588,50000.000,0
21151,-1830.294,-2248.647,50000.000,-3466.353,-3877.235,50000.000,0
21201,-1397.000,-2794.000,50000.000,-3137.647,-5065.059,50000.000,0
21251,-1060.823,-5132.294,50000.000,-3937.000,-7500.470,50000.000,0
21301,-2106.706,-5670.176,50000.000,-5401.235,-5341.470,50000.000,0
21351,-3346.823,-4975.412,50000.000,-5438.588,-1277.470,50000.000,0
21401,-3204.882,-4138.706,50000.000,-4818.529,605.118,50000.000,0
21451,-3018.117,-4191.000,50000.000,-4803.588,747.059,50000.000,0
21501,-3219.823,-6559.176,50000.000,-5087.470,-732.118,50000.000,0
21551,-2203.823,-5744.882,50000.000,-5236.882,-3018.117,50000.000,0
21601,-2159.000,-1464.235,50000.000,-3272.117,-2009.588,50000.000,0
21651,-1748.118,0.000,50000.000,-2226.235,-1292.412,50000.000,0
21701,-1718.235,-1651.000,50000.000,-2749.176,-216.647,50000.000,0
21751,-1516.529,-2226.235,50000.000,-2554.941,-530.412,50000.000,0
21801,-896.471,-1098.176,50000.000,-1509.059,-679.823,50000.000,0
21851,-179.294,-455.706,50000.000,-582.706,-1060.823,50000.000,0
21901,239.059,1143.000,50000.000,522.941,-358.588,50000.000,0
21951,1718.235,3563.470,50000.000,2973.294,-1016.000,50000.000,0
22001,2786.529,4071.470,50000.000,4303.059,-2218.765,50000.000,0
22051,3197.412,3488.764,50000.000,4870.823,-2405.529,50000.000,0
22101,4340.412,1389.529,50000.000,4661.647,-4310.529,50000.000,0
22151,2980.764,-1763.059,50000.000,2405.529,-3533.588,50000.000,0
22201,948.765,-3152.588,50000.000,89.647,-2226.235,50000.000,0
22251,-231.588,-4557.059,50000.000,-1546.412,-993.588,50000.000,0
22301,-209.176,-7164.293,50000.000,-2136.588,-2091.765,50000.000,0
22351,724.647,-6790.764,50000.000,-1172.882,-6402.293,50000.000,0
22401,1807.882,-4788.647,50000.000,-268.941,-9629.588,50000.000,0
22451,1501.588,-2046.941,50000.000,463.176,-9681.882,50000.000,0
22501,1426.882,-4273.176,50000.000,-149.412,-7776.882,50000.000,0
22551,-313.765,-5162.176,50000.000,-2226.235,-2002.118,50000.000,0
22601,-2286.000,-5147.235,50000.000,-3802.529,-194.235,50000.000,0
22651,-3294.529,-6970.059,50000.000,-5789.706,-164.353,50000.000,0
22701,-2569.882,-7717.117,50000.000,-6656.293,-2315.882,50000.000,0
22751,-1068.294,-4818.529,50000.000,-6028.764,-6521.823,50000.000,0
22801,-821.765,-1247.588,50000.000,-2950.882,-4161.117,50000.000,0
22851,-463.176,216.647,50000.000,-1060.823,-4713.941,50000.000,0
22901,463.176,-2472.765,50000.000,-1075.765,-8755.529,50000.000,0
22951,-328.706,-5774.764,50000.000,-3085.353,-5229.412,50000.000,0
23001,-2465.294,-4026.647,50000.000,-4116.294,-7.471,50000.000,0
23051,-2390.588,-3630.706,50000.000,-3526.117,283.882,50000.000,0
23101,-2644.588,-5827.059,50000.000,-4295.588,-246.529,50000.000,0
23151,-2024.529,-7552.764,50000.000,-5124.823,-2764.117,50000.000,0
23201,-1778.000,-5109.882,50000.000,-4661.647,-4594.412,50000.000,0
23251,-1329.765,-2256.117,50000.000,-2510.117,-3630.706,50000.000,0
23301,-283.882,-530.412,50000.000,-1120.588,-2256.117,50000.000,0
23351,366.059,-717.176,50000.000,-179.294,-3802.529,50000.000,0
23401,418.353,-672.353,50000.000,-261.471,-5266.764,50000.000,0
23451,627.529,-1822.823,50000.000,-313.765,-6379.882,50000.000,0
23501,0.000,-2988.235,50000.000,-1628.588,-3824.941,50000.000,0
23551,-508.000,-1113.118,50000.000,-1270.000,-425.823,50000.000,0
23601,-179.294,-261.471,50000.000,-373.529,-112.059,50000.000,0
23651,134.471,164.353,50000.000,134.471,-127.000,50000.000,0
23701,67.235,82.176,50000.000,381.000,-112.059,50000.000,0
23751,0.000,0.000,50000.000,52.294,-14.941,50000.000,0
23801,67.235,67.235,50000.000,231.588,-14.941,50000.000,0
23851,216.647,291.353,50000.000,373.529,-37.353,50000.000,0
23901,74.706,82.176,50000.000,186.765,-14.941,50000.000,0
23951,0.000,7.471,50000.000,0.000,-14.941,50000.000,0
24001,0.000,59.765,50000.000,0.000,7.471,50000.000,0
24051,0.000,29.882,50000.000,7.471,0.000,50000.000,0
24101,7.471,-14.941,50000.000,7.471,1673.412,50000.000,0
24151,0.000,0.000,50000.000,0.000,0.000,50000.000,0
24201,0.000,1673.412,50000.000,0.000,0.000,50000.000,0
24251,0.000,0.000,50000.000,0.000,7.471,50000.000,0
24301,0.000,29.882,50000.000,-7.471,0.000,50000.000,0
24351,0.000,0.000,50000.000,0.000,0.000,50000.000,0
24401,0.000,0.000,50000.000,0.000,-7.471,50000.000,0
24451,0.000,-7.471,50000.000,0.000,0.000,50000.000,0
24501,0.000,-7.471,50000.000,0.000,0.000,50000.000,0
24551,0.000,67.235,50000.000,-7.471,0.000,50000.000,0
24601,0.000,0.000,50000.000,0.000,0.000,50000.000,0
24651,0.000,-14.941,50000.000,7.471,7.471,50000.000,0
24701,0.000,-37.353,50000.000,0.000,0.000,50000.000,0
24751,0.000,7.471,50000.000,0.000,0.000,50000.000,0
24801,0.000,0.000,50000.000,0.000,0.000,50000.000,0
24851,0.000,0.000,50000.000,0.000,0.000,50000.000,0
24901,-7.471,-7.471,50000.000,0.000,0.000,50000.000,0
24951,0.000,-7.471,50000.000,0.000,7.471,50000.000,0
25001,0.000,0.000,50000.000,0.000,7.471,50000.000,0
25051,0.000,0.000,50000.000,0.000,0.000,50000.000,0
25101,0.000,-7.471,50000.000,0.000,0.000,50000.000,0
25151,-14.941,-52.294,50000.000,0.000,0.000,50000.000,0
25201,-7.471,52.294,50000.000,0.000,7.471,50000.000,0
25251,0.000,0.000,50000.000,0.000,0.000,50000.000,0
25301,-7.471,-22.412,50000.000,0.000,0.000,50000.000,0
25351,0.000,-44.824,50000.000,0.000,0.000,50000.000,0
25401,0.000,-29.882,50000.000,0.000,7.471,50000.000,0
25451,7.471,59.765,50000.000,0.000,0.000,50000.000,0
25501,0.000,-14.941,50000.000,0.000,0.000,50000.000,0
25551,0.000,-67.235,50000.000,0.000,0.000,50000.000,0
25601,0.000,-29.882,50000.000,0.000,0.000,50000.000,0
25651,-7.471,82.176,50000.000,-14.941,7.471,50000.000,0
25701,0.000,0.000,50000.000,0.000,0.000,50000.000,0
25751,0.000,-14.941,50000.000,0.000,0.000,50000.000,0
25801,0.000,-52.294,50000.000,0.000,-7.471,50000.000,0
25851,0.000,0.000,50000.000,-7.471,0.000,50000.000,0
25901,0.000,67.235,50000.000,-14.941,0.000,50000.000,0
25951,0.000,-7.471,50000.000,0.000,0.000,50000.000,0
26001,0.000,-22.412,50000.000,0.000,0.000,50000.000,0
26051,-7.471,-59.765,50000.000,0.000,-7.471,50000.000,0
26101,44.824,89.647,50000.000,-14.941,7.471,50000.000,0
26151,22.412,29.882,50000.000,0.000,0.000,50000.000,0
26201,0.000,-14.941,50000.000,0.000,0.000,50000.000,0
26251,0.000,-7.471,50000.000,0.000,0.000,50000.000,0
26301,0.000,-44.824,50000.000,0.000,0.000,50000.000,0
26351,0.000,59.765,50000.000,-14.941,0.000,50000.000,0
26401,0.000,7.471,50000.000,-5744.882,0.000,50000.000,0
26451,0.000,-14.941,50000.000,0.000,0.000,50000.000,0
26501,-7.471,-44.824,50000.000,0.000,0.000,50000.000,0
26551,0.000,14.941,50000.000,5737.411,0.000,50000.000,0
26601,0.000,52.294,50000.000,-7.471,0.000,50000.000,0
26651,0.000,-44.824,50000.000,-7.471,0.000,50000.000,0
26701,0.000,0.000,50000.000,0.000,0.000,50000.000,0
26751,0.000,0.000,50000.000,0.000,0.000,50000.000,0
26801,0.000,29.882,50000.000,0.000,13387.293,50000.000,0
26851,0.000,0.000,50000.000,0.000,-7.471,50000.000,0
26901,0.000,-29.882,50000.000,0.000,0.000,50000.000,0
26951,0.000,52.294,50000.000,0.000,0.000,50000.000,0
27001,7.471,149.412,50000.000,0.000,22.412,50000.000,0
27051,0.000,209.176,50000.000,52.294,89.647,50000.000,0
27101,0.000,0.000,50000.000,7.471,-22.412,50000.000,0
27151,-7.471,-89.647,50000.000,14.941,-29.882,50000.000,0
27201,-7.471,-231.588,50000.000,7.471,-156.882,50000.000,0
27251,82.176,313.765,50000.000,67.235,-82.176,50000.000,0
27301,283.882,306.294,50000.000,493.059,-291.353,50000.000,0
27351,82.176,127.000,50000.000,119.529,-82.176,50000.000,0
27401,0.000,0.000,50000.000,0.000,7.471,50000.000,0
27451,-112.059,-336.176,50000.000,-141.941,-29.882,50000.000,0
27501,-500.529,-844.176,50000.000,-926.353,-104.588,50000.000,0
27551,-590.176,-1135.529,50000.000,-1270.000,-321.235,50000.000,0
27601,-799.353,-1763.059,50000.000,-1456.765,-575.235,50000.000,0
27651,-649.941,-881.529,50000.000,-1382.059,-209.176,50000.000,0
27701,-156.882,-537.882,50000.000,-470.647,-440.765,50000.000,0
27751,-89.647,-552.823,50000.000,-552.823,-806.823,50000.000,0
27801,-261.471,-754.529,50000.000,-679.823,-508.000,50000.000,0
27851,-127.000,-246.529,50000.000,-231.588,-141.941,50000.000,0
27901,-104.588,-141.941,50000.000,-201.706,-59.765,50000.000,0
27951,-7.471,104.588,50000.000,-52.294,14.941,50000.000,0
28001,0.000,37.353,50000.000,0.000,29.882,50000.000,0
28051,-7.471,246.529,50000.000,14.941,283.882,50000.000,0
28101,0.000,403.412,50000.000,-104.588,194.235,50000.000,0
28151,-164.353,306.294,50000.000,-156.882,283.882,50000.000,0
28201,-201.706,112.059,50000.000,-67.235,410.882,50000.000,0
28251,-59.765,29.882,50000.000,0.000,268.941,50000.000,0
28301,-134.471,283.882,50000.000,-52.294,336.176,50000.000,0
28351,-410.882,552.823,50000.000,-59.765,1322.294,50000.000,0
28401,-485.588,388.471,50000.000,-82.176,963.706,50000.000,0
28451,-448.235,7.471,50000.000,-268.941,754.529,50000.000,0
28501,-470.647,-276.412,50000.000,-403.412,881.529,50000.000,0
28551,-112.059,14.941,50000.000,-59.765,373.529,50000.000,0
28601,-164.353,-171.824,50000.000,-127.000,171.824,50000.000,0
28651,-14.941,-283.882,50000.000,22.412,-7.471,50000.000,0
28701,29.882,44.824,50000.000,-14.941,-29.882,50000.000,0
28751,-14.941,239.059,50000.000,-52.294,-52.294,50000.000,0
28801,-14.941,52.294,50000.000,29.882,-89.647,50000.000,0
28851,0.000,-336.176,50000.000,37.353,-14.941,50000.000,0
28901,-22.412,-149.412,50000.000,29.882,-14.941,50000.000,0
28951,0.000,0.000,50000.000,-14.941,-37.353,50000.000,0
29001,22.412,-201.706,50000.000,14.941,-209.176,50000.000,0
29051,14.941,-59.765,50000.000,22.412,7.471,50000.000,0
29101,52.294,-463.176,50000.000,-14.941,-156.882,50000.000,0
29151,74.706,-493.059,50000.000,-52.294,59.765,50000.000,0
29201,-321.235,-1135.529,50000.000,-926.353,74.706,50000.000,0
29251,-1337.235,-2495.176,50000.000,-2413.000,-82.176,50000.000,0
29301,-2398.059,-6357.470,50000.000,-4303.059,-1225.176,50000.000,0
29351,-3615.764,-9450.294,50000.000,-6589.059,-1068.294,50000.000,0
29401,-2928.470,-9106.646,50000.000,-6962.588,-3309.470,50000.000,0
29451,-1270.000,-5184.588,50000.000,-4938.059,-6648.823,50000.000,0
29501,-1255.059,-5617.882,50000.000,-4108.823,-7276.353,50000.000,0
29551,-2203.823,-8591.176,50000.000,-6559.176,-6977.529,50000.000,0
29601,-4064.000,-8792.882,50000.000,-7702.176,-1583.765,50000.000,0
29651,-4713.941,-8367.059,50000.000,-7194.176,2061.882,50000.000,0
29701,-4198.470,-8770.470,50000.000,-6955.117,-1568.823,50000.000,0
29751,-3242.235,-6850.529,50000.000,-6999.941,-5797.176,50000.000,0
29801,-2913.529,-6125.882,50000.000,-5812.117,-7119.470,50000.000,0
29851,-3309.470,-9517.528,50000.000,-7067.176,-7933.764,50000.000,0
29901,-5139.764,-8762.999,50000.000,-9315.823,-1927.412,50000.000,0
29951,-5057.588,-6798.235,50000.000,-8546.353,1382.059,50000.000,0
30001,-4482.353,-9173.882,50000.000,-8322.234,-2069.353,50000.000,0
30051,-4489.823,-9248.588,50000.000,-9099.176,-5595.470,50000.000,0
30101,-4482.353,-7963.646,50000.000,-7918.823,-6163.235,50000.000,0
30151,-4101.353,-8060.764,50000.000,-8307.294,-5909.235,50000.000,0
30201,-4893.235,-6521.823,50000.000,-8643.470,82.176,50000.000,0
30251,-4220.882,-5109.882,50000.000,-6066.117,2009.588,50000.000,0
30301,-3608.294,-5431.117,50000.000,-5565.588,194.235,50000.000,0
30351,-3757.706,-7082.117,50000.000,-6021.294,-1553.882,50000.000,0
30401,-3488.764,-5363.882,50000.000,-6335.059,-3369.235,50000.000,0
30451,-3242.235,-2988.235,50000.000,-5221.941,-2637.117,50000.000,0
30501,-2734.235,-844.176,50000.000,-4332.941,-2786.529,50000.000,0
30551,-2300.941,-1770.529,50000.000,-3765.176,-4265.706,50000.000,1
30601,-2659.529,-3914.588,50000.000,-5207.000,-4273.176,50000.000,1
30651,-2764.117,-3541.059,50000.000,-5901.764,-2144.059,50000.000,0
30701,-3645.647,-2517.588,50000.000,-5117.353,762.000,50000.000,0
30751,-3668.059,-2390.588,50000.000,-4445.000,1083.235,50000.000,0
30801,-2846.294,-2808.941,50000.000,-5192.059,-89.647,50000.000,0
30851,-1718.235,-1165.412,50000.000,-4923.117,-1516.529,50000.000,0
30901,-3160.059,-1314.823,50000.000,-3832.412,-209.176,50000.000,0
30951,-2988.235,-1718.235,50000.000,-3705.412,-336.176,50000.000,0
31001,-2226.235,-2480.235,50000.000,-3877.235,-2315.882,50000.000,0
31051,-1314.823,-1471.706,50000.000,-4131.235,-2233.706,50000.000,0
31101,-2315.882,-1658.470,50000.000,-3854.823,-814.294,50000.000,0
31151,-896.471,-448.235,50000.000,-3458.882,410.882,50000.000,0
31201,-351.118,164.353,50000.000,-2278.529,575.235,50000.000,0
31251,-993.588,829.235,50000.000,-1232.647,89.647,50000.000,0
31301,-478.118,336.176,50000.000,-911.412,-1232.647,50000.000,0
31351,-1045.882,67.235,50000.000,-1598.706,-799.353,50000.000,0
31401,-664.882,448.235,50000.000,-560.294,552.823,50000.000,0
31451,261.471,1322.294,50000.000,1270.000,306.294,50000.000,0
31501,1262.529,582.706,50000.000,1411.941,-1337.235,50000.000,0
31551,1643.529,-2353.235,50000.000,358.588,-2846.294,50000.000,0
31601,2450.353,-4086.411,50000.000,500.529,-5617.882,50000.000,0
31651,2442.882,-1479.176,50000.000,948.765,-7926.293,50000.000,0
31701,2540.000,-127.000,50000.000,2173.941,-8023.411,50000.000,0
31751,2039.470,-4347.882,50000.000,776.941,-4639.235,50000.000,0
31801,-717.176,-4900.706,50000.000,-2076.823,268.941,50000.000,0
31851,-2637.117,-5886.823,50000.000,-3787.588,2032.000,50000.000,0
31901,-2039.470,-7433.235,50000.000,-4594.412,-635.000,50000.000,0
31951,-373.529,-9495.117,50000.000,-4213.412,-5670.176,50000.000,0
32001,37.353,-5856.941,50000.000,-3264.647,-9891.059,50000.000,0
32051,560.294,-2921.000,50000.000,-844.176,-9562.353,50000.000,0
32101,201.706,-5162.176,50000.000,-1441.823,-4975.412,50000.000,0
32151,-1501.588,-4273.176,50000.000,-3593.353,-754.529,50000.000,0
32201,-2099.235,-1860.176,50000.000,-3227.294,1636.059,50000.000,0
32251,-2046.941,-2323.353,50000.000,-2950.882,933.823,50000.000,0
32301,-1822.823,-1673.412,50000.000,-2853.764,-239.059,50000.000,0
32351,-866.588,-971.176,50000.000,-2308.412,-717.176,50000.000,0
32401,-1187.823,-1778.000,50000.000,-2151.529,-1284.941,50000.000,0
32451,-1232.647,-1128.059,50000.000,-1927.412,-403.412,50000.000,0
32501,-530.412,657.412,50000.000,-463.176,44.824,50000.000,0
32551,-156.882,306.294,50000.000,-22.412,-216.647,50000.000,0
32601,-97.118,-276.412,50000.000,-179.294,-567.765,50000.000,0
32651,-612.588,-896.471,50000.000,-1060.823,-44.824,50000.000,0
32701,-1023.471,-1591.235,50000.000,-1688.353,7.471,50000.000,0
32751,-1187.823,-1613.647,50000.000,-1882.588,216.647,50000.000,0
32801,-724.647,-2465.294,50000.000,-1815.353,-1509.059,50000.000,0
32851,-933.823,-1232.647,50000.000,-1710.765,-732.118,50000.000,0
32901,-246.529,-298.824,50000.000,-351.118,-754.529,50000.000,0
32951,-134.471,-366.059,50000.000,-552.823,-1538.941,50000.000,0
33001,-246.529,-366.059,50000.000,-724.647,-1225.176,50000.000,0
33051,179.294,-463.176,50000.000,-82.176,-1651.000,50000.000,0
33101,291.353,-231.588,50000.000,201.706,-1292.412,50000.000,0
33151,433.294,530.412,50000.000,515.471,-552.823,50000.000,0
33201,859.118,493.059,50000.000,1060.823,-859.118,50000.000,0
33251,881.529,246.529,50000.000,941.294,-881.529,50000.000,0
33301,874.059,-530.412,50000.000,739.588,-2017.059,50000.000,0
33351,956.235,-1352.176,50000.000,336.176,-2846.294,50000.000,0
33401,381.000,-844.176,50000.000,-22.412,-1195.294,50000.000,0
33451,29.882,-7.471,50000.000,29.882,29.882,50000.000,0
33501,-37.353,-22.412,50000.000,-67.235,-112.059,50000.000,0
33551,-186.765,-612.588,50000.000,-351.118,-395.941,50000.000,0
33601,-590.176,-732.118,50000.000,-933.823,134.471,50000.000,0
33651,-649.941,-612.588,50000.000,-941.294,351.118,50000.000,0
33701,-575.235,-612.588,50000.000,-717.176,283.882,50000.000,0
33751,-381.000,-321.235,50000.000,-530.412,209.176,50000.000,0
33801,-351.118,-261.471,50000.000,-425.823,254.000,50000.000,0
33851,-381.000,-239.059,50000.000,-493.059,388.471,50000.000,0
33901,-545.353,-627.529,50000.000,-791.882,470.647,50000.000,0
33951,-769.471,-762.000,50000.000,-1060.823,560.294,50000.000,0
34001,-889.000,-911.412,50000.000,-1202.765,627.529,50000.000,0
34051,-1225.176,-948.765,50000.000,-1658.470,874.059,50000.000,0
34101,-1128.059,-1098.176,50000.000,-1322.294,963.706,50000.000,0
34151,-791.882,-1075.765,50000.000,-956.235,239.059,50000.000,0
34201,-672.353,306.294,50000.000,-1329.765,-1352.176,50000.000,0
34251,-545.353,-14.941,50000.000,-537.882,776.941,50000.000,0
34301,-620.059,-575.235,50000.000,-1464.235,1202.765,50000.000,0
34351,-1553.882,-1344.706,50000.000,-2218.765,1187.823,50000.000,0
34401,-1830.294,-1419.412,50000.000,-2248.647,1277.470,50000.000,0
34451,-1830.294,-1374.588,50000.000,-2226.235,1172.882,50000.000,0
34501,-1673.412,-1337.235,50000.000,-2271.059,1165.412,50000.000,0
34551,-1733.176,-1307.353,50000.000,-2286.000,1053.353,50000.000,0
34601,-1695.823,-1098.176,50000.000,-2345.765,791.882,50000.000,0
34651,-1695.823,-1389.529,50000.000,-2069.353,642.471,50000.000,0
34701,-1449.294,-963.706,50000.000,-1785.470,522.941,50000.000,0
34751,-1337.235,-552.823,50000.000,-1673.412,455.706,50000.000,0
34801,-1397.000,-313.765,50000.000,-1636.059,358.588,50000.000,0
34851,-1247.588,-209.176,50000.000,-1748.118,366.059,50000.000,0
34901,-1270.000,-268.941,50000.000,-1987.176,336.176,50000.000,0
34951,-1546.412,-336.176,50000.000,-2233.706,254.000,50000.000,0
35001,-2017.059,-410.882,50000.000,-2278.529,410.882,50000.000,0
35051,-1471.706,-425.823,50000.000,-2607.235,493.059,50000.000,0
35101,-1665.941,-373.529,50000.000,-2794.000,627.529,50000.000,0
35151,-1486.647,-358.588,50000.000,-3048.000,747.059,50000.000,0
35201,-2487.706,-1165.412,50000.000,-3227.294,694.765,50000.000,0
35251,-2487.706,-1187.823,50000.000,-3062.941,1045.882,50000.000,0
35301,-2689.412,-776.941,50000.000,-3092.823,1030.941,50000.000,0
35351,-2764.117,-1030.941,50000.000,-3219.823,762.000,50000.000,0
35401,-2764.117,-1307.353,50000.000,-3361.764,635.000,50000.000,0
35451,-2495.176,-754.529,50000.000,-3100.294,926.353,50000.000,0
35501,-2569.882,-769.471,50000.000,-2771.588,933.823,50000.000,0
35551,-1740.647,-575.235,50000.000,-3040.529,1075.765,50000.000,0
35601,-2106.706,-791.882,50000.000,-3062.941,1187.823,50000.000,0
35651,-2510.117,-1344.706,50000.000,-2659.529,1165.412,50000.000,0
35701,-2472.765,-1583.765,50000.000,-2838.823,627.529,50000.000,0
35751,-2151.529,-1195.294,50000.000,-2652.059,97.118,50000.000,0
35801,-1710.765,-836.706,50000.000,-2203.823,-440.765,50000.000,0
35851,-1128.059,-261.471,50000.000,-1651.000,-702.235,50000.000,0
35901,-343.647,104.588,50000.000,-1008.529,-89.647,50000.000,0
35951,-171.824,-37.353,50000.000,-627.529,-179.294,50000.000,0
36001,-74.706,-14.941,50000.000,-522.941,-14.941,50000.000,0
36051,-104.588,-97.118,50000.000,-418.353,209.176,50000.000,0
36101,-156.882,-261.471,50000.000,-156.882,37.353,50000.000,0
36151,-7.471,-313.765,50000.000,-119.529,-141.941,50000.000,0
36201,-74.706,59.765,50000.000,-156.882,97.118,50000.000,0
36251,0.000,14.941,50000.000,7.471,-82.176,50000.000,0
36301,74.706,52.294,50000.000,119.529,-127.000,50000.000,0
36351,29.882,112.059,50000.000,59.765,59.765,50000.000,0
36401,-67.235,-59.765,50000.000,-97.118,59.765,50000.000,0
36451,-276.412,-224.118,50000.000,-283.882,224.118,50000.000,0
36501,-455.706,-298.824,50000.000,-485.588,433.294,50000.000,0
36551,-575.235,-395.941,50000.000,-590.176,268.941,50000.000,0
36601,-537.882,-149.412,50000.000,-717.176,201.706,50000.000,0
36651,-560.294,-59.765,50000.000,-679.823,209.176,50000.000,0
36701,-694.765,-164.353,50000.000,-709.706,373.529,50000.000,0
36751,-724.647,-186.765,50000.000,-829.235,552.823,50000.000,0
36801,-612.588,-14.941,50000.000,-702.235,164.353,50000.000,0
36851,-410.882,-44.824,50000.000,-597.647,-164.353,50000.000,0
36901,-410.882,-82.176,50000.000,-605.118,7.471,50000.000,0
36951,-283.882,-74.706,50000.000,-627.529,276.412,50000.000,0
37001,-351.118,-112.059,50000.000,-575.235,410.882,50000.000,0
37051,-455.706,-231.588,50000.000,-463.176,321.235,50000.000,0
37101,-358.588,-209.176,50000.000,-381.000,149.412,50000.000,0
37151,-283.882,-239.059,50000.000,-321.235,149.412,50000.000,0
37201,-201.706,-112.059,50000.000,-156.882,52.294,50000.000,0
37251,-112.059,7.471,50000.000,-127.000,112.059,50000.000,0
37301,-89.647,-127.000,50000.000,-89.647,97.118,50000.000,0
37351,-201.706,-239.059,50000.000,-149.412,37.353,50000.000,0
37401,-141.941,-283.882,50000.000,-239.059,-127.000,50000.000,0
37451,-44.824,-254.000,50000.000,-112.059,-328.706,50000.000,0
37501,22.412,97.118,50000.000,59.765,-29.882,50000.000,0
37551,59.765,112.059,50000.000,97.118,-14.941,50000.000,0
37601,37.353,-22.412,50000.000,0.000,-52.294,50000.000,0
37651,-97.118,-67.235,50000.000,-141.941,22.412,50000.000,0
37701,-119.529,-156.882,50000.000,-216.647,-29.882,50000.000,0
37751,67.235,-52.294,50000.000,-29.882,-224.118,50000.000,0
37801,37.353,194.235,50000.000,14.941,14.941,50000.000,0
37851,-29.882,59.765,50000.000,0.000,112.059,50000.000,0
37901,-141.941,-171.824,50000.000,-127.000,171.824,50000.000,0
37951,-179.294,-82.176,50000.000,-194.235,104.588,50000.000,0
38001,-119.529,-59.765,50000.000,-112.059,-14.941,50000.000,0
38051,37.353,-82.176,50000.000,44.824,-209.176,50000.000,0
38101,149.412,82.176,50000.000,112.059,-164.353,50000.000,0
38151,82.176,156.882,50000.000,134.471,-74.706,50000.000,0
38201,141.941,97.118,50000.000,171.824,-149.412,50000.000,0
38251,141.941,89.647,50000.000,164.353,-141.941,50000.000,0
38301,67.235,97.118,50000.000,52.294,-37.353,50000.000,0
38351,29.882,22.412,50000.000,29.882,-67.235,50000.000,0
38401,-7.471,0.000,50000.000,-7.471,14.941,50000.000,0
38451,-156.882,-104.588,50000.000,-82.176,194.235,50000.000,0
38501,-343.647,-186.765,50000.000,-283.882,276.412,50000.000,0
38551,-373.529,-291.353,50000.000,-455.706,298.824,50000.000,0
38601,-463.176,-276.412,50000.000,-485.588,82.176,50000.000,0
38651,-268.941,-164.353,50000.000,-388.471,-7.471,50000.000,0
38701,-201.706,-14.941,50000.000,-246.529,7.471,50000.000,0
38751,-276.412,-37.353,50000.000,-254.000,89.647,50000.000,0
38801,-239.059,-134.471,50000.000,-291.353,156.882,50000.000,0
38851,-254.000,-119.529,50000.000,-268.941,179.294,50000.000,0
38901,-231.588,-119.529,50000.000,-254.000,0.000,50000.000,0
38951,-59.765,-52.294,50000.000,-74.706,-239.059,50000.000,0
39001,0.000,134.471,50000.000,14.941,-89.647,50000.000,0
39051,29.882,37.353,50000.000,29.882,-37.353,50000.000,0
39101,-29.882,-67.235,50000.000,-29.882,-29.882,50000.000,0
39151,-82.176,-37.353,50000.000,-44.824,0.000,50000.000,0
39201,-52.294,-29.882,50000.000,-74.706,-44.824,50000.000,0
39251,216.647,-22.412,50000.000,112.059,-321.235,50000.000,0
39301,373.529,209.176,50000.000,470.647,-366.059,50000.000,0
39351,336.176,291.353,50000.000,395.941,-104.588,50000.000,0
39401,127.000,-44.824,50000.000,149.412,22.412,50000.000,0
39451,-7.471,-321.235,50000.000,7.471,37.353,50000.000,0
39501,0.000,-22.412,50000.000,89.647,67.235,50000.000,0
39551,7.471,14.941,50000.000,194.235,-112.059,50000.000,0
39601,82.176,14.941,50000.000,351.118,-425.823,50000.000,0
39651,149.412,112.059,50000.000,268.941,-224.118,50000.000,0
39701,186.765,127.000,50000.000,239.059,-179.294,50000.000,0
39751,209.176,134.471,50000.000,351.118,-164.353,50000.000,0
39801,164.353,171.824,50000.000,224.118,89.647,50000.000,0
39851,-22.412,-44.824,50000.000,-14.941,336.176,50000.000,0
39901,-246.529,209.176,50000.000,-127.000,926.353,50000.000,0
39951,-164.353,-149.412,50000.000,-141.941,44.824,50000.000,0
40001,164.353,-127.000,50000.000,-74.706,-381.000,50000.000,0
40051,209.176,-29.882,50000.000,37.353,-478.118,50000.000,0
40101,298.824,149.412,50000.000,306.294,-306.294,50000.000,0
40151,291.353,127.000,50000.000,306.294,-358.588,50000.000,0
40201,373.529,7.471,50000.000,313.765,-395.941,50000.000,0
40251,291.353,52.294,50000.000,321.235,-52.294,50000.000,0
40301,82.176,37.353,50000.000,164.353,268.941,50000.000,0
40351,-89.647,67.235,50000.000,-29.882,403.412,50000.000,0
40401,-268.941,-119.529,50000.000,-171.824,373.529,50000.000,0
40451,-254.000,-254.000,50000.000,-313.765,186.765,50000.000,0
40501,-104.588,-112.059,50000.000,-149.412,-89.647,50000.000,0
40551,164.353,224.118,50000.000,186.765,-313.765,50000.000,0
40601,179.294,313.765,50000.000,351.118,-224.118,50000.000,0
40651,358.588,351.118,50000.000,440.765,-388.471,50000.000,0
40701,776.941,478.118,50000.000,799.353,-717.176,50000.000,0
40751,1016.000,664.882,50000.000,1068.294,-649.941,50000.000,0
40801,627.529,799.353,50000.000,956.235,89.647,50000.000,0
40851,-7.471,582.706,50000.000,209.176,1210.235,50000.000,0
40901,-22.412,-186.765,50000.000,112.059,448.235,50000.000,0
40951,627.529,-67.235,50000.000,351.118,-612.588,50000.000,0
41001,903.941,829.235,50000.000,1090.706,-328.706,50000.000,0
41051,1329.765,1187.823,50000.000,1509.059,-769.471,50000.000,0
41101,1426.882,1016.000,50000.000,1486.647,-889.000,50000.000,0
41151,1105.647,851.647,50000.000,1225.176,-358.588,50000.000,0
41201,1202.765,127.000,50000.000,1210.235,-814.294,50000.000,0
41251,933.823,0.000,50000.000,1030.941,-268.941,50000.000,0
41301,851.647,-37.353,50000.000,799.353,-194.235,50000.000,0
41351,799.353,254.000,50000.000,806.823,67.235,50000.000,0
41401,537.882,321.235,50000.000,687.294,156.882,50000.000,0
41451,-29.882,-112.059,50000.000,82.176,694.765,50000.000,0
41501,-403.412,-1068.294,50000.000,-567.765,784.412,50000.000,0
41551,-89.647,-694.765,50000.000,-597.647,702.235,50000.000,0
41601,14.941,485.588,50000.000,343.647,515.471,50000.000,0
41651,261.471,732.118,50000.000,351.118,-575.235,50000.000,0
41701,-381.000,0.000,50000.000,-552.823,-179.294,50000.000,0
41751,-1329.765,-881.529,50000.000,-1352.176,679.823,50000.000,0
41801,-1897.529,-1449.294,50000.000,-2263.588,1426.882,50000.000,0
41851,-1890.059,-1553.882,50000.000,-2532.529,1352.176,50000.000,0
41901,-1411.941,-620.059,50000.000,-1912.470,694.765,50000.000,0
41951,-806.823,254.000,50000.000,-1210.235,-29.882,50000.000,0
42001,-784.412,82.176,50000.000,-948.765,-306.294,50000.000,0
42051,-799.353,-134.471,50000.000,-948.765,44.824,50000.000,0
42101,-657.412,-463.176,50000.000,-874.059,186.765,50000.000,0
42151,-612.588,-687.294,50000.000,-724.647,52.294,50000.000,0
42201,-433.294,-754.529,50000.000,-620.059,-642.471,50000.000,0
42251,-313.765,-186.765,50000.000,-620.059,-224.118,50000.000,0
42301,-268.941,141.941,50000.000,-388.471,149.412,50000.000,0
42351,-141.941,-52.294,50000.000,-224.118,-164.353,50000.000,0
42401,-194.235,-74.706,50000.000,-306.294,-44.824,50000.000,0
42451,-231.588,-52.294,50000.000,-224.118,-67.235,50000.000,0
42501,0.000,0.000,50000.000,0.000,-388.471,50000.000,0
42551,82.176,209.176,50000.000,67.235,-231.588,50000.000,0
42601,156.882,261.471,50000.000,224.118,-239.059,50000.000,0
42651,179.294,119.529,50000.000,209.176,-306.294,50000.000,0
42701,186.765,-44.824,50000.000,149.412,-246.529,50000.000,0
42751,67.235,29.882,50000.000,44.824,-74.706,50000.000,0
42801,-7.471,-7.471,50000.000,-22.412,7.471,50000.000,0
42851,-37.353,-112.059,50000.000,-119.529,29.882,50000.000,0
42901,-119.529,-164.353,50000.000,-171.824,14.941,50000.000,0
42951,-67.235,-37.353,50000.000,-97.118,-141.941,50000.000,0
43001,134.471,156.882,50000.000,67.235,-306.294,50000.000,0
43051,224.118,283.882,50000.000,231.588,-209.176,50000.000,0
43101,119.529,119.529,50000.000,164.353,-37.353,50000.000,0
43151,22.412,-59.765,50000.000,-29.882,104.588,50000.000,0
43201,-149.412,-134.471,50000.000,-268.941,328.706,50000.000,0
43251,-276.412,-216.647,50000.000,-366.059,179.294,50000.000,0
43301,-209.176,-209.176,50000.000,-231.588,22.412,50000.000,0
43351,-89.647,-37.353,50000.000,-149.412,14.941,50000.000,0
43401,-149.412,-7.471,50000.000,-201.706,97.118,50000.000,0
43451,-119.529,-59.765,50000.000,-112.059,82.176,50000.000,0
43501,-104.588,-112.059,50000.000,-89.647,44.824,50000.000,0
43551,-104.588,-97.118,50000.000,-201.706,134.471,50000.000,0
43601,-7.471,-7.471,50000.000,-119.529,22.412,50000.000,0
43651,-7.471,-7.471,50000.000,-141.941,89.647,50000.000,0
43701,-231.588,-44.824,50000.000,-246.529,141.941,50000.000,0
43751,-410.882,-97.118,50000.000,-321.235,321.235,50000.000,0
43801,-328.706,-156.882,50000.000,-336.176,254.000,50000.000,0
43851,-283.882,-104.588,50000.000,-395.941,141.941,50000.000,0
43901,-119.529,-59.765,50000.000,-156.882,-164.353,50000.000,0
43951,82.176,112.059,50000.000,119.529,-231.588,50000.000,0
44001,97.118,127.000,50000.000,141.941,-82.176,50000.000,0
44051,0.000,-7.471,50000.000,67.235,-97.118,50000.000,0
44101,74.706,59.765,50000.000,82.176,0.000,50000.000,0
44151,0.000,-82.176,50000.000,0.000,0.000,50000.000,0
44201,0.000,-104.588,50000.000,-14.941,-149.412,50000.000,0
44251,254.000,224.118,50000.000,291.353,-321.235,50000.000,0
44301,395.941,478.118,50000.000,493.059,-134.471,50000.000,0
44351,268.941,37.353,50000.000,373.529,-67.235,50000.000,0
44401,141.941,-141.941,50000.000,171.824,-74.706,50000.000,0
44451,7.471,0.000,50000.000,209.176,156.882,50000.000,0
44501,0.000,0.000,50000.000,97.118,164.353,50000.000,0
44551,59.765,-29.882,50000.000,44.824,-29.882,50000.000,0
44601,351.118,112.059,50000.000,313.765,-268.941,50000.000,0
44651,343.647,373.529,50000.000,530.412,-119.529,50000.000,0
44701,358.588,82.176,50000.000,418.353,-179.294,50000.000,0
44751,381.000,74.706,50000.000,470.647,-231.588,50000.000,0
44801,545.353,381.000,50000.000,582.706,-67.235,50000.000,0
44851,530.412,433.294,50000.000,694.765,89.647,50000.000,0
44901,485.588,597.647,50000.000,635.000,373.529,50000.000,0
44951,515.471,605.118,50000.000,747.059,306.294,50000.000,0
45001,911.412,754.529,50000.000,1180.353,-127.000,50000.000,0
45051,1449.294,1202.765,50000.000,1927.412,-844.176,50000.000,0
45101,1822.823,1449.294,50000.000,2203.823,-896.471,50000.000,0
45151,1942.353,1247.588,50000.000,2188.882,-373.529,50000.000,0
45201,2091.765,926.353,50000.000,2226.235,-209.176,50000.000,0
45251,2159.000,627.529,50000.000,2786.529,-552.823,50000.000,0
45301,2823.882,1030.941,50000.000,3473.823,-612.588,50000.000,0
45351,3160.059,971.176,50000.000,3862.294,-747.059,50000.000,0
45401,3025.588,836.706,50000.000,3578.412,-455.706,50000.000,0
45451,2921.000,530.412,50000.000,3361.764,-448.235,50000.000,0
45501,2980.764,261.471,50000.000,3496.235,-515.471,50000.000,0
45551,2794.000,463.176,50000.000,3623.235,-112.059,50000.000,0
45601,2876.176,-7.471,50000.000,3219.823,-582.706,50000.000,0
45651,2674.470,59.765,50000.000,2846.294,-313.765,50000.000,0
45701,2263.588,74.706,50000.000,2547.470,-403.412,50000.000,0
45751,1815.353,14.941,50000.000,1919.941,-366.059,50000.000,0
45801,1232.647,-186.765,50000.000,1367.118,-298.824,50000.000,0
45851,635.000,-171.824,50000.000,933.823,702.235,50000.000,0
45901,560.294,-971.176,50000.000,440.765,141.941,50000.000,0
45951,410.882,-82.176,50000.000,336.176,851.647,50000.000,0
46001,-156.882,104.588,50000.000,0.000,918.882,50000.000,0
46051,-590.176,67.235,50000.000,-552.823,1292.412,50000.000,0
46101,-1299.882,37.353,50000.000,-1232.647,2256.117,50000.000,0
46151,-1665.941,-119.529,50000.000,-1494.118,2121.647,50000.000,0
46201,-1651.000,-1075.765,50000.000,-2017.059,1016.000,50000.000,0
46251,-1329.765,-1382.059,50000.000,-2263.588,-231.588,50000.000,0
46301,-1494.118,-14.941,50000.000,-1755.588,-500.529,50000.000,0
46351,-1576.294,971.176,50000.000,-1621.118,-358.588,50000.000,0
46401,-1524.000,186.765,50000.000,-1807.882,-1621.118,50000.000,0
46451,-1486.647,149.412,50000.000,-2398.059,-1606.176,50000.000,0
46501,-2032.000,37.353,50000.000,-2487.706,-679.823,50000.000,0
46551,-2353.235,-89.647,50000.000,-2771.588,-37.353,50000.000,0
46601,-1680.882,-97.118,50000.000,-2562.412,321.235,50002.000,0
46651,-1449.294,463.176,50000.000,-1785.470,889.000,50000.000,0
46701,-381.000,1725.706,50000.000,82.176,156.882,50000.000,0
46751,1845.235,2338.294,50000.000,2308.412,-1987.176,50000.000,0
46801,3145.117,2330.823,50000.000,3817.470,-2540.000,50000.000,0
46851,3951.941,2002.118,50000.000,4422.588,-2114.176,50000.000,0
46901,3578.412,664.882,50000.000,4011.706,-911.412,50000.000,0
46951,3130.176,-343.647,50000.000,3727.823,7.471,50000.000,0
47001,3077.882,-2136.588,50000.000,2846.294,-343.647,50000.000,0
47051,2771.588,-3249.706,50000.000,2263.588,-463.176,50000.000,0
47101,2801.470,-3473.823,50000.000,2749.176,-2099.235,50000.000,0
47151,3697.941,-3294.529,50000.000,3272.117,-6155.764,50000.000,0
47201,5027.706,-1785.470,50000.000,4153.647,-8621.059,50000.000,0
47251,4908.176,194.235,50000.000,4826.000,-6663.764,50000.000,0
47301,3974.353,-567.765,50000.000,4034.117,-3929.529,50000.000,0
47351,2368.176,-1202.765,50000.000,2114.176,-1538.941,50000.000,0
47401,799.353,-1583.765,50000.000,433.294,-201.706,50000.000,0
47451,1016.000,-1852.706,50000.000,612.588,-844.176,50000.000,0
47501,1643.529,-2442.882,50000.000,1113.118,-3279.588,50000.000,0
47551,2749.176,-4146.176,50000.000,1725.706,-5729.941,50000.000,0
47601,2921.000,-4123.765,50000.000,1703.294,-4960.470,50000.000,0
47651,1875.118,-1128.059,50000.000,1770.529,-3092.823,50000.000,0
47701,1277.470,1045.882,50000.000,1725.706,-2562.412,50000.000,0
47751,1262.529,1516.529,50000.000,1792.941,-2159.000,50000.000,0
47801,1628.588,-201.706,50000.000,1665.941,-4415.117,50000.000,0
47851,2114.176,-2734.235,50000.000,545.353,-8322.234,50000.000,0
47901,1322.294,-3862.294,50000.000,-156.882,-6215.529,50000.000,0
47951,0.000,-3025.588,50000.000,-1068.294,-2121.647,50000.000,0
48001,-552.823,-2286.000,50000.000,-1531.470,-769.471,50000.000,0
48051,-657.412,-2084.294,50000.000,-1404.470,-799.353,50000.000,0
48101,156.882,-1307.353,50000.000,-493.059,-2681.941,50000.000,0
48151,642.471,-799.353,50000.000,104.588,-2584.823,50000.000,0
48201,22.412,-321.235,50000.000,-201.706,-754.529,50000.000,0
48251,-29.882,-246.529,50000.000,-149.412,-336.176,50000.000,0
48301,276.412,-104.588,50000.000,283.882,-545.353,50000.000,0
48351,687.294,-74.706,50000.000,664.882,-1150.470,50000.000,0
48401,1247.588,-82.176,50000.000,1128.059,-1740.647,50000.000,0
48451,1710.765,-1538.941,50000.000,1367.118,-3316.941,50000.000,0
48501,1419.412,-1987.176,50000.000,470.647,-4168.588,50000.000,0
48551,784.412,209.176,50000.000,709.706,-1987.176,50000.000,0
48601,1240.118,1075.765,50000.000,1591.235,-1680.882,50000.000,0
48651,1240.118,1217.706,50000.000,1426.882,-2024.529,50000.000,0
48701,1658.470,1098.176,50000.000,1987.176,-3578.412,50000.000,0
48751,2495.176,-1143.000,50000.000,1538.941,-7478.058,50000.000,0
48801,2383.117,-3137.647,50000.000,1008.529,-7112.000,50000.000,0
48851,1613.647,-3219.823,50000.000,657.412,-3585.882,50000.000,0
48901,0.000,-2562.412,50000.000,-769.471,-709.706,50000.000,0
48951,-500.529,-2950.882,50000.000,-1845.235,-328.706,50000.000,0
49001,-261.471,-3996.764,50000.000,-2099.235,-2457.823,50000.000,0
49051,14.941,-3615.764,50000.000,-1247.588,-3810.000,50000.000,0
49101,52.294,-1890.059,50002.000,-545.353,-3212.353,50000.000,1
49151,-37.353,239.059,49999.000,-268.941,-2046.941,49999.000,1
49201,373.529,866.588,49999.000,672.353,-1053.353,49999.000,0
49251,500.529,918.882,50000.000,657.412,-903.941,50000.000,0
49301,1008.529,276.412,50000.000,1232.647,-1905.000,50000.000,0
49351,1598.706,-821.765,50000.000,1404.470,-2883.647,50000.000,0
49401,747.059,-657.412,50000.000,515.471,-1202.765,50000.000,0
49451,-134.471,-530.412,50000.000,-410.882,-268.941,50000.000,0
49501,-866.588,-1247.588,50000.000,-1344.706,440.765,50000.000,0
49551,-1464.235,-2510.117,50000.000,-2032.000,74.706,50000.000,0
49601,-2129.117,-3951.941,50000.000,-3249.706,14.941,50000.000,0
49651,-2226.235,-5266.764,50000.000,-4235.823,-889.000,50000.000,0
49701,-2577.353,-6208.059,50000.000,-5251.823,-1262.529,50000.000,0
49751,-3062.941,-4758.764,50000.000,-5490.882,814.294,50000.000,0
49801,-2226.235,-3048.000,50000.000,-3996.764,1001.059,50000.000,0
49851,-971.176,-1426.882,50000.000,-1658.470,358.588,50000.000,0
49901,-29.882,-186.765,50000.000,-22.412,22.412,50000.000,0
49951,89.647,-328.706,50000.000,209.176,-156.882,50000.000,0
50001,-82.176,104.588,50000.000,-141.941,112.059,50000.000,0
50051,22.412,358.588,50000.000,261.471,-7.471,50000.000,0
50101,97.118,186.765,50000.000,254.000,14.941,50000.000,0
50151,112.059,164.353,50000.000,276.412,-37.353,50000.000,0
50201,395.941,283.882,50000.000,694.765,-209.176,50000.000,0
50251,582.706,313.765,50000.000,791.882,-440.765,50000.000,0
50301,859.118,82.176,50000.000,851.647,-1255.059,50000.000,0
50351,620.059,418.353,50000.000,791.882,-717.176,50000.000,0
50401,186.765,328.706,50000.000,313.765,-82.176,50000.000,0
50451,0.000,7.471,50000.000,-74.706,44.824,50000.000,0
50501,-37.353,-224.118,50000.000,-89.647,-59.765,50000.000,0
50551,-254.000,-328.706,50000.000,-515.471,141.941,50000.000,0
50601,-97.118,67.235,50000.000,-388.471,171.824,50000.000,0
50651,276.412,530.412,50000.000,575.235,-119.529,50000.000,0
50701,500.529,515.471,50000.000,1277.470,-425.823,50000.000,0
50751,933.823,709.706,50000.000,1210.235,-500.529,50000.000,0
50801,395.941,605.118,50000.000,590.176,0.000,50000.000,0
50851,231.588,328.706,50000.000,694.765,-119.529,50000.000,0
50901,635.000,1001.059,50000.000,1045.882,-112.059,50000.000,0
50951,552.823,896.471,50000.000,821.765,97.118,50000.000,0
51001,-395.941,-747.059,50000.000,-560.294,829.235,50000.000,0
51051,-1755.588,-2286.000,50000.000,-2106.706,2159.000,50000.000,0
51101,-2226.235,-2726.764,50000.000,-3376.706,2540.000,50000.000,0
51151,-2801.470,-3683.000,50000.000,-4086.411,2525.059,50000.000,0
51201,-2614.706,-3914.588,50000.000,-4549.588,1367.118,50000.000,0
51251,-2413.000,-2629.647,50000.000,-3526.117,373.529,50000.000,0
51301,-545.353,-268.941,50000.000,-1352.176,216.647,50000.000,0
51351,-493.059,-679.823,50000.000,-702.235,321.235,50000.000,0
51401,-851.647,-1367.118,50000.000,-1710.765,986.118,50000.000,0
51451,-1927.412,-2517.588,50000.000,-3227.294,1165.412,50000.000,0
51501,-2480.235,-3600.823,50000.000,-3645.647,291.353,50000.000,0
51551,-1763.059,-2764.117,50000.000,-3197.412,52.294,50000.000,0
51601,-1583.765,-4123.765,50000.000,-3092.823,-1404.470,50000.000,0
51651,-1755.588,-7126.941,50000.000,-4445.000,-2487.706,50000.000,0
51701,-2263.588,-5483.412,50000.000,-5954.059,0.000,50000.000,0
51751,-1397.000,-530.412,50000.000,-2241.176,829.235,50000.000,0
51801,-791.882,-425.823,50000.000,-784.412,-74.706,50000.000,0
51851,-933.823,-1165.412,50000.000,-1875.118,-22.412,50000.000,0
51901,-762.000,-1277.470,50000.000,-1329.765,-141.941,50000.000,0
51951,-814.294,-2450.353,50000.000,-1695.823,-806.823,50000.000,0
52001,-2375.647,-5139.764,50000.000,-4153.647,-485.588,50000.000,0
52051,-3563.470,-6955.117,50000.000,-5871.882,-403.412,50000.000,0
52101,-3914.588,-6693.646,50000.000,-6618.941,-134.471,50000.000,0
52151,-3660.588,-7941.235,50000.000,-6566.646,-1277.470,50000.000,0
52201,-2883.647,-9734.176,50000.000,-7493.000,-6723.529,50000.000,0
52251,-2383.117,-5490.882,50000.000,-6058.646,-6267.823,50000.000,0
52301,-1494.118,-2218.765,50000.000,-1636.059,-425.823,50000.000,0
52351,-1270.000,-2405.529,50000.000,-2502.647,-560.294,50000.000,0
52401,-2218.765,-3817.470,50000.000,-3690.470,-149.412,50000.000,0
52451,-2106.706,-3316.941,50000.000,-3414.059,283.882,50000.000,0
52501,-1770.529,-4870.823,50000.000,-3003.176,-1075.765,50000.000,0
52551,-1613.647,-6051.176,50000.000,-4445.000,-2353.235,50000.000,0
52601,-2121.647,-4855.882,50000.000,-4101.353,-2398.059,50000.000,0
52651,-1524.000,-4870.823,50000.000,-3414.059,-2891.117,50000.000,0
52701,-941.294,-5812.117,50000.000,-3615.764,-5670.176,50000.000,0
52751,-231.588,-6581.588,50000.000,-3167.529,-8344.646,50000.000,0
52801,-1083.235,-7500.470,50000.000,-4280.647,-5983.941,50000.000,0
52851,-2472.765,-4198.470,50000.000,-4437.529,-395.941,50000.000,0
52901,-1262.529,-1202.765,50000.000,-1598.706,485.588,50000.000,0
52951,-874.059,-941.294,50000.000,-1083.235,821.765,50000.000,0
53001,-1172.882,-1994.647,50000.000,-1561.353,-59.765,50000.000,0
53051,-1016.000,-1441.823,50000.000,-1792.941,-7.471,50000.000,0
53101,-799.353,-1180.353,50000.000,-1255.059,22.412,50000.000,0
53151,-1023.471,-1479.176,50000.000,-1538.941,149.412,50000.000,0
53201,-1157.941,-1404.470,50000.000,-1688.353,418.353,50000.000,0
53251,-1105.647,-1359.647,50000.000,-1583.765,478.118,50000.000,0
53301,-1172.882,-1023.471,50000.000,-1553.882,373.529,50000.000,0
53351,-709.706,-104.588,50000.000,-649.941,358.588,50000.000,0
53401,-425.823,29.882,50000.000,-500.529,141.941,50000.000,0
53451,-321.235,-381.000,50000.000,-470.647,-530.412,50000.000,0
53501,-254.000,-478.118,50000.000,-463.176,-1083.235,50000.000,0
53551,-59.765,-455.706,50000.000,-313.765,-1292.412,50000.000,0
53601,156.882,-2173.941,50000.000,-418.353,-2278.529,50000.000,0
53651,14.941,-3458.882,50000.000,-1329.765,-2652.059,50000.000,0
53701,-926.353,-2457.823,50000.000,-1919.941,-1501.588,50000.000,0
53751,-1225.176,-2017.059,50000.000,-2046.941,-1957.294,50000.000,0
53801,-978.647,-1651.000,50000.000,-2293.470,-2614.706,50000.000,0
53851,-1038.412,-635.000,50000.000,-1703.294,-2487.706,50000.000,0
53901,-642.471,-1867.647,50000.000,-1636.059,-4579.470,50000.000,0
53951,-679.823,-4728.882,50000.000,-3175.000,-5715.000,50000.000,0
54001,-2039.470,-4982.882,50000.000,-4146.176,-2569.882,50000.000,0
54051,-2569.882,-3376.706,50000.000,-4078.941,-7.471,50000.000,0
54101,-2226.235,-1486.647,50000.000,-2958.353,313.765,50000.000,0
54151,-1792.941,-216.647,50000.000,-1748.118,351.118,50000.000,0
54201,-1486.647,-59.765,50000.000,-1763.059,-67.235,50000.000,0
54251,-1546.412,-141.941,50000.000,-1695.823,156.882,50000.000,0
54301,-1344.706,-440.765,50000.000,-1912.470,-283.882,50000.000,0
54351,-1553.882,-717.176,50000.000,-1905.000,97.118,50000.000,0
54401,-1344.706,-268.941,50000.000,-1382.059,7.471,50000.000,0
54451,-1337.235,-717.176,50000.000,-1561.353,-313.765,50000.000,0
54501,-1150.470,-455.706,50000.000,-1710.765,-283.882,50000.000,0
54551,-836.706,418.353,50000.000,-717.176,381.000,50000.000,0
54601,-627.529,500.529,50000.000,-455.706,-127.000,50000.000,0
54651,-351.118,-119.529,50000.000,-933.823,-844.176,50000.000,0
54701,-433.294,283.882,50000.000,-552.823,-418.353,50000.000,0
54751,-231.588,971.176,50000.000,59.765,104.588,50000.000,0
54801,82.176,791.882,50000.000,283.882,-276.412,50000.000,0
54851,149.412,283.882,50000.000,67.235,-201.706,50000.000,0
54901,328.706,582.706,50000.000,590.176,186.765,50000.000,0
54951,859.118,889.000,50000.000,1344.706,0.000,50000.000,0
55001,1389.529,171.824,50000.000,1352.176,-978.647,50000.000,0
55051,1314.823,500.529,50000.000,1426.882,-597.647,50000.000,0
55101,1060.823,776.941,50000.000,1524.000,-119.529,50000.000,0
55151,1008.529,112.059,50000.000,1023.471,-373.529,50000.000,0
55201,918.882,-141.941,50000.000,806.823,-500.529,50000.000,0
55251,791.882,22.412,50000.000,732.118,-268.941,50000.000,0
55301,635.000,313.765,50000.000,739.588,-97.118,50000.000,0
55351,493.059,67.235,50000.000,522.941,-201.706,50000.000,0
55401,493.059,-156.882,50000.000,388.471,-493.059,50000.000,0
55451,239.059,104.588,50000.000,231.588,-104.588,50000.000,0
55501,127.000,149.412,50000.000,261.471,14.941,50000.000,0
55551,-7.471,-52.294,50000.000,-22.412,0.000,50000.000,0
55601,-209.176,-268.941,50000.000,-366.059,-97.118,50000.000,0
55651,-141.941,-134.471,50000.000,-336.176,0.000,50000.000,0
55701,37.353,37.353,50000.000,134.471,14.941,50000.000,0
55751,112.059,164.353,50000.000,194.235,52.294,50000.000,0
55801,29.882,67.235,50000.000,37.353,29.882,50000.000,0
55851,-14.941,-7.471,50000.000,-37.353,22.412,50000.000,0
55901,-7.471,0.000,50000.000,-29.882,52.294,50000.000,0
55951,7.471,0.000,50000.000,29.882,0.000,50000.000,0
56001,-7.471,-7.471,50000.000,0.000,0.000,50000.000,0
56051,-67.235,-74.706,50000.000,-112.059,14.941,50000.000,0
56101,-14.941,0.000,50000.000,-29.882,14.941,50000.000,0
56151,59.765,59.765,50000.000,119.529,14.941,50000.000,0
56201,14.941,29.882,50000.000,67.235,0.000,50000.000,0
56251,-14.941,-7.471,50000.000,-44.824,0.000,50000.000,0
56301,-29.882,-22.412,50000.000,-29.882,22.412,50000.000,0
56351,29.882,29.882,50000.000,67.235,14.941,50000.000,0
56401,44.824,52.294,50000.000,104.588,14.941,50000.000,0
56451,7.471,0.000,50000.000,0.000,0.000,50000.000,0
56501,-44.824,-67.235,50000.000,-104.588,0.000,50000.000,0
56551,-44.824,-52.294,50000.000,-82.176,14.941,50000.000,0
56601,14.941,22.412,50000.000,37.353,7.471,50000.000,0
56651,29.882,7.471,50000.000,82.176,0.000,50000.000,0
56701,0.000,0.000,50000.000,-14.941,0.000,50000.000,0
56751,-29.882,-22.412,50000.000,-59.765,0.000,50000.000,0
56801,-37.353,-22.412,50000.000,-74.706,97.118,50000.000,0
56851,-201.706,-141.941,50000.000,-291.353,500.529,50000.000,0
56901,-537.882,-1202.765,50000.000,-821.765,-74.706,50000.000,0
56951,-1143.000,-2196.353,50000.000,-1964.765,-246.529,50000.000,0
57001,-1658.470,-1964.765,50000.000,-2457.823,515.471,50000.000,0
57051,-1501.588,-1449.294,50000.000,-2136.588,814.294,50000.000,0
57101,-1314.823,-1240.118,50000.000,-1807.882,791.882,50000.000,0
57151,-1157.941,-1120.588,50000.000,-1456.765,298.824,50000.000,0
57201,-769.471,-874.059,50000.000,-1195.294,29.882,50000.000,0
57251,-515.471,-508.000,50000.000,-769.471,-29.882,50000.000,0
57301,67.235,806.823,50000.000,231.588,44.824,50000.000,0
57351,1329.765,2278.529,50000.000,2032.000,-896.471,50000.000,0
57401,1897.529,2129.117,50000.000,2323.353,-1822.823,50000.000,0
57451,1382.059,1053.353,50000.000,1553.882,-1038.412,50000.000,0
57501,0.000,-463.176,50000.000,22.412,358.588,50000.000,0
57551,-418.353,-1733.176,50000.000,-1202.765,171.824,50000.000,0
57601,-889.000,-1905.000,50000.000,-1748.118,485.588,50000.000,0
57651,-1486.647,-2375.647,50000.000,-2106.706,1456.765,50000.000,0
57701,-1524.000,-4355.353,50000.000,-2360.706,657.412,50000.000,0
57751,-537.882,-7373.470,50000.000,-2868.706,-2883.647,50000.000,0
57801,373.529,-7328.646,50000.000,-2928.470,-7956.176,50000.000,0
57851,1060.823,-4064.000,50000.000,-687.294,-10115.176,50000.000,0
57901,1038.412,-2271.059,50000.000,-291.353,-8919.882,50000.000,0
57951,694.765,-4564.529,50000.000,-702.235,-5162.176,50000.000,0
58001,-1568.823,-5065.059,50000.000,-3518.647,-709.706,50000.000,0
58051,-2958.353,-4676.588,50000.000,-4101.353,-59.765,50000.000,0
58101,-2876.176,-6073.588,50000.000,-4557.059,0.000,50000.000,0
58151,-1807.882,-7209.117,50000.000,-4572.000,-2278.529,50000.000,0
58201,-844.176,-4235.823,50000.000,-3720.353,-5871.882,50000.000,0
58251,-560.294,-679.823,50000.000,-1815.353,-5513.294,50000.000,0
58301,-134.471,672.353,50000.000,-567.765,-4967.941,50000.000,0
58351,395.941,-1255.059,50000.000,-433.294,-8494.059,50000.000,0
58401,978.647,-5677.646,50000.000,-993.588,-8030.882,50000.000,0
58451,-627.529,-5057.588,50000.000,-2868.706,-2413.000,50000.000,0
58501,-2442.882,-4011.706,50000.000,-3421.529,1359.647,50000.000,0
58551,-2173.941,-3742.764,50000.000,-3787.588,276.412,50000.000,0
58601,-1105.647,-4721.412,50000.000,-3324.412,-4250.765,50000.000,0
58651,-381.000,-2554.941,50000.000,-2965.823,-6447.117,50000.000,0
58701,-201.706,597.647,50000.000,-448.235,-3981.823,50000.000,0
58751,164.353,2607.235,50000.000,567.765,-2681.941,50000.000,0
58801,836.706,1867.647,50000.000,978.647,-4631.764,50000.000,0
58851,1426.882,-821.765,50000.000,463.176,-7366.000,50000.000,0
58901,829.235,-2129.117,50000.000,-89.647,-4855.882,50000.000,0
58951,-224.118,-2256.117,50000.000,-926.353,-1374.588,50000.000,0
59001,-649.941,-971.176,50000.000,-993.588,-89.647,50000.000,0
59051,-127.000,0.000,50000.000,-216.647,67.235,50000.000,0
59101,59.765,52.294,50000.000,112.059,-14.941,50000.000,0
59151,0.000,-97.118,50000.000,0.000,-14.941,50000.000,0
59201,-14.941,-82.176,50000.000,14.941,0.000,50000.000,0
59251,-112.059,-179.294,50000.000,-156.882,29.882,50000.000,0
59301,-560.294,-911.412,50000.000,-941.294,14.941,50000.000,0
59351,-881.529,-1404.470,50000.000,-1359.647,-127.000,50000.000,0
59401,-620.059,-1262.529,50000.000,-1180.353,-754.529,50000.000,0
59451,-201.706,-1120.588,50000.000,-522.941,-993.588,50000.000,0
59501,-52.294,-1299.882,50000.000,-485.588,-1202.765,50000.000,0
59551,-52.294,-1307.353,50000.000,-612.588,-986.118,50000.000,0
59601,-313.765,-1210.235,50000.000,-911.412,-620.059,50000.000,0
59651,-448.235,-552.823,50000.000,-754.529,0.000,50000.000,0
59701,82.176,-67.235,50000.000,179.294,-254.000,50000.000,0
59751,156.882,-44.824,50000.000,164.353,-149.412,50000.000,0
59801,-433.294,-702.235,50000.000,-575.235,112.059,50000.000,0
59851,-1225.176,-2159.000,50000.000,-1815.353,59.765,50000.000,0
59901,-2121.647,-3996.764,50000.000,-3421.529,-351.118,50000.000,0
59951,-1426.882,-6357.470,50000.000,-3951.941,-4220.882,50000.000,0
