timestamp[ms],left_dx[um],left_dy[um],left_dt[us],right_dx[um],right_dy[um],right_dt[us],waterPin
0,14.941,14.941,50156.000,0.000,0.000,50153.000,0
51,3122.706,4064.000,50000.000,5595.470,-1240.118,50000.000,0
101,5236.882,5849.470,50000.000,7791.823,-2173.941,50000.000,0
151,6185.646,5983.941,50000.000,8561.294,-3107.764,50000.000,0
201,7149.353,5461.000,50000.000,9241.117,-2218.765,50000.000,0
251,7298.764,3496.235,50000.000,8538.882,-2196.353,50000.000,0
301,7455.646,2046.941,50000.000,7911.353,-3070.412,50000.000,0
351,7918.823,-313.765,50000.000,7874.000,-5954.059,50000.000,0
401,8001.000,-3675.529,50000.000,7044.764,-9263.528,50000.000,0
451,6805.706,-7709.646,50000.000,5842.000,-10481.234,50000.000,0
501,3570.941,-5326.529,50000.000,2637.117,-3167.529,50000.000,0
551,1538.941,-1143.000,50000.000,1778.000,-1665.941,50000.000,0
601,799.353,224.118,50000.000,1008.529,-321.235,50000.000,0
651,67.235,-164.353,50000.000,-14.941,-395.941,50000.000,0
701,336.176,-1710.765,50000.000,-209.176,-1882.588,50000.000,0
751,1068.294,-2480.235,50000.000,-22.412,-3272.117,50000.000,0
801,1075.765,463.176,50000.000,866.588,-2756.647,50000.000,0
851,1262.529,2129.117,50000.000,2196.353,-328.706,50000.000,0
901,425.823,-239.059,50000.000,829.235,112.059,50000.000,0
951,-851.647,-1397.000,50000.000,-1800.412,463.176,50000.000,0
1001,-1404.470,-1053.353,50000.000,-2024.529,1083.235,50000.000,0
1051,-545.353,-358.588,50000.000,-567.765,552.823,50000.000,0
1101,231.588,664.882,50000.000,425.823,156.882,50000.000,0
1151,-164.353,567.765,50000.000,-171.824,156.882,50000.000,0
1201,-358.588,463.176,50000.000,-216.647,112.059,50000.000,0
1251,-134.471,366.059,50000.000,-74.706,0.000,50000.000,0
1301,-22.412,-29.882,50000.000,112.059,-956.235,50000.000,0
1351,-14.941,-1068.294,50000.000,-239.059,-1972.235,50000.000,0
1401,-903.941,-1232.647,50000.000,-1621.118,44.824,50000.000,0
1451,-590.176,-918.882,50000.000,-799.353,7.471,50000.000,0
1501,-97.118,-179.294,50000.000,-119.529,59.765,50000.000,0
1551,0.000,0.000,50000.000,0.000,-22.412,50000.000,0
1601,0.000,-127.000,50000.000,0.000,0.000,50000.000,0
1651,-44.824,-149.412,50000.000,-134.471,52.294,50000.000,0
1701,-67.235,-74.706,50000.000,-119.529,0.000,50000.000,0
1751,-14.941,-127.000,50000.000,-82.176,-7.471,50000.000,0
1801,-493.059,-784.412,50000.000,-784.412,216.647,50000.000,0
1851,-1105.647,-1568.823,50000.000,-1837.765,254.000,50000.000,0
1901,-1023.471,-1486.647,50000.000,-1837.765,224.118,50000.000,0
1951,-448.235,-694.765,50000.000,-620.059,156.882,50000.000,0
2001,7.471,-112.059,50000.000,67.235,-67.235,50000.000,0
2051,7.471,44.824,50000.000,0.000,-14.941,50000.000,0
2101,14.941,14.941,50000.000,7.471,-29.882,50000.000,0
2151,0.000,-44.824,50000.000,7.471,0.000,50000.000,0
2201,7.471,-44.824,50000.000,14.941,0.000,50000.000,0
2251,7.471,-82.176,50000.000,0.000,-134.471,50000.000,0
2301,-7.471,-134.471,50000.000,-104.588,-179.294,50000.000,0
2351,44.824,134.471,50000.000,7.471,-104.588,50000.000,0
2401,246.529,127.000,50000.000,276.412,-530.412,50000.000,0
2451,224.118,67.235,50000.000,216.647,-463.176,50000.000,0
2501,82.176,-14.941,50000.000,82.176,-209.176,50000.000,0
2551,171.824,-127.000,50000.000,134.471,-425.823,50000.000,0
2601,89.647,171.824,50000.000,52.294,-97.118,50000.000,0
2651,74.706,149.412,50000.000,134.471,-44.824,50000.000,0
2701,29.882,-14.941,50000.000,44.824,0.000,50000.000,0
2751,14.941,-14.941,50000.000,0.000,0.000,50000.000,0
2801,0.000,29.882,50000.000,0.000,0.000,50000.000,0
2851,-7.471,-37.353,50000.000,7.471,0.000,50000.000,0
2901,0.000,-7.471,50000.000,0.000,0.000,50000.000,0
2951,0.000,82.176,50000.000,0.000,0.000,50000.000,0
3001,0.000,22.412,50000.000,14.941,0.000,50000.000,0
3051,7.471,-14.941,50000.000,44.824,0.000,50000.000,0
3101,0.000,0.000,50000.000,0.000,0.000,50000.000,0
3151,-14.941,22.412,50000.000,0.000,-7.471,50000.000,0
3201,0.000,-7.471,50000.000,7.471,-7.471,50000.000,0
3251,0.000,-29.882,50000.000,0.000,0.000,50000.000,0
3301,0.000,67.235,50000.000,0.000,0.000,50000.000,0
3351,0.000,37.353,50000.000,7.471,0.000,50000.000,0
3401,0.000,0.000,50000.000,37.353,0.000,50000.000,0
3451,44.824,52.294,50000.000,82.176,0.000,50000.000,0
3501,29.882,29.882,50000.000,52.294,-7.471,50000.000,0
3551,0.000,22.412,50000.000,0.000,-7.471,50000.000,0
3601,7.471,14.941,50000.000,0.000,-7.471,50000.000,0
3651,7.471,0.000,50000.000,0.000,7.471,50000.000,0
3701,7.471,-29.882,50000.000,0.000,7.471,50000.000,0
3751,0.000,44.824,50000.000,0.000,7.471,50000.000,0
3801,0.000,0.000,50000.000,0.000,0.000,50000.000,0
3851,0.000,0.000,50000.000,0.000,0.000,50000.000,0
3901,7.471,-29.882,50000.000,14.941,-7.471,50000.000,0
3951,0.000,14.941,50000.000,0.000,0.000,50000.000,0
4001,7.471,0.000,50000.000,0.000,0.000,50000.000,0
4051,0.000,0.000,50000.000,0.000,0.000,50000.000,0
4101,0.000,-7.471,50000.000,0.000,0.000,50000.000,0
4151,0.000,0.000,50000.000,5737.411,-1688.353,50000.000,0
4201,0.000,0.000,50000.000,-7.471,-14.941,50000.000,0
4251,0.000,-67.235,50000.000,0.000,-22.412,50000.000,0
4301,0.000,-22.412,50000.000,7.471,0.000,50000.000,0
4351,-14.941,29.882,50000.000,-14.941,-29.882,50000.000,0
4401,0.000,-14.941,50000.000,0.000,0.000,50000.000,0
4451,7.471,-29.882,50000.000,7.471,0.000,50000.000,0
4501,0.000,22.412,50000.000,0.000,0.000,50000.000,0
4551,-7.471,0.000,50000.000,0.000,0.000,50000.000,0
4601,0.000,-7.471,50000.000,0.000,0.000,50000.000,0
4651,0.000,52.294,50000.000,-14.941,0.000,50000.000,0
4701,0.000,0.000,50000.000,0.000,-28694.527,50000.000,0
4751,0.000,-22.412,50000.000,7.471,7.471,50000.000,0
4801,0.000,-14.941,50000.000,0.000,7.471,50000.000,0
4851,7.471,7.471,50000.000,0.000,0.000,50000.000,0
4901,0.000,59.765,50000.000,-7.471,14.941,50000.000,0
4951,-29.882,156.882,50000.000,-29.882,134.471,50000.000,0
5001,-74.706,-37.353,50000.000,-22.412,156.882,50000.000,0
5051,-67.235,-59.765,50000.000,-29.882,216.647,50000.000,0
5101,-44.824,67.235,50000.000,-37.353,127.000,50000.000,0
5151,-134.471,-313.765,50000.000,-164.353,104.588,50000.000,0
5201,-605.118,-948.765,50000.000,-978.647,164.353,50000.000,0
5251,-1128.059,-1426.882,50000.000,-2002.118,291.353,50000.000,0
5301,-1322.294,-1583.765,50000.000,-2233.706,717.176,50000.000,0
5351,-1464.235,-1718.235,50000.000,-2084.294,1225.176,50000.000,0
5401,-1748.118,-1695.823,50000.000,-2181.412,1479.176,50000.000,0
5451,-1658.470,-1329.765,50000.000,-2032.000,1172.882,50000.000,0
5501,-978.647,-806.823,50000.000,-1322.294,463.176,50000.000,0
5551,-306.294,-440.765,50000.000,-478.118,0.000,50000.000,0
5601,186.765,515.471,50000.000,268.941,-164.353,50000.000,0
5651,620.059,776.941,50000.000,918.882,-791.882,50000.000,0
5701,724.647,993.588,50000.000,881.529,-694.765,50000.000,0
5751,784.412,709.706,50000.000,1120.588,-1135.529,50000.000,0
5801,941.294,1352.176,50000.000,1344.706,-672.353,50000.000,0
5851,791.882,918.882,50000.000,1426.882,-851.647,50000.000,0
5901,440.765,582.706,50000.000,560.294,-216.647,50000.000,0
5951,-478.118,-575.235,50000.000,-635.000,575.235,50000.000,0
6001,-657.412,-1030.941,50000.000,-1075.765,500.529,50000.000,0
6051,-575.235,-1180.353,50000.000,-971.176,89.647,50000.000,0
6101,-403.412,171.824,50000.000,-545.353,478.118,50000.000,0
6151,627.529,620.059,50000.000,933.823,-1172.882,50000.000,0
6201,926.353,1486.647,50000.000,1397.000,-717.176,50000.000,0
6251,1337.235,1598.706,50000.000,1934.882,-791.882,50000.000,0
6301,1232.647,821.765,50000.000,1598.706,-941.294,50000.000,0
6351,874.059,-179.294,50000.000,926.353,-911.412,50000.000,0
6401,418.353,7.471,50000.000,366.059,-209.176,50000.000,0
6451,620.059,754.529,50000.000,1016.000,-134.471,50000.000,0
6501,1187.823,687.294,50000.000,1456.765,-560.294,50000.000,0
6551,1023.471,829.235,50000.000,1299.882,-283.882,50000.000,0
6601,986.118,-366.059,50000.000,903.941,-844.176,50000.000,0
6651,358.588,-470.647,50000.000,216.647,-343.647,50000.000,0
6701,112.059,-866.588,50000.000,-7.471,-201.706,50000.000,0
6751,-59.765,-694.765,50000.000,-321.235,-14.941,50000.000,0
6801,-209.176,-328.706,50000.000,-410.882,567.765,50000.000,0
6851,-89.647,-89.647,50000.000,-127.000,149.412,50000.000,0
6901,29.882,-7.471,50000.000,37.353,29.882,50000.000,0
6951,-29.882,224.118,50000.000,-89.647,97.118,50000.000,0
7001,-67.235,-59.765,50000.000,-29.882,351.118,50000.000,0
7051,-89.647,119.529,50000.000,-59.765,1016.000,50000.000,0
7101,-179.294,358.588,50000.000,52.294,963.706,50000.000,0
7151,-440.765,724.647,50000.000,-7.471,2039.470,50000.000,0
7201,-597.647,911.412,50000.000,-37.353,2196.353,50000.000,0
7251,-410.882,560.294,50000.000,-194.235,1538.941,50000.000,0
7301,-620.059,1262.529,50000.000,-239.059,2756.647,50000.000,0
7351,-1008.529,1703.294,50000.000,-194.235,3466.353,50000.000,0
7401,-993.588,1143.000,50000.000,-306.294,2764.117,50000.000,0
7451,-1128.059,291.353,50000.000,-956.235,2450.353,50000.000,0
7501,-1292.412,1284.941,50000.000,-791.882,2308.412,50000.000,0
7551,-874.059,1240.118,50000.000,-306.294,1292.412,50000.000,0
7601,-814.294,-844.176,50000.000,-1075.765,2263.588,50000.000,0
7651,-1875.118,-403.412,50000.000,-2300.941,2263.588,50000.000,0
7701,-2659.529,-709.706,50000.000,-2726.764,2771.588,50000.000,0
7751,-4437.529,-993.588,50000.000,-5124.823,4743.823,50000.000,0
7801,-6327.588,-829.235,50000.000,-5976.470,5871.882,50000.000,0
7851,-7687.235,-171.824,50000.000,-7537.823,5744.882,50000.000,0
7901,-6536.764,-276.412,50000.000,-8875.059,4430.059,50000.000,0
7951,-5976.470,-321.235,50000.000,-11228.293,3040.529,50000.000,1
8001,-10018.059,-1299.882,50000.000,-12834.470,2345.765,50000.000,1
8051,-11138.646,-2121.647,50000.000,-14604.999,1658.470,50000.000,0
8101,-11295.528,-2256.117,50000.000,-16427.822,1292.412,50000.000,0
8151,-11952.940,-1919.941,50000.000,-16487.588,1165.412,50000.000,0
8201,-10137.588,-1426.882,50000.000,-16674.352,993.588,50000.000,0
8251,-9674.411,-1934.882,50000.000,-16674.352,231.588,50000.000,0
8301,-12318.999,-3092.823,50000.000,-16636.998,702.235,50000.000,0
8351,-13327.528,-3668.059,50000.000,-14328.587,567.765,50000.000,0
8401,-12184.528,-2629.647,50000.000,-15561.234,-478.118,50000.000,0
8451,-11840.882,-3944.470,50000.000,-16442.764,-2293.470,50000.000,0
8501,-11542.058,-6051.176,50000.000,-15232.528,-3503.706,50000.000,0
8551,-10720.293,-2644.588,50000.000,-14082.058,-1150.470,50000.000,0
8601,-11825.940,343.647,50000.000,-13581.528,747.059,50000.000,0
8651,-12311.528,-3062.941,50000.000,-14216.528,1822.823,50000.000,0
8701,-11915.588,-5266.764,50000.000,-13955.058,-239.059,50000.000,0
8751,-10331.823,-4661.647,50000.000,-10540.999,-2308.412,50000.000,0
8801,-9666.940,-4938.059,50000.000,-8792.882,-1665.941,50000.000,0
8851,-7956.176,-3757.706,50000.000,-8568.764,-1673.412,50000.000,0
8901,-7276.353,-3040.529,50000.000,-8038.353,-1897.529,50000.000,0
8951,-6237.941,-3175.000,50000.000,-7485.529,-836.706,50000.000,0
9001,-5057.588,-2203.823,50000.000,-5244.353,-493.059,50000.000,0
9051,-3810.000,-2017.059,50000.000,-4586.941,-575.235,50000.000,0
9101,-2517.588,-1755.588,50000.000,-3204.882,-448.235,50000.000,0
9151,-1486.647,-1053.353,50000.000,-1778.000,313.765,50000.000,0
9201,-747.059,-694.765,50000.000,-769.471,366.059,50000.000,0
9251,-410.882,-254.000,50000.000,-261.471,373.529,50000.000,0
9301,-112.059,-134.471,50000.000,-74.706,216.647,50000.000,0
9351,0.000,-597.647,50000.000,-22.412,74.706,50000.000,0
9401,-44.824,-1972.235,50000.000,-545.353,-747.059,50000.000,0
9451,-366.059,-2696.882,50000.000,-918.882,-82.176,50000.000,0
9501,-1128.059,-2853.764,50000.000,-1695.823,283.882,50000.000,0
9551,-1240.118,-2121.647,50000.000,-1763.059,0.000,50000.000,0
9601,-821.765,-1322.294,50000.000,-1128.059,141.941,50000.000,0
9651,-425.823,-679.823,50000.000,-620.059,112.059,50000.000,0
9701,-149.412,-209.176,50000.000,-224.118,112.059,50000.000,0
9751,-7.471,-14.941,50000.000,7.471,0.000,50000.000,0
9801,-14.941,-82.176,50000.000,-14.941,7.471,50000.000,0
9851,-291.353,-306.294,50000.000,-306.294,22.412,50000.000,0
9901,-388.471,-649.941,50000.000,-470.647,97.118,50000.000,0
9951,-425.823,-635.000,50000.000,-530.412,171.824,50000.000,0
10001,-478.118,-620.059,50000.000,-679.823,59.765,50000.000,0
10051,-366.059,-605.118,50000.000,-455.706,44.824,50000.000,0
10101,-164.353,-276.412,50000.000,-194.235,37.353,50000.000,0
10151,-164.353,-112.059,50000.000,-209.176,82.176,50000.000,0
10201,-74.706,-59.765,50000.000,-7.471,224.118,50000.000,0
10251,-97.118,0.000,50000.000,-67.235,343.647,50000.000,0
10301,-44.824,-134.471,50000.000,-74.706,-134.471,50000.000,0
10351,59.765,-366.059,50000.000,-29.882,-186.765,50000.000,0
10401,-14.941,22.412,50000.000,22.412,657.412,50000.000,0
10451,112.059,1128.059,50000.000,575.235,530.412,50000.000,0
10501,821.765,2308.412,50000.000,1688.353,612.588,50000.000,0
10551,1352.176,2383.117,50000.000,1912.470,141.941,50000.000,0
10601,769.471,762.000,50000.000,844.176,-89.647,50000.000,0
10651,493.059,283.882,50000.000,560.294,82.176,50000.000,0
10701,306.294,67.235,50000.000,373.529,-276.412,50000.000,0
10751,-791.882,-1157.941,50000.000,-1016.000,209.176,50000.000,0
10801,-1426.882,-1479.176,50000.000,-2032.000,403.412,50000.000,0
10851,-1576.294,-1449.294,50000.000,-2032.000,112.059,50000.000,0
10901,-1367.118,-1583.765,50000.000,-1755.588,186.765,50000.000,0
10951,-874.059,-605.118,50000.000,-1068.294,336.176,50000.000,0
11001,-545.353,1008.529,50000.000,-239.059,418.353,50000.000,0
11051,-717.176,993.588,50000.000,-321.235,171.824,50000.000,0
11101,-918.882,-791.882,50000.000,-1307.353,-74.706,50000.000,0
11151,-1344.706,-1538.941,50000.000,-1927.412,141.941,50000.000,0
11201,-1105.647,-336.176,50000.000,-1337.235,104.588,50000.000,0
11251,-201.706,799.353,50000.000,-7.471,-7.471,50000.000,0
11301,642.471,1247.588,50000.000,829.235,-769.471,50000.000,0
11351,956.235,1262.529,50000.000,1045.882,-493.059,50000.000,0
11401,1038.412,-134.471,50000.000,679.823,-1187.823,50000.000,0
11451,545.353,-1045.882,50000.000,134.471,-410.882,50000.000,0
11501,194.235,-948.765,50000.000,134.471,889.000,50000.000,0
11551,351.118,605.118,50000.000,612.588,1001.059,50000.000,0
11601,1053.353,2069.353,50000.000,1538.941,366.059,50000.000,0
11651,2562.412,4168.588,50000.000,3996.764,239.059,50000.000,0
11701,3937.000,4601.882,50000.000,5625.353,-844.176,50000.000,0
11751,4706.470,3137.647,50000.000,5446.059,-754.529,50000.000,0
11801,4773.706,2696.882,50000.000,5797.176,791.882,50000.000,0
11851,5625.353,2203.823,50000.000,7037.293,358.588,50000.000,0
11901,7022.353,1979.706,50000.000,8389.470,-642.471,50000.000,0
11951,8882.529,1113.118,50000.000,7112.000,-1471.706,50000.000,0
12001,7821.706,254.000,50000.000,8875.059,-605.118,50000.000,0
12051,6671.235,-1030.941,50000.000,5744.882,-283.882,50000.000,0
12101,7097.058,-754.529,50000.000,6081.059,-762.000,50000.000,0
12151,8135.470,-918.882,50000.000,6566.646,-747.059,50000.000,0
12201,8284.882,-754.529,50000.000,7179.235,-1113.118,50000.000,0
12251,8292.353,478.118,50000.000,8710.705,-1105.647,50000.000,0
12301,7261.411,1643.529,50000.000,9196.294,-657.412,50000.000,0
12351,6977.529,2913.529,50000.000,8045.823,119.529,50000.000,0
12401,4691.529,2278.529,50000.000,6267.823,1449.294,50000.000,0
12451,2652.059,590.176,50000.000,3981.823,2457.823,50000.000,0
12501,1538.941,-515.471,50000.000,2121.647,2398.059,50000.000,0
12551,545.353,-418.353,50000.000,874.059,2136.588,50000.000,0
12601,-52.294,-859.118,50000.000,-89.647,1322.294,50000.000,0
12651,-67.235,-1934.882,50000.000,-687.294,-590.176,50000.000,0
12701,-254.000,-1038.412,50000.000,-1501.588,-1658.470,50000.000,0
12751,-889.000,836.706,50000.000,-1090.706,-141.941,50000.000,0
12801,-1538.941,1658.470,50000.000,-1038.412,522.941,50000.000,1
12851,-1763.059,836.706,50000.000,-1763.059,-22.412,50000.000,1
12901,-1165.412,-478.118,50000.000,-2749.176,-1591.235,50000.000,0
12951,-971.176,-470.647,50000.000,-2495.176,-1949.823,50000.000,0
13001,-971.176,395.941,50000.000,-635.000,-1538.941,50000.000,0
13051,134.471,545.353,50000.000,37.353,-3316.941,50000.000,0
13101,776.941,866.588,50000.000,276.412,-3369.235,50000.000,0
13151,948.765,1008.529,50000.000,933.823,-2838.823,50000.000,0
13201,724.647,328.706,50000.000,590.176,-1837.765,50000.000,0
13251,358.588,-814.294,50000.000,-7.471,-911.412,50002.000,0
13301,-37.353,-1524.000,50000.000,-478.118,-149.412,50000.000,0
13351,-874.059,-1471.706,50000.000,-1157.941,948.765,50000.000,0
13401,-1157.941,-1740.647,50000.000,-1524.000,911.412,50000.000,0
13451,-829.235,-1426.882,50000.000,-1001.059,216.647,50000.000,0
13501,-82.176,-754.529,50000.000,-246.529,-141.941,50000.000,0
13551,687.294,186.765,50000.000,597.647,-941.294,50000.000,0
13601,1255.059,956.235,50000.000,1172.882,-1643.529,50000.000,0
13651,1098.176,1329.765,50000.000,1307.353,-1367.118,50000.000,0
13701,605.118,754.529,50000.000,709.706,-425.823,50000.000,0
13751,59.765,-239.059,50000.000,-7.471,-134.471,50000.000,0
13801,-941.294,-754.529,50000.000,-1113.118,395.941,50000.000,0
13851,-1897.529,-1531.470,50000.000,-3690.470,762.000,50000.000,0
13901,-2853.764,-1830.294,50000.000,-2457.823,1128.059,50000.000,0
13951,-3533.588,-2293.470,50000.000,-2846.294,1606.176,50000.000,0
14001,-4459.941,-2353.235,50000.000,-3787.588,2353.235,50000.000,0
14051,-5020.235,-1763.059,50000.000,-4706.470,3264.647,50000.000,0
14101,-5035.176,-2569.882,50000.000,-5229.412,1792.941,50000.000,0
14151,-3727.823,-2188.882,50000.000,-5408.706,-343.647,50000.000,0
14201,-3496.235,-560.294,50000.000,-4011.706,-478.118,50000.000,0
14251,-2883.647,246.529,50000.000,-2943.412,-739.588,50000.000,0
14301,-2502.647,224.118,50000.000,-2502.647,1210.235,50000.000,0
14351,-3018.117,-283.882,50000.000,-3100.294,14.941,50000.000,0
14401,-3541.059,-1299.882,50000.000,-3070.412,224.118,50000.000,0
14451,-3451.412,-1733.176,50000.000,-3182.470,784.412,50000.000,0
14501,-3346.823,-1972.235,50000.000,-2950.882,859.118,50000.000,0
14551,-2779.059,-2188.882,50000.000,-2764.117,545.353,50000.000,0
14601,-2323.353,-1845.235,50000.000,-2383.117,567.765,50000.000,0
14651,-1934.882,-1367.118,50000.000,-1964.765,455.706,50000.000,0
14701,-1568.823,-1202.765,50000.000,-1546.412,134.471,50000.000,0
14751,-859.118,-291.353,50000.000,-896.471,-134.471,50000.000,0
14801,-560.294,261.471,50000.000,-560.294,44.824,50000.000,0
14851,-306.294,0.000,50000.000,-328.706,-59.765,50000.000,0
14901,-186.765,-104.588,50000.000,-201.706,7.471,50000.000,0
14951,-141.941,-104.588,50000.000,-134.471,74.706,50000.000,0
15001,-52.294,-141.941,50000.000,-5812.117,-59.765,50000.000,0
15051,119.529,37.353,50000.000,14.941,-112.059,50000.000,0
15101,186.765,239.059,50000.000,164.353,-44.824,50000.000,0
15151,141.941,97.118,50000.000,171.824,-22.412,50000.000,0
15201,-7.471,-29.882,50000.000,5752.353,44.824,50000.000,0
15251,-291.353,-179.294,50000.000,-231.588,22.412,50000.000,0
15301,-425.823,-291.353,50000.000,-336.176,22.412,50000.000,0
15351,-239.059,-216.647,50000.000,-216.647,1695.823,50000.000,0
15401,-141.941,-179.294,50000.000,-112.059,22.412,50000.000,0
15451,-104.588,-134.471,50000.000,-112.059,-97.118,50000.000,0
15501,-59.765,-67.235,50000.000,-59.765,1456.765,50000.000,0
15551,-89.647,37.353,50000.000,-104.588,22.412,50000.000,0
15601,-440.765,-74.706,50000.000,-141.941,276.412,50000.000,0
15651,-1187.823,-343.647,50000.000,-433.294,1113.118,50000.000,0
15701,-1501.588,-844.176,50002.000,-1098.176,1098.176,50000.000,0
15751,-1382.059,-963.706,49999.000,-1651.000,313.765,50000.000,0
15801,-1875.118,-1441.823,49999.000,-2009.588,291.353,49998.000,0
15851,-1800.412,-649.941,50000.000,-1643.529,522.941,50000.000,0
15901,-933.823,702.235,50000.000,-642.471,-134.471,50000.000,0
15951,-134.471,1404.470,50000.000,97.118,-1397.000,50000.000,0
16001,298.824,1367.118,50000.000,179.294,-2024.529,50000.000,0
16051,343.647,1083.235,50000.000,530.412,-941.294,50000.000,0
16101,642.471,1195.294,50000.000,941.294,-291.353,50000.000,0
16151,1187.823,694.765,50000.000,1404.470,-874.059,50000.000,0
16201,1658.470,724.647,50000.000,1441.823,-881.529,50000.000,0
16251,1703.294,889.000,50000.000,1867.647,-283.882,50000.000,0
16301,2136.588,463.176,50000.000,3668.059,-478.118,50000.000,0
16351,2853.764,889.000,50000.000,2398.059,-194.235,50000.000,0
16401,3473.823,545.353,50000.000,2906.059,-336.176,50000.000,0
16451,4213.412,694.765,50000.000,3137.647,-395.941,50000.000,0
16501,4049.059,1023.471,50000.000,4519.706,-261.471,50000.000,0
16551,2995.706,709.706,50000.000,3765.176,201.706,50000.000,0
16601,2390.588,283.882,50000.000,2577.353,239.059,50000.000,0
16651,1397.000,-254.000,50000.000,1538.941,179.294,50000.000,0
16701,605.118,-560.294,50000.000,582.706,351.118,50000.000,0
16751,-59.765,-522.941,50000.000,-127.000,575.235,50000.000,0
16801,-732.118,-642.471,50000.000,-672.353,328.706,50000.000,0
16851,-1038.412,-620.059,50000.000,-1195.294,283.882,50000.000,0
16901,-1217.706,-493.059,50000.000,-1210.235,67.235,50000.000,0
16951,-1150.470,-373.529,50000.000,-1277.470,89.647,50000.000,0
17001,-1240.118,-448.235,50000.000,-1352.176,-112.059,50000.000,0
17051,-1299.882,-201.706,50000.000,-1150.470,-164.353,50000.000,0
17101,-1561.353,-186.765,50000.000,-1494.118,127.000,50000.000,0
17151,-1516.529,-672.353,50000.000,-1426.882,59.765,50000.000,0
17201,-1382.059,-605.118,50000.000,-1172.882,59.765,50000.000,0
17251,-1270.000,-224.118,50000.000,-1359.647,104.588,50000.000,0
17301,-1083.235,-283.882,50000.000,-1143.000,-1785.470,50000.000,0
17351,-694.765,-14.941,50000.000,-769.471,-112.059,50000.000,0
17401,-657.412,-22.412,50000.000,-747.059,89.647,50000.000,0
17451,-657.412,-463.176,50000.000,-717.176,246.529,50000.000,0
17501,-620.059,-575.235,50000.000,-537.882,119.529,50000.000,0
17551,-455.706,-336.176,50000.000,-515.471,119.529,50000.000,0
17601,-283.882,-141.941,50000.000,-291.353,7.471,50000.000,0
17651,22.412,119.529,50000.000,-7.471,-29.882,50000.000,0
17701,112.059,216.647,50000.000,44.824,-74.706,50000.000,0
17751,37.353,82.176,50000.000,14.941,-44.824,50000.000,0
17801,-52.294,-82.176,50000.000,7.471,-37.353,50000.000,0
17851,-89.647,-59.765,50000.000,-74.706,14.941,50000.000,0
17901,-254.000,-254.000,50000.000,-171.824,22.412,50000.000,0
17951,-358.588,-254.000,50000.000,-306.294,-1807.882,50000.000,0
18001,-425.823,-246.529,50000.000,-231.588,-14.941,50000.000,0
18051,-395.941,-291.353,50000.000,-261.471,-74.706,50000.000,0
18101,-478.118,-224.118,50000.000,-343.647,-74.706,50000.000,0
18151,-493.059,-179.294,50000.000,-537.882,0.000,50000.000,0
18201,-485.588,-74.706,50000.000,-508.000,-29.882,50000.000,0
18251,-463.176,112.059,50000.000,-448.235,1792.941,50000.000,0
18301,-537.882,97.118,50000.000,-403.412,0.000,50000.000,0
18351,-448.235,-141.941,50000.000,-463.176,67.235,50000.000,0
18401,-351.118,-209.176,50000.000,-425.823,164.353,50000.000,0
18451,-493.059,-351.118,50000.000,-440.765,112.059,50000.000,0
18501,-448.235,-291.353,50000.000,-500.529,59.765,50000.000,0
18551,-216.647,-22.412,50000.000,-283.882,-67.235,50000.000,0
18601,-224.118,74.706,50000.000,-194.235,-119.529,50000.000,0
18651,-186.765,37.353,50000.000,-74.706,-141.941,50000.000,0
18701,-89.647,209.176,50000.000,-7.471,-194.235,50000.000,0
18751,-52.294,164.353,50000.000,-14.941,-74.706,50000.000,0
18801,-156.882,-179.294,50000.000,-149.412,0.000,50000.000,0
18851,-298.824,-351.118,50000.000,-254.000,52.294,50000.000,0
18901,-395.941,-209.176,50000.000,-358.588,104.588,50000.000,0
18951,-395.941,-67.235,50000.000,-403.412,171.824,50000.000,0
19001,-149.412,-127.000,50000.000,-149.412,1897.529,50000.000,0
19051,59.765,59.765,50000.000,52.294,14.941,50000.000,0
19101,171.824,268.941,50000.000,127.000,14.941,50000.000,0
19151,97.118,104.588,50000.000,119.529,-14.941,50000.000,0
19201,14.941,-14.941,50000.000,37.353,0.000,50000.000,0
19251,-82.176,-74.706,50000.000,-97.118,0.000,50000.000,0
19301,-194.235,-164.353,50000.000,-179.294,28687.057,50000.000,0
19351,-104.588,-127.000,50000.000,-82.176,-82.176,50000.000,0
19401,-67.235,-14.941,50000.000,-67.235,-7.471,50000.000,0
19451,-59.765,-37.353,50000.000,-44.824,-82.176,50000.000,0
19501,22.412,119.529,50000.000,44.824,-52.294,50000.000,0
19551,67.235,97.118,50000.000,82.176,22.412,50000.000,0
19601,-97.118,-156.882,50000.000,-112.059,97.118,50000.000,0
19651,-381.000,-351.118,50000.000,-358.588,164.353,50000.000,0
19701,-560.294,-328.706,50000.000,-560.294,134.471,50000.000,0
19751,-358.588,-254.000,50000.000,-381.000,-112.059,50000.000,0
19801,-119.529,112.059,50000.000,-89.647,-231.588,50000.000,0
19851,-37.353,231.588,50000.000,-14.941,-127.000,50000.000,0
19901,-29.882,-14.941,50000.000,-22.412,-29.882,50000.000,0
19951,-82.176,-186.765,50000.000,-141.941,-7.471,50000.000,0
20001,-186.765,-104.588,50000.000,-246.529,97.118,50000.000,0
20051,-171.824,-141.941,50000.000,-171.824,-7.471,50000.000,0
20101,22.412,104.588,50000.000,59.765,-37.353,50000.000,0
20151,179.294,276.412,50000.000,171.824,44.824,50000.000,0
20201,112.059,156.882,50000.000,74.706,22.412,50000.000,0
20251,7.471,0.000,50000.000,29.882,-29.882,50000.000,0
20301,-82.176,-149.412,50000.000,-52.294,0.000,50000.000,0
20351,-276.412,-373.529,50000.000,-268.941,-59.765,50000.000,0
20401,-216.647,-224.118,50000.000,-268.941,-141.941,50000.000,0
20451,-97.118,82.176,50000.000,-82.176,14.941,50000.000,0
20501,-14.941,7.471,50000.000,-22.412,7.471,50000.000,0
20551,-29.882,-67.235,50000.000,-22.412,14.941,50000.000,0
20601,-67.235,0.000,50000.000,-59.765,14.941,50000.000,0
20651,-14.941,14.941,50000.000,-14.941,-7.471,50000.000,0
20701,97.118,59.765,50000.000,141.941,-44.824,50000.000,0
20751,104.588,112.059,50000.000,171.824,22.412,50000.000,0
20801,29.882,-52.294,50000.000,7.471,-67.235,50000.000,0
20851,37.353,-134.471,50000.000,-7.471,-134.471,50000.000,0
20901,37.353,171.824,50000.000,44.824,0.000,50000.000,0
20951,186.765,209.176,50000.000,261.471,-97.118,50000.000,0
21001,328.706,224.118,50000.000,283.882,-89.647,50000.000,0
21051,156.882,156.882,50000.000,171.824,29.882,50000.000,0
21101,-119.529,-82.176,50000.000,-97.118,59.765,50000.000,0
21151,-283.882,-246.529,50000.000,-276.412,29.882,50000.000,0
21201,-254.000,-194.235,50000.000,-463.176,149.412,50000.000,0
21251,-254.000,-171.824,50000.000,-283.882,0.000,50000.000,0
21301,59.765,104.588,50000.000,89.647,-29.882,50000.000,0
21351,268.941,283.882,50000.000,283.882,0.000,50000.000,0
21401,104.588,29.882,50000.000,104.588,7.471,50000.000,0
21451,-179.294,-164.353,50000.000,-209.176,44.824,50000.000,0
21501,-268.941,-119.529,50000.000,-298.824,82.176,50000.000,0
21551,-127.000,-97.118,50000.000,-89.647,-52.294,50000.000,0
21601,67.235,37.353,50000.000,67.235,-37.353,50000.000,0
21651,89.647,119.529,50000.000,74.706,0.000,50000.000,0
21701,29.882,22.412,50000.000,59.765,0.000,50000.000,0
21751,44.824,14.941,50000.000,-22.412,-7.471,50000.000,0
21801,-89.647,-29.882,50000.000,-127.000,67.235,50000.000,0
21851,-74.706,-37.353,50000.000,-37.353,-52.294,50000.000,0
21901,104.588,82.176,50000.000,127.000,-22.412,50000.000,0
21951,194.235,298.824,50000.000,171.824,-22.412,50000.000,0
22001,149.412,164.353,50000.000,179.294,-59.765,50000.000,1
22051,119.529,44.824,50000.000,134.471,-59.765,50000.000,1
22101,7.471,22.412,50000.000,14.941,29.882,50000.000,0
22151,0.000,14.941,50000.000,-14.941,-52.294,50000.000,0
22201,119.529,67.235,50000.000,37.353,-97.118,50000.000,0
22251,231.588,381.000,50000.000,224.118,29.882,50000.000,0
22301,127.000,171.824,50000.000,112.059,22.412,50000.000,0
22351,-97.118,-164.353,50000.000,-89.647,22.412,50000.000,0
22401,-276.412,-209.176,50000.000,-343.647,134.471,50000.000,0
22451,-433.294,-425.823,50000.000,-478.118,74.706,50000.000,0
22501,-358.588,-455.706,50000.000,-358.588,37.353,50000.000,0
22551,-261.471,-171.824,50000.000,-268.941,171.824,50000.000,0
22601,-268.941,-209.176,50000.000,-298.824,104.588,50000.000,0
22651,-291.353,-313.765,50000.000,-306.294,67.235,50000.000,0
22701,-224.118,-194.235,50000.000,-298.824,149.412,50000.000,0
22751,-239.059,-313.765,50000.000,-373.529,37.353,50000.000,0
22801,-246.529,-298.824,50000.000,-313.765,-14.941,50000.000,0
22851,-89.647,-52.294,50000.000,-141.941,-37.353,50000.000,0
22901,-239.059,201.706,50000.000,0.000,545.353,50000.000,0
22951,-478.118,-433.294,50000.000,-403.412,52.294,50000.000,0
23001,-649.941,-575.235,50000.000,-874.059,560.294,50000.000,0
23051,-1434.353,-1135.529,50000.000,-1606.176,1307.353,50000.000,0
23101,-1867.647,-1919.941,50000.000,-2345.765,1105.647,50000.000,0
23151,-1568.823,-1135.529,50000.000,-2360.706,709.706,50000.000,0
23201,-1165.412,0.000,50000.000,-1247.588,395.941,50000.000,0
23251,-381.000,642.471,50000.000,-283.882,-806.823,50000.000,0
23301,104.588,1135.529,50000.000,328.706,-1113.118,50000.000,0
23351,717.176,1613.647,50000.000,993.588,-1098.176,50000.000,0
23401,1247.588,1987.176,50000.000,1628.588,-1232.647,50000.000,0
23451,1494.118,1710.765,50000.000,2054.412,-948.765,50000.000,0
23501,1807.882,1456.765,50000.000,2293.470,-590.176,50000.000,0
23551,1695.823,1598.706,50000.000,2517.588,261.471,50000.000,0
23601,2442.882,1897.529,50000.000,3279.588,97.118,50000.000,0
23651,3787.588,1695.823,50000.000,4093.882,-448.235,50000.000,0
23701,4347.882,1449.294,50000.000,4646.706,-306.294,50000.000,0
23751,4340.412,702.235,50000.000,4205.941,-291.353,50000.000,0
23801,4542.117,134.471,50000.000,4011.706,89.647,50000.000,0
23851,4482.353,14.941,50000.000,4833.470,127.000,50000.000,0
23901,4168.588,-254.000,50000.000,4392.706,283.882,50000.000,0
23951,3974.353,-664.882,50000.000,4557.059,-44.824,50000.000,0
24001,3892.176,-276.412,50000.000,4377.765,179.294,50000.000,0
24051,3608.294,149.412,50000.000,4138.706,926.353,50000.000,0
24101,2935.941,14.941,50000.000,3690.470,1456.765,50000.000,0
24151,2457.823,-410.882,50000.000,3167.529,963.706,50000.000,0
24201,1792.941,-747.059,50000.000,1449.294,127.000,50000.000,0
24251,-67.235,-186.765,50000.000,-22.412,44.824,50000.000,0
24301,-552.823,724.647,50000.000,-261.471,-112.059,50000.000,0
24351,-702.235,687.294,50000.000,-448.235,-418.353,50000.000,0
24401,-844.176,410.882,50000.000,-1053.353,-425.823,50000.000,0
24451,-1202.765,-14.941,50000.000,-1397.000,-74.706,50000.000,0
24501,-1240.118,-82.176,50000.000,-1225.176,52.294,50000.000,0
24551,-896.471,-44.824,50000.000,-1210.235,-44.824,50000.000,0
24601,-769.471,0.000,50000.000,-1030.941,-74.706,50000.000,0
24651,-679.823,97.118,50000.000,-747.059,-119.529,50000.000,0
24701,-530.412,127.000,50000.000,-620.059,-246.529,50000.000,0
24751,-216.647,164.353,50000.000,-276.412,-112.059,50000.000,0
24801,-59.765,112.059,50000.000,-14.941,-52.294,50000.000,0
24851,104.588,246.529,50000.000,67.235,37.353,50000.000,0
24901,283.882,231.588,50000.000,395.941,246.529,50000.000,0
24951,537.882,97.118,50000.000,597.647,127.000,50000.000,0
25001,724.647,134.471,50000.000,896.471,171.824,50000.000,0
25051,1060.823,119.529,50000.000,1314.823,37.353,50000.000,0
25101,1426.882,321.235,50000.000,1344.706,82.176,50000.000,0
25151,1688.353,321.235,50000.000,2017.059,134.471,50000.000,0
25201,2046.941,321.235,50000.000,2383.117,-141.941,50000.000,0
25251,2345.765,567.765,50000.000,2741.706,-209.176,50000.000,0
25301,2569.882,649.941,50000.000,3354.294,-44.824,50000.000,0
25351,2906.059,971.176,50000.000,3518.647,52.294,50000.000,0
25401,3346.823,963.706,50000.000,4474.882,-156.882,50000.000,0
25451,4101.353,956.235,50000.000,4885.764,-448.235,50000.000,0
25501,4116.294,993.588,50000.000,5498.353,-560.294,50000.000,0
25551,4579.470,567.765,50000.000,5774.764,-963.706,50000.000,0
25601,4519.706,679.823,50000.000,5610.412,-336.176,50000.000,0
25651,4303.059,470.647,50000.000,5431.117,0.000,50000.000,0
25701,3391.647,59.765,50000.000,4542.117,515.471,50000.000,0
25751,2883.647,-470.647,50000.000,3518.647,627.529,50000.000,0
25801,1882.588,-306.294,50000.000,2846.294,851.647,50000.000,0
25851,1524.000,201.706,50000.000,2405.529,1143.000,50000.000,0
25901,948.765,455.706,50000.000,1651.000,1494.118,50000.000,0
25951,-52.294,425.823,50000.000,328.706,2054.412,50000.000,0
26001,-978.647,-89.647,50000.000,-956.235,1636.059,50000.000,0
26051,-2569.882,-336.176,50000.000,-2592.294,2069.353,50000.000,0
26101,-4250.765,-201.706,50000.000,-4594.412,2383.117,50000.000,0
26151,-5827.059,-1636.059,50000.000,-6536.764,2069.353,50000.000,0
26201,-5722.470,-3242.235,50000.000,-7806.764,171.824,50000.000,0
26251,-5543.176,-978.647,50000.000,-6955.117,-664.882,50000.000,0
26301,-4893.235,993.588,50000.000,-5640.294,-590.176,50000.000,0
26351,-5124.823,-478.118,50000.000,-6745.941,-1546.412,50000.000,0
26401,-5812.117,-1740.647,50000.000,-8352.117,-978.647,50000.000,0
26451,-7664.823,-3219.823,50000.000,-8837.705,-328.706,50000.000,0
26501,-6805.706,-4684.059,50000.000,-9412.940,-1217.706,50000.000,0
26551,-5894.294,-4474.882,50000.000,-9637.059,-3302.000,50000.000,0
26601,-5602.941,-1912.470,50000.000,-8038.353,-4131.235,50000.000,0
26651,-5109.882,-179.294,50000.000,-5304.117,-3197.412,50000.000,0
26701,-2906.059,-388.471,50000.000,-4161.117,-6731.000,50000.000,0
26751,-1187.823,-4071.470,50000.000,-4542.117,-11235.764,50000.000,0
26801,-2181.412,-5453.529,50000.000,-4915.646,-7552.764,50000.000,0
26851,-2831.353,-3787.588,50000.000,-5266.764,-3272.117,50000.000,0
26901,-2532.529,-4908.176,50000.000,-4713.941,-3257.176,50000.000,0
26951,-1016.000,-8456.705,50000.000,-4527.176,-7649.882,50000.000,0
27001,-829.235,-6544.235,50000.000,-4258.235,-8471.646,50000.000,0
27051,-799.353,-1770.529,50000.000,-2413.000,-4885.764,50000.000,0
27101,-291.353,231.588,50000.000,-1023.471,-6223.000,50000.000,0
27151,881.529,-2741.706,50000.000,-620.059,-11467.353,50000.000,0
27201,1120.588,-5580.529,50000.000,-1060.823,-8613.588,50000.000,0
27251,29.882,-5513.294,50000.000,-1718.235,-4572.000,50000.000,0
27301,119.529,-7612.529,50000.000,-1905.000,-5416.176,50000.000,0
27351,806.823,-6887.882,50000.000,-2017.059,-8277.411,50000.000,0
27401,493.059,-986.118,50000.000,-156.882,-5005.294,50000.000,0
27451,7.471,978.647,50000.000,141.941,-1531.470,50000.000,0
27501,373.529,918.882,50000.000,508.000,-2345.765,50000.000,0
27551,829.235,-649.941,50000.000,567.765,-4026.647,50000.000,0
27601,1441.823,-2719.294,50000.000,-29.882,-7672.293,50000.000,0
27651,1740.647,-3511.176,50000.000,-268.941,-8785.411,50000.000,0
27701,664.882,-3615.764,50000.000,-754.529,-4303.059,50000.000,0
27751,104.588,-4430.059,50000.000,-597.647,-2465.294,50000.000,0
27801,1665.941,-6043.706,50000.000,-373.529,-6409.764,50000.000,1
27851,2099.235,-4452.470,50000.000,-67.235,-9009.528,50000.000,1
27901,2046.941,-470.647,50000.000,1299.882,-6790.764,50000.000,0
27951,1979.706,2876.176,50000.000,2794.000,-4826.000,50000.000,0
28001,3376.706,687.294,50000.000,3234.764,-9196.294,50000.000,0
28051,3257.176,-2779.059,50000.000,1195.294,-5849.470,50000.000,0
28101,732.118,-1785.470,50000.000,239.059,-1023.471,50000.000,0
28151,-941.294,-1471.706,50000.000,-1314.823,560.294,50000.000,0
28201,-1740.647,-1867.647,50000.000,-2868.706,874.059,50000.000,0
28251,-2181.412,-2652.059,50000.000,-3630.706,911.412,50000.000,0
28301,-3287.059,-3810.000,50000.000,-5207.000,672.353,50000.000,0
28351,-3772.647,-4019.176,50000.000,-6081.059,687.294,50000.000,0
28401,-4093.882,-4295.588,50000.000,-6140.823,620.059,50000.000,0
28451,-2995.706,-3346.823,50000.000,-6350.000,336.176,50000.000,0
28501,-3914.588,-3249.706,50000.000,-6626.411,1240.118,50000.000,0
28551,-1897.529,-1464.235,50000.000,-5632.823,1270.000,50000.000,0
28601,-3593.353,-2353.235,50000.000,-5274.235,1262.529,50000.000,0
28651,-2338.294,-1486.647,50000.000,-4347.882,1202.765,50000.000,0
28701,-2921.000,-1628.588,50000.000,-3593.353,1210.235,50000.000,0
28751,-2390.588,-1277.470,50000.000,-2330.823,635.000,50000.000,0
28801,-859.118,-403.412,50000.000,-1591.235,366.059,50000.000,0
28851,-425.823,-201.706,50000.000,-821.765,239.059,50000.000,0
28901,-97.118,14.941,50000.000,-74.706,-74.706,50000.000,0
28951,395.941,216.647,50000.000,455.706,-388.471,50000.000,0
29001,515.471,14.941,50000.000,545.353,-321.235,50000.000,0
29051,246.529,246.529,50000.000,283.882,254.000,50000.000,0
29101,97.118,567.765,50000.000,268.941,530.412,50000.000,0
29151,567.765,1673.412,50000.000,1120.588,433.294,50000.000,0
29201,1038.412,1875.118,50000.000,1576.294,291.353,50000.000,0
29251,1187.823,1479.176,50000.000,1710.765,97.118,50000.000,0
29301,1778.000,2046.941,50000.000,2106.706,-433.294,50000.000,0
29351,1651.000,918.882,50000.000,1725.706,-560.294,50000.000,0
29401,343.647,-1165.412,50000.000,104.588,-313.765,50000.000,0
29451,-358.588,-2233.706,50000.000,-1337.235,134.471,50000.000,0
29501,-1411.941,-1718.235,50000.000,-1860.176,836.706,50000.000,0
29551,-1591.235,-1135.529,50000.000,-1905.000,395.941,50000.000,0
29601,-1404.470,-1060.823,50000.000,-1419.412,261.471,50000.000,0
29651,-1083.235,-1008.529,50000.000,-1337.235,224.118,50000.000,0
29701,-336.176,-283.882,50000.000,-1135.529,141.941,50000.000,0
29751,-164.353,-164.353,50000.000,-747.059,67.235,50000.000,0
29801,-433.294,-395.941,50000.000,-448.235,209.176,50000.000,0
29851,-186.765,-127.000,50000.000,-149.412,0.000,50000.000,0
29901,-74.706,-336.176,50000.000,-7.471,-97.118,50000.000,0
29951,-179.294,-276.412,50000.000,-239.059,104.588,50000.000,0
30001,-313.765,-194.235,50000.000,-410.882,44.824,50000.000,0
30051,-134.471,-74.706,50000.000,-224.118,97.118,50000.000,0
30101,-22.412,-7.471,50000.000,-7.471,7.471,50000.000,0
30151,14.941,-104.588,50000.000,29.882,-119.529,50000.000,0
30201,22.412,14.941,50000.000,0.000,89.647,50000.000,0
30251,37.353,769.471,50000.000,358.588,791.882,50000.000,0
30301,649.941,1397.000,50000.000,1180.353,-567.765,50000.000,0
30351,1322.294,1509.059,50000.000,1591.235,-1456.765,50000.000,0
30401,1434.353,1157.941,50000.000,1382.059,-1045.882,50000.000,0
30451,1329.765,1830.294,50000.000,1763.059,164.353,50000.000,0
30501,2159.000,2480.235,50000.000,3556.000,-119.529,50000.000,0
30551,3429.000,3257.176,50000.000,4878.294,-418.353,50000.000,0
30601,4781.176,3003.176,50000.000,5423.646,-2196.353,50000.000,0
30651,5393.764,2233.706,50000.000,5065.059,-1710.765,50000.000,0
30701,4713.941,2696.882,50000.000,5446.059,89.647,50000.000,0
30751,5162.176,2353.235,50000.000,6163.235,-657.412,50000.000,0
30801,5057.588,2099.235,50000.000,5983.941,291.353,50000.000,0
30851,4355.353,2308.412,50000.000,5558.117,1598.706,50000.000,0
30901,1501.588,2338.294,50000.000,3429.000,6305.176,50000.000,0
30951,724.647,-306.294,50000.000,2898.588,5991.411,50000.000,0
31001,2233.706,-3623.235,50000.000,791.882,-2188.882,50000.000,0
31051,1815.353,-1016.000,50000.000,2002.118,-2121.647,50000.000,0
31101,1277.470,687.294,50000.000,2547.470,-709.706,50000.000,0
31151,1800.412,22.412,50000.000,2218.765,-1576.294,50000.000,0
31201,1561.353,-941.294,50000.000,1202.765,-1568.823,50000.000,0
31251,881.529,-694.765,50000.000,956.235,-1329.765,50000.000,0
31301,836.706,-403.412,50000.000,911.412,-2226.235,50000.000,0
31351,1083.235,-351.118,50000.000,926.353,-1680.882,50000.000,0
31401,1143.000,-246.529,50000.000,926.353,-2308.412,50000.000,0
31451,679.823,112.059,50000.000,1157.941,-1785.470,50000.000,0
31501,649.941,336.176,50000.000,1277.470,-1509.059,50000.000,0
31551,941.294,164.353,50000.000,889.000,-1337.235,50000.000,0
31601,268.941,-74.706,50000.000,418.353,-1232.647,50000.000,0
31651,522.941,-254.000,50000.000,261.471,-732.118,50000.000,0
31701,29.882,-351.118,50000.000,44.824,-141.941,50000.000,0
31751,-112.059,-821.765,50000.000,-351.118,-642.471,50000.000,0
31801,-59.765,-590.176,50000.000,-500.529,-881.529,50000.000,0
31851,29.882,-141.941,50000.000,37.353,-575.235,50000.000,0
31901,395.941,261.471,50000.000,336.176,-1225.176,50000.000,0
31951,814.294,567.765,50000.000,627.529,-1307.353,50000.000,0
32001,1053.353,956.235,50000.000,1232.647,-1128.059,50000.000,0
32051,1001.059,1045.882,50000.000,1187.823,-522.941,50000.000,0
32101,1023.471,1180.353,50000.000,1292.412,276.412,50000.000,0
32151,1411.941,717.176,50000.000,1583.765,-313.765,50000.000,0
32201,1516.529,762.000,50000.000,1397.000,82.176,50000.000,0
32251,1538.941,1090.706,50000.000,1919.941,194.235,50000.000,1
32301,1718.235,224.118,50000.000,1613.647,-844.176,50000.000,1
32351,1538.941,-156.882,50000.000,1120.588,-1105.647,50000.000,0
32401,1001.059,37.353,50000.000,1277.470,-1382.059,50000.000,0
32451,1307.353,44.824,50000.000,1120.588,-1583.765,50000.000,0
32501,1195.294,298.824,50000.000,978.647,-590.176,50000.000,0
32551,889.000,799.353,50000.000,1157.941,-14.941,50000.000,0
32601,395.941,89.647,50000.000,463.176,-201.706,50000.000,0
32651,-410.882,-358.588,50000.000,-373.529,702.235,50000.000,0
32701,-1695.823,-1695.823,50000.000,-1680.882,1299.882,50000.000,0
32751,-2398.059,-3287.059,50000.000,-2808.941,1180.353,50000.000,0
32801,-2764.117,-3951.941,50000.000,-3585.882,485.588,50000.000,0
32851,-2278.529,-2659.529,50000.000,-3668.059,67.235,50000.000,0
32901,-806.823,-560.294,50000.000,-2622.176,-784.412,50000.000,0
32951,-971.176,-29.882,50000.000,-1755.588,-1030.941,50000.000,0
33001,-1202.765,493.059,50000.000,-1494.118,-627.529,50000.000,0
33051,-1165.412,44.824,50000.000,-1262.529,-358.588,50000.000,0
33101,-1419.412,-463.176,50000.000,-1688.353,67.235,50000.000,0
33151,-1337.235,-851.647,50000.000,-1860.176,657.412,50000.000,0
33201,-1337.235,-814.294,50000.000,-1695.823,1352.176,50000.000,0
33251,-709.706,-306.294,50000.000,-1240.118,627.529,50000.000,0
33301,-1113.118,-717.176,50000.000,-1359.647,0.000,50000.000,0
33351,-575.235,-418.353,50000.000,-1083.235,-29.882,50000.000,0
33401,-29.882,-29.882,50000.000,-694.765,134.471,50000.000,0
33451,-268.941,-358.588,50000.000,-410.882,0.000,50000.000,0
33501,-186.765,-313.765,50000.000,-239.059,29.882,50000.000,0
33551,-74.706,0.000,50000.000,-171.824,0.000,50000.000,0
33601,-7.471,22.412,50000.000,7.471,-209.176,50000.000,0
33651,89.647,171.824,50000.000,201.706,-141.941,50000.000,0
33701,119.529,231.588,50000.000,119.529,-7.471,50000.000,0
33751,29.882,82.176,50000.000,14.941,-82.176,50000.000,0
33801,67.235,44.824,50000.000,82.176,-7.471,50000.000,0
33851,37.353,89.647,50000.000,37.353,29.882,50000.000,0
33901,7.471,0.000,50000.000,-7.471,-29.882,50000.000,0
33951,22.412,-7.471,50000.000,0.000,-7.471,50000.000,0
34001,0.000,0.000,50000.000,-7.471,7.471,50000.000,0
34051,-22.412,-112.059,50000.000,-14.941,-14.941,50000.000,0
34101,-7.471,-74.706,50000.000,-29.882,14.941,50000.000,0
34151,-52.294,74.706,50000.000,-89.647,-22.412,50000.000,0
34201,-22.412,74.706,50000.000,7.471,-119.529,50000.000,0
34251,74.706,82.176,50000.000,112.059,-89.647,50000.000,0
34301,82.176,127.000,50000.000,82.176,0.000,50000.000,0
34351,0.000,-82.176,50000.000,-14.941,-59.765,50000.000,0
34401,-52.294,-149.412,50000.000,-89.647,0.000,50000.000,0
34451,-59.765,37.353,50000.000,-127.000,-22.412,50000.000,0
34501,44.824,-22.412,50000.000,29.882,-141.941,50000.000,0
34551,141.941,-14.941,50000.000,141.941,-156.882,50000.000,0
34601,52.294,89.647,50000.000,44.824,-29.882,50000.000,0
34651,7.471,-22.412,50000.000,-29.882,-59.765,50000.000,0
34701,-52.294,-164.353,50000.000,-119.529,-52.294,50000.000,0
34751,-74.706,0.000,50000.000,-179.294,-14.941,50000.000,0
34801,-7.471,74.706,50000.000,-7.471,-127.000,50000.000,0
34851,82.176,127.000,50000.000,112.059,-74.706,50000.000,0
34901,67.235,59.765,50000.000,141.941,-7.471,50000.000,0
34951,0.000,0.000,50000.000,74.706,-201.706,50000.000,0
35001,0.000,0.000,50000.000,74.706,-194.235,50000.000,0
35051,0.000,0.000,50000.000,74.706,-44.824,50000.000,0
35101,0.000,0.000,50000.000,59.765,-44.824,50000.000,0
35151,14.941,14.941,50000.000,22.412,14.941,50000.000,0
35201,0.000,0.000,50000.000,-97.118,104.588,50000.000,0
35251,0.000,0.000,50000.000,-59.765,-22.412,50000.000,0
35301,44.824,74.706,50000.000,37.353,14.941,50000.000,0
35351,22.412,127.000,50000.000,-29.882,67.235,50000.000,0
35401,-112.059,7.471,50000.000,-82.176,0.000,50000.000,0
35451,-74.706,-82.176,50000.000,-89.647,-22.412,50000.000,0
35501,-14.941,-59.765,50000.000,-37.353,74.706,50000.000,0
35551,-14.941,-7.471,50000.000,-97.118,-7.471,50000.000,0
35601,0.000,0.000,50000.000,7.471,-127.000,50000.000,0
35651,0.000,0.000,50000.000,74.706,-52.294,50000.000,0
35701,14.941,0.000,50000.000,7.471,-44.824,50000.000,0
35751,0.000,0.000,50000.000,-29.882,-44.824,50000.000,0
35801,0.000,0.000,50000.000,-186.765,-141.941,50000.000,0
35851,-29.882,-22.412,50000.000,-246.529,-22.412,50000.000,0
35901,-127.000,-164.353,50000.000,-112.059,-22.412,50000.000,0
35951,-44.824,-44.824,50000.000,-29.882,-104.588,50000.000,0
36001,-112.059,246.529,50000.000,-59.765,231.588,50000.000,0
36051,-209.176,224.118,50000.000,104.588,448.235,50000.000,0
36101,-14.941,-224.118,50000.000,29.882,-313.765,50000.000,0
36151,7.471,-231.588,50000.000,-179.294,-239.059,50000.000,0
36201,29.882,14.941,50000.000,-52.294,-231.588,50000.000,0
36251,254.000,388.471,50000.000,313.765,-336.176,50000.000,0
36301,194.235,246.529,50000.000,508.000,-343.647,50000.000,0
36351,366.059,508.000,50000.000,440.765,-67.235,50000.000,0
36401,276.412,493.059,50000.000,455.706,224.118,50000.000,0
36451,134.471,358.588,50000.000,381.000,515.471,50000.000,0
36501,261.471,500.529,50000.000,500.529,485.588,50000.000,0
36551,590.176,739.588,50000.000,620.059,283.882,50000.000,0
36601,806.823,1068.294,50000.000,986.118,298.824,50000.000,0
36651,844.176,1098.176,50000.000,1464.235,44.824,50000.000,0
36701,530.412,664.882,50000.000,933.823,224.118,50000.000,0
36751,261.471,156.882,50000.000,418.353,478.118,50000.000,0
36801,67.235,-97.118,50000.000,44.824,455.706,50000.000,0
36851,-7.471,-74.706,50000.000,14.941,522.941,50000.000,0
36901,52.294,-283.882,50000.000,59.765,231.588,50000.000,0
36951,216.647,-29.882,50000.000,156.882,-119.529,50000.000,0
37001,328.706,403.412,50000.000,425.823,-171.824,50000.000,0
37051,343.647,231.588,50000.000,425.823,-254.000,50000.000,0
37101,343.647,37.353,50000.000,216.647,-261.471,50000.000,0
37151,209.176,59.765,50000.000,194.235,-44.824,50000.000,0
37201,59.765,29.882,50000.000,119.529,74.706,50000.000,0
37251,44.824,-74.706,50000.000,14.941,29.882,50000.000,0
37301,59.765,-52.294,50000.000,7.471,-52.294,50000.000,0
37351,67.235,59.765,50000.000,44.824,-44.824,50000.000,0
37401,104.588,97.118,50000.000,89.647,-82.176,50000.000,0
37451,112.059,149.412,50000.000,156.882,-44.824,50000.000,0
37501,127.000,89.647,50000.000,127.000,-22.412,50000.000,0
37551,97.118,-7.471,50000.000,67.235,-29.882,50000.000,0
37601,14.941,0.000,50000.000,29.882,-7.471,50000.000,0
37651,29.882,-7.471,50000.000,44.824,-67.235,50000.000,0
37701,59.765,22.412,50000.000,37.353,-74.706,50000.000,0
37751,52.294,59.765,50000.000,82.176,-7.471,50000.000,0
37801,59.765,-22.412,50000.000,89.647,-67.235,50000.000,0
37851,67.235,-7.471,50000.000,14.941,-22.412,50000.000,0
37901,29.882,0.000,50000.000,29.882,-97.118,50000.000,0
37951,52.294,22.412,50000.000,29.882,-52.294,50000.000,0
38001,37.353,82.176,50000.000,29.882,0.000,50000.000,0
38051,44.824,37.353,50000.000,89.647,-22.412,50000.000,0
38101,82.176,-52.294,50000.000,29.882,-29.882,50000.000,0
38151,7.471,-29.882,50000.000,0.000,-7.471,50000.000,0
38201,37.353,29.882,50000.000,29.882,-29.882,50000.000,0
38251,29.882,14.941,50000.000,37.353,-14.941,50000.000,0
38301,52.294,-7.471,50000.000,52.294,-22.412,50000.000,0
38351,29.882,-14.941,50000.000,7.471,-22.412,50000.000,0
38401,14.941,0.000,50000.000,0.000,-14.941,50000.000,0
38451,37.353,37.353,50000.000,29.882,7.471,50000.000,0
38501,29.882,0.000,50000.000,59.765,-37.353,50000.000,0
38551,0.000,-14.941,50000.000,29.882,-14.941,50000.000,0
38601,0.000,-14.941,50000.000,14.941,-22.412,50000.000,0
38651,14.941,0.000,50000.000,0.000,-22.412,50000.000,0
38701,14.941,29.882,50000.000,22.412,22.412,50000.000,0
38751,37.353,-14.941,50000.000,37.353,-14.941,50000.000,0
38801,29.882,-22.412,50000.000,14.941,-7.471,50000.000,0
38851,0.000,0.000,50000.000,0.000,-14.941,50000.000,0
38901,0.000,14.941,50000.000,0.000,0.000,50000.000,0
38951,-52.294,-141.941,50000.000,-82.176,59.765,50000.000,0
39001,-485.588,-620.059,50000.000,-642.471,545.353,50000.000,0
39051,-627.529,-597.647,50000.000,-635.000,463.176,50000.000,0
39101,-231.588,-112.059,50000.000,-276.412,-82.176,50000.000,0
39151,82.176,381.000,50000.000,216.647,-209.176,50000.000,0
39201,366.059,672.353,50000.000,582.706,-336.176,50000.000,0
39251,582.706,709.706,50000.000,657.412,-381.000,50000.000,0
39301,530.412,508.000,50000.000,470.647,29.882,50000.000,0
39351,515.471,470.647,50000.000,642.471,164.353,50000.000,0
39401,672.353,37.353,50000.000,851.647,14.941,50000.000,0
39451,844.176,-97.118,50000.000,635.000,29.882,50000.000,0
39501,784.412,246.529,50000.000,948.765,74.706,50000.000,0
39551,799.353,141.941,50000.000,889.000,52.294,50000.000,0
39601,620.059,-67.235,50000.000,971.176,7.471,50000.000,0
39651,1202.765,44.824,50000.000,1382.059,-112.059,50000.000,0
39701,1284.941,291.353,50000.000,1494.118,-127.000,50000.000,0
39751,1217.706,112.059,50000.000,1210.235,-52.294,50000.000,0
39801,1143.000,0.000,50000.000,1053.353,-7.471,50000.000,0
39851,971.176,-7.471,50000.000,1075.765,89.647,50000.000,0
39901,1008.529,22.412,50000.000,1090.706,52.294,50000.000,0
39951,948.765,7.471,50000.000,1038.412,-22.412,50000.000,0
40001,874.059,82.176,50000.000,1023.471,-29.882,50000.000,0
40051,844.176,67.235,50000.000,956.235,-52.294,50000.000,0
40101,664.882,74.706,50000.000,747.059,22.412,50000.000,0
40151,612.588,0.000,50000.000,537.882,14.941,50000.000,0
40201,455.706,-22.412,50000.000,537.882,14.941,50000.000,0
40251,67.235,14.941,50000.000,493.059,44.824,50000.000,0
40301,246.529,7.471,50000.000,463.176,0.000,50000.000,0
40351,313.765,112.059,50000.000,351.118,-7.471,50000.000,0
40401,134.471,74.706,50000.000,254.000,22.412,50000.000,0
40451,97.118,0.000,50000.000,149.412,14.941,50000.000,0
40501,59.765,-44.824,50000.000,44.824,-22.412,50000.000,0
40551,-22.412,-29.882,50000.000,-37.353,-22.412,50000.000,0
40601,-59.765,29.882,50000.000,-44.824,-22.412,50000.000,0
40651,-67.235,22.412,50000.000,-104.588,7.471,50000.000,0
40701,-134.471,-37.353,50000.000,-141.941,-44.824,50000.000,0
40751,-127.000,-37.353,50000.000,-171.824,-7.471,50000.000,0
40801,-134.471,7.471,50000.000,-156.882,22.412,50000.000,0
40851,-112.059,74.706,50000.000,-74.706,7.471,50000.000,0
40901,-37.353,14.941,50000.000,-104.588,-89.647,50000.000,0
40951,-14.941,0.000,50000.000,-112.059,-44.824,50000.000,0
41001,22.412,-7.471,50000.000,-37.353,-29.882,50000.000,0
41051,0.000,7.471,50000.000,-29.882,-22.412,50000.000,0
41101,0.000,7.471,50000.000,-59.765,-22.412,50000.000,0
41151,0.000,0.000,50000.000,-7.471,-29.882,50000.000,0
41201,0.000,0.000,50000.000,14.941,-7.471,50000.000,0
41251,0.000,0.000,50000.000,29.882,-67.235,50000.000,0
41301,0.000,0.000,50000.000,0.000,0.000,50000.000,0
41351,0.000,0.000,50000.000,-14.941,-14.941,50000.000,0
41401,0.000,0.000,50000.000,-37.353,-7.471,50000.000,0
41451,-7.471,0.000,50000.000,-179.294,246.529,50000.000,0
41501,-343.647,-231.588,50000.000,-672.353,590.176,50000.000,0
41551,-620.059,-590.176,50000.000,-814.294,313.765,50000.000,0
41601,-418.353,-216.647,50000.000,-537.882,0.000,50000.000,0
41651,-134.471,433.294,50000.000,-74.706,-171.824,50000.000,0
41701,14.941,590.176,50000.000,373.529,-343.647,50000.000,0
41751,246.529,328.706,50000.000,254.000,-291.353,50000.000,0
41801,112.059,254.000,50000.000,276.412,141.941,50000.000,0
41851,605.118,926.353,50000.000,851.647,186.765,50000.000,0
41901,1225.176,1008.529,50000.000,1568.823,-351.118,50000.000,0
41951,1673.412,762.000,50000.000,1815.353,-806.823,50000.000,0
42001,1680.882,410.882,50000.000,1875.118,-911.412,50000.000,0
42051,1001.059,156.882,50000.000,1195.294,-224.118,50000.000,1
42101,89.647,-171.824,50000.000,141.941,657.412,50000.000,1
42151,-911.412,-1083.235,50000.000,-881.529,1621.118,50000.000,0
42201,-1658.470,-1516.529,50000.000,-2166.470,2413.000,50000.000,0
42251,-1680.882,-2076.823,50000.000,-2607.235,1397.000,50000.000,0
42301,-1740.647,-2375.647,50000.000,-2883.647,14.941,50000.000,0
42351,-1494.118,-754.529,50000.000,-2353.235,343.647,50000.000,0
42401,-2009.588,-627.529,50000.000,-2203.823,-22.412,50000.000,0
42451,-2226.235,-298.824,50000.000,-3548.529,171.824,50000.000,0
42501,-3645.647,-358.588,50000.000,-4669.117,776.941,50000.000,0
42551,-4198.470,-664.882,50000.000,-5259.294,388.471,50000.000,0
42601,-3010.647,522.941,50000.000,-4049.059,-627.529,50000.000,0
42651,-2607.235,508.000,50000.000,-3615.764,-2248.647,50000.000,0
42701,-4064.000,-567.765,50000.000,-4728.882,-1329.765,50000.000,0
42751,-5147.235,-2181.412,50000.000,-6118.411,664.882,50000.000,0
42801,-5363.882,-3361.764,50000.000,-6043.706,1001.059,50000.000,0
42851,-4960.470,-4340.412,50000.000,-6596.529,1456.765,50000.000,0
42901,-4176.059,-3653.117,50000.000,-6656.293,2099.235,50000.000,0
42951,-4975.412,-4108.823,50000.000,-6633.882,2816.412,50000.000,0
43001,-5356.412,-4728.882,50000.000,-6439.646,2084.294,50000.000,0
43051,-6305.176,-5326.529,50000.000,-6454.588,1665.941,50000.000,0
43101,-6178.176,-4826.000,50000.000,-7485.529,1949.823,50000.000,0
43151,-5580.529,-3503.706,50000.000,-6589.059,1284.941,50000.000,0
43201,-6350.000,-3272.117,50000.000,-6559.176,1284.941,50000.000,0
43251,-5931.646,-2315.882,50000.000,-6379.882,762.000,50000.000,0
43301,-4893.235,-1143.000,50000.000,-5490.882,254.000,50000.000,0
43351,-4758.764,-829.235,50000.000,-5685.117,291.353,50000.000,0
43401,-4467.412,-918.882,50000.000,-5050.117,-7.471,50000.000,0
43451,-4549.588,-754.529,50000.000,-4811.059,134.471,50000.000,0
43501,-4213.412,-986.118,50000.000,-4863.353,82.176,50000.000,0
43551,-3638.176,-1202.765,50000.000,-4400.176,201.706,50000.000,0
43601,-3115.235,-1075.765,50000.000,-4041.588,328.706,50000.000,0
43651,-2435.412,-911.412,50000.000,-2906.059,164.353,50000.000,0
43701,-1763.059,-530.412,50000.000,-2046.941,104.588,50000.000,0
43751,-1404.470,-119.529,50000.000,-1307.353,-52.294,50000.000,0
43801,-1016.000,-254.000,50000.000,-978.647,-37.353,50000.000,0
43851,-859.118,-933.823,50000.000,-1195.294,239.059,50000.000,0
43901,-1232.647,-933.823,50000.000,-1367.118,926.353,50000.000,0
43951,-933.823,-717.176,50000.000,-859.118,321.235,50000.000,0
44001,-769.471,-657.412,50000.000,-1150.470,-209.176,50000.000,0
44051,-709.706,-896.471,50000.000,-1030.941,-104.588,50000.000,0
44101,-597.647,-664.882,50000.000,-859.118,37.353,50000.000,0
44151,-388.471,-194.235,50000.000,-500.529,44.824,50000.000,0
44201,29.882,-67.235,50000.000,-97.118,-231.588,50000.000,0
44251,149.412,127.000,50000.000,67.235,-268.941,50000.000,0
44301,141.941,194.235,50000.000,171.824,-14.941,50000.000,0
44351,67.235,-82.176,50000.000,59.765,37.353,50000.000,0
44401,-186.765,-321.235,50000.000,-306.294,0.000,50000.000,0
44451,-388.471,-246.529,50000.000,-590.176,29.882,50000.000,0
44501,-171.824,-37.353,50000.000,-231.588,-261.471,50000.000,0
44551,127.000,216.647,50000.000,67.235,-395.941,50000.000,0
44601,246.529,298.824,50000.000,276.412,-239.059,50000.000,0
44651,351.118,328.706,50000.000,440.765,-239.059,50000.000,0
44701,373.529,216.647,50000.000,478.118,-216.647,50000.000,0
44751,89.647,-29.882,50000.000,112.059,0.000,50000.000,0
44801,-283.882,-440.765,50000.000,-388.471,22.412,50000.000,0
44851,-493.059,-575.235,50000.000,-694.765,52.294,50000.000,0
44901,-530.412,-381.000,50000.000,-515.471,179.294,50000.000,0
44951,-313.765,-209.176,50000.000,-268.941,67.235,50000.000,0
45001,0.000,-44.824,50000.000,52.294,-14.941,50000.000,0
45051,179.294,67.235,50000.000,254.000,-119.529,50000.000,0
45101,201.706,141.941,50000.000,216.647,-127.000,50000.000,0
45151,388.471,366.059,50000.000,530.412,-313.765,50000.000,0
45201,664.882,455.706,50000.000,754.529,-336.176,50000.000,0
45251,552.823,321.235,50000.000,522.941,-127.000,50000.000,0
45301,418.353,179.294,50000.000,381.000,-74.706,50000.000,0
45351,351.118,97.118,50000.000,336.176,-149.412,50000.000,0
45401,171.824,74.706,50000.000,216.647,0.000,50000.000,0
45451,44.824,0.000,50000.000,14.941,14.941,50000.000,0
45501,-89.647,141.941,50000.000,-104.588,283.882,50000.000,0
45551,-724.647,298.824,50000.000,-254.000,1255.059,50000.000,0
45601,-657.412,-1098.176,50000.000,-590.176,-44.824,50000.000,0
45651,-171.824,-672.353,50000.000,-635.000,-515.471,50000.000,0
45701,0.000,283.882,50000.000,179.294,-395.941,50000.000,0
45751,261.471,597.647,50000.000,358.588,-276.412,50000.000,0
45801,179.294,440.765,50000.000,239.059,44.824,50000.000,0
45851,134.471,-29.882,50000.000,194.235,37.353,50000.000,0
45901,-201.706,-261.471,50000.000,-209.176,7.471,50000.000,0
45951,-433.294,-336.176,50000.000,-575.235,74.706,50000.000,0
46001,-395.941,-373.529,50000.000,-537.882,14.941,50000.000,0
46051,-268.941,-328.706,50000.000,-381.000,-156.882,50000.000,0
46101,-127.000,-7.471,50000.000,-246.529,22.412,50000.000,0
46151,14.941,7.471,50000.000,44.824,-52.294,50000.000,0
46201,141.941,164.353,50000.000,179.294,-127.000,50000.000,0
46251,179.294,291.353,50000.000,201.706,-29.882,50000.000,0
46301,231.588,298.824,50000.000,231.588,-59.765,50000.000,0
46351,246.529,164.353,50000.000,336.176,-164.353,50000.000,0
46401,59.765,-37.353,50000.000,52.294,-44.824,50000.000,0
46451,-194.235,-134.471,50000.000,-276.412,0.000,50000.000,0
46501,-179.294,-209.176,50000.000,-201.706,-164.353,50000.000,0
46551,-74.706,7.471,50000.000,-141.941,14.941,50000.000,0
46601,-7.471,44.824,50000.000,0.000,0.000,50000.000,0
46651,74.706,-22.412,50000.000,141.941,-59.765,50000.000,0
46701,0.000,37.353,50000.000,-59.765,22.412,50000.000,0
46751,-82.176,-37.353,50000.000,-156.882,0.000,50000.000,0
46801,-22.412,-44.824,50000.000,-7.471,-112.059,50000.000,0
46851,0.000,7.471,50000.000,0.000,-14.941,50000.000,0
46901,0.000,7.471,50000.000,0.000,-14.941,50000.000,0
46951,0.000,-22.412,50000.000,0.000,0.000,50000.000,0
47001,0.000,0.000,50000.000,-7.471,29.882,50000.000,0
47051,-29.882,0.000,50000.000,-22.412,-22.412,50000.000,0
47101,0.000,0.000,50000.000,0.000,-67.235,50000.000,0
47151,0.000,52.294,50000.000,0.000,-14.941,50000.000,0
47201,14.941,14.941,50000.000,0.000,-14.941,50000.000,0
47251,22.412,-67.235,50000.000,0.000,7.471,50000.000,0
47301,-29.882,22.412,50000.000,-112.059,59.765,50000.000,0
47351,-37.353,67.235,50000.000,-59.765,0.000,50000.000,0
47401,44.824,74.706,50000.000,67.235,-7.471,50002.000,0
47451,-7.471,-82.176,50000.000,-7.471,14.941,50000.000,0
47501,-164.353,-246.529,50000.000,-149.412,-97.118,50000.000,0
47551,-134.471,-134.471,50000.000,-216.647,-59.765,50000.000,0
47601,-29.882,59.765,50000.000,-67.235,37.353,50000.000,0
47651,37.353,-7.471,50000.000,59.765,37.353,50000.000,0
47701,-52.294,-156.882,50000.000,-22.412,14.941,50000.000,0
47751,-261.471,-104.588,50000.000,-261.471,44.824,50000.000,0
47801,-298.824,-67.235,50000.000,-306.294,37.353,50000.000,0
47851,-82.176,-82.176,50000.000,0.000,0.000,50000.000,0
47901,44.824,22.412,50000.000,52.294,-14.941,50000.000,0
47951,52.294,164.353,50000.000,52.294,-59.765,50000.000,0
48001,156.882,194.235,50000.000,127.000,-82.176,50000.000,0
48051,104.588,37.353,50000.000,149.412,37.353,50000.000,0
48101,-119.529,-74.706,50000.000,-209.176,14.941,50000.000,0
48151,-171.824,-82.176,50000.000,-246.529,-52.294,50000.000,0
48201,-74.706,-7.471,50000.000,-67.235,14.941,50000.000,0
48251,-29.882,0.000,50000.000,0.000,29.882,50000.000,0
48301,-74.706,-104.588,50000.000,-52.294,0.000,50000.000,0
48351,-179.294,-156.882,50000.000,-201.706,22.412,50000.000,0
48401,-261.471,-104.588,50000.000,-239.059,14.941,50000.000,0
48451,-44.824,-7.471,50000.000,0.000,-14.941,50000.000,0
48501,74.706,22.412,50000.000,112.059,-22.412,50000.000,0
48551,29.882,22.412,50000.000,22.412,0.000,50000.000,0
48601,-29.882,-7.471,50000.000,-44.824,-29.882,50000.000,0
48651,-29.882,-44.824,50000.000,-14.941,-14.941,50000.000,0
48701,-97.118,-149.412,50000.000,-67.235,0.000,50000.000,0
48751,-224.118,-186.765,50000.000,-306.294,134.471,50000.000,0
48801,-156.882,-59.765,50000.000,-268.941,67.235,50000.000,0
48851,22.412,22.412,50000.000,59.765,-37.353,50000.000,0
48901,171.824,89.647,50000.000,201.706,-14.941,50000.000,0
48951,239.059,254.000,50000.000,201.706,-97.118,50000.000,0
49001,298.824,268.941,50000.000,328.706,-97.118,50000.000,0
49051,276.412,186.765,50000.000,276.412,-14.941,50000.000,0
49101,186.765,22.412,50000.000,104.588,-44.824,50000.000,0
49151,104.588,0.000,50000.000,44.824,-97.118,50000.000,0
49201,67.235,22.412,50000.000,82.176,-29.882,50000.000,0
49251,0.000,74.706,50000.000,14.941,29.882,50000.000,0
49301,-321.235,493.059,50000.000,-37.353,844.176,50000.000,0
49351,-776.941,-97.118,50000.000,-194.235,590.176,50000.000,0
49401,-470.647,-545.353,50000.000,-859.118,-44.824,50000.000,0
49451,-739.588,-754.529,50000.000,-1090.706,-37.353,50000.000,0
49501,-672.353,-620.059,50000.000,-769.471,104.588,50000.000,0
49551,-261.471,97.118,50000.000,-194.235,156.882,50000.000,0
49601,89.647,702.235,50000.000,418.353,104.588,50000.000,0
49651,709.706,1359.647,50000.000,956.235,186.765,50000.000,0
49701,1397.000,2540.000,50000.000,2061.882,522.941,50000.000,0
49751,2353.235,3660.588,50000.000,3563.470,104.588,50000.000,0
49801,3376.706,3204.882,50000.000,4303.059,-2002.118,50000.000,0
49851,3817.470,2689.412,50002.000,4713.941,-1247.588,50000.000,0
49901,4071.470,2278.529,49999.000,4930.588,239.059,50000.000,0
49951,4093.882,1292.412,49999.000,4669.117,67.235,49998.000,0
50001,4691.529,747.059,50000.000,5416.176,-22.412,50000.000,0
50051,4878.294,851.647,50000.000,5543.176,-44.824,50000.000,0
50101,4796.117,784.412,50000.000,5393.764,22.412,50000.000,0
50151,5244.353,881.529,50000.000,5976.470,-171.824,50000.000,0
50201,5147.235,1255.059,50000.000,6148.294,201.706,50000.000,0
50251,5207.000,239.059,50000.000,5094.941,-171.824,50000.000,0
50301,5169.646,-14.941,50000.000,3989.294,-395.941,50000.000,0
50351,4004.235,754.529,50000.000,4041.588,470.647,50000.000,0
50401,3556.000,373.529,50000.000,3884.706,470.647,50000.000,0
50451,3272.117,22.412,50000.000,3705.412,381.000,50000.000,0
50501,3727.823,37.353,50000.000,3578.412,381.000,50000.000,0
50551,3399.117,179.294,50000.000,2965.823,246.529,50000.000,0
50601,2188.882,896.471,50000.000,2457.823,1329.765,50000.000,0
50651,328.706,276.412,50000.000,814.294,2913.529,50000.000,0
50701,-1434.353,-1613.647,50000.000,-1374.588,3160.059,50000.000,0
50751,-1636.059,-1815.353,50000.000,-2935.941,1703.294,50000.000,0
50801,-1202.765,-268.941,50000.000,-2794.000,597.647,50000.000,0
50851,-1688.353,-829.235,50000.000,-1957.294,-1509.059,50000.000,0
50901,-1225.176,-2218.765,50000.000,-2495.176,-2495.176,50000.000,0
50951,-2076.823,-3249.706,50000.000,-3593.353,-1942.353,50000.000,0
51001,-3242.235,-3757.706,50000.000,-4953.000,-2711.823,50000.000,0
51051,-3899.647,-3249.706,50000.000,-5647.764,-2779.059,50000.000,0
51101,-3533.588,-2263.588,50000.000,-4758.764,-2614.706,50000.000,0
51151,-3727.823,-1680.882,50000.000,-4594.412,-3062.941,50000.000,0
51201,-3122.706,-552.823,50000.000,-4273.176,-4273.176,50000.000,0
51251,-3182.470,-2300.941,50000.000,-4205.941,-5304.117,50000.000,1
51301,-3570.941,-4101.353,50000.000,-5050.117,-3503.706,50000.000,1
51351,-4534.647,-1979.706,50000.000,-5886.823,-433.294,50000.000,0
51401,-4855.882,231.588,50000.000,-4706.470,649.941,50000.000,0
51451,-4347.882,-440.765,50000.000,-4295.588,-89.647,50000.000,0
51501,-4191.000,-2674.470,50000.000,-5580.529,-366.059,50000.000,0
51551,-4870.823,-3346.823,50000.000,-6686.176,321.235,50000.000,0
51601,-5341.470,-4527.176,50000.000,-7149.353,889.000,50000.000,0
51651,-5154.706,-5020.235,50000.000,-7552.764,1748.118,50000.000,0
51701,-5595.470,-6275.293,50000.000,-7201.646,851.647,50000.000,0
51751,-5251.823,-7052.235,50000.000,-8621.059,-388.471,50000.000,0
51801,-5378.823,-5505.823,50000.000,-8113.058,859.118,50000.000,0
51851,-5386.294,-4273.176,50000.000,-6701.117,948.765,50000.000,0
51901,-5251.823,-4034.117,50000.000,-7104.529,216.647,50000.000,0
51951,-5192.059,-3264.647,50000.000,-6327.588,336.176,50000.000,0
52001,-4848.412,-2345.765,50000.000,-5520.764,-67.235,50000.000,0
52051,-4213.412,-2114.176,50000.000,-5251.823,-500.529,50000.000,0
52101,-3548.529,-1359.647,50000.000,-4624.294,44.824,50000.000,0
52151,-3025.588,-343.647,50000.000,-3488.764,119.529,50000.000,0
52201,-2562.412,-67.235,50000.000,-2794.000,-156.882,50000.000,0
52251,-1994.647,-37.353,50000.000,-2300.941,-127.000,50000.000,0
52301,-1426.882,119.529,50000.000,-1538.941,-112.059,50000.000,0
52351,-1053.353,-37.353,50000.000,-993.588,141.941,50000.000,0
52401,-530.412,-216.647,50000.000,-784.412,29.882,50000.000,0
52451,-171.824,-112.059,50000.000,-224.118,127.000,50000.000,0
52501,119.529,216.647,50000.000,254.000,-119.529,50000.000,0
52551,530.412,336.176,50000.000,552.823,-597.647,50000.000,0
52601,642.471,254.000,50000.000,732.118,-373.529,50000.000,0
52651,605.118,395.941,50000.000,679.823,-313.765,50000.000,0
52701,470.647,366.059,50000.000,560.294,-209.176,50000.000,0
52751,530.412,97.118,50000.000,493.059,-440.765,50000.000,0
52801,560.294,343.647,50000.000,702.235,-97.118,50000.000,0
52851,597.647,545.353,50000.000,814.294,-29.882,50000.000,0
52901,1128.059,754.529,50000.000,1023.471,-1172.882,50000.000,0
52951,1389.529,1382.059,50000.000,1636.059,-470.647,50000.000,0
53001,1778.000,1934.882,50000.000,2472.765,201.706,50000.000,0
53051,2510.117,2510.117,50000.000,3623.235,-52.294,50000.000,0
53101,4108.823,1860.176,50000.000,4870.823,-1516.529,50000.000,0
53151,5348.941,-881.529,50000.000,4265.706,-3780.117,50000.000,0
53201,4489.823,134.471,50000.000,4235.823,-2831.353,50000.000,0
53251,3570.941,3653.117,50000.000,4908.176,209.176,50000.000,0
53301,5341.470,3526.117,50000.000,6350.000,-470.647,50000.000,0
53351,6671.235,2286.000,50000.000,7104.529,-2046.941,50000.000,0
53401,6708.588,3130.176,50000.000,7702.176,-739.588,50000.000,0
53451,7493.000,2995.706,50000.000,8284.882,-2218.765,50000.000,0
53501,8875.059,1680.882,50000.000,8830.234,-5229.412,50000.000,0
53551,9054.353,463.176,50000.000,8389.470,-4758.764,50000.000,0
53601,7530.353,29.882,50000.000,7657.353,-1890.059,50000.000,0
53651,5610.412,-410.882,50000.000,5819.588,-351.118,50000.000,0
53701,4586.941,-978.647,50000.000,4310.529,395.941,50000.000,0
53751,3660.588,-2510.117,50000.000,3003.176,-268.941,50000.000,0
53801,3473.823,-3077.882,50000.000,1964.765,82.176,50000.000,0
53851,2883.647,-1441.823,50000.000,2607.235,-321.235,50000.000,0
53901,3077.882,-224.118,50000.000,2502.647,-881.529,50000.000,0
53951,2898.588,971.176,50000.000,2659.529,-1329.765,50000.000,0
54001,2420.470,2106.706,50000.000,2667.000,-1008.529,50000.000,0
54051,2136.588,1845.235,50000.000,3033.059,-1561.353,50000.000,0
54101,2659.529,1299.882,50000.000,2099.235,-1755.588,50000.000,0
54151,1912.470,874.059,50000.000,1665.941,-1591.235,50000.000,0
54201,2166.470,254.000,50000.000,1837.765,-1299.882,50000.000,0
54251,1949.823,373.529,50000.000,1897.529,-298.824,50000.000,0
54301,2958.353,89.647,50000.000,2637.117,-1344.706,50000.000,0
54351,3996.764,-1389.529,50000.000,3040.529,-3048.000,50000.000,0
54401,5057.588,-2405.529,50000.000,3331.882,-3765.176,50000.000,0
54451,5065.059,-732.118,50000.000,3899.647,-3466.353,50000.000,0
54501,4900.706,1247.588,50000.000,4056.529,-3705.412,50000.000,0
54551,4609.353,2256.117,50000.000,4101.353,-3899.647,50000.000,0
54601,5065.059,343.647,50000.000,4377.765,-5797.176,50000.000,0
54651,4235.823,-1001.059,50000.000,3204.882,-4288.117,50000.000,0
54701,2816.412,-1284.941,50000.000,2472.765,-1725.706,50000.000,0
54751,1591.235,-1172.882,50000.000,1509.059,-97.118,50000.000,0
54801,1128.059,-1628.588,50000.000,620.059,-373.529,50000.000,0
54851,866.588,-1217.706,50000.000,351.118,-1001.059,50000.000,0
54901,425.823,-493.059,50000.000,164.353,-1247.588,50000.000,0
54951,134.471,-829.235,50000.000,-268.941,-1979.706,50000.000,0
55001,-149.412,-1045.882,50000.000,-799.353,-1621.118,50000.000,0
55051,-747.059,-941.294,50000.000,-1299.882,-1367.118,50000.000,0
55101,-986.118,-254.000,50000.000,-1060.823,-29.882,50000.000,0
55151,-29.882,343.647,50000.000,201.706,22.412,50000.000,0
55201,-74.706,-410.882,50000.000,119.529,-14.941,50000.000,0
55251,-1023.471,-1374.588,50000.000,-1524.000,321.235,50000.000,0
55301,-784.412,-112.059,50000.000,-971.176,156.882,50000.000,0
55351,1083.235,1509.059,50000.000,1568.823,-2129.117,50000.000,0
55401,2308.412,-366.059,50000.000,1763.059,-3847.353,50000.000,0
55451,2935.941,-3854.823,50000.000,560.294,-4616.823,50000.000,0
55501,2980.764,-2323.353,50000.000,478.118,-5737.411,50000.000,0
55551,2315.882,1270.000,50000.000,2106.706,-5207.000,50000.000,0
55601,3070.412,373.529,50000.000,2308.412,-3578.412,50000.000,0
55651,2383.117,-926.353,50000.000,1411.941,-1822.823,50000.000,0
55701,1501.588,-1150.470,50000.000,956.235,-1598.706,50000.000,0
55751,283.882,-2652.059,50000.000,-313.765,-829.235,50000.000,0
55801,-582.706,-3772.647,50000.000,-1800.412,-1778.000,50000.000,0
55851,-59.765,-4176.059,50000.000,-1232.647,-3077.882,50000.000,0
55901,522.941,-5976.470,50000.000,-530.412,-3892.176,50000.000,0
55951,776.941,-4176.059,50000.000,-463.176,-6364.941,50000.000,0
56001,515.471,-239.059,50000.000,179.294,-5700.059,50000.000,0
56051,1232.647,321.235,50000.000,933.823,-7149.353,50000.000,0
56101,2286.000,-1464.235,50000.000,537.882,-7747.000,50000.000,0
56151,941.294,-567.765,50000.000,620.059,-1524.000,50000.000,0
56201,-104.588,-1277.470,50000.000,-254.000,-149.412,50000.000,0
56251,-799.353,-2607.235,50000.000,-1972.235,-851.647,50000.000,0
56301,-1733.176,-3122.706,50000.000,-2674.470,-134.471,50000.000,0
56351,-1202.765,-1651.000,50000.000,-1748.118,89.647,50000.000,0
56401,22.412,37.353,50000.000,-7.471,-635.000,50000.000,0
56451,1367.118,1150.470,50000.000,1426.882,-2196.353,50000.000,0
56501,2950.882,306.294,50000.000,2674.470,-4840.941,50000.000,0
56551,3944.470,-2592.294,50000.000,1927.412,-8262.470,50000.000,0
56601,3526.117,-1307.353,50000.000,2241.176,-8553.823,50000.000,0
56651,4049.059,-1382.059,50000.000,3062.941,-8867.588,50000.000,0
56701,3070.412,-3122.706,50000.000,1247.588,-4654.176,50000.000,0
56751,1337.235,-2883.647,50000.000,388.471,-1038.412,50000.000,0
56801,1113.118,-4168.588,50000.000,261.471,-1187.823,50000.000,0
56851,1912.470,-5625.353,50000.000,67.235,-3481.294,50000.000,0
56901,2577.353,-4646.706,50000.000,545.353,-4019.176,50000.000,0
56951,2002.118,-2203.823,50000.000,1120.588,-2771.588,50000.000,0
57001,1389.529,-433.294,50000.000,1023.471,-1800.412,50000.000,0
57051,194.235,-1105.647,50000.000,127.000,52.294,50000.000,0
57101,-1225.176,-2861.235,50000.000,-1591.235,948.765,50000.000,0
57151,-1128.059,-2114.176,50000.000,-1830.294,478.118,50000.000,0
57201,-889.000,-956.235,50000.000,-470.647,-283.882,50000.000,0
57251,216.647,-1546.412,50000.000,-545.353,-2726.764,50000.000,0
57301,762.000,-1113.118,50000.000,-231.588,-2711.823,50000.000,0
57351,425.823,119.529,50000.000,254.000,-2017.059,50000.000,0
57401,552.823,381.000,50000.000,112.059,-2159.000,50000.000,0
57451,455.706,679.823,50000.000,201.706,-1576.294,50000.000,0
57501,418.353,784.412,50000.000,254.000,-1232.647,50000.000,0
57551,-52.294,67.235,50000.000,-156.882,-635.000,50000.000,0
57601,-343.647,-351.118,50000.000,-500.529,-403.412,50000.000,0
57651,-485.588,448.235,50000.000,-351.118,425.823,50000.000,0
57701,-328.706,500.529,50000.000,112.059,-74.706,50000.000,0
57751,642.471,-1098.176,50000.000,-171.824,-1695.823,50000.000,0
57801,104.588,-776.941,50000.000,-283.882,-395.941,50000.000,0
57851,-1023.471,-261.471,50000.000,-403.412,1008.529,50000.000,0
57901,-799.353,-1165.412,50000.000,-1314.823,799.353,50000.000,0
57951,-1232.647,-1314.823,50000.000,-1419.412,1307.353,50000.000,0
58001,-1471.706,-956.235,50000.000,-1807.882,1807.882,50000.000,0
58051,-1770.529,-597.647,50000.000,-1561.353,1852.706,50000.000,0
58101,-1284.941,-612.588,50000.000,-1374.588,903.941,50000.000,0
58151,-941.294,-29.882,50000.000,-1038.412,134.471,50000.000,0
58201,-769.471,171.824,50000.000,-739.588,-440.765,50000.000,0
58251,-851.647,687.294,50000.000,-986.118,-276.412,50000.000,0
58301,-1225.176,104.588,50000.000,-1165.412,-141.941,50000.000,0
58351,-1284.941,-321.235,50000.000,-2159.000,-22.412,50000.000,0
58401,-1927.412,-530.412,50000.000,-1837.765,470.647,50000.000,0
58451,-2069.353,-418.353,50000.000,-2338.294,649.941,50000.000,0
58501,-2114.176,-216.647,50000.000,-2159.000,246.529,50000.000,0
58551,-2106.706,-231.588,50000.000,-2121.647,97.118,50000.000,0
58601,-2024.529,268.941,50000.000,-1905.000,261.471,50000.000,0
58651,-1867.647,164.353,50000.000,-1695.823,-74.706,50000.000,0
58701,-1068.294,29.882,50000.000,-1643.529,-806.823,50000.000,0
58751,-889.000,0.000,50000.000,-1262.529,-903.941,50000.000,0
58801,-978.647,298.824,50000.000,-1284.941,-194.235,50000.000,0
58851,-1307.353,276.412,50000.000,-1053.353,508.000,50000.000,0
58901,-1068.294,-522.941,50000.000,-1314.823,127.000,50000.000,0
58951,-739.588,-470.647,50000.000,-1143.000,179.294,50000.000,0
59001,-1023.471,-261.471,50000.000,-739.588,702.235,50000.000,0
59051,-478.118,-395.941,50000.000,-874.059,-74.706,50000.000,0
59101,-351.118,-97.118,50000.000,-433.294,-358.588,50000.000,0
59151,-351.118,67.235,50000.000,-410.882,-321.235,50000.000,0
59201,-463.176,358.588,50000.000,-448.235,186.765,50000.000,0
59251,-769.471,0.000,50000.000,-545.353,254.000,50000.000,0
59301,-687.294,-866.588,50000.000,-1172.882,-171.824,50000.000,0
59351,-859.118,-291.353,50000.000,-851.647,291.353,50000.000,0
59401,-1023.471,-67.235,50000.000,-836.706,515.471,50000.000,0
59451,-530.412,-351.118,50000.000,-993.588,-268.941,50000.000,0
59501,-403.412,261.471,50000.000,-425.823,-261.471,50000.000,0
59551,-470.647,336.176,50000.000,-395.941,-52.294,50000.000,0
59601,-358.588,-194.235,50000.000,-649.941,-425.823,50000.000,0
59651,-425.823,112.059,50000.000,-388.471,-209.176,50000.000,0
59701,-552.823,52.294,50000.000,-388.471,194.235,50000.000,0
59751,-276.412,-298.824,50000.000,-515.471,-141.941,50000.000,0
59801,-112.059,104.588,50000.000,-149.412,-97.118,50000.000,0
59851,-119.529,246.529,50000.000,0.000,0.000,50000.000,0
59901,22.412,0.000,50000.000,-89.647,-186.765,50000.000,1
59951,104.588,14.941,50000.000,59.765,-209.176,50000.000,1
