timestamp[ms],left_dx[um],left_dy[um],left_dt[us],right_dx[um],right_dy[um],right_dt[us],waterPin
0,0.000,0.000,50156.000,0.000,0.000,50153.000,0
51,52.294,0.000,50000.000,7.471,7.471,50000.000,0
101,37.353,-44.824,50000.000,22.412,-37.353,50000.000,0
151,37.353,-59.765,50000.000,22.412,-59.765,50000.000,0
201,0.000,14.941,50000.000,0.000,37.353,50000.000,0
251,-7.471,44.824,50000.000,52.294,-14.941,50000.000,0
301,0.000,7.471,50000.000,7.471,-7.471,50000.000,0
351,7.471,-44.824,50000.000,-7.471,-7.471,50000.000,0
401,0.000,-82.176,50000.000,-22.412,-67.235,50000.000,0
451,0.000,-37.353,50000.000,-59.765,-7.471,50000.000,0
501,-74.706,82.176,50000.000,-22.412,52.294,50000.000,0
551,-59.765,52.294,50000.000,-22.412,0.000,50000.000,0
601,-29.882,-29.882,50000.000,-89.647,-22.412,50000.000,0
651,-29.882,-97.118,50000.000,-82.176,-127.000,50000.000,0
701,-59.765,-67.235,50000.000,-112.059,7.471,50000.000,0
751,-97.118,29.882,50000.000,-74.706,82.176,50000.000,0
801,-52.294,44.824,50000.000,-59.765,-22.412,50000.000,0
851,-59.765,-29.882,50000.000,-104.588,-74.706,50000.000,0
901,-82.176,-141.941,50000.000,-156.882,-52.294,50000.000,0
951,-164.353,29.882,50000.000,-149.412,127.000,50000.000,0
1001,-112.059,59.765,50000.000,-14.941,29.882,50000.000,0
1051,-37.353,-22.412,50000.000,-97.118,-112.059,50000.000,0
1101,-44.824,-164.353,50000.000,-134.471,-97.118,50000.000,0
1151,-112.059,0.000,50000.000,-82.176,97.118,50000.000,0
1201,-74.706,82.176,50000.000,-7.471,22.412,50000.000,0
1251,0.000,7.471,50000.000,-37.353,-59.765,50000.000,0
1301,14.941,-119.529,50000.000,-7.471,-141.941,50000.000,0
1351,0.000,-37.353,50000.000,74.706,22.412,50000.000,0
1401,-7.471,44.824,50000.000,67.235,97.118,50000.000,0
1451,59.765,22.412,50000.000,37.353,-52.294,50000.000,0
1501,89.647,-97.118,50000.000,22.412,-119.529,50000.000,0
1551,44.824,-67.235,50000.000,22.412,22.412,50000.000,0
1601,29.882,74.706,50000.000,74.706,127.000,50000.000,0
1651,74.706,82.176,50000.000,82.176,-14.941,50000.000,0
1701,74.706,-14.941,50000.000,29.882,-67.235,50000.000,0
1751,59.765,-104.588,50000.000,7.471,-52.294,50000.000,0
1801,0.000,14.941,50000.000,7.471,82.176,50000.000,0
1851,-7.471,52.294,50000.000,29.882,0.000,50000.000,0
1901,0.000,29.882,50000.000,-22.412,-22.412,50000.000,0
1951,-37.353,-37.353,50000.000,-59.765,-22.412,50000.000,0
2001,-37.353,-97.118,50000.000,-59.765,-74.706,50000.000,0
2051,-37.353,-37.353,50000.000,-82.176,0.000,50000.000,0
2101,-67.235,74.706,50000.000,0.000,44.824,50000.000,0
2151,-29.882,44.824,50000.000,0.000,0.000,50000.000,0
2201,-22.412,-14.941,50000.000,-52.294,-7.471,50000.000,0
2251,-7.471,-104.588,50000.000,-37.353,-59.765,50000.000,0
2301,0.000,-22.412,50000.000,-37.353,7.471,50000.000,0
2351,-7.471,22.412,50000.000,0.000,29.882,50000.000,0
2401,0.000,7.471,50000.000,29.882,0.000,50000.000,0
2451,7.471,-22.412,50000.000,0.000,0.000,50000.000,0
2501,7.471,-37.353,50000.000,14.941,-22.412,50000.000,0
2551,22.412,-37.353,50000.000,7.471,-44.824,50000.000,0
2601,0.000,29.882,50000.000,7.471,44.824,50000.000,0
2651,0.000,37.353,50000.000,37.353,37.353,50000.000,0
2701,0.000,7.471,50000.000,0.000,0.000,50000.000,0
2751,14.941,-89.647,50000.000,-22.412,-82.176,50000.000,0
2801,0.000,-37.353,50000.000,-22.412,14.941,50000.000,0
2851,-59.765,82.176,50000.000,14.941,74.706,50000.000,0
2901,-14.941,82.176,50000.000,7.471,-7.471,50000.000,0
2951,7.471,-52.294,50000.000,-37.353,-74.706,50000.000,0
3001,-7.471,-14.941,50000.000,-22.412,37.353,50000.000,0
3051,-37.353,74.706,50000.000,44.824,82.176,50000.000,0
3101,14.941,-7.471,50000.000,7.471,-67.235,50000.000,0
3151,44.824,-134.471,50000.000,-67.235,-112.059,50000.000,0
3201,-37.353,59.765,50000.000,0.000,127.000,50000.000,0
3251,-52.294,82.176,50000.000,29.882,14.941,50000.000,0
3301,14.941,-134.471,50000.000,-89.647,-156.882,50000.000,0
3351,-14.941,-59.765,50000.000,-112.059,82.176,50000.000,0
3401,-97.118,59.765,50000.000,22.412,134.471,50000.000,0
3451,-7.471,-82.176,50000.000,-29.882,-59.765,50000.000,0
3501,0.000,-14.941,50000.000,-149.412,44.824,50000.000,0
3551,-82.176,97.118,50000.000,14.941,44.824,50000.000,0
3601,-29.882,52.294,50000.000,-37.353,7.471,50000.000,0
3651,0.000,-119.529,50000.000,-59.765,-171.824,50000.000,0
3701,0.000,0.000,50000.000,-22.412,44.824,50000.000,0
3751,0.000,67.235,50000.000,89.647,74.706,50000.000,0
3801,82.176,37.353,50000.000,74.706,-104.588,50000.000,0
3851,67.235,-104.588,50000.000,0.000,-89.647,50000.000,0
3901,0.000,14.941,50000.000,59.765,119.529,50000.000,0
3951,52.294,59.765,50000.000,112.059,14.941,50000.000,0
4001,119.529,22.412,50000.000,97.118,-37.353,50000.000,0
4051,112.059,-14.941,50000.000,156.882,-74.706,50000.000,0
4101,112.059,-29.882,50000.000,194.235,-7.471,50000.000,0
4151,74.706,37.353,50000.000,246.529,22.412,50000.000,0
4201,141.941,82.176,50000.000,291.353,-7.471,50000.000,0
4251,209.176,0.000,50000.000,224.118,-14.941,50000.000,0
4301,164.353,-44.824,50000.000,201.706,-22.412,50000.000,0
4351,179.294,89.647,50000.000,276.412,89.647,50000.000,0
4401,268.941,186.765,50000.000,410.882,-44.824,50000.000,0
4451,500.529,89.647,50000.000,590.176,-597.647,50000.000,0
4501,836.706,-119.529,50000.000,717.176,-918.882,50000.000,0
4551,590.176,-672.353,50000.000,575.235,-373.529,50000.000,0
4601,231.588,-1531.470,50000.000,-7.471,186.765,50000.000,0
4651,29.882,-754.529,50000.000,-104.588,403.412,50000.000,0
4701,903.941,-515.471,50000.000,1262.529,-1344.706,50000.000,0
4751,1815.353,-1232.647,50000.000,1344.706,-2457.823,50000.000,0
4801,1217.706,-1822.823,50000.000,679.823,-1688.353,50000.000,0
4851,1628.588,-3937.000,50000.000,1060.823,-4049.059,50000.000,0
4901,3175.000,-7276.353,50000.000,291.353,-6872.941,50000.000,0
4951,2965.823,-7530.353,50000.000,156.882,-9076.764,50000.000,0
5001,2988.235,-7470.588,50000.000,343.647,-9905.999,50000.000,0
5051,1210.235,-7448.176,50000.000,-859.118,-6081.059,50000.000,0
5101,-141.941,-8426.823,50000.000,-2681.941,-3152.588,50000.000,0
5151,-672.353,-9651.999,50000.000,-3944.470,-3429.000,50000.000,0
5201,-859.118,-9061.823,50000.000,-5117.353,-7306.235,50000.000,0
5251,-478.118,-10413.999,50000.000,-4885.764,-9861.176,50000.000,0
5301,-1172.882,-10974.293,50000.000,-6028.764,-9323.294,50000.000,0
5351,-3481.294,-9293.411,50000.000,-6858.000,-2046.941,50000.000,0
5401,-5304.117,-8501.529,50000.000,-9166.411,1157.941,50000.000,0
5451,-5879.353,-7209.117,50000.000,-9943.353,179.294,50000.000,0
5501,-6245.411,-6708.588,50000.000,-10018.059,478.118,50000.000,0
5551,-5998.882,-6051.176,50000.000,-10548.470,149.412,50000.000,0
5601,-7007.411,-7253.941,50000.000,-10832.353,-889.000,50000.000,0
5651,-7044.764,-8486.588,50000.000,-12543.117,-29.882,50000.000,0
5701,-7231.529,-9293.411,50000.000,-12662.646,2076.823,50000.000,0
5751,-8202.705,-8449.234,50000.000,-12513.234,418.353,50000.000,0
5801,-8703.234,-8516.470,50000.000,-13476.940,-806.823,50000.000,0
5851,-8792.882,-8800.353,50000.000,-13820.587,-1397.000,50000.000,0
5901,-9502.588,-10354.234,50000.000,-14507.882,582.706,50000.000,0
5951,-8800.353,-11213.353,50000.000,-14672.234,3653.117,50000.000,0
6001,-10070.353,-11131.176,50000.000,-16285.881,1232.647,50000.000,0
6051,-10608.234,-10421.470,50000.000,-16868.588,-134.471,50000.000,0
6101,-10615.705,-10115.176,50000.000,-17682.881,-605.118,50000.000,0
6151,-10667.999,-11571.940,50000.000,-18213.293,2405.529,50000.000,0
6201,-10384.117,-11302.999,50000.000,-19356.293,3122.706,50000.000,0
6251,-9383.059,-8987.117,50000.000,-20118.293,1651.000,50000.000,0
6301,-11407.588,-9644.528,50000.000,-20013.705,866.588,50000.000,0
6351,-13043.646,-12027.646,50000.000,-20491.822,3152.588,50000.000,0
6401,-12886.764,-13290.176,50000.000,-20842.939,3324.412,50000.000,0
6451,-14007.352,-14171.705,50000.000,-22135.352,515.471,50000.000,0
6501,-15777.881,-15434.234,50000.000,-22755.410,-224.118,50000.000,0
6551,-16293.352,-15411.822,50000.000,-22247.410,2480.235,50000.000,0
6601,-17339.234,-16607.117,50000.000,-23375.469,3107.764,50000.000,0
6651,-16644.469,-15889.940,50000.000,-26259.115,-530.412,50000.000,0
6701,-16323.234,-15127.940,50000.000,-25758.586,-1658.470,50000.000,0
6751,-16308.293,-15979.587,50000.000,-25526.998,2435.412,50000.000,0
6801,-16241.058,-16793.881,50000.000,-26161.998,3458.882,50000.000,0
6851,-15987.058,-15815.234,50000.000,-26826.881,291.353,50000.000,0
6901,-14179.176,-14395.822,50000.000,-26729.764,-620.059,50000.000,0
6951,-13469.470,-14604.999,50000.000,-25691.352,2584.823,50000.000,0
7001,-12318.999,-15023.352,50000.000,-25048.881,2338.294,50000.000,0
7051,-14111.940,-17877.117,50000.000,-25840.764,-1964.765,50000.000,0
7101,-13775.764,-16861.117,50000.000,-25205.764,-2861.235,50000.000,0
7151,-12393.705,-12221.882,50000.000,-21410.705,89.647,50000.000,0
7201,-12341.411,-11190.940,50000.000,-19856.822,-1001.059,50000.000,0
7251,-11639.176,-10682.940,50000.000,-19759.705,-6798.235,50000.000,0
7301,-10032.999,-10496.176,50000.000,-19505.705,-8359.588,50000.000,0
7351,-11078.882,-11698.940,50000.000,-19886.705,-5565.588,50000.000,0
7401,-11123.705,-12184.528,50000.000,-19670.057,-844.176,50000.000,0
7451,-10339.293,-11549.528,50000.000,-20013.705,-3257.176,50000.000,0
7501,-7881.470,-9876.117,50000.000,-18631.646,-9188.823,50000.000,0
7551,-8680.823,-10204.823,50000.000,-15591.116,-9891.059,50000.000,0
7601,-6865.470,-5573.059,50000.000,-14649.822,-8471.646,50000.000,0
7651,-8964.705,-5490.882,50000.000,-14425.705,-9405.470,50000.000,0
7701,-9031.940,-4572.000,50000.000,-14985.999,-11542.058,50000.000,0
7751,-7029.823,-649.941,50000.000,-12214.411,-12199.470,50000.000,0
7801,-7575.176,-2652.059,50000.000,-11781.117,-14978.528,50000.000,0
7851,-6335.059,-5483.412,50000.000,-14739.470,-20581.469,50000.000,0
7901,-5199.529,-4564.529,50000.000,-12782.176,-16502.527,50000.000,0
7951,-7874.000,-5035.176,50000.000,-12005.234,-7776.882,50000.000,0
8001,-8120.529,-7418.293,50000.000,-13088.470,-4161.117,50000.000,0
8051,-7956.176,-10413.999,50000.000,-13880.352,171.824,50000.000,0
8101,-8867.588,-10697.882,50000.000,-14821.646,5094.941,50000.000,0
8151,-8068.235,-7567.706,50000.000,-14059.646,5692.588,50000.000,0
8201,-9801.411,-7164.293,50000.000,-13999.882,3182.470,50000.000,0
8251,-10757.646,-5625.353,50000.000,-14223.999,209.176,50000.000,0
8301,-9577.294,-1748.118,50000.000,-13454.528,-926.353,50000.000,0
8351,-9114.117,403.412,50000.000,-11639.176,366.059,50000.000,0
8401,-7134.411,1322.294,50000.000,-10832.353,-657.412,50000.000,0
8451,-5035.176,1113.118,50000.000,-9980.705,-4467.412,50000.000,0
8501,-4459.941,1636.059,50000.000,-8075.706,-4997.823,50000.000,0
8551,-6320.117,3511.176,50000.000,-6454.588,-343.647,50000.000,0
8601,-5976.470,2950.882,50000.000,-3765.176,1688.353,50000.000,0
8651,-5072.529,-276.412,50000.000,-4377.765,1524.000,50000.000,0
8701,-4049.059,-2622.176,50000.000,-5946.588,-739.588,50000.000,0
8751,-3399.117,-2883.647,50000.000,-4967.941,-1822.823,50000.000,0
8801,-3608.294,-3077.882,50000.000,-5991.411,-1740.647,50000.000,0
8851,-3638.176,-3294.529,50000.000,-6290.235,-926.353,50000.000,0
8901,-3981.823,-2069.353,50000.000,-5535.706,-231.588,50000.000,0
8951,-4318.000,-433.294,50000.000,-5072.529,313.765,50000.000,0
9001,-3414.059,605.118,50000.000,-4041.588,-149.412,50000.000,0
9051,-2794.000,769.471,50000.000,-3436.470,-1210.235,50000.000,0
9101,-1815.353,-156.882,50000.000,-3100.294,-4049.059,50000.000,0
9151,-1344.706,-2741.706,50000.000,-3608.294,-6178.176,50000.000,0
9201,-1621.118,-6551.706,50000.000,-4235.823,-4273.176,50000.000,0
9251,-2286.000,-9816.353,50000.000,-4743.823,-1509.059,50000.000,0
9301,-3182.470,-8912.411,50000.000,-6275.293,-358.588,50000.000,0
9351,-3847.353,-5177.117,50000.000,-5334.000,1770.529,50000.000,0
9401,-4721.412,-4534.647,50000.000,-5057.588,3981.823,50000.000,0
9451,-5498.353,-6551.706,50000.000,-6596.529,5610.412,50000.000,0
9501,-5386.294,-5662.706,50000.000,-7784.353,5573.059,50000.000,0
9551,-6962.588,-4467.412,50000.000,-8852.646,5102.412,50000.000,0
9601,-7440.706,-5677.646,50000.000,-9808.882,1890.059,50000.000,0
9651,-6895.353,-6865.470,50000.000,-11609.293,-1807.882,50000.000,0
9701,-8075.706,-5662.706,50000.000,-11571.940,-1636.059,50000.000,0
9751,-10690.411,-3533.588,50000.000,-12333.940,1045.882,50000.000,0
9801,-11676.528,-2667.000,50000.000,-12774.705,4855.882,50000.000,0
9851,-11683.999,-2547.470,50000.000,-13036.176,4474.882,50000.000,0
9901,-10727.764,-6432.176,50000.000,-13768.293,-1217.706,50000.000,0
9951,-9696.823,-10802.470,50000.000,-14918.764,-4713.941,50000.000,0
10001,-9397.999,-10309.411,50000.000,-14440.646,-3324.412,50000.000,0
10051,-11019.117,-8942.294,50000.000,-15090.587,-2935.941,50000.000,0
10101,-12064.999,-7351.058,50000.000,-15718.116,-1568.823,50000.000,0
10151,-12184.528,-9726.705,50000.000,-15411.822,2913.529,50000.000,0
10201,-12423.587,-10929.470,50000.000,-16472.646,6790.764,50000.000,0
10251,-11549.528,-9248.588,50000.000,-17182.352,3473.823,50000.000,0
10301,-10899.588,-9054.353,50000.000,-17585.764,-522.941,50000.000,0
10351,-11198.411,-9891.059,50000.000,-17757.588,-3100.294,50000.000,0
10401,-9233.646,-8755.529,50000.000,-18280.527,-3683.000,50000.000,0
10451,-9345.705,-10944.411,50000.000,-17369.117,1001.059,50000.000,0
10501,-11273.117,-11258.176,50000.000,-17339.234,1434.353,50000.000,0
10551,-10174.940,-10540.999,50000.000,-18527.057,-903.941,50000.000,0
10601,-9928.411,-9562.353,50000.000,-18631.646,-1367.118,50000.000,0
10651,-9651.999,-10032.999,50000.000,-18825.881,-1030.941,50000.000,0
10701,-8628.529,-11474.822,50000.000,-18183.410,3242.235,50000.000,0
10751,-9696.823,-11325.411,50000.000,-18459.822,2211.294,50002.000,0
10801,-10264.588,-10391.588,50000.000,-18975.293,67.235,50000.000,0
10851,-11302.999,-10914.528,50000.000,-19714.881,-814.294,50000.000,0
10901,-11923.058,-12177.058,50000.000,-19707.410,2719.294,50000.000,0
10951,-13372.352,-14851.528,50000.000,-19856.822,4422.588,50000.000,0
11001,-13910.234,-15718.116,50000.000,-21119.352,-851.647,50000.000,0
11051,-11923.058,-13544.176,50000.000,-21268.764,-3772.647,50000.000,0
11101,-12774.705,-13506.822,50000.000,-21589.998,-844.176,50000.000,0
11151,-13902.764,-13768.293,50000.000,-21179.117,4758.764,50000.000,0
11201,-15337.116,-15060.705,50000.000,-22180.176,627.529,50000.000,0
11251,-14037.234,-15650.881,50000.000,-22830.115,-3481.294,50000.000,0
11301,-15426.764,-15867.528,50000.000,-23084.115,-2965.823,50000.000,0
11351,-15083.116,-15120.470,50000.000,-23338.115,-97.118,50000.000,0
11401,-14687.176,-15195.176,50000.000,-24645.469,-4243.294,50000.000,0
11451,-14851.528,-15688.234,50000.000,-24264.469,-7410.823,50000.000,0
11501,-16756.527,-16876.059,50000.000,-25265.527,-4034.117,50000.000,0
11551,-15374.470,-15606.058,50000.000,-25639.057,2032.000,50000.000,0
11601,-14664.764,-12916.646,50000.000,-26333.822,59.765,50000.000,0
11651,-14896.352,-12528.176,50000.000,-26191.881,-2159.000,50000.000,0
11701,-14851.528,-12460.940,50000.000,-26565.410,-993.588,50000.000,0
11751,-15583.646,-15269.881,50000.000,-26034.998,2368.176,50000.000,0
11801,-14014.822,-12341.411,50000.000,-26909.057,567.765,50000.000,0
11851,-14739.470,-11781.117,50000.000,-27155.586,-605.118,50000.000,0
11901,-14291.234,-11504.705,50000.000,-27417.057,-649.941,50000.000,0
11951,-14948.646,-13701.058,50000.000,-26968.822,3100.294,50000.000,0
12001,-15464.116,-13730.940,50000.000,-27357.293,739.588,50000.000,0
12051,-16442.764,-15053.234,50000.000,-28029.645,-2398.059,50000.000,0
12101,-12625.293,-11183.470,50000.000,-27700.939,-3182.470,50000.000,0
12151,-14522.822,-12924.117,50000.000,-26094.764,1651.000,50000.000,0
12201,-15889.940,-13805.646,50000.000,-27454.410,2711.823,50000.000,0
12251,-15381.940,-12670.117,50000.000,-27648.645,-1045.882,50000.000,0
12301,-14888.881,-12356.353,50000.000,-27671.057,-1882.588,50000.000,0
12351,-16749.059,-14321.116,50000.000,-27798.057,829.235,50000.000,0
12401,-17100.176,-14821.646,50000.000,-28507.764,3070.412,50000.000,0
12451,-17451.293,-13730.940,50000.000,-29254.822,388.471,50000.000,0
12501,-18721.293,-13506.822,50000.000,-29038.174,-784.412,50000.000,0
12551,-19752.234,-14590.058,50000.000,-29844.998,1845.235,50000.000,0
12601,-17533.469,-14956.116,50000.000,-30965.586,3675.529,50000.000,0
12651,-14463.058,-13305.117,50000.000,-32915.410,-1419.412,50000.000,0
12701,-12916.646,-13170.646,50000.000,-33117.117,-4235.823,50000.000,0
12751,-13820.587,-14627.411,50000.000,-32952.762,-2129.117,50000.000,0
12801,-12416.117,-14612.470,50000.000,-32579.232,-1927.412,50000.000,0
12851,-11332.882,-12655.176,50000.000,-33520.527,-5289.176,50000.000,0
12901,-12431.058,-13417.176,50000.000,-33789.469,-4243.294,50000.000,0
12951,-11019.117,-12819.528,50000.000,-33005.055,-418.353,50000.000,0
13001,-14201.587,-16958.234,50000.000,-33303.879,-4572.000,50000.000,0
13051,-14171.705,-17660.469,50000.000,-33759.586,-6992.470,50000.000,0
13101,-10862.234,-12064.999,50000.000,-33527.996,-2980.764,50000.000,0
13151,-11654.117,-11415.058,50000.000,-32175.822,-1807.882,50000.000,0
13201,-16046.822,-14724.528,50002.000,-32429.822,-6536.764,50000.000,0
13251,-16666.881,-15650.881,49999.000,-31533.352,-5162.176,49999.000,0
13301,-15202.646,-13611.411,49999.000,-32601.645,-485.588,49999.000,0
13351,-13768.293,-9928.411,50000.000,-33572.820,-1740.647,50000.000,0
13401,-18497.176,-11840.882,50000.000,-32123.527,-2681.941,50000.000,0
13451,-18855.764,-12685.058,50000.000,-32676.352,-552.823,50000.000,0
13501,-17809.881,-12610.353,50000.000,-34648.586,1703.294,50000.000,0
13551,-18220.764,-12057.528,50000.000,-33557.879,-2420.470,50000.000,0
13601,-15912.352,-10787.528,50000.000,-34043.469,-7014.882,50000.000,0
13651,-14971.058,-10369.176,50000.000,-33908.996,-5588.000,50000.000,0
13701,-17406.469,-12102.353,50000.000,-33587.762,52.294,50000.000,0
13751,-16689.293,-10690.411,50000.000,-34558.938,-7.471,50000.000,0
13801,-15822.705,-8098.117,50000.000,-33102.176,-4235.823,50000.000,0
13851,-15299.764,-6678.706,50000.000,-32340.174,-6103.470,50000.000,0
13901,-17787.469,-7171.764,50000.000,-29374.352,-3884.706,50000.000,0
13951,-19072.410,-7642.411,50000.000,-28858.881,-1613.647,50000.000,0
14001,-12662.646,-4691.529,50000.000,-27693.469,-2039.470,50000.000,0
14051,-16883.527,-5655.235,50000.000,-25945.352,-5550.646,50000.000,0
14101,-16158.881,-4437.529,50000.000,-23748.998,-8770.470,50000.000,0
14151,-16644.469,-1546.412,50000.000,-20573.998,-7799.293,50000.000,0
14201,-13805.646,1217.706,50000.000,-18497.176,-2637.117,50000.000,0
14251,-16861.117,1060.823,50000.000,-17787.469,-52.294,50000.000,0
14301,-15725.587,-2838.823,50000.000,-18131.117,-2360.706,50000.000,0
14351,-11736.293,-5453.529,50000.000,-17271.998,-7582.646,50000.000,0
14401,-9383.059,-4691.529,50000.000,-12864.353,-9524.999,50000.000,0
14451,-6596.529,-2734.235,50000.000,-10070.353,-10055.411,50000.000,0
14501,-6872.941,67.235,50000.000,-9771.528,-7926.293,50000.000,0
14551,-5670.176,2353.235,50000.000,-7380.941,-3593.353,50000.000,0
14601,-4041.588,-941.294,50000.000,-4833.470,-3227.294,50000.000,0
14651,-1927.412,-4512.235,50000.000,-5483.412,-7590.117,50000.000,0
14701,-134.471,-3055.470,50000.000,-2659.529,-11078.882,50000.000,0
14751,776.941,-3697.941,50000.000,-993.588,-14739.470,50000.000,0
14801,672.353,-3899.647,50000.000,-1905.000,-10249.646,50000.000,0
14851,134.471,-2547.470,50000.000,-769.471,-5954.059,50000.000,0
14901,298.824,-3884.706,50000.000,-971.176,-5072.529,50000.000,0
14951,283.882,-4684.059,50000.000,-1860.176,-5296.646,50000.000,0
15001,799.353,-5124.823,50000.000,-351.118,-4840.941,50000.000,0
15051,679.823,-6387.353,50000.000,-1382.059,-2136.588,50000.000,0
15101,186.765,-5744.882,50000.000,-657.412,515.471,50000.000,0
15151,-164.353,-5259.294,50000.000,-978.647,2457.823,50000.000,0
15201,-672.353,-3048.000,50000.000,-1703.294,1882.588,50000.000,0
15251,-679.823,-791.882,50000.000,-859.118,1464.235,50000.000,0
15301,-1561.353,597.647,50000.000,-1172.882,2136.588,50000.000,0
15351,-1837.765,-37.353,50000.000,-1621.118,1546.412,50000.000,0
15401,-1471.706,-1001.059,50000.000,-2420.470,89.647,50000.000,0
15451,-1979.706,-1553.882,50000.000,-2921.000,-381.000,50000.000,0
15501,-2659.529,-455.706,50000.000,-3436.470,395.941,50000.000,0
15551,-3137.647,567.765,50000.000,-3354.294,545.353,50000.000,0
15601,-3294.529,97.118,50000.000,-3750.235,-82.176,50000.000,0
15651,-2495.176,-724.647,50000.000,-4355.353,-806.823,50000.000,0
15701,-3541.059,-664.882,50000.000,-4474.882,-597.647,50000.000,0
15751,-4108.823,-156.882,50000.000,-4646.706,-97.118,50000.000,0
15801,-4303.059,-67.235,50000.000,-4975.412,7.471,50000.000,0
15851,-4250.765,-179.294,50000.000,-5229.412,-216.647,50000.000,0
15901,-4377.765,-530.412,50000.000,-5386.294,-433.294,50000.000,0
15951,-4504.764,-463.176,50000.000,-5632.823,-373.529,50000.000,0
16001,-4609.353,-261.471,50000.000,-5520.764,-298.824,50000.000,0
16051,-4385.235,-134.471,50000.000,-5677.646,-440.765,50000.000,0
16101,-4654.176,-141.941,50000.000,-5662.706,-545.353,50000.000,0
16151,-4542.117,-246.529,50000.000,-5610.412,-612.588,50000.000,0
16201,-4280.647,-179.294,50000.000,-5685.117,-620.059,50000.000,0
16251,-4318.000,-216.647,50000.000,-5655.235,-537.882,50000.000,0
16301,-4243.294,-291.353,50000.000,-5573.059,-657.412,50000.000,0
16351,-4370.294,-134.471,50000.000,-5408.706,-597.647,50000.000,0
16401,-4265.706,-276.412,50000.000,-5304.117,-530.412,50000.000,0
16451,-3653.117,-336.176,50000.000,-5147.235,-657.412,50000.000,0
16501,-3376.706,-395.941,50000.000,-5005.294,-649.941,50000.000,0
16551,-3458.882,-321.235,50000.000,-4684.059,-478.118,50000.000,0
16601,-3309.470,-164.353,50000.000,-4332.941,-508.000,50000.000,0
16651,-3033.059,-313.765,50000.000,-3899.647,-545.353,50000.000,0
16701,-2786.529,-470.647,50000.000,-3406.588,-410.882,50000.000,0
16751,-2173.941,-358.588,50000.000,-3025.588,-328.706,50000.000,0
16801,-1890.059,-366.059,50000.000,-2614.706,-313.765,50000.000,0
16851,-1636.059,-298.824,50000.000,-2054.412,-224.118,50000.000,0
16901,-1277.470,-179.294,50000.000,-1509.059,-186.765,50000.000,0
16951,-747.059,-141.941,50000.000,-986.118,-201.706,50000.000,0
17001,-283.882,-89.647,50000.000,-470.647,-164.353,50000.000,0
17051,-14.941,-29.882,50000.000,-29.882,-14.941,50000.000,0
17101,395.941,29.882,50000.000,463.176,-97.118,50000.000,0
17151,732.118,67.235,50000.000,866.588,0.000,50000.000,0
17201,821.765,127.000,50000.000,1225.176,179.294,50000.000,0
17251,1255.059,239.059,50000.000,1583.765,127.000,50000.000,0
17301,1516.529,194.235,50000.000,1845.235,37.353,50000.000,0
17351,1374.588,156.882,50000.000,1994.647,89.647,50000.000,0
17401,1456.765,224.118,50000.000,2203.823,134.471,50000.000,0
17451,1621.118,246.529,50000.000,2315.882,156.882,50000.000,0
17501,1897.529,261.471,50000.000,2405.529,141.941,50000.000,0
17551,2076.823,261.471,50000.000,2420.470,74.706,50000.000,0
17601,2061.882,201.706,50000.000,2495.176,134.471,50000.000,0
17651,2002.118,239.059,50000.000,2480.235,0.000,50000.000,0
17701,1852.706,186.765,50000.000,2532.529,156.882,50000.000,0
17751,1763.059,149.412,50000.000,2472.765,291.353,50000.000,0
17801,1852.706,74.706,50000.000,2435.412,89.647,50000.000,0
17851,1606.176,52.294,50000.000,2345.765,82.176,50000.000,0
17901,1494.118,74.706,50000.000,2256.117,74.706,50000.000,0
17951,1501.588,59.765,50000.000,2203.823,164.353,50000.000,0
18001,1546.412,156.882,50000.000,2136.588,246.529,50000.000,0
18051,1516.529,149.412,50000.000,2054.412,119.529,50000.000,0
18101,1105.647,82.176,50000.000,1942.353,74.706,50000.000,0
18151,1247.588,74.706,50000.000,1807.882,-14.941,50000.000,0
18201,1382.059,127.000,50000.000,1695.823,44.824,50000.000,0
18251,1113.118,74.706,50000.000,1651.000,119.529,50000.000,0
18301,1060.823,0.000,50000.000,1509.059,59.765,50000.000,0
18351,1135.529,-7.471,50000.000,1322.294,-14.941,50000.000,0
18401,1016.000,-7.471,50000.000,1255.059,14.941,50000.000,0
18451,889.000,82.176,50000.000,1135.529,119.529,50000.000,0
18501,874.059,112.059,50000.000,1060.823,67.235,50000.000,0
18551,859.118,44.824,50000.000,881.529,-22.412,50000.000,0
18601,702.235,0.000,50000.000,799.353,-67.235,50000.000,0
18651,597.647,22.412,50000.000,664.882,-44.824,50000.000,0
18701,440.765,89.647,50000.000,612.588,29.882,50000.000,0
18751,254.000,89.647,50000.000,537.882,59.765,50000.000,0
18801,366.059,44.824,50000.000,388.471,-37.353,50000.000,0
18851,141.941,29.882,50000.000,231.588,-112.059,50000.000,0
18901,112.059,-44.824,50000.000,119.529,-7.471,50000.000,0
18951,0.000,7.471,50000.000,22.412,89.647,50000.000,0
19001,-44.824,52.294,50000.000,-14.941,22.412,50000.000,0
19051,-74.706,186.765,50000.000,-97.118,171.824,50000.000,0
19101,-127.000,209.176,50000.000,44.824,-7.471,50000.000,0
19151,37.353,67.235,50000.000,-22.412,-694.765,50000.000,0
19201,268.941,-328.706,50000.000,216.647,-2256.117,50000.000,0
19251,1456.765,-1456.765,50000.000,672.353,-4900.706,50000.000,0
19301,2577.353,-3212.353,50000.000,1075.765,-7560.235,50000.000,0
19351,3548.529,-6753.411,50000.000,635.000,-12057.528,50000.000,0
19401,3929.529,-10130.117,50000.000,-239.059,-15456.646,50000.000,0
19451,2973.294,-10428.940,50000.000,-881.529,-14410.764,50000.000,0
19501,2943.412,-10062.882,50000.000,-410.882,-13618.882,50000.000,0
19551,2136.588,-11004.176,50000.000,-1770.529,-12468.411,50000.000,0
19601,328.706,-13947.587,50000.000,-3996.764,-8023.411,50000.000,0
19651,-522.941,-18168.469,50000.000,-6066.117,-6506.882,50000.000,0
19701,-1359.647,-16539.881,50000.000,-7358.529,-7014.882,50000.000,0
19751,-1591.235,-16345.646,50000.000,-7149.353,-6297.706,50000.000,0
19801,-3862.294,-14612.470,50000.000,-9719.234,-1359.647,50000.000,0
19851,-6536.764,-14298.705,50000.000,-10959.353,1240.118,50000.000,0
19901,-6387.353,-14268.822,50000.000,-11937.999,-3645.647,50000.000,0
19951,-6693.646,-14709.587,50000.000,-12632.764,-5236.882,50000.000,0
20001,-5774.764,-10877.176,50000.000,-12640.234,52.294,50000.000,0
20051,-5894.294,-6708.588,50000.000,-12647.705,4153.647,50000.000,0
20101,-7522.882,-5221.941,50000.000,-13170.646,2106.706,50000.000,0
20151,-10443.882,-5662.706,50000.000,-13715.999,866.588,50000.000,0
20201,-10443.882,-6544.235,50000.000,-13917.705,-1830.294,50000.000,0
20251,-10727.764,-8053.293,50000.000,-15411.822,-1949.823,50000.000,0
20301,-11691.470,-5371.353,50000.000,-14537.764,463.176,50000.000,0
20351,-12229.353,-1329.765,50000.000,-13693.587,351.118,50000.000,0
20401,-10802.470,1307.353,50000.000,-13013.764,-3697.941,50000.000,0
20451,-8740.588,2084.294,50000.000,-10765.117,-7037.293,50000.000,0
20501,-7373.470,4071.470,50000.000,-8942.294,-8561.294,50000.000,0
20551,-5595.470,2271.059,50000.000,-6499.411,-10623.176,50000.000,0
20601,-3884.706,-3160.059,50000.000,-8359.588,-18840.822,50000.000,0
20651,-2002.118,-5715.000,50000.000,-6626.411,-19393.646,50000.000,0
20701,-3346.823,-7171.764,50000.000,-7216.588,-15493.999,50000.000,0
20751,-3623.235,-8822.764,50000.000,-8785.411,-18661.527,50000.000,0
20801,-1688.353,-14769.352,50000.000,-8987.117,-21126.822,50000.000,0
20851,-1389.529,-14956.116,50000.000,-8613.588,-18467.293,50000.000,0
20901,-1030.941,-12221.882,50000.000,-8643.470,-19326.410,50000.000,0
20951,-903.941,-13775.764,50000.000,-9435.353,-19520.646,50000.000,0
21001,-821.765,-11915.588,50000.000,-8486.588,-17921.939,50000.000,0
21051,-1680.882,-9427.882,50000.000,-7186.706,-14007.352,50000.000,0
21101,-2248.647,-8882.529,50000.000,-6947.646,-11818.470,50000.000,0
21151,-1352.176,-6760.882,50000.000,-7358.529,-8695.764,50000.000,0
21201,-1695.823,-9143.999,50000.000,-7089.588,-9771.528,50000.000,0
21251,-747.059,-9450.294,50000.000,-7717.117,-11639.176,50000.000,0
21301,-597.647,-8075.706,50000.000,-6096.000,-15060.705,50000.000,0
21351,-306.294,-8658.411,50000.000,-5998.882,-16689.293,50000.000,0
21401,-627.529,-11048.999,50000.000,-7463.117,-14567.646,50000.000,0
21451,-425.823,-12961.470,50000.000,-7380.941,-16248.528,50000.000,0
21501,-1016.000,-9151.470,50000.000,-7859.058,-14096.999,50000.000,0
21551,-2136.588,-8949.764,50000.000,-7672.293,-12849.411,50000.000,0
21601,-3503.706,-11810.999,50000.000,-9233.646,-8329.705,50000.000,0
21651,-5221.941,-13902.764,50000.000,-11743.764,-4982.882,50000.000,0
21701,-5117.353,-13222.940,50000.000,-12289.117,-7560.235,50000.000,0
21751,-4915.646,-13095.940,50000.000,-11048.999,-9868.646,50000.000,0
21801,-5311.588,-14731.999,50000.000,-11766.176,-9891.059,50000.000,0
21851,-6641.353,-14851.528,50000.000,-13036.176,-3832.412,50000.000,0
21901,-7590.117,-12565.528,50000.000,-13193.058,-1643.529,50000.000,0
21951,-6372.411,-12281.646,50000.000,-11967.882,-6693.646,50000.000,0
22001,-4885.764,-12363.822,50000.000,-11683.999,-8927.353,50000.000,0
22051,-5401.235,-14336.058,50000.000,-11534.588,-8396.940,50000.000,0
22101,-6887.882,-16756.527,50000.000,-12154.646,-6447.117,50000.000,0
22151,-6932.706,-17003.059,50000.000,-12483.353,-9681.882,50000.000,0
22201,-5438.588,-16338.176,50000.000,-11773.646,-15299.764,50000.000,0
22251,-6865.470,-18243.176,50000.000,-12782.176,-13484.411,50000.000,0
22301,-8464.176,-18347.764,50000.000,-13671.176,-9614.646,50000.000,0
22351,-8650.940,-15942.234,50000.000,-15964.646,-9681.882,50000.000,0
22401,-9136.528,-12774.705,50000.000,-16009.470,-6342.529,50000.000,0
22451,-9517.528,-11960.411,50000.000,-16457.705,-3533.588,50000.000,0
22501,-10286.999,-12924.117,50000.000,-17070.293,1680.882,50000.000,0
22551,-10593.293,-11691.470,50000.000,-18482.234,1068.294,50000.000,0
22601,-9143.999,-9853.705,50000.000,-19191.939,-2943.412,50000.000,0
22651,-10197.353,-10712.823,50000.000,-18781.057,-4549.588,50000.000,0
22701,-11116.234,-11721.353,50000.000,-19289.057,37.353,50000.000,0
22751,-11302.999,-9622.117,50000.000,-19535.588,4504.764,50000.000,0
22801,-10727.764,-10197.353,50000.000,-20693.527,1292.412,50000.000,0
22851,-12341.411,-10921.999,50000.000,-20827.998,-747.059,50000.000,0
22901,-13036.176,-10869.705,50000.000,-21769.293,-567.765,50000.000,0
22951,-14664.764,-12931.587,50000.000,-20842.939,5027.706,50000.000,0
23001,-14978.528,-11041.528,50000.000,-21552.646,4713.941,50000.000,0
23051,-17271.998,-7784.353,50000.000,-22307.176,3048.000,50000.000,0
23101,-16689.293,-4347.882,50000.000,-22777.822,1882.588,50000.000,0
23151,-17369.117,-6155.764,50000.000,-22531.293,2995.706,50000.000,0
23201,-17212.234,-7709.646,50000.000,-24675.352,4370.294,50000.000,0
23251,-17085.234,-7941.235,50000.000,-25586.764,2876.176,50000.000,0
23301,-15583.646,-9749.117,50000.000,-26012.586,433.294,50000.000,0
23351,-13155.705,-8471.646,50000.000,-27633.703,-635.000,50000.000,0
23401,-11078.882,-5199.529,50000.000,-27566.469,-1561.353,50000.000,0
23451,-16091.646,-8015.940,50000.000,-27065.939,889.000,50000.000,0
23501,-18340.293,-10197.353,50000.000,-27424.527,5573.059,50000.000,0
23551,-17264.527,-9734.176,50000.000,-27656.115,5221.941,50000.000,0
23601,-16091.646,-10772.588,50000.000,-27230.293,-246.529,50000.000,0
23651,-15658.352,-11161.058,50000.000,-27790.586,-4960.470,50000.000,0
23701,-16128.999,-11175.999,50000.000,-26259.115,-7231.529,50000.000,0
23751,-15187.705,-10018.059,50000.000,-26498.174,-5939.117,50000.000,0
23801,-12961.470,-9188.823,50000.000,-26490.703,-1890.059,50000.000,0
23851,-12587.940,-7941.235,50000.000,-26214.293,2988.235,50000.000,0
23901,-14627.411,-8157.882,50000.000,-26722.293,3279.588,50000.000,0
23951,-16151.411,-7343.588,50000.000,-27596.352,679.823,50000.000,0
24001,-16382.999,-4078.941,50000.000,-26281.527,1359.647,50000.000,0
24051,-18452.352,-5199.529,50000.000,-22434.176,3473.823,50000.000,0
24101,-17623.117,-6596.529,50000.000,-25302.881,4026.647,50000.000,0
24151,-18414.998,-8023.411,50000.000,-25579.293,3429.000,50000.000,0
24201,-18990.234,-7306.235,50000.000,-26535.527,2935.941,50000.000,0
24251,-18026.527,-6805.706,50000.000,-28096.881,821.765,50000.000,0
24301,-18429.939,-6783.293,50000.000,-28320.998,-522.941,50000.000,0
24351,-18168.469,-4990.353,50000.000,-29269.764,-1688.353,50000.000,0
24401,-18086.293,-2659.529,50000.000,-28052.057,-2891.117,50000.000,0
24451,-17667.939,-5998.882,50000.000,-26677.469,-2779.059,50000.000,0
24501,-14821.646,-8688.294,50000.000,-27163.057,-2868.706,50000.000,0
24551,-12505.764,-8090.646,50000.000,-26430.939,-3003.176,50000.000,0
24601,-13626.352,-9211.234,50000.000,-26281.527,-4893.235,50000.000,0
24651,-14089.528,-7478.058,50000.000,-25803.410,-7216.588,50000.000,0
24701,-14014.822,-3421.529,50000.000,-23509.939,-6297.706,50000.000,0
24751,-16539.881,-4437.529,50000.000,-21545.176,-2442.882,50000.000,0
24801,-17496.117,-9517.528,50000.000,-21403.234,-1397.000,50000.000,0
24851,-15404.352,-10122.646,50000.000,-21335.998,-2547.470,50000.000,0
24901,-13962.528,-9988.176,50000.000,-20700.998,-2241.176,50000.000,0
24951,-13872.882,-10660.528,50000.000,-21485.410,-724.647,50000.000,0
25001,-12318.999,-9480.176,50000.000,-20693.527,-2622.176,50000.000,0
25051,-12826.999,-7500.470,50000.000,-19707.410,-3458.882,50000.000,0
25101,-12386.234,-3488.764,50000.000,-18295.469,-2554.941,50000.000,0
25151,-11093.823,-2069.353,50000.000,-15658.352,-2704.353,50000.000,0
25201,-11071.411,-5939.117,50000.000,-16151.411,-7156.823,50000.000,0
25251,-9166.411,-9002.059,50000.000,-15904.881,-8060.764,50000.000,0
25301,-8292.353,-8800.353,50000.000,-14829.116,-6985.000,50000.000,0
25351,-7239.000,-7171.764,50000.000,-14395.822,-7918.823,50000.000,0
25401,-6335.059,-2652.059,50000.000,-11467.353,-4840.941,50000.000,0
25451,-9226.176,-3675.529,50000.000,-10152.528,-1792.941,50000.000,0
25501,-8658.411,-7156.823,50000.000,-12617.822,-1524.000,50000.000,0
25551,-7089.588,-7313.706,50000.000,-12991.353,-2278.529,50000.000,0
25601,-7672.293,-8075.706,50000.000,-11108.764,-410.882,50000.000,0
25651,-7634.940,-9099.176,50000.000,-12094.882,171.824,50000.000,0
25701,-6663.764,-9009.528,50000.000,-12565.528,-59.765,50000.000,0
25751,-8523.940,-7657.353,50000.000,-12371.293,112.059,50000.000,0
25801,-9031.940,-4803.588,50000.000,-12035.117,814.294,50000.000,0
25851,-9868.646,-6402.293,50000.000,-12162.117,3331.882,50000.000,0
25901,-10331.823,-7605.058,50000.000,-13469.470,5371.353,50000.000,0
25951,-10892.117,-7089.588,50000.000,-14507.882,5543.176,50000.000,0
26001,-11848.353,-7455.646,50000.000,-15591.116,3421.529,50000.000,0
26051,-11683.999,-7926.293,50000.000,-17817.352,-343.647,50000.000,0
26101,-11422.528,-6843.059,50000.000,-18459.822,-4288.117,50000.000,0
26151,-11422.528,-4168.588,50000.000,-17944.352,-6656.293,50000.000,0
26201,-10257.117,-1755.588,50000.000,-17585.764,-5386.294,50000.000,0
26251,-11280.588,-3010.647,50000.000,-17600.705,-3264.647,50000.000,0
26301,-11355.293,-3772.647,50000.000,-17996.646,-1030.941,50000.000,0
26351,-10809.940,-2943.412,50000.000,-16681.822,-664.882,50000.000,1
26401,-10212.293,-4026.647,50000.000,-15486.528,-3204.882,50000.000,1
26451,-9233.646,-5207.000,50000.000,-15449.176,-7552.764,50000.000,0
26501,-5916.706,-4743.823,50000.000,-13947.587,-9704.294,50000.000,0
26551,-7328.646,-4332.941,50000.000,-12580.470,-7268.882,50000.000,0
26601,-7552.764,-1875.118,50000.000,-11340.353,-3645.647,50000.000,0
26651,-7149.353,-3309.470,50000.000,-9584.764,-2300.941,50000.000,0
26701,-6073.588,-7037.293,50000.000,-9592.234,-2480.235,50000.000,0
26751,-5184.588,-7664.823,50000.000,-9517.528,-2644.588,50000.000,0
26801,-4870.823,-5401.235,50000.000,-8658.411,216.647,50000.000,0
26851,-5035.176,-4639.235,50000.000,-6633.882,3503.706,50000.000,0
26901,-4766.235,-4138.706,50000.000,-5655.235,4527.176,50000.000,0
26951,-5595.470,-3451.412,50000.000,-6402.293,4893.235,50000.000,0
27001,-6073.588,-1397.000,50000.000,-6775.823,3399.117,50000.000,0
27051,-5251.823,-1673.412,50000.000,-5550.646,1060.823,50000.000,0
27101,-4318.000,-4377.765,50000.000,-6775.823,-1449.294,50000.000,0
27151,-3414.059,-5580.529,50000.000,-7097.058,-2958.353,50000.000,0
27201,-3832.412,-4684.059,50000.000,-6342.529,-2547.470,50000.000,0
27251,-3735.294,-3436.470,50000.000,-5983.941,-3227.294,50000.000,0
27301,-2831.353,-4049.059,50000.000,-5558.117,-4377.765,50000.000,0
27351,-2838.823,-5625.353,50000.000,-5916.706,-4766.235,50000.000,0
27401,-2846.294,-6402.293,50000.000,-5797.176,-5192.059,50000.000,0
27451,-3212.353,-5737.411,50000.000,-6058.646,-4116.294,50000.000,0
27501,-4273.176,-2876.176,50000.000,-6477.000,-1172.882,50000.000,0
27551,-5535.706,-2330.823,50000.000,-5834.529,1643.529,50000.000,0
27601,-5408.706,-3877.235,50000.000,-6858.000,2644.588,50000.000,0
27651,-4168.588,-3765.176,50000.000,-7067.176,2958.353,50000.000,0
27701,-4467.412,-2935.941,50000.000,-6872.941,2562.412,50000.000,0
27751,-4967.941,-2674.470,50000.000,-6940.176,1553.882,50000.000,0
27801,-5065.059,-1890.059,50000.000,-6589.059,769.471,50000.000,0
27851,-5677.646,-343.647,50000.000,-6267.823,694.765,50000.000,0
27901,-5752.353,254.000,50000.000,-6081.059,22.412,50000.000,0
27951,-5087.470,59.765,50000.000,-6208.059,-567.765,50000.000,0
28001,-5461.000,-7.471,50000.000,-6275.293,-478.118,50000.000,0
28051,-5408.706,-44.824,50000.000,-6237.941,-254.000,50000.000,0
28101,-5363.882,-328.706,50000.000,-6462.059,-522.941,50000.000,0
28151,-4519.706,-395.941,50000.000,-6028.764,-679.823,50000.000,0
28201,-4362.823,-171.824,50000.000,-5573.059,-724.647,50000.000,0
28251,-4176.059,-254.000,50000.000,-5595.470,-620.059,50000.000,0
28301,-4527.176,-104.588,50000.000,-5274.235,-52.294,50000.000,0
28351,-4288.117,29.882,50000.000,-4699.000,59.765,50000.000,0
28401,-3361.764,283.882,50000.000,-3989.294,381.000,50000.000,0
28451,-2173.941,874.059,50000.000,-2211.294,336.176,50000.000,0
28501,-881.529,1397.000,50000.000,-814.294,268.941,50000.000,0
28551,366.059,1456.765,50000.000,1172.882,246.529,50000.000,0
28601,2061.882,358.588,50000.000,2315.882,-381.000,50000.000,0
28651,2577.353,-67.235,50000.000,2726.764,343.647,50000.000,0
28701,3511.176,-22.412,50000.000,4459.941,261.471,50000.000,0
28751,4728.882,-44.824,50000.000,5117.353,-156.882,50000.000,0
28801,5005.294,231.588,50000.000,6058.646,52.294,50000.000,0
28851,5363.882,851.647,50000.000,6813.176,410.882,50000.000,0
28901,5483.412,537.882,50000.000,6872.941,388.471,50000.000,0
28951,6185.646,351.118,50000.000,7261.411,224.118,50000.000,0
29001,6364.941,328.706,50000.000,7448.176,366.059,50000.000,0
29051,6372.411,-22.412,50000.000,7328.646,560.294,50000.000,0
29101,6783.293,164.353,50000.000,7560.235,336.176,50000.000,0
29151,6335.059,470.647,50000.000,7702.176,440.765,50000.000,0
29201,6066.117,537.882,50000.000,7590.117,246.529,50000.000,0
29251,6125.882,171.824,50000.000,7627.470,186.765,50000.000,0
29301,4713.941,171.824,50000.000,7597.588,149.412,50000.000,0
29351,5871.882,373.529,50000.000,7530.353,254.000,50000.000,0
29401,6178.176,59.765,50000.000,7343.588,59.765,50000.000,0
29451,6066.117,164.353,50000.000,6947.646,14.941,50000.000,0
29501,6013.823,306.294,50000.000,6887.882,216.647,50000.000,0
29551,5408.706,336.176,50000.000,6424.706,224.118,50000.000,0
29601,5311.588,209.176,50000.000,6125.882,141.941,50000.000,0
29651,4781.176,74.706,50000.000,5662.706,254.000,50000.000,0
29701,4467.412,74.706,50000.000,5348.941,216.647,50000.000,0
29751,4056.529,52.294,50000.000,4863.353,156.882,50000.000,0
29801,3556.000,89.647,50000.000,4310.529,186.765,50000.000,0
29851,3414.059,82.176,50000.000,3937.000,164.353,50000.000,0
29901,2801.470,164.353,50000.000,3414.059,67.235,50000.000,0
29951,2480.235,127.000,50000.000,2794.000,67.235,50000.000,0
30001,1875.118,52.294,50000.000,2420.470,89.647,50000.000,0
30051,1576.294,52.294,50000.000,1785.470,52.294,50000.000,0
30101,1008.529,141.941,50000.000,1322.294,74.706,50000.000,0
30151,515.471,112.059,50000.000,747.059,127.000,50000.000,0
30201,-74.706,508.000,50000.000,-29.882,425.823,50000.000,0
30251,-1277.470,1964.765,50000.000,-799.353,1905.000,50000.000,0
30301,-2861.235,2943.412,50000.000,-2091.765,3541.059,50000.000,0
30351,-4377.765,2480.235,50000.000,-3951.941,4437.529,50000.000,0
30401,-6028.764,1180.353,50000.000,-5744.882,4310.529,50000.000,0
30451,-7164.293,298.824,50000.000,-7597.588,1964.765,50000.000,0
30501,-8299.823,-29.882,50000.000,-9868.646,-313.765,50000.000,0
30551,-10406.528,463.176,50000.000,-11945.470,-478.118,50000.000,0
30601,-11975.353,859.118,50000.000,-13663.705,-134.471,50000.000,0
30651,-12677.587,-1053.353,50000.000,-16778.939,799.353,50000.000,0
30701,-16009.470,-4990.353,50000.000,-20372.293,2726.764,50000.000,0
30751,-16614.588,-4803.588,50000.000,-23226.057,2532.529,50000.000,0
30801,-17585.764,-2061.882,50000.000,-23704.176,104.588,50000.000,0
30851,-18138.588,-859.118,50000.000,-23831.176,-649.941,50000.000,0
30901,-17324.293,-1337.235,50000.000,-25295.410,-321.235,50000.000,0
30951,-17697.822,-3473.823,50000.000,-26610.234,82.176,50000.000,0
31001,-17488.646,-5319.059,50000.000,-26841.822,112.059,50000.000,0
31051,-18183.410,-5528.235,50000.000,-27088.352,-1665.941,50000.000,0
31101,-16726.646,-2853.764,50000.000,-25930.410,-2995.706,50000.000,0
31151,-16696.764,-2517.588,50000.000,-22015.822,-3294.529,50000.000,0
31201,-18997.705,-6985.000,50000.000,-25982.705,-4915.646,50000.000,0
31251,-16562.293,-9009.528,50000.000,-27850.352,-5827.059,50000.000,0
31301,-15045.764,-8972.176,50000.000,-27461.881,-5169.646,50000.000,0
31351,-15195.176,-7881.470,50000.000,-27267.645,-5117.353,50000.000,0
31401,-12460.940,-4071.470,50000.000,-27342.352,-2398.059,50000.000,0
31451,-14963.587,-4930.588,50000.000,-26005.115,-844.176,50000.000,0
31501,-16323.234,-8576.234,50000.000,-26879.174,-1763.059,50000.000,0
31551,-12162.117,-7963.646,50000.000,-26968.822,-3608.294,50000.000,0
31601,-14978.528,-8934.823,50000.000,-25668.939,-4826.000,50000.000,0
31651,-14171.705,-8038.353,50000.000,-26147.057,-4870.823,50000.000,0
31701,-15068.176,-7956.176,50000.000,-27611.293,-1494.118,50000.000,0
31751,-16853.646,-5722.470,50000.000,-25459.764,3533.588,50000.000,0
31801,-18078.822,-5707.529,50000.000,-23958.176,6551.706,50000.000,0
31851,-18833.352,-8897.470,50000.000,-25960.293,5274.235,50000.000,0
31901,-15172.764,-9898.528,50000.000,-28119.293,2644.588,50000.000,0
31951,-16442.764,-11915.588,50000.000,-28791.645,1658.470,50000.000,0
32001,-14971.058,-10018.059,50000.000,-28978.410,2405.529,50000.000,0
32051,-15486.528,-7739.529,50000.000,-27768.174,2427.941,50000.000,0
32101,-19438.469,-5475.941,50000.000,-26214.293,1643.529,50000.000,0
32151,-20753.293,-6290.235,50000.000,-26341.293,-112.059,50000.000,0
32201,-20461.939,-11078.882,50000.000,-27065.939,-2681.941,50000.000,0
32251,-17652.998,-13626.352,50000.000,-27215.352,-6088.529,50000.000,0
32301,-15374.470,-12371.293,50000.000,-26655.057,-7089.588,50000.000,0
32351,-13536.705,-8142.940,50000.000,-26296.469,-5737.411,50000.000,0
32401,-14246.411,-8710.705,50000.000,-26132.115,-2569.882,50000.000,0
32451,-13992.411,-11123.705,50000.000,-25952.822,-119.529,50000.000,0
32501,-14209.058,-12640.234,50000.000,-24540.881,956.235,50000.000,0
32551,-14261.352,-13222.940,50000.000,-23973.115,-567.765,50000.000,0
32601,-11982.822,-9300.882,50000.000,-23577.176,-463.176,50000.000,0
32651,-13828.058,-8538.882,50000.000,-21395.764,1292.412,50000.000,0
32701,-14492.940,-9353.176,50000.000,-20319.998,5236.882,50000.000,0
32751,-12998.822,-8120.529,50000.000,-19729.822,8030.882,50000.000,0
32801,-9704.294,-4997.823,50000.000,-19266.646,8135.470,50000.000,0
32851,-15187.705,-6506.882,50000.000,-19632.705,4915.646,50000.000,0
32901,-14365.940,-6372.411,50000.000,-19714.881,395.941,50000.000,0
32951,-12916.646,-3503.706,50000.000,-19236.764,-2181.412,50000.000,0
33001,-11422.528,500.529,50000.000,-16480.117,-1389.529,50000.000,0
33051,-11183.470,3824.941,50000.000,-13484.411,-1763.059,50000.000,0
33101,-11183.470,2711.823,50000.000,-13566.587,-5916.706,50000.000,0
33151,-9002.059,-694.765,50000.000,-13118.353,-9607.176,50000.000,0
33201,-7963.646,-4579.470,50000.000,-12102.353,-6865.470,50000.000,0
33251,-8396.940,-7500.470,50000.000,-12625.293,-4736.353,50000.000,0
33301,-8367.059,-8561.294,50000.000,-13006.293,-5446.059,50000.000,0
33351,-6648.823,-5827.059,50000.000,-11385.176,-7209.117,50000.000,0
33401,-4676.588,-1434.353,50000.000,-8949.764,-6693.646,50000.000,0
33451,-4377.765,-754.529,50000.000,-6940.176,-5050.117,50000.000,0
33501,-4019.176,-4168.588,50000.000,-6858.000,-5819.588,50000.000,0
33551,-4108.823,-7507.940,50000.000,-7903.882,-4863.353,50000.000,0
33601,-4250.765,-8105.588,50000.000,-7732.058,-3189.941,50000.000,0
33651,-4056.529,-8113.058,50000.000,-7268.882,-1763.059,50000.000,0
33701,-3473.823,-9465.234,50000.000,-6977.529,-2734.235,50000.000,0
33751,-2771.588,-8725.646,50000.000,-7022.353,-4392.706,50000.000,0
33801,-3197.412,-5767.294,50000.000,-6477.000,-3384.176,50000.000,0
33851,-4482.353,-2681.941,50000.000,-5446.059,291.353,50000.000,0
33901,-5281.706,-2629.647,50000.000,-5617.882,3496.235,50000.000,0
33951,-6267.823,-4489.823,50000.000,-6985.000,5311.588,50000.000,0
34001,-7351.058,-4557.059,50000.000,-7687.235,5685.117,50000.000,0
34051,-9188.823,-3421.529,50000.000,-9353.176,7022.353,50000.000,0
34101,-10794.999,-3817.470,50000.000,-11011.646,6790.764,50000.000,0
34151,-12311.528,-5251.823,50000.000,-13170.646,5528.235,50000.000,0
34201,-12229.353,-4183.529,50000.000,-15098.058,4504.764,50000.000,0
34251,-13237.882,-2203.823,50000.000,-17010.527,3324.412,50000.000,0
34301,-16196.234,-1740.647,50000.000,-18773.588,1591.235,50000.000,0
34351,-16457.705,-1718.235,50000.000,-19393.646,-246.529,50000.000,0
34401,-16749.059,-268.941,50000.000,-19782.117,-732.118,50000.000,0
34451,-17914.469,-67.235,50000.000,-21052.117,-268.941,50000.000,0
34501,-18489.705,-1426.882,50000.000,-22389.352,29.882,50000.000,0
34551,-16308.293,-2144.059,50000.000,-23285.822,-776.941,50000.000,0
34601,-15314.705,-3092.823,50000.000,-22150.293,-3742.764,50000.000,0
34651,-15426.764,-4123.765,50000.000,-22703.115,-4161.117,50000.000,0
34701,-15239.999,-4661.647,50000.000,-22957.115,-3615.764,50000.000,0
34751,-15254.940,-5042.646,50000.000,-20850.410,-6880.411,50000.000,0
34801,-14672.234,-4878.294,50000.000,-19699.939,-9584.764,50000.000,0
34851,-15508.940,-3533.588,50000.000,-20080.939,-7037.293,50000.000,0
34901,-13626.352,-762.000,50000.000,-18893.117,-687.294,50000.000,0
34951,-15225.058,22.412,50000.000,-16248.528,1516.529,50000.000,0
35001,-13148.234,-2420.470,50000.000,-14971.058,-1471.706,50000.000,0
35051,-10100.234,-4706.470,50000.000,-12939.058,-5812.117,50000.000,0
35101,-7911.353,-4347.882,50000.000,-10847.293,-8568.764,50000.000,0
35151,-6611.470,-5147.235,50000.000,-10249.646,-10384.117,50000.000,0
35201,-5266.764,-6163.235,50000.000,-9838.764,-9241.117,50000.000,0
35251,-5057.588,-6200.588,50000.000,-8718.176,-6215.529,50000.000,0
35301,-5334.000,-3802.529,50000.000,-8202.705,-4153.647,50000.000,0
35351,-5244.353,-2032.000,50000.000,-6872.941,-2308.412,50000.000,0
35401,-5027.706,-3399.117,50000.000,-6491.941,-1329.765,50000.000,0
35451,-4318.000,-5005.294,50000.000,-6850.529,-1471.706,50000.000,0
35501,-4019.176,-5647.764,50000.000,-6745.941,-2046.941,50000.000,0
35551,-3839.882,-6036.235,50000.000,-6604.000,-2719.294,50000.000,0
35601,-3922.059,-6402.293,50000.000,-6529.293,-776.941,50000.000,0
35651,-4646.706,-6514.353,50000.000,-6387.353,2315.882,50000.000,0
35701,-5266.764,-5931.646,50000.000,-6656.293,4041.588,50000.000,0
35751,-4840.941,-4228.353,50000.000,-6790.764,3279.588,50000.000,0
35801,-3660.588,-2554.941,50000.000,-5707.529,440.765,50000.000,0
35851,-3122.706,239.059,50000.000,-4796.117,-2114.176,50000.000,0
35901,-1464.235,1785.470,50000.000,-1770.529,-2039.470,50000.000,0
35951,-1651.000,1658.470,50000.000,-1501.588,-1934.882,50000.000,0
36001,-1636.059,-112.059,50000.000,-2898.588,-986.118,50000.000,0
36051,-2330.823,-664.882,50000.000,-2689.412,-127.000,50000.000,0
36101,-2323.353,-1180.353,50000.000,-2868.706,-239.059,50000.000,0
36151,-1501.588,-1083.235,50000.000,-2457.823,-881.529,50000.000,0
36201,-679.823,-74.706,50000.000,-986.118,-791.882,50000.000,0
36251,-209.176,201.706,50000.000,-164.353,-1150.470,50000.000,0
36301,918.882,-522.941,50000.000,425.823,-2644.588,50000.000,0
36351,1561.353,-1352.176,50000.000,874.059,-2129.117,50000.000,0
36401,956.235,-1232.647,50000.000,635.000,-67.235,50000.000,0
36451,1389.529,-769.471,50000.000,1404.470,508.000,50000.000,0
36501,1934.882,-44.824,50000.000,2562.412,89.647,50000.000,0
36551,2719.294,620.059,50000.000,3227.294,134.471,50000.000,0
36601,3010.647,1180.353,50000.000,3981.823,179.294,50000.000,0
36651,3077.882,866.588,50000.000,4078.941,433.294,50000.000,0
36701,2928.470,-14.941,50000.000,3496.235,560.294,50000.000,0
36751,2667.000,-522.941,50000.000,3085.353,799.353,50000.000,0
36801,2106.706,-657.412,50000.000,3100.294,1150.470,50000.000,0
36851,2517.588,-478.118,50000.000,2801.470,1486.647,50000.000,0
36901,1987.176,37.353,50000.000,2906.059,2711.823,50000.000,0
36951,881.529,186.765,50000.000,2032.000,3869.764,50000.000,0
37001,336.176,-485.588,50000.000,1045.882,3234.764,50000.000,0
37051,530.412,-1553.882,50000.000,216.647,963.706,50000.000,0
37101,336.176,-724.647,50000.000,112.059,-268.941,50000.000,0
37151,388.471,366.059,50000.000,597.647,-1016.000,50000.000,0
37201,134.471,1292.412,50000.000,276.412,-1240.118,50000.000,0
37251,-448.235,993.588,50000.000,-209.176,-567.765,50000.000,0
37301,-814.294,194.235,50000.000,-978.647,-239.059,50000.000,0
37351,-1531.470,-896.471,50000.000,-2315.882,-7.471,50000.000,0
37401,-2076.823,-866.588,50000.000,-2607.235,112.059,50000.000,0
37451,-2173.941,-82.176,50000.000,-2390.588,-89.647,50000.000,0
37501,-2353.235,44.824,50000.000,-2749.176,-306.294,50000.000,0
37551,-2420.470,37.353,50000.000,-2943.412,-537.882,50000.000,0
37601,-2629.647,-82.176,50000.000,-3264.647,-567.765,50000.000,0
37651,-2681.941,-186.765,50000.000,-3720.353,-179.294,50000.000,0
37701,-3033.059,-186.765,50000.000,-3712.882,-216.647,50000.000,0
37751,-3197.412,-298.824,50000.000,-3937.000,-276.412,50000.000,0
37801,-3085.353,-283.882,50000.000,-3914.588,-336.176,50000.000,0
37851,-3287.059,-141.941,50000.000,-3787.588,-485.588,50000.000,0
37901,-3399.117,-418.353,50000.000,-3966.882,-381.000,50000.000,0
37951,-3249.706,-239.059,50000.000,-3869.764,-298.824,50000.000,0
38001,-3033.059,67.235,50000.000,-3854.823,-321.235,50000.000,0
38051,-3130.176,-104.588,50000.000,-3884.706,-418.353,50000.000,0
38101,-2876.176,-82.176,50000.000,-3839.882,-388.471,50000.000,0
38151,-3003.176,-351.118,50000.000,-3839.882,-418.353,50000.000,0
38201,-3167.529,-381.000,50000.000,-3884.706,-283.882,50000.000,0
38251,-3100.294,-246.529,50000.000,-3436.470,-216.647,50000.000,0
38301,-2652.059,-186.765,50000.000,-3391.647,-254.000,50000.000,0
38351,-2569.882,-127.000,50000.000,-3249.706,-283.882,50000.000,0
38401,-2495.176,-171.824,50000.000,-2861.235,-298.824,50000.000,0
38451,-2188.882,-500.529,50000.000,-2801.470,-358.588,50000.000,0
38501,-1957.294,-276.412,50000.000,-2495.176,-201.706,50000.000,0
38551,-1822.823,-134.471,50000.000,-2226.235,-67.235,50000.000,0
38601,-1703.294,-112.059,50000.000,-2106.706,-156.882,50000.000,0
38651,-1262.529,-149.412,50000.000,-1830.294,-171.824,50000.000,1
38701,-1195.294,-209.176,50000.000,-1464.235,-276.412,50000.000,1
38751,-769.471,-97.118,50000.000,-1187.823,-141.941,50000.000,0
38801,-664.882,-14.941,50000.000,-851.647,-14.941,50000.000,0
38851,-522.941,0.000,50000.000,-537.882,0.000,50000.000,0
38901,-246.529,-44.824,50000.000,-343.647,-29.882,50000.000,0
38951,-74.706,-74.706,50000.000,-74.706,-89.647,50000.000,0
39001,74.706,-37.353,50000.000,119.529,-22.412,50000.000,0
39051,276.412,59.765,50000.000,336.176,37.353,50000.000,0
39101,493.059,156.882,50000.000,612.588,29.882,50000.000,0
39151,620.059,44.824,50000.000,724.647,7.471,50000.000,0
39201,657.412,-14.941,50000.000,814.294,7.471,50000.000,0
39251,851.647,44.824,50000.000,1016.000,37.353,50000.000,0
39301,948.765,7.471,50000.000,1113.118,0.000,50000.000,0
39351,1030.941,44.824,50000.000,1232.647,59.765,50000.000,0
39401,1008.529,89.647,50000.000,1367.118,149.412,50000.000,0
39451,1172.882,37.353,50000.000,1359.647,37.353,50000.000,0
39501,1075.765,-22.412,50000.000,1389.529,29.882,50000.000,0
39551,1210.235,67.235,50000.000,1516.529,112.059,50000.000,0
39601,1165.412,37.353,50000.000,1471.706,52.294,50000.000,0
39651,1225.176,52.294,50000.000,1389.529,44.824,50000.000,0
39701,1098.176,149.412,50000.000,1471.706,156.882,50000.000,0
39751,1143.000,119.529,50000.000,1389.529,119.529,50000.000,0
39801,1045.882,0.000,50000.000,1352.176,97.118,50000.000,0
39851,1128.059,7.471,50000.000,1389.529,29.882,50000.000,0
39901,1016.000,59.765,50000.000,1277.470,141.941,50000.000,0
39951,1008.529,171.824,50000.000,1210.235,89.647,50000.000,0
40001,866.588,127.000,50000.000,1165.412,82.176,50000.000,0
40051,896.471,37.353,50000.000,993.588,59.765,50000.000,0
40101,836.706,29.882,50000.000,874.059,52.294,50000.000,0
40151,754.529,29.882,50000.000,896.471,29.882,50000.000,0
40201,732.118,67.235,50000.000,672.353,0.000,50000.000,0
40251,545.353,141.941,50000.000,702.235,7.471,50000.000,0
40301,351.118,141.941,50000.000,642.471,22.412,50000.000,0
40351,336.176,-29.882,50000.000,478.118,22.412,50000.000,0
40401,261.471,-14.941,50000.000,440.765,29.882,50000.000,0
40451,283.882,-7.471,50000.000,328.706,-22.412,50000.000,0
40501,216.647,22.412,50000.000,216.647,0.000,50000.000,0
40551,97.118,89.647,50000.000,179.294,22.412,50000.000,0
40601,29.882,37.353,50000.000,74.706,14.941,50000.000,0
40651,-14.941,-74.706,50000.000,-97.118,-82.176,50000.000,0
40701,-74.706,-52.294,50000.000,-194.235,-67.235,50000.000,0
40751,-186.765,74.706,50000.000,-164.353,22.412,50000.000,0
40801,-194.235,67.235,50000.000,-186.765,22.412,50000.000,0
40851,-239.059,-82.176,50000.000,-321.235,-52.294,50000.000,0
40901,-268.941,-134.471,50000.000,-388.471,-112.059,50000.000,0
40951,-179.294,67.235,50000.000,-358.588,-67.235,50000.000,0
41001,-358.588,67.235,50000.000,-366.059,29.882,50000.000,0
41051,-388.471,44.824,50000.000,-336.176,-7.471,50000.000,0
41101,-358.588,-119.529,50000.000,-440.765,-156.882,50000.000,0
41151,-343.647,-119.529,50000.000,-478.118,-119.529,50000.000,0
41201,-343.647,89.647,50000.000,-343.647,22.412,50000.000,0
41251,-395.941,74.706,50000.000,-388.471,0.000,50000.000,0
41301,-343.647,-112.059,50000.000,-463.176,-67.235,50000.000,0
41351,-283.882,-112.059,50000.000,-395.941,-37.353,50000.000,0
41401,-328.706,-14.941,50000.000,-373.529,-29.882,50000.000,0
41451,-209.176,44.824,50000.000,-291.353,0.000,50000.000,0
41501,-239.059,0.000,50000.000,-254.000,-52.294,50000.000,0
41551,-246.529,-67.235,50000.000,-343.647,0.000,50000.000,0
41601,-179.294,-97.118,50000.000,-283.882,-104.588,50000.000,0
41651,-112.059,22.412,50000.000,-171.824,-67.235,50000.000,0
41701,-127.000,67.235,50000.000,-97.118,22.412,50000.000,0
41751,-89.647,22.412,50000.000,-74.706,0.000,50000.000,0
41801,-67.235,-67.235,50000.000,-97.118,-22.412,50000.000,0
41851,-44.824,-44.824,50000.000,-29.882,7.471,50000.000,0
41901,0.000,-29.882,50000.000,-7.471,-22.412,50000.000,0
41951,22.412,-14.941,50000.000,7.471,0.000,50000.000,0
42001,44.824,52.294,50000.000,82.176,0.000,50000.000,0
42051,67.235,29.882,50000.000,97.118,7.471,50000.000,0
42101,82.176,-37.353,50000.000,44.824,0.000,50000.000,0
42151,82.176,0.000,50000.000,119.529,0.000,50000.000,0
42201,104.588,-7.471,50000.000,82.176,-7.471,50000.000,0
42251,104.588,37.353,50000.000,127.000,-22.412,50000.000,0
42301,104.588,89.647,50000.000,149.412,44.824,50000.000,0
42351,104.588,-14.941,50000.000,89.647,14.941,50000.000,0
42401,127.000,-37.353,50000.000,156.882,22.412,50000.000,0
42451,156.882,7.471,50000.000,156.882,-44.824,50000.000,0
42501,97.118,29.882,50000.000,141.941,29.882,50000.000,0
42551,112.059,52.294,50000.000,194.235,29.882,50000.000,0
42601,134.471,0.000,50000.000,112.059,0.000,50000.000,0
42651,119.529,-29.882,50000.000,104.588,-22.412,50000.000,0
42701,97.118,7.471,50000.000,119.529,-29.882,50000.000,0
42751,97.118,37.353,50000.000,67.235,0.000,50000.000,0
42801,59.765,59.765,50000.000,89.647,29.882,50000.000,0
42851,44.824,7.471,50000.000,67.235,-7.471,50000.000,0
42901,37.353,-29.882,50000.000,7.471,-7.471,50000.000,0
42951,22.412,0.000,50000.000,52.294,0.000,50000.000,0
43001,0.000,14.941,50000.000,14.941,-22.412,50000.000,0
43051,7.471,44.824,50000.000,0.000,0.000,50000.000,0
43101,0.000,7.471,50000.000,14.941,0.000,50000.000,0
43151,-7.471,-44.824,50000.000,-22.412,-22.412,50000.000,0
43201,-7.471,-22.412,50000.000,-7.471,-22.412,50000.000,0
43251,-7.471,0.000,50000.000,0.000,0.000,50000.000,0
43301,0.000,0.000,50000.000,-29.882,-22.412,50000.000,0
43351,-7.471,37.353,50000.000,7.471,-7.471,50000.000,0
43401,-14.941,7.471,50000.000,0.000,0.000,50000.000,0
43451,-7.471,-37.353,50000.000,-37.353,0.000,50000.000,0
43501,-14.941,-37.353,50000.000,0.000,-52.294,50000.000,0
43551,-22.412,7.471,50000.000,-29.882,-44.824,50000.000,0
43601,-52.294,37.353,50000.000,-37.353,14.941,50000.000,0
43651,-44.824,0.000,50000.000,-59.765,7.471,50000.000,0
43701,-22.412,-37.353,50000.000,-44.824,7.471,50000.000,0
43751,0.000,-29.882,50000.000,-52.294,-7.471,50000.000,0
43801,0.000,37.353,50000.000,14.941,0.000,50000.000,0
43851,0.000,67.235,50000.000,44.824,0.000,50000.000,0
43901,0.000,-14.941,50000.000,-22.412,0.000,50000.000,0
43951,7.471,-52.294,50000.000,-22.412,-67.235,50000.000,0
44001,0.000,52.294,50000.000,0.000,-7.471,50000.000,0
44051,-37.353,67.235,50000.000,0.000,7.471,50000.000,0
44101,-22.412,-59.765,50000.000,-22.412,-59.765,50000.000,0
44151,-29.882,-127.000,50000.000,-59.765,-97.118,50000.000,0
44201,-7.471,0.000,50000.000,0.000,22.412,50000.000,0
44251,0.000,82.176,50000.000,22.412,22.412,50000.000,0
44301,22.412,-44.824,50000.000,-7.471,-104.588,50000.000,0
44351,7.471,-44.824,50000.000,-59.765,-7.471,50000.000,0
44401,-29.882,52.294,50000.000,7.471,29.882,50000.000,0
44451,-29.882,29.882,50000.000,-14.941,0.000,50000.000,0
44501,-44.824,-104.588,50000.000,-119.529,-59.765,50000.000,0
44551,-44.824,-14.941,50000.000,-59.765,-14.941,50000.000,0
44601,-74.706,89.647,50000.000,-14.941,37.353,50000.000,0
44651,-74.706,-37.353,50000.000,-52.294,-14.941,50000.000,0
44701,-14.941,-89.647,50000.000,-67.235,-44.824,50002.000,0
44751,-59.765,0.000,50000.000,0.000,-14.941,50000.000,0
44801,-7.471,-171.824,50000.000,-141.941,-134.471,50000.000,0
44851,-97.118,-74.706,50000.000,-231.588,29.882,50000.000,0
44901,-209.176,0.000,50000.000,-97.118,-59.765,50000.000,0
44951,-194.235,-149.412,50000.000,-463.176,-119.529,50000.000,0
45001,-224.118,7.471,50000.000,-351.118,-7.471,50000.000,0
45051,-395.941,149.412,50000.000,-194.235,-59.765,50000.000,0
45101,-366.059,-89.647,50000.000,-679.823,67.235,50000.000,0
45151,-575.235,-366.059,50000.000,-522.941,-119.529,50000.000,0
45201,-403.412,-194.235,50000.000,-694.765,-74.706,50000.000,0
45251,-112.059,37.353,50000.000,-567.765,52.294,50000.000,0
45301,-321.235,433.294,50000.000,-127.000,-7.471,50000.000,0
45351,-283.882,216.647,50000.000,-388.471,-67.235,50000.000,0
45401,22.412,672.353,50000.000,37.353,112.059,50000.000,0
45451,784.412,2390.588,50000.000,1748.118,-911.412,50000.000,0
45501,2801.470,3160.059,50000.000,3503.706,-3600.823,50000.000,0
45551,5199.529,2136.588,50000.000,4572.000,-5438.588,50000.000,0
45601,5177.117,806.823,50000.000,5886.823,-3862.294,50000.000,0
45651,6357.470,-358.588,50000.000,7141.882,-2831.353,50000.000,0
45701,7642.411,306.294,50000.000,7978.588,-2032.000,50000.000,0
45751,8277.411,3974.353,50000.000,10428.940,164.353,50000.000,0
45801,9099.176,4654.176,50000.000,12296.588,-29.882,50000.000,0
45851,11429.999,3391.647,50000.000,13155.705,-1464.235,50000.000,0
45901,12274.176,3227.294,50000.000,14672.234,-1023.471,50000.000,0
45951,11123.705,2375.647,50000.000,16375.528,283.882,50000.000,0
46001,12453.470,3040.529,50000.000,18250.646,-1240.118,50000.000,0
46051,16278.411,4945.529,50000.000,20125.764,-5281.706,50000.000,0
46101,16853.646,3683.000,50000.000,20252.764,-5490.882,50000.000,0
46151,17301.881,2629.647,50000.000,21642.293,-4474.882,50000.000,0
46201,18990.234,1486.647,50000.000,22964.586,-4900.706,50000.000,0
46251,21141.764,-336.176,50000.000,22837.586,-4355.353,50000.000,0
46301,20207.939,-3675.529,50000.000,21313.586,-4243.294,50000.000,0
46351,19580.410,-7634.940,50000.000,20499.293,-5505.823,50000.000,0
46401,16763.998,-8576.234,50000.000,18534.527,-2338.294,50000.000,0
46451,14388.352,-7112.000,50000.000,16704.234,762.000,50000.000,0
46501,14956.116,-7313.706,50000.000,16883.527,-1621.118,50000.000,0
46551,16524.939,-9390.528,50000.000,17488.646,-5752.353,50000.000,0
46601,16285.881,-9554.882,50000.000,17257.059,-7664.823,50000.000,0
46651,16285.881,-8479.117,50000.000,17227.176,-8441.764,50000.000,0
46701,15098.058,-6454.588,50000.000,17227.176,-4721.412,50000.000,0
46751,12520.705,-4557.059,50000.000,16607.117,-2435.412,50000.000,0
46801,12595.411,-5744.882,50000.000,15142.881,-7126.941,50000.000,0
46851,14119.411,-6424.706,50000.000,14567.646,-11332.882,50000.000,0
46901,14619.940,-6043.706,50000.000,15419.293,-12670.117,50000.000,0
46951,16285.881,-6454.588,50000.000,16076.705,-11990.293,50000.000,0
47001,15606.058,-7067.176,50000.000,15800.293,-11639.176,50000.000,0
47051,13603.940,-4452.470,50000.000,15598.587,-12789.646,50000.000,0
47101,16248.528,-104.588,50000.000,16853.646,-15718.116,50000.000,0
47151,14604.999,171.824,50002.000,16973.176,-12587.940,50000.000,0
47201,17159.939,-1606.176,49999.000,16487.588,-10025.528,49999.000,0
47251,15770.411,-1875.118,49999.000,17324.293,-9584.764,49999.000,0
47301,16435.293,1090.706,50000.000,17271.998,-12565.528,50000.000,0
47351,14993.470,1643.529,50000.000,17115.117,-13028.705,50000.000,0
47401,18982.764,-1284.941,50000.000,17929.410,-14283.764,50000.000,0
47451,17959.293,-2988.235,50000.000,19386.176,-15606.058,50000.000,0
47501,19027.588,687.294,50000.000,19894.176,-13618.882,50000.000,0
47551,17750.117,4557.059,50000.000,20917.646,-13454.528,50000.000,0
47601,20349.881,866.588,50000.000,20192.998,-13028.705,50000.000,0
47651,20095.881,-2114.176,50000.000,20155.646,-14418.234,50000.000,0
47701,20185.527,-1912.470,50000.000,20379.764,-14380.882,50000.000,0
47751,19012.646,2286.000,50000.000,22142.822,-16756.527,50000.000,0
47801,25033.939,2637.117,50000.000,23099.057,-16084.176,50000.000,0
47851,26229.234,-642.471,50000.000,21156.705,-16487.588,50000.000,0
47901,25736.174,-814.294,50000.000,15568.705,-11190.940,50000.000,0
47951,21313.586,2129.117,50000.000,16651.939,-9203.764,50000.000,0
48001,24862.115,-1165.412,50000.000,22030.764,-12856.882,50000.000,0
48051,22075.586,-4691.529,50000.000,20730.881,-13603.940,50000.000,0
48101,19699.939,-5856.941,50000.000,20865.352,-13447.058,50000.000,0
48151,18579.352,-1710.765,50000.000,19528.117,-12035.117,50000.000,0
48201,17981.705,1867.647,50000.000,19894.176,-12483.353,50000.000,0
48251,18870.705,-1397.000,50000.000,20103.352,-12468.411,50000.000,0
48301,18048.939,-6073.588,50000.000,20207.939,-14866.470,50000.000,0
48351,19677.527,-6215.529,50000.000,20387.234,-14171.705,50000.000,0
48401,21500.352,-1979.706,50000.000,19692.469,-11512.176,50000.000,0
48451,23054.234,1030.941,50000.000,22792.764,-13828.058,50000.000,0
48501,25011.527,-1748.118,50000.000,20566.527,-11848.353,50000.000,0
48551,22329.586,-5774.764,50000.000,20275.176,-12707.470,50000.000,0
48601,22822.646,-6589.059,50000.000,21731.939,-12939.058,50000.000,0
48651,24466.176,-2480.235,50000.000,24951.764,-15912.352,50000.000,0
48701,24443.764,-2838.823,50000.000,25407.469,-16039.352,50000.000,0
48751,20611.352,-6424.706,50000.000,22845.057,-14657.293,50000.000,0
48801,19214.352,-7814.235,50000.000,22030.764,-14291.234,50000.000,0
48851,20364.822,-5289.176,50000.000,21769.293,-14664.764,50000.000,0
48901,24398.939,-5744.882,50000.000,21821.586,-15060.705,50000.000,0
48951,23024.352,-6887.882,50000.000,18213.293,-11026.588,50000.000,0
49001,22038.234,-6118.411,50000.000,20065.998,-9368.117,50000.000,0
49051,22598.527,-3369.235,50000.000,20700.998,-7814.235,50000.000,0
49101,23592.115,-732.118,50000.000,21634.822,-9980.705,50000.000,0
49151,23539.822,-1038.412,50000.000,20693.527,-10802.470,50000.000,0
49201,18407.527,-3145.117,50000.000,20140.705,-8449.234,50000.000,0
49251,15232.528,-4519.706,50000.000,20110.822,-7582.646,50000.000,0
49301,15718.116,-5050.117,50000.000,19363.764,-9562.353,50000.000,0
49351,16935.822,-3518.647,50000.000,19707.410,-16181.293,50000.000,0
49401,18751.176,-3212.353,50000.000,20925.117,-17989.176,50000.000,0
49451,19475.822,-7627.470,50000.000,19961.410,-16726.646,50000.000,0
49501,16920.881,-9711.764,50000.000,18601.764,-17697.822,50000.000,0
49551,13469.470,-5363.882,50000.000,18781.057,-16704.234,50000.000,0
49601,17966.764,-3959.411,50000.000,19498.234,-17406.469,50000.000,0
49651,17047.881,-6021.294,50000.000,17384.059,-15815.234,50000.000,0
49701,13775.764,-5401.235,50000.000,18183.410,-16397.939,50000.000,0
49751,16622.059,-1053.353,50000.000,20170.586,-15441.705,50000.000,0
49801,17735.176,134.471,50000.000,21642.293,-15800.293,50000.000,0
49851,19826.939,-3690.470,50000.000,20357.352,-15195.176,50000.000,0
49901,18541.998,-4437.529,50000.000,19199.410,-11982.822,50000.000,0
49951,14134.352,5348.941,50000.000,19789.586,-3914.588,50000.000,0
50001,11803.528,8254.999,50000.000,19401.117,-926.353,50000.000,0
50051,13588.999,-881.529,50000.000,14896.352,-2413.000,50000.000,0
50101,10817.411,-5864.411,50000.000,10481.234,-104.588,50000.000,0
50151,6723.529,-3533.588,50000.000,8822.764,5035.176,50000.000,0
50201,4631.764,418.353,50000.000,6970.059,6178.176,50000.000,0
50251,4601.882,3548.529,50000.000,7164.293,3115.235,50000.000,0
50301,6043.706,3989.294,50000.000,7366.000,-3981.823,50000.000,0
50351,8792.882,-134.471,50000.000,7694.706,-11878.234,50000.000,0
50401,7679.764,-2046.941,50000.000,6394.823,-9771.528,50000.000,0
50451,4826.000,-4706.470,50000.000,3727.823,-5864.411,50000.000,0
50501,4512.235,-11825.940,50000.000,470.647,-5894.294,50000.000,0
50551,3391.647,-16816.293,50000.000,-508.000,-2980.764,50000.000,0
50601,2151.529,-18407.527,50000.000,-1262.529,-2913.529,50000.000,0
50651,3048.000,-17854.705,50000.000,-1359.647,-7007.411,50000.000,0
50701,2286.000,-16427.822,50000.000,-1277.470,-5446.059,50000.000,0
50751,1538.941,-14993.470,50000.000,-821.765,-2345.765,50000.000,0
50801,590.176,-13215.470,50000.000,-1912.470,-2973.294,50000.000,0
50851,395.941,-14141.822,50000.000,-3376.706,-4669.117,50000.000,0
50901,-298.824,-11534.588,50000.000,-3092.823,-1292.412,50000.000,0
50951,-1636.059,-8396.940,50000.000,-3847.353,1576.294,50000.000,0
51001,-2831.353,-7246.470,50000.000,-5842.000,567.765,50000.000,0
51051,-3376.706,-5221.941,50000.000,-5595.470,-717.176,50000.000,0
51101,-3832.412,-5438.588,50000.000,-6551.706,-814.294,50000.000,0
51151,-4586.941,-5087.470,50000.000,-6155.764,3249.706,50000.000,0
51201,-7859.058,-4123.765,50000.000,-7059.706,6424.706,50000.000,0
51251,-8352.117,-3996.764,50000.000,-9390.528,4743.823,50000.000,0
51301,-7231.529,-4818.529,50000.000,-11504.705,791.882,50000.000,0
51351,-8658.411,-5431.117,50000.000,-12468.411,-739.588,50000.000,0
51401,-8695.764,-5871.882,50000.000,-13051.117,-283.882,50000.000,0
51451,-10055.411,-7358.529,50000.000,-14433.176,1882.588,50000.000,0
51501,-11527.117,-7874.000,50000.000,-16114.058,6118.411,50000.000,0
51551,-14111.940,-9099.176,50000.000,-17167.410,7478.058,50000.000,0
51601,-15120.470,-10100.234,50000.000,-19087.352,3541.059,50000.000,0
51651,-13125.822,-9420.411,50000.000,-19483.293,978.647,50000.000,0
51701,-13656.234,-10697.882,50000.000,-20051.057,1374.588,50000.000,0
51751,-14619.940,-13140.764,50000.000,-20536.646,6521.823,50000.000,0
51801,-16704.234,-15912.352,50000.000,-21956.057,5132.294,50000.000,0
51851,-15449.176,-14358.470,50000.000,-23315.705,2681.941,50000.000,0
51901,-15359.528,-13387.293,50000.000,-24294.352,1867.647,50000.000,0
51951,-15964.646,-14134.352,50000.000,-23592.115,5879.353,50000.000,0
52001,-13260.293,-12752.293,50000.000,-23629.469,6028.764,50000.000,0
52051,-15165.293,-14104.470,50000.000,-26020.057,2383.117,50000.000,0
52101,-15665.822,-14238.940,50000.000,-26468.293,649.941,50000.000,0
52151,-15628.470,-14806.705,50000.000,-25930.410,2390.588,50000.000,0
52201,-14440.646,-14672.234,50000.000,-25414.939,2502.647,50000.000,0
52251,-15210.116,-14082.058,50000.000,-26684.939,515.471,50000.000,0
52301,-15561.234,-12812.058,50000.000,-26782.057,52.294,50000.000,0
52351,-14888.881,-10257.117,50000.000,-25863.174,4878.294,50000.000,0
52401,-16181.293,-8621.059,50000.000,-23113.998,7739.529,50000.000,0
52451,-15725.587,-6110.941,50000.000,-26311.410,6118.411,50000.000,0
52501,-16928.352,-5012.764,50000.000,-26490.703,2345.765,50000.000,0
52551,-18026.527,-1658.470,50000.000,-25586.764,-1157.941,50000.000,0
52601,-17047.881,1277.470,50000.000,-22523.822,-5102.412,50000.000,0
52651,-17354.176,1217.706,50000.000,-19841.881,-4586.941,50000.000,0
52701,-16233.587,1531.470,50000.000,-19826.939,-4751.294,50000.000,0
52751,-13394.764,941.294,50000.000,-17413.939,-10047.940,50000.000,0
52801,-10503.646,-2547.470,50000.000,-17040.410,-12244.293,50000.000,0
52851,-11676.528,-6230.470,50000.000,-17227.176,-11975.353,50000.000,0
52901,-11878.234,-8860.117,50000.000,-19797.057,-7612.529,50000.000,0
52951,-12670.117,-8733.117,50000.000,-20611.352,-1778.000,50000.000,0
53001,-15254.940,-9121.588,50000.000,-19386.176,918.882,50000.000,0
53051,-15882.470,-11908.117,50000.000,-20566.527,971.176,50000.000,0
53101,-14642.352,-14425.705,50000.000,-21619.881,-224.118,50000.000,0
53151,-14731.999,-14784.293,50000.000,-21500.352,-814.294,50000.000,0
53201,-15015.881,-14238.940,50000.000,-22322.115,-306.294,50000.000,0
53251,-14507.882,-13454.528,50000.000,-21858.939,552.823,50000.000,0
53301,-13073.528,-11093.823,50000.000,-21679.646,1411.941,50000.000,0
53351,-14388.352,-9681.882,50000.000,-20738.352,4601.882,50000.000,0
53401,-15867.528,-9285.940,50000.000,-20155.646,5035.176,50000.000,0
53451,-15187.705,-9300.882,50000.000,-20596.410,1165.412,50000.000,0
53501,-13170.646,-7433.235,50000.000,-20484.352,-2913.529,50000.000,0
53551,-10145.059,-2233.706,50000.000,-18429.939,-7776.882,50000.000,0
53601,-9622.117,-1778.000,50000.000,-14985.999,-8113.058,50000.000,0
53651,-9659.470,-4512.235,50000.000,-14687.176,-7276.353,50000.000,0
53701,-7418.293,-4220.882,50000.000,-12983.882,-6013.823,50000.000,0
53751,-7627.470,-4168.588,50000.000,-10907.058,-3092.823,50000.000,0
53801,-6611.470,-3690.470,50000.000,-9263.528,-2726.764,50000.000,0
53851,-4093.882,-1404.470,50000.000,-6432.176,-3630.706,50000.000,0
53901,-2405.529,1217.706,50000.000,-3869.764,-3660.588,50000.000,0
53951,-1150.470,3488.764,50000.000,-687.294,-1001.059,50000.000,0
54001,1038.412,2457.823,50000.000,2398.059,687.294,50000.000,0
54051,2099.235,1016.000,50000.000,2405.529,358.588,50000.000,0
54101,2502.647,1045.882,50000.000,3451.412,276.412,50000.000,0
54151,3518.647,821.765,50000.000,4519.706,679.823,50000.000,0
54201,4534.647,44.824,50000.000,5685.117,179.294,50000.000,0
54251,5595.470,-246.529,50000.000,6618.941,186.765,50000.000,0
54301,5543.176,67.235,50000.000,6858.000,739.588,50000.000,0
54351,6193.117,231.588,50000.000,7545.293,171.824,50000.000,0
54401,5819.588,433.294,50000.000,7567.706,470.647,50000.000,0
54451,5595.470,679.823,50000.000,7545.293,343.647,50000.000,0
54501,6237.941,186.765,50000.000,7560.235,97.118,50000.000,0
54551,5827.059,-29.882,50000.000,7380.941,328.706,50000.000,0
54601,5722.470,104.588,50000.000,7485.529,493.059,50000.000,0
54651,6088.529,-179.294,50000.000,7507.940,149.412,50000.000,0
54701,5894.294,-37.353,50000.000,7216.588,664.882,50000.000,0
54751,5744.882,186.765,50000.000,7014.882,627.529,50000.000,0
54801,5535.706,254.000,50000.000,6536.764,560.294,50000.000,0
54851,5281.706,67.235,50000.000,6125.882,597.647,50000.000,0
54901,4609.353,-14.941,50000.000,5580.529,649.941,50000.000,0
54951,4459.941,-231.588,50000.000,5117.353,515.471,50000.000,0
55001,4250.765,-44.824,50000.000,5050.117,231.588,50000.000,0
55051,3757.706,194.235,50000.000,4751.294,209.176,50000.000,0
55101,3832.412,194.235,50000.000,4415.117,104.588,50000.000,0
55151,3421.529,119.529,50000.000,4168.588,112.059,50000.000,0
55201,3100.294,0.000,50000.000,3787.588,283.882,50000.000,0
55251,2771.588,-14.941,50000.000,3339.353,478.118,50000.000,0
55301,2644.588,82.176,50000.000,3189.941,291.353,50000.000,0
55351,2562.412,141.941,50000.000,2950.882,22.412,50000.000,0
55401,2353.235,119.529,50000.000,2629.647,14.941,50000.000,0
55451,1725.706,-37.353,50000.000,2233.706,171.824,50000.000,0
55501,1561.353,59.765,50000.000,1890.059,224.118,50000.000,0
55551,1322.294,-44.824,50000.000,1456.765,134.471,50000.000,0
55601,956.235,-52.294,50000.000,1098.176,149.412,50000.000,0
55651,321.235,134.471,50000.000,545.353,209.176,50000.000,0
55701,-239.059,336.176,50000.000,-141.941,485.588,50000.000,0
55751,-1120.588,336.176,50000.000,-1030.941,1583.765,50000.000,0
55801,-2300.941,1262.529,50000.000,-1919.941,3175.000,50000.000,0
55851,-3107.764,1172.882,50000.000,-2480.235,4138.706,50000.000,0
55901,-3369.235,231.588,50000.000,-3040.529,3227.294,50000.000,0
55951,-3548.529,747.059,50000.000,-3683.000,1755.588,50000.000,0
56001,-3899.647,1292.412,50000.000,-4220.882,508.000,50000.000,0
56051,-4743.823,0.000,50000.000,-5401.235,-67.235,50000.000,0
56101,-4198.470,-552.823,50000.000,-6193.117,-642.471,50000.000,0
56151,-4064.000,-127.000,50000.000,-5737.411,-1232.647,50000.000,0
56201,-4512.235,-291.353,50000.000,-5535.706,-1665.941,50000.000,0
56251,-4400.176,-500.529,50000.000,-5782.235,-956.235,50000.000,0
56301,-4116.294,-254.000,50000.000,-5289.176,-410.882,50000.000,0
56351,-3346.823,0.000,50000.000,-4183.529,-201.706,50000.000,0
56401,-2061.882,-201.706,50000.000,-2771.588,-403.412,50000.000,0
56451,-1516.529,-164.353,50000.000,-2009.588,-298.824,50000.000,0
56501,-1845.235,-52.294,50000.000,-2106.706,-112.059,50000.000,0
56551,-1942.353,-194.235,50000.000,-2315.882,149.412,50000.000,0
56601,-1382.059,-164.353,50000.000,-1905.000,194.235,50000.000,0
56651,-194.235,-44.824,50000.000,-336.176,-328.706,50000.000,0
56701,463.176,239.059,50000.000,642.471,-478.118,50000.000,0
56751,201.706,89.647,50000.000,694.765,-321.235,50000.000,0
56801,67.235,-37.353,50000.000,-104.588,-44.824,50000.000,0
56851,0.000,-7.471,50000.000,-239.059,14.941,50000.000,0
56901,67.235,22.412,50000.000,635.000,-627.529,50000.000,0
56951,276.412,149.412,50000.000,508.000,-657.412,50000.000,0
57001,-313.765,-261.471,50000.000,-508.000,336.176,50000.000,0
57051,-769.471,-306.294,50000.000,-836.706,425.823,50000.000,0
57101,-1210.235,-119.529,50000.000,-1277.470,649.941,50000.000,0
57151,-657.412,59.765,50000.000,-948.765,0.000,50000.000,0
57201,-156.882,29.882,50000.000,-321.235,-455.706,50000.000,0
57251,112.059,156.882,50000.000,186.765,-500.529,50000.000,0
57301,0.000,82.176,50000.000,-14.941,-22.412,50000.000,0
57351,-224.118,-97.118,50000.000,-328.706,-52.294,50000.000,0
57401,-522.941,-119.529,50000.000,-664.882,97.118,50000.000,0
57451,-612.588,-52.294,50000.000,-642.471,104.588,50000.000,0
57501,-769.471,-209.176,50000.000,-829.235,201.706,50000.000,0
57551,-485.588,-104.588,50000.000,-605.118,82.176,50000.000,0
57601,-351.118,141.941,50000.000,-328.706,-216.647,50000.000,0
57651,-478.118,37.353,50000.000,-590.176,-104.588,50000.000,0
57701,-545.353,-231.588,50000.000,-844.176,-37.353,50000.000,0
57751,-709.706,-179.294,50000.000,-806.823,-82.176,50000.000,0
57801,-672.353,-29.882,50000.000,-851.647,-14.941,50000.000,0
57851,-702.235,0.000,50000.000,-941.294,-14.941,50000.000,0
57901,-754.529,-112.059,50000.000,-971.176,74.706,50000.000,0
57951,-395.941,-1919.941,50000.000,-508.000,-201.706,50000.000,0
58001,-306.294,37.353,50000.000,-343.647,-127.000,50000.000,0
58051,-104.588,0.000,50000.000,-179.294,-186.765,50000.000,0
58101,-67.235,-29.882,50000.000,-149.412,-171.824,50000.000,0
58151,-209.176,-104.588,50000.000,-366.059,7.471,50000.000,0
58201,-231.588,-127.000,50000.000,-403.412,74.706,50000.000,0
58251,-291.353,-7.471,50000.000,-455.706,209.176,50000.000,0
58301,-59.765,14.941,50000.000,-37.353,-156.882,50000.000,0
58351,-134.471,-29.882,50000.000,-201.706,-44.824,50000.000,0
58401,-179.294,-74.706,50000.000,-254.000,-7.471,50000.000,0
58451,-164.353,0.000,50000.000,-194.235,7.471,50000.000,0
58501,-119.529,-67.235,50000.000,-171.824,-14.941,50000.000,0
58551,-156.882,-29.882,50000.000,-201.706,-7.471,50000.000,0
58601,-149.412,-119.529,50000.000,-194.235,-22.412,50000.000,0
58651,-171.824,22.412,50000.000,-216.647,0.000,50000.000,0
58701,-82.176,44.824,50000.000,-67.235,-44.824,50000.000,0
58751,-82.176,14.941,50000.000,-67.235,-7.471,50000.000,0
58801,-82.176,-37.353,50000.000,-149.412,-29.882,50000.000,0
58851,-134.471,0.000,50000.000,-156.882,-74.706,50000.000,0
58901,-179.294,-22.412,50000.000,-246.529,-14.941,50000.000,0
58951,-171.824,-59.765,50000.000,-328.706,-7.471,50000.000,0
59001,-239.059,-14.941,50000.000,-209.176,0.000,50000.000,0
59051,-194.235,14.941,50000.000,-216.647,29.882,50000.000,0
59101,-164.353,-127.000,50000.000,-231.588,-74.706,50000.000,0
59151,-164.353,-37.353,50000.000,-268.941,0.000,50000.000,0
59201,-127.000,59.765,50000.000,-156.882,22.412,50000.000,0
59251,-74.706,22.412,50000.000,-82.176,-22.412,50000.000,0
59301,-74.706,-7.471,50000.000,-112.059,0.000,50000.000,0
59351,-14.941,-29.882,50000.000,-74.706,-67.235,50000.000,0
59401,-29.882,0.000,50000.000,-67.235,-52.294,50000.000,0
59451,14.941,67.235,50000.000,22.412,-22.412,50000.000,0
59501,37.353,14.941,50000.000,97.118,-14.941,50000.000,0
59551,82.176,74.706,50000.000,59.765,-74.706,50000.000,0
59601,156.882,-7.471,50000.000,171.824,-171.824,50000.000,0
59651,321.235,97.118,50000.000,358.588,-186.765,50000.000,0
59701,373.529,216.647,50000.000,455.706,-313.765,50000.000,0
59751,194.235,112.059,50000.000,254.000,-395.941,50000.000,0
59801,52.294,-82.176,50000.000,-14.941,-156.882,50000.000,0
59851,216.647,74.706,50000.000,261.471,-67.235,50000.000,0
59901,448.235,112.059,50000.000,739.588,-44.824,50000.000,0
59951,388.471,-74.706,50000.000,537.882,0.000,50000.000,0
