timestamp[ms],left_dx[um],left_dy[um],left_dt[us],right_dx[um],right_dy[um],right_dt[us],waterPin
0,-37.353,-29.882,50153.000,-119.529,0.000,50153.000,0
51,-12251.764,-9472.705,50000.000,-35432.996,485.588,50000.000,0
101,-17966.764,-13163.176,50000.000,-35141.645,1516.529,50000.000,0
151,-18116.176,-13798.176,50000.000,-36404.176,3048.000,50000.000,0
201,-13947.587,-11004.176,50000.000,-38607.996,-493.059,50000.000,0
251,-14410.764,-10705.353,50000.000,-38062.645,-1807.882,50000.000,0
301,-19109.764,-14597.528,50000.000,-38174.703,1344.706,50000.000,0
351,-17062.822,-13432.117,50000.000,-39990.055,657.412,50000.000,0
401,-13529.234,-9584.764,50000.000,-39160.820,-1464.235,50000.000,0
451,-17540.939,-12259.234,50000.000,-38630.410,209.176,50000.000,0
501,-15120.470,-12050.058,50000.000,-39653.879,2136.588,50000.000,0
551,-14836.587,-11205.882,50000.000,-40266.469,-134.471,50000.000,0
601,-20372.293,-13693.587,50000.000,-39332.645,283.882,50000.000,0
651,-23009.410,-15919.822,50000.000,-40258.996,4265.706,50000.000,0
701,-20402.176,-13835.528,50000.000,-40550.352,2823.882,50000.000,0
751,-24906.939,-15090.587,50000.000,-38779.820,1329.765,50000.000,0
801,-26707.352,-16853.646,50000.000,-37412.703,2622.176,50000.000,0
851,-23323.176,-16136.470,50000.000,-38899.352,3615.764,50000.000,0
901,-22673.234,-16181.293,50000.000,-41431.879,298.824,50000.000,0
951,-25392.527,-17167.410,50000.000,-41058.352,171.824,50000.000,0
1001,-27013.645,-20095.881,50000.000,-41536.469,2861.235,50000.000,0
1051,-26371.174,-20850.410,50000.000,-44883.293,1890.059,50000.000,0
1101,-23778.881,-15747.999,50000.000,-42253.645,1740.647,50000.000,0
1151,-24914.410,-16539.881,50000.000,-41207.762,3847.353,50000.000,0
1201,-19968.881,-15852.587,50000.000,-43239.762,3399.117,50000.000,0
1251,-11026.588,-9151.470,50000.000,-42978.293,-814.294,50000.000,0
1301,-19408.588,-14739.470,50000.000,-42350.762,-433.294,50000.000,0
1351,-20827.998,-17391.527,50000.000,-43956.938,1845.235,50000.000,0
1401,-14104.470,-11586.882,50000.000,-44718.938,-1561.353,50000.000,0
1451,-16338.176,-11198.411,50000.000,-42500.172,-1807.882,50000.000,0
1501,-22411.764,-15583.646,50000.000,-38981.527,2495.176,50000.000,0
1551,-26445.881,-18840.822,50000.000,-41558.879,2203.823,50000.000,0
1601,-23517.410,-16905.939,50000.000,-41670.938,-1225.176,50000.000,0
1651,-22605.998,-16480.117,50000.000,-41835.293,-627.529,50000.000,0
1701,-26049.939,-18414.998,50000.000,-42104.234,3488.764,50000.000,0
1751,-23935.764,-16771.469,50000.000,-44718.938,709.706,50000.000,0
1801,-23024.352,-15934.764,50000.000,-43463.879,-1501.588,50000.000,0
1851,-19154.588,-13312.587,50000.000,-43687.996,313.765,50000.000,0
1901,-16315.764,-12595.411,50000.000,-45600.469,1576.294,50000.000,0
1951,-13207.999,-9495.117,50000.000,-45361.410,-627.529,50000.000,0
2001,-22770.352,-16016.940,50000.000,-44823.527,-366.059,50000.000,0
2051,-24899.469,-19049.998,50000.000,-46317.645,2622.176,50000.000,0
2101,-15053.234,-11004.176,50000.000,-47348.586,127.000,50000.000,0
2151,-21223.939,-13902.764,50000.000,-44890.762,-687.294,50000.000,0
2201,-28649.703,-20902.705,50000.000,-44793.645,1172.882,50000.000,0
2251,-21246.352,-18220.764,50000.000,-45719.996,2278.529,50000.000,0
2301,-21545.176,-16913.410,50000.000,-45600.469,-881.529,50000.000,0
2351,-22972.057,-17951.822,50000.000,-45727.469,-933.823,50000.000,0
2401,-23771.410,-20342.410,50000.000,-46026.289,911.412,50000.000,0
2451,-24451.234,-22247.410,50000.000,-46885.410,-5842.000,50000.000,0
2501,-20163.117,-19169.527,50000.000,-47146.879,-9330.764,50000.000,0
2551,-12849.411,-12214.411,50000.000,-45436.113,-4482.353,50000.000,0
2601,-12236.822,-11108.764,50000.000,-44689.055,-7403.353,50000.000,0
2651,-17294.410,-14821.646,50000.000,-44696.527,-10384.117,50000.000,0
2701,-21687.115,-17974.234,50000.000,-44315.527,-5154.706,50000.000,0
2751,-22202.586,-17936.881,50000.000,-42769.113,-4198.470,50000.000,0
2801,-22075.586,-17137.527,50000.000,-41939.879,-10047.940,50000.000,0
2851,-19684.998,-15232.528,50000.000,-37069.055,-8314.764,50000.000,0
2901,-13484.411,-10809.940,50000.000,-35350.820,-3264.647,50000.000,0
2951,-18123.646,-13058.587,50000.000,-38062.645,-6424.706,50000.000,0
3001,-21933.646,-15127.940,50000.000,-38391.352,-8755.529,50000.000,0
3051,-21903.764,-14373.411,50000.000,-32026.410,-2876.176,50000.000,0
3101,-24966.705,-15441.705,50000.000,-36299.586,-567.765,50000.000,0
3151,-22366.939,-11646.646,50000.000,-38682.703,-3570.941,50000.000,0
3201,-18937.939,-7059.706,50000.000,-36777.703,-6417.235,50000.000,0
3251,-21216.469,-5251.823,50000.000,-35089.352,-4280.647,50000.000,0
3301,-20088.410,-1949.823,50000.000,-34222.762,-2233.706,50000.000,0
3351,-19879.234,-1538.941,50000.000,-30943.174,-4908.176,50000.000,0
3401,-17638.059,-3780.117,50000.000,-31667.822,-10907.058,50000.000,0
3451,-18997.705,-5625.353,50000.000,-29770.293,-10286.999,50000.000,0
3501,-20402.176,-4811.059,50000.000,-27140.645,-6985.000,50000.000,0
3551,-19632.705,-2300.941,50000.000,-25631.586,-2771.588,50000.000,0
3601,-20125.764,-4639.235,50000.000,-24891.998,366.059,50000.000,0
3651,-18698.881,-8568.764,50000.000,-25407.469,-1359.647,50000.000,0
3701,-15464.116,-7956.176,50000.000,-23973.115,-5505.823,50000.000,0
3751,-16442.764,-8396.940,50000.000,-20954.998,-7836.646,50000.000,0
3801,-16435.293,-8508.999,50000.000,-20790.646,-8232.588,50000.000,0
3851,-15366.999,-8262.470,50000.000,-19849.352,-6828.117,50000.000,0
3901,-14888.881,-7366.000,50000.000,-19206.881,-3070.412,50000.000,0
3951,-13170.646,-3234.764,50000.000,-16674.352,-1030.941,50000.000,0
4001,-12109.822,552.823,50000.000,-13476.940,22.412,50000.000,0
4051,-9853.705,2039.470,50000.000,-10466.293,2577.353,50000.000,0
4101,-7672.293,2734.235,50000.000,-6798.235,4542.117,50000.000,0
4151,-3331.882,1613.647,50000.000,-2562.412,3003.176,50000.000,0
4201,2345.765,-463.176,50000.000,1389.529,-664.882,50000.000,0
4251,4459.941,-627.529,50000.000,5042.646,821.765,50000.000,0
4301,7403.353,1389.529,50000.000,10496.176,1546.412,50000.000,0
4351,12640.234,2502.647,50000.000,16308.293,231.588,50000.000,0
4401,16532.410,1621.118,50000.000,19565.469,440.765,50000.000,0
4451,17757.588,1367.118,50000.000,21963.527,1053.353,50000.000,0
4501,19998.764,2173.941,50000.000,26311.410,1778.000,50000.000,0
4551,24413.881,1247.588,50000.000,27282.586,918.882,50000.000,0
4601,20095.881,1180.353,50000.000,27282.586,-612.588,50000.000,0
4651,22112.939,1068.294,50000.000,28515.232,-1187.823,50000.000,0
4701,22538.764,933.823,50000.000,25586.764,425.823,50000.000,0
4751,19438.469,575.235,50000.000,24720.174,4086.411,50000.000,0
4801,17511.059,560.294,50000.000,25512.057,7545.293,50000.000,0
4851,16248.528,-776.941,50000.000,22740.469,7336.117,50000.000,0
4901,13596.470,-321.235,50000.000,22172.705,5804.646,50000.000,0
4951,17324.293,0.000,50000.000,21791.705,1718.235,50000.000,0
5001,16532.410,52.294,50000.000,20021.176,-1098.176,50000.000,0
5051,14186.646,-186.765,50000.000,17735.176,-567.765,50000.000,0
5101,10182.411,-859.118,50000.000,12939.058,3414.059,50000.000,1
5151,5729.941,37.353,50000.000,9756.588,6947.646,50000.000,1
5201,5602.941,44.824,50000.000,7874.000,1568.823,50000.000,0
5251,4235.823,-2136.588,50000.000,3294.529,-3854.823,50000.000,0
5301,1262.529,-5162.176,50000.000,-448.235,-4676.588,50000.000,0
5351,-1240.118,-6409.764,50000.000,-4489.823,-2181.412,50000.000,0
5401,-3937.000,-7358.529,50000.000,-7253.941,44.824,50000.000,0
5451,-5767.294,-6305.176,50000.000,-9039.411,1367.118,50000.000,0
5501,-7948.706,-4071.470,50000.000,-10675.470,5124.823,50000.000,0
5551,-11048.999,-635.000,50000.000,-10682.940,7283.823,50000.000,0
5601,-11258.176,-963.706,50000.000,-11131.176,2286.000,50002.000,0
5651,-9405.470,-4422.588,50000.000,-13066.058,-3249.706,50000.000,0
5701,-9315.823,-5393.764,50000.000,-13305.117,-5199.529,50000.000,0
5751,-10025.528,-5520.764,50000.000,-12580.470,-5827.059,50000.000,0
5801,-9539.940,-5236.882,50000.000,-13992.411,-2883.647,50000.000,0
5851,-11131.176,-5961.529,50000.000,-14522.822,2988.235,50000.000,0
5901,-12505.764,-5401.235,50000.000,-15434.234,7747.000,50000.000,0
5951,-12416.117,-4019.176,50000.000,-16128.999,6066.117,50000.000,0
6001,-9562.353,-2188.882,50000.000,-14410.764,620.059,50000.000,0
6051,-8568.764,-2084.294,50000.000,-13110.882,-5012.764,50000.000,0
6101,-6686.176,-433.294,50000.000,-11908.117,-8508.999,50000.000,0
6151,-4900.706,2502.647,50000.000,-9577.294,-8060.764,50000.000,0
6201,-4915.646,4056.529,50000.000,-7537.823,-4766.235,50000.000,0
6251,-5647.764,1307.353,50000.000,-7224.058,-5102.412,50000.000,0
6301,-4392.706,-5035.176,50000.000,-7993.529,-8247.529,50000.000,0
6351,-3884.706,-8374.529,50000.000,-8404.411,-9345.705,50000.000,0
6401,-3496.235,-8434.294,50000.000,-7425.764,-6387.353,50000.000,0
6451,-3033.059,-8762.999,50000.000,-6932.706,-5012.764,50000.000,0
6501,-2300.941,-7298.764,50000.000,-6760.882,-6282.764,50000.000,0
6551,-2233.706,-3869.764,50000.000,-5707.529,-6469.529,50000.000,0
6601,-2009.588,-1897.529,50000.000,-4168.588,-5505.823,50000.000,0
6651,-2084.294,-2883.647,50000.000,-3839.882,-4041.588,50000.000,0
6701,-2562.412,-6372.411,50000.000,-5132.294,-3234.764,50000.000,0
6751,-3384.176,-7582.646,50000.000,-6820.646,-2159.000,50000.000,0
6801,-4161.117,-8912.411,50000.000,-7493.000,-418.353,50000.000,0
6851,-4743.823,-10466.293,50000.000,-8105.588,-313.765,50000.000,0
6901,-4459.941,-8479.117,50000.000,-8792.882,-3077.882,50000.000,0
6951,-3645.647,-5774.764,50000.000,-7881.470,-4542.117,50000.000,0
7001,-3892.176,-6865.470,50000.000,-6872.941,-5401.235,50000.000,0
7051,-3854.823,-7754.470,50000.000,-7620.000,-6955.117,50000.000,0
7101,-4318.000,-8792.882,50000.000,-7918.823,-4258.235,50000.000,0
7151,-4908.176,-7791.823,50000.000,-7926.293,-448.235,50000.000,0
7201,-4923.117,-7522.882,50000.000,-8008.470,-97.118,50000.000,0
7251,-4527.176,-7119.470,50000.000,-8606.117,-3496.235,50000.000,0
7301,-4893.235,-6790.764,50000.000,-8352.117,-5528.235,50000.000,0
7351,-4549.588,-5326.529,50000.000,-7380.941,-5124.823,50000.000,0
7401,-3892.176,-4923.117,50000.000,-7537.823,-5871.882,50000.000,0
7451,-4295.588,-5707.529,50000.000,-7971.117,-5550.646,50000.000,0
7501,-4900.706,-6940.176,50000.000,-7896.411,-1314.823,50000.000,0
7551,-5408.706,-6551.706,50000.000,-8658.411,2980.764,50000.000,0
7601,-6559.176,-4953.000,50000.000,-8927.353,4908.176,50000.000,0
7651,-8277.411,-3869.764,50000.000,-9129.059,3443.941,50000.000,0
7701,-8591.176,-4669.117,50000.000,-10018.059,1210.235,50000.000,0
7751,-8411.882,-4123.765,50000.000,-10839.823,268.941,50000.000,0
7801,-8060.764,-1770.529,50000.000,-9965.764,-418.353,50000.000,0
7851,-8165.353,-1860.176,50000.000,-10257.117,-1494.118,50000.000,0
7901,-8329.705,-3048.000,50000.000,-10907.058,-2794.000,50000.000,0
7951,-7664.823,-4056.529,50000.000,-10421.470,-3951.941,50000.000,0
8001,-7082.117,-5849.470,50000.000,-11773.646,-4071.470,50000.000,0
8051,-5864.411,-5378.823,50002.000,-12304.058,-2330.823,50000.000,0
8101,-5326.529,-3929.529,49999.000,-11900.646,754.529,50000.000,0
8151,-6790.764,-5528.235,49999.000,-11019.117,3541.059,49998.000,0
8201,-7993.529,-5423.646,50000.000,-11803.528,2696.882,50000.000,0
8251,-8591.176,-3862.294,50000.000,-10832.353,268.941,50000.000,0
8301,-8195.234,-2487.706,50000.000,-10331.823,-336.176,50000.000,0
8351,-8486.588,-3466.353,50000.000,-10787.528,-1322.294,50000.000,0
8401,-6723.529,-4459.941,50000.000,-10540.999,-2375.647,50000.000,0
8451,-5475.941,-5042.646,50000.000,-10473.764,-2061.882,50000.000,0
8501,-7298.764,-7119.470,50000.000,-11415.058,-1120.588,50000.000,0
8551,-7112.000,-6110.941,50000.000,-11758.705,67.235,50000.000,0
8601,-7732.058,-6245.411,50000.000,-11594.353,508.000,50000.000,0
8651,-7844.117,-7037.293,50000.000,-12318.999,-732.118,50000.000,0
8701,-7672.293,-5610.412,50000.000,-12177.058,-3429.000,50000.000,0
8751,-7343.588,-3690.470,50000.000,-10847.293,-4855.882,50000.000,0
8801,-7933.764,-6178.176,50000.000,-11161.058,-3630.706,50000.000,0
8851,-6902.823,-7268.882,50000.000,-11915.588,-993.588,50000.000,0
8901,-7896.411,-7941.235,50000.000,-11594.353,2211.294,50000.000,0
8951,-8934.823,-8516.470,50000.000,-12236.822,1979.706,50000.000,0
9001,-9031.940,-9046.882,50000.000,-13058.587,-1284.941,50000.000,0
9051,-8008.470,-7956.176,50000.000,-12864.353,-2435.412,50000.000,0
9101,-8897.470,-7971.117,50000.000,-12602.882,-1471.706,50000.000,0
9151,-8957.234,-10070.353,50000.000,-13140.764,2271.059,50000.000,0
9201,-9980.705,-12901.705,50000.000,-14485.470,4504.764,50000.000,0
9251,-9928.411,-12117.293,50000.000,-16151.411,1464.235,50000.000,0
9301,-9689.353,-12662.646,50000.000,-15800.293,-1561.353,50000.000,0
9351,-9786.470,-13618.882,50000.000,-17316.822,-3048.000,50000.000,0
9401,-9876.117,-12289.117,50000.000,-17563.352,2368.176,50000.000,0
9451,-11616.764,-13768.293,50000.000,-18922.998,3443.941,50000.000,0
9501,-10570.882,-13648.764,50000.000,-19647.646,-2263.588,50000.000,0
9551,-9808.882,-13992.411,50000.000,-19617.764,-4975.412,50000.000,0
9601,-10204.823,-12326.470,50000.000,-19386.176,216.647,50000.000,0
9651,-8830.234,-8934.823,50000.000,-17413.939,6402.293,50000.000,0
9701,-10757.646,-9539.940,50000.000,-17047.881,1299.882,50000.000,0
9751,-10466.293,-9823.823,50000.000,-17212.234,-3309.470,50000.000,0
9801,-9256.059,-8008.470,50000.000,-15957.176,-6962.588,50000.000,0
9851,-9293.411,-7582.646,50000.000,-15060.705,-5909.235,50000.000,0
9901,-9898.528,-7702.176,50000.000,-14649.822,-1180.353,50000.000,0
9951,-11161.058,-6320.117,50000.000,-13469.470,1404.470,50000.000,0
10001,-10884.646,-2913.529,50000.000,-12685.058,627.529,50000.000,0
10051,-8546.353,-1897.529,50000.000,-11474.822,-4691.529,50000.000,0
10101,-7455.646,-3996.764,50000.000,-10921.999,-7605.058,50000.000,0
10151,-6798.235,-2577.353,50000.000,-10242.176,-5259.294,50000.000,0
10201,-8635.999,-82.176,50000.000,-9300.882,-1882.588,50000.000,0
10251,-8845.176,395.941,50000.000,-9569.823,-37.353,50000.000,0
10301,-8381.999,-97.118,50000.000,-8875.059,-306.294,50000.000,0
10351,-6364.941,-552.823,50000.000,-8098.117,-2689.412,50000.000,0
10401,-4377.765,-1284.941,50000.000,-6940.176,-3705.412,50000.000,0
10451,-4056.529,-1479.176,50000.000,-5670.176,-4191.000,50000.000,0
10501,-2256.117,-1680.882,50000.000,-3959.411,-5304.117,50000.000,0
10551,-1038.412,-4549.588,50000.000,-3272.117,-7470.588,50000.000,0
10601,-22.412,-6910.293,50000.000,-3436.470,-6454.588,50000.000,0
10651,-702.235,-6350.000,50000.000,-3414.059,-4938.059,50000.000,0
10701,-806.823,-6118.411,50000.000,-3653.117,-3750.235,50000.000,0
10751,-1143.000,-4990.353,50000.000,-3369.235,-3077.882,50000.000,0
10801,-971.176,-5311.588,50000.000,-2853.764,-3272.117,50000.000,0
10851,-694.765,-9345.705,50000.000,-3399.117,-1815.353,50000.000,0
10901,-1382.059,-11661.588,50000.000,-3585.882,343.647,50000.000,0
10951,-2099.235,-13521.764,50000.000,-5348.941,732.118,50000.000,0
11001,-1606.176,-12191.999,50000.000,-6686.176,-2741.706,50000.000,0
11051,-1337.235,-14350.999,50000.000,-6118.411,-3122.706,50000.000,0
11101,-1628.588,-12266.705,50000.000,-6066.117,-127.000,50000.000,0
11151,-2965.823,-9360.646,50000.000,-6036.235,1688.353,50000.000,0
11201,-3302.000,-8561.294,50000.000,-6297.706,-3040.529,50000.000,0
11251,-1277.470,-6835.588,50000.000,-5416.176,-7687.235,50000.000,0
11301,-2069.353,-6237.941,50000.000,-4758.764,-5251.823,50000.000,1
11351,-4086.411,-7597.588,50000.000,-6424.706,-328.706,50000.000,1
11401,-5759.823,-6940.176,50000.000,-7941.235,2286.000,50000.000,0
11451,-6768.353,-7963.646,50000.000,-9345.705,1210.235,50000.000,0
11501,-7500.470,-10570.882,50000.000,-11429.999,-1135.529,50000.000,0
11551,-6992.470,-10944.411,50000.000,-11639.176,-4639.235,50000.000,0
11601,-6858.000,-12759.764,50000.000,-11923.058,-4855.882,50000.000,0
11651,-9338.234,-15471.587,50000.000,-13835.528,2286.000,50000.000,0
11701,-9943.353,-13671.176,50000.000,-15352.058,4945.529,50000.000,0
11751,-9188.823,-11810.999,50000.000,-15874.999,1352.176,50000.000,0
11801,-9166.411,-11534.588,50000.000,-17339.234,-97.118,50000.000,0
11851,-9554.882,-11385.176,50000.000,-18101.234,4385.235,50000.000,0
11901,-11571.940,-12909.176,50000.000,-18287.998,7784.353,50000.000,0
11951,-11534.588,-12722.411,50000.000,-19191.939,2831.353,50000.000,0
12001,-11288.058,-13798.176,50000.000,-19931.527,276.412,50000.000,0
12051,-11512.176,-14186.646,50000.000,-20118.293,3533.588,50000.000,0
12101,-11347.823,-14522.822,50000.000,-20275.176,3115.235,50000.000,0
12151,-11900.646,-15486.528,50000.000,-21455.527,-455.706,50000.000,0
12201,-13066.058,-16114.058,50000.000,-21171.646,67.235,50000.000,0
12251,-13103.411,-15359.528,50000.000,-20260.234,4213.412,50000.000,0
12301,-13805.646,-15172.764,50000.000,-21037.176,1434.353,50000.000,0
12351,-13708.528,-14321.116,50000.000,-21903.764,-224.118,50000.000,0
12401,-14597.528,-13798.176,50000.000,-22284.764,582.706,50000.000,0
12451,-13320.058,-11288.058,50000.000,-22381.881,3234.764,50000.000,0
12501,-12371.293,-5954.059,50000.000,-21888.822,605.118,50000.000,0
12551,-13730.940,-2099.235,50000.000,-19849.352,-3227.294,50000.000,0
12601,-12296.588,14.941,50000.000,-18026.527,-8172.823,50000.000,0
12651,-10884.646,-52.294,50000.000,-12617.822,-8015.940,50000.000,0
12701,-11101.293,-3182.470,50000.000,-11624.234,-10272.059,50000.000,0
12751,-9435.353,-8060.764,50000.000,-13387.293,-13596.470,50000.000,0
12801,-7941.235,-9659.470,50000.000,-11601.822,-11086.353,50000.000,0
12851,-8889.999,-8725.646,50000.000,-12124.764,-3391.647,50000.000,0
12901,-11736.293,-9383.059,50000.000,-11855.822,1068.294,50000.000,0
12951,-12221.882,-10331.823,50000.000,-16681.822,5602.941,50000.000,0
13001,-12685.058,-11863.293,50000.000,-19640.176,7298.764,50000.000,0
13051,-13491.882,-12490.822,50000.000,-19684.998,4669.117,50000.000,0
13101,-13902.764,-13925.176,50000.000,-19961.410,2300.941,50000.000,0
13151,-14537.764,-14873.940,50000.000,-20768.234,2906.059,50000.000,0
13201,-14575.116,-14761.882,50000.000,-19565.469,7664.823,50000.000,0
13251,-14769.352,-14313.646,50000.000,-20671.117,6350.000,50000.000,0
13301,-15008.411,-15098.058,50000.000,-21873.881,1367.118,50000.000,0
13351,-14933.705,-16696.764,50000.000,-22732.998,-612.588,50000.000,0
13401,-14074.587,-17652.998,50000.000,-22613.469,3182.470,50000.000,0
13451,-11990.293,-16024.411,50000.000,-24144.939,605.118,50000.000,0
13501,-12408.646,-18004.117,50000.000,-23763.939,-3533.588,50000.000,0
13551,-11362.764,-16898.469,50000.000,-24555.822,-1860.176,50000.000,0
13601,-10682.940,-16577.234,50000.000,-23607.057,-500.529,50000.000,0
13651,-11078.882,-17794.939,50000.000,-23629.469,-6096.000,50000.000,0
13701,-11990.293,-18639.117,50000.000,-23786.352,-6439.646,50000.000,0
13751,-13387.293,-21485.410,50000.000,-22927.234,-3055.470,50000.000,0
13801,-13626.352,-21806.646,50000.000,-23711.645,-5169.646,50000.000,0
13851,-12371.293,-19871.764,50000.000,-22538.764,-5692.588,50000.000,0
13901,-12931.587,-18108.705,50000.000,-21149.234,-2024.529,50000.000,0
13951,-12909.176,-16390.469,50000.000,-23001.939,-2868.706,50000.000,0
14001,-12408.646,-14821.646,50000.000,-23099.057,-4437.529,50000.000,0
14051,-14380.882,-16158.881,50000.000,-17667.939,-2196.353,50000.000,0
14101,-14941.176,-17660.469,50000.000,-23330.645,1949.823,50000.000,0
14151,-12916.646,-14993.470,50000.000,-26109.705,261.471,50000.000,0
14201,-13686.117,-17144.998,50000.000,-26064.881,-3212.353,50000.000,0
14251,-16958.234,-20514.234,50000.000,-26909.057,-1217.706,50000.000,0
14301,-16584.705,-19744.764,50000.000,-26901.586,-620.059,50000.000,0
14351,-15852.587,-18033.998,50000.000,-26923.998,-2749.176,50000.000,0
14401,-15105.528,-16950.764,50000.000,-27685.998,-1045.882,50000.000,0
14451,-16472.646,-21186.586,50000.000,-29830.057,-612.588,50000.000,0
14501,-14463.058,-20715.939,50000.000,-30420.232,-4527.176,50000.000,0
14551,-13514.293,-19572.939,50000.000,-29897.293,-4123.765,50000.000,0
14601,-11332.882,-17040.410,50000.000,-30091.527,-986.118,50000.000,0
14651,-12632.764,-19087.352,50000.000,-30442.645,-4034.117,50000.000,0
14701,-14074.587,-21014.764,50000.000,-30487.469,-5072.529,50000.000,0
14751,-14194.116,-22008.352,50000.000,-27596.352,-3414.059,50000.000,0
14801,-16166.352,-24802.352,50000.000,-26475.764,-8598.646,50000.000,0
14851,-15404.352,-23711.645,50000.000,-26079.822,-9577.294,50000.000,0
14901,-14029.764,-20409.646,50000.000,-26049.939,-4400.176,50000.000,0
14951,-12393.705,-17264.527,50000.000,-25586.764,-6768.353,50000.000,0
15001,-11168.528,-15643.411,50000.000,-24608.115,-9099.176,50000.000,0
15051,-10682.940,-13155.705,50000.000,-25512.057,-5983.941,50000.000,0
15101,-11773.646,-13491.882,50000.000,-25048.881,-6940.176,50000.000,0
15151,-14507.882,-16539.881,50000.000,-24891.998,-10406.528,50000.000,0
15201,-14567.646,-16487.588,50000.000,-24974.174,-9069.294,50000.000,0
15251,-14261.352,-17705.293,50000.000,-25594.234,-6559.176,50000.000,0
15301,-15180.234,-16935.822,50000.000,-26871.703,-6125.882,50000.000,0
15351,-12595.411,-12259.234,50000.000,-27021.115,-3847.353,50000.000,0
15401,-12968.940,-14141.822,50000.000,-26983.764,-620.059,50000.000,0
15451,-12057.528,-15202.646,50000.000,-27200.410,-388.471,50000.000,0
15501,-11549.528,-14268.822,50000.000,-27043.527,-2457.823,50000.000,0
15551,-14590.058,-17951.822,50000.000,-26991.234,-1763.059,50000.000,0
15601,-14186.646,-20282.646,50000.000,-27476.822,-896.471,50000.000,0
15651,-11213.353,-18056.410,50000.000,-28604.881,-5662.706,50000.000,0
15701,-10010.588,-17436.352,50000.000,-28380.764,-6648.823,50000.000,0
15751,-12468.411,-19767.176,50000.000,-28843.939,-1763.059,50000.000,0
15801,-14866.470,-23196.176,50000.000,-31368.998,-4430.059,50000.000,0
15851,-13207.999,-20678.586,50000.000,-31503.469,-5946.588,50000.000,0
15901,-12505.764,-18668.998,50000.000,-31144.881,-2218.765,50000.000,0
15951,-11885.705,-16823.764,50000.000,-33296.410,-5490.882,50000.000,0
16001,-10488.705,-14933.705,50000.000,-33206.762,-5655.235,50000.000,0
16051,-10301.940,-13708.528,50000.000,-33595.234,-1770.529,50000.000,0
16101,-11646.646,-13529.234,50000.000,-33953.820,-4325.470,50000.000,0
16151,-13581.528,-15068.176,50000.000,-33580.293,-4564.529,50000.000,0
16201,-13222.940,-13088.470,50000.000,-34185.410,52.294,50000.000,0
16251,-15830.176,-13088.470,50000.000,-34611.234,-874.059,50000.000,0
16301,-14096.999,-9965.764,50000.000,-33640.055,-2562.412,50000.000,0
16351,-17391.527,-11676.528,50000.000,-33445.820,-328.706,50000.000,0
16401,-18579.352,-14119.411,50000.000,-34514.117,4415.117,50000.000,0
16451,-13514.293,-9502.588,50000.000,-35559.996,2659.529,50000.000,0
16501,-17376.588,-10145.059,50000.000,-33266.527,2121.647,50000.000,0
16551,-22441.646,-13715.999,50000.000,-33946.352,2973.294,50000.000,0
16601,-20484.352,-14687.176,50000.000,-34245.176,3914.588,50000.000,0
16651,-18392.588,-12520.705,50000.000,-35261.176,2144.059,50000.000,0
16701,-22366.939,-14709.587,50000.000,-34275.055,851.647,50000.000,0
16751,-26005.115,-17391.527,50000.000,-36344.410,1553.882,50000.000,0
16801,-21836.527,-15912.352,50000.000,-36889.762,2442.882,50000.000,0
16851,-22307.176,-15516.411,50000.000,-38458.586,2196.353,50000.000,0
16901,-24735.115,-15845.116,50000.000,-38578.113,1187.823,50000.000,0
16951,-24593.176,-16121.528,50000.000,-38772.352,2173.941,50000.000,0
17001,-18078.822,-13902.764,50000.000,-38757.410,2659.529,50000.000,0
17051,-15329.646,-11616.764,50000.000,-40124.527,-478.118,50000.000,0
17101,-14074.587,-10421.470,50000.000,-38593.055,-2823.882,50000.000,0
17151,-17787.469,-13574.058,50000.000,-38062.645,-649.941,50000.000,0
17201,-17428.881,-14537.764,50000.000,-39145.879,552.823,50000.000,0
17251,-15120.470,-10548.470,50000.000,-38757.410,-1538.941,50000.000,0
17301,-15523.881,-9241.117,50000.000,-37412.703,-448.235,50000.000,0
17351,-22449.115,-14926.234,50000.000,-35701.938,3832.412,50000.000,0
17401,-18609.234,-13140.764,50000.000,-38234.469,4265.706,50000.000,0
17451,-21029.705,-13499.352,50000.000,-36172.586,1060.823,50000.000,0
17501,-23240.998,-14769.352,50000.000,-34409.527,679.823,50000.000,0
17551,-24548.352,-16270.940,50000.000,-30689.174,3033.059,50000.000,0
17601,-26849.293,-18429.939,50000.000,-34476.762,4586.941,50000.000,0
17651,-27611.293,-18108.705,50000.000,-38428.703,4146.176,50000.000,0
17701,-30853.527,-19826.939,50000.000,-38749.938,3070.412,50000.000,0
17751,-31600.586,-20895.234,50000.000,-39863.055,3070.412,50000.000,0
17801,-23113.998,-16323.234,50000.000,-40124.527,3697.941,50000.000,0
17851,-20170.586,-15591.116,50000.000,-40460.703,851.647,50000.000,0
17901,-18033.998,-12961.470,50000.000,-40445.762,-1113.118,50000.000,0
17951,-19804.527,-14530.293,50000.000,-38921.762,605.118,50000.000,0
18001,-17324.293,-13820.587,50000.000,-40191.762,1053.353,50000.000,0
18051,-17398.998,-12737.353,50000.000,-40161.879,-1628.588,50000.000,0
18101,-20536.646,-13447.058,50000.000,-37980.469,-2719.294,50000.000,0
18151,-21687.115,-15157.822,50000.000,-36232.352,366.059,50000.000,0
18201,-17421.410,-12983.882,50000.000,-36747.820,762.000,50000.000,0
18251,-18601.764,-12939.058,50000.000,-35141.645,-2420.470,50000.000,0
18301,-21134.293,-13267.764,50000.000,-31600.586,-2906.059,50000.000,0
18351,-22426.705,-13962.528,50000.000,-31563.232,418.353,50000.000,0
18401,-24623.057,-15927.293,50000.000,-33117.117,3944.470,50000.000,0
18451,-24884.527,-14395.822,50000.000,-36568.527,3122.706,50000.000,0
18501,-26236.705,-13424.646,50000.000,-35530.117,1568.823,50000.000,0
18551,-27723.352,-14209.058,50000.000,-37651.762,679.823,50000.000,0
18601,-25497.115,-14395.822,50000.000,-38466.055,112.059,50000.000,0
18651,-23024.352,-14336.058,50000.000,-38316.645,-1546.412,50000.000,0
18701,-18631.646,-13051.117,50000.000,-39407.352,-6693.646,50000.000,0
18751,-16495.059,-10585.823,50000.000,-38630.410,-6977.529,50000.000,0
18801,-20700.998,-14365.940,50000.000,-36710.469,-74.706,50000.000,0
18851,-19147.117,-12685.058,50000.000,-38234.469,1509.059,50000.000,0
18901,-18654.057,-11900.646,50000.000,-37913.234,896.471,50000.000,0
18951,-23084.115,-13559.117,50000.000,-36942.055,814.294,50000.000,0
19001,-23472.586,-13678.646,50000.000,-36546.113,-679.823,50000.000,0
19051,-19438.469,-13193.058,50000.000,-35253.703,-2883.647,50000.000,0
19101,-14672.234,-12102.353,50000.000,-34282.527,-5842.000,50000.000,0
19151,-11773.646,-9651.999,50000.000,-36015.703,-9726.705,50000.000,0
19201,-16360.587,-12431.058,50000.000,-30427.703,-3316.941,50000.000,0
19251,-19475.822,-14477.999,50000.000,-30958.115,806.823,50000.000,0
19301,-19991.293,-14246.411,50000.000,-34558.938,366.059,50000.000,0
19351,-21149.234,-13409.705,50000.000,-34431.938,246.529,50000.000,0
19401,-21470.469,-13170.646,50000.000,-34543.996,179.294,50000.000,0
19451,-20290.117,-14567.646,50000.000,-35657.117,-933.823,50000.000,0
19501,-13880.352,-13327.528,50000.000,-35963.410,-2808.941,50000.000,0
19551,-12707.470,-12154.646,50000.000,-35746.762,-2958.353,50000.000,0
19601,-14724.528,-11116.234,50000.000,-34827.879,-1531.470,50000.000,0
19651,-17234.646,-12797.117,50000.000,-34222.762,-156.882,50000.000,0
19701,-13641.293,-11639.176,50000.000,-36105.352,-485.588,50000.000,0
19751,-9300.882,-7575.176,50000.000,-35545.055,-2069.353,50000.000,0
19801,-13783.234,-10309.411,50000.000,-33669.938,-2876.176,50000.000,0
19851,-18220.764,-14664.764,50000.000,-33535.469,-403.412,50000.000,0
19901,-15165.293,-12625.293,50000.000,-34753.176,-784.412,50000.000,0
19951,-15822.705,-11415.058,50000.000,-33184.352,-3070.412,50000.000,0
20001,-17735.176,-12057.528,50000.000,-32519.469,-3787.588,50000.000,0
20051,-18101.234,-13603.940,50000.000,-30868.469,-410.882,50000.000,0
20101,-15135.411,-12326.470,50000.000,-32175.822,1157.941,50000.000,0
20151,-15068.176,-11011.646,50000.000,-33214.234,-1172.882,50000.000,0
20201,-17369.117,-12341.411,50000.000,-31824.703,-2644.588,50000.000,0
20251,-17989.176,-12640.234,50000.000,-33005.055,-1262.529,50000.000,0
20301,-18781.057,-13745.882,50000.000,-33102.176,1344.706,50000.000,0
20351,-19849.352,-13514.293,50000.000,-35037.055,-500.529,50000.000,0
20401,-19460.881,-12864.353,50000.000,-34484.234,-3869.764,50000.000,0
20451,-18056.410,-12565.528,50000.000,-34334.820,-5543.176,50000.000,0
20501,-18250.646,-14321.116,50000.000,-34529.055,-2921.000,50000.000,0
20551,-14216.528,-11310.470,50000.000,-34446.879,-1897.529,50000.000,0
20601,-11258.176,-8180.293,50000.000,-34237.703,-5378.823,50000.000,0
20651,-13738.411,-8075.706,50000.000,-33303.879,-6626.411,50000.000,0
20701,-17563.352,-11034.058,50000.000,-32213.174,-3414.059,50000.000,0
20751,-17981.705,-12005.234,50000.000,-31921.822,328.706,50000.000,0
20801,-19804.527,-12625.293,50000.000,-30547.232,1949.823,50000.000,0
20851,-18497.176,-8322.234,50000.000,-30973.057,-7.471,50000.000,0
20901,-18101.234,-5274.235,50000.000,-28664.645,-1688.353,50000.000,0
20951,-16375.528,-3892.176,50000.000,-26767.115,-336.176,50000.000,0
21001,-14134.352,-4093.882,50000.000,-27170.527,1262.529,50000.000,0
21051,-13783.234,-2853.764,50000.000,-27013.645,717.176,50000.000,0
21101,-16442.764,-2383.117,50000.000,-25758.586,-179.294,50000.000,0
21151,-17130.059,-1606.176,50000.000,-23861.057,-2054.412,50000.000,0
21201,-16592.176,-1568.823,50000.000,-21037.176,-5767.294,50000.000,0
21251,-14612.470,-2390.588,50000.000,-18228.234,-7336.117,50000.000,0
21301,-12453.470,-1800.412,50000.000,-17473.705,-9734.176,50000.000,0
21351,-12057.528,-4609.353,50000.000,-17055.352,-10481.234,50000.000,0
21401,-11302.999,-7403.353,50000.000,-17742.646,-10003.117,50000.000,0
21451,-11258.176,-6096.000,50000.000,-17750.117,-3959.411,50000.000,0
21501,-12475.882,-5139.764,50000.000,-15852.587,37.353,50000.000,0
21551,-11527.117,-7963.646,50000.000,-15561.234,-2465.294,50000.000,0
21601,-7500.470,-7448.176,50000.000,-14500.411,-5670.176,50000.000,0
21651,-6947.646,-5954.059,50000.000,-11482.293,-6992.470,50000.000,0
21701,-6096.000,-4183.529,50000.000,-9891.059,-8665.882,50000.000,0
21751,-3212.353,-1964.765,50000.000,-7776.882,-8538.882,50000.000,0
21801,-3092.823,1187.823,50000.000,-5094.941,-3683.000,50000.000,0
21851,-3152.588,776.941,50000.000,-3197.412,-2988.235,50000.000,0
21901,-844.176,-4945.529,50000.000,-4146.176,-8927.353,50000.000,0
21951,-366.059,-10174.940,50000.000,-5640.294,-12117.293,50000.000,0
22001,-829.235,-14724.528,50000.000,-6895.353,-10593.293,50000.000,0
22051,-1359.647,-15172.764,50000.000,-8307.294,-9808.882,50000.000,0
22101,-821.765,-10249.646,50000.000,-7612.529,-11302.999,50000.000,0
22151,-1949.823,-10399.059,50000.000,-7216.588,-10115.176,50000.000,0
22201,-3010.647,-11796.058,50000.000,-8942.294,-4459.941,50000.000,0
22251,-4228.353,-13925.176,50000.000,-10503.646,-1232.647,50000.000,0
22301,-4243.294,-14261.352,50000.000,-10630.646,-4564.529,50000.000,0
22351,-3175.000,-15090.587,50000.000,-9607.176,-6835.588,50000.000,0
22401,-4138.706,-15239.999,50000.000,-11175.999,-4572.000,50000.000,0
22451,-5819.588,-15837.646,50000.000,-12498.293,575.235,50000.000,0
22501,-6140.823,-16397.939,50000.000,-12998.822,-3914.588,50000.000,0
22551,-5042.646,-15800.293,50000.000,-13783.234,-6850.529,50000.000,0
22601,-7097.058,-15396.881,50000.000,-13663.705,-3212.353,50000.000,0
22651,-7216.588,-11669.058,50000.000,-13185.587,978.647,50000.000,0
22701,-6521.823,-10832.353,50000.000,-12752.293,-4243.294,50000.000,0
22751,-4781.176,-9920.940,50000.000,-11967.882,-9293.411,50000.000,0
22801,-4826.000,-10204.823,50000.000,-9502.588,-9143.999,50000.000,0
22851,-4975.412,-9330.764,50000.000,-9285.940,-8710.705,50000.000,0
22901,-4713.941,-8456.705,50000.000,-7941.235,-5640.294,50000.000,0
22951,-4235.823,-9487.646,50000.000,-7709.646,-6708.588,50000.000,0
23001,-4108.823,-11982.822,50000.000,-8628.529,-9562.353,50000.000,0
23051,-3600.823,-10705.353,50000.000,-9480.176,-14597.528,50000.000,0
23101,-4161.117,-10712.823,50000.000,-9256.059,-14761.882,50000.000,0
23151,-4908.176,-12027.646,50000.000,-9913.470,-12371.293,50000.000,0
23201,-5289.176,-14821.646,50000.000,-10481.234,-9681.882,50000.000,0
23251,-5289.176,-16599.646,50000.000,-11422.528,-9958.293,50000.000,0
23301,-4840.941,-13775.764,50000.000,-10518.588,-10660.528,50000.000,0
23351,-5475.941,-15381.940,50000.000,-11213.353,-11071.411,50000.000,0
23401,-6432.176,-16853.646,50000.000,-12438.528,-7089.588,50000.000,0
23451,-7552.764,-16905.939,50000.000,-12834.470,-5924.176,50000.000,0
23501,-6155.764,-13073.528,50000.000,-12206.940,-6977.529,50000.000,0
23551,-7306.235,-13745.882,50000.000,-12453.470,-6215.529,50000.000,0
23601,-7425.764,-13955.058,50000.000,-13297.646,-1389.529,50000.000,0
23651,-7754.470,-14425.705,50000.000,-13506.822,-791.882,50000.000,0
23701,-7395.882,-15874.999,50000.000,-14179.176,-7291.293,50000.000,0
23751,-6193.117,-15568.705,50000.000,-14365.940,-9756.588,50000.000,0
23801,-5797.176,-12625.293,50000.000,-14373.411,-8479.117,50000.000,0
23851,-5124.823,-10862.234,50000.000,-12483.353,-6887.882,50000.000,0
23901,-4415.117,-7888.940,50000.000,-12057.528,-11235.764,50000.000,0
23951,-3810.000,-5124.823,50000.000,-10847.293,-14059.646,50000.000,0
24001,-3847.353,-4684.059,50000.000,-9607.176,-11183.470,50000.000,0
24051,-3989.294,-7866.529,50000.000,-9629.588,-11952.940,50000.000,0
24101,-3854.823,-10570.882,50000.000,-10331.823,-15606.058,50000.000,0
24151,-3361.764,-7470.588,50000.000,-9360.646,-14231.470,50000.000,0
24201,-3025.588,-6402.293,50000.000,-8815.294,-14328.587,50000.000,0
24251,-2263.588,-9524.999,50000.000,-9061.823,-13133.293,50000.000,0
24301,-2241.176,-14380.882,50000.000,-9741.646,-11497.234,50000.000,0
24351,-2577.353,-14717.058,50000.000,-10324.353,-11601.822,50000.000,0
24401,-3503.706,-12020.176,50000.000,-9375.588,-11878.234,50000.000,0
24451,-4213.412,-13095.940,50000.000,-9928.411,-11071.411,50000.000,0
24501,-5147.235,-12737.353,50000.000,-10966.823,-5625.353,50000.000,0
24551,-6716.059,-14059.646,50000.000,-10735.234,-2547.470,50000.000,0
24601,-5348.941,-12453.470,50000.000,-10384.117,-6618.941,50000.000,0
24651,-4422.588,-8232.588,50000.000,-7933.764,-5595.470,50000.000,0
24701,-4392.706,-4415.117,50000.000,-7201.646,-5812.117,50000.000,0
24751,-4034.117,-3294.529,50000.000,-7052.235,-4803.588,50000.000,0
24801,-4258.235,-1942.353,50000.000,-5610.412,-769.471,50000.000,0
24851,-4123.765,1501.588,50000.000,-3929.529,1016.000,50000.000,0
24901,-3570.941,3018.117,50000.000,-3518.647,-29.882,50000.000,0
24951,-3451.412,3556.000,50000.000,-2622.176,425.823,50000.000,0
25001,-3959.411,2891.117,50000.000,-2525.059,1210.235,50000.000,0
25051,-3824.941,1778.000,50000.000,-3556.000,1919.941,50000.000,0
25101,-3757.706,-470.647,50000.000,-3302.000,-112.059,50000.000,0
25151,-2300.941,-3167.529,50000.000,-3541.059,-3003.176,50000.000,0
25201,-1972.235,-3384.176,50000.000,-2405.529,-2472.765,50000.000,0
25251,-2151.529,-1449.294,50000.000,-2338.294,-1703.294,50000.000,0
25301,-1352.176,-948.765,50000.000,-1725.706,-1561.353,50000.000,0
25351,-254.000,-2054.412,50000.000,-1045.882,-2696.882,50000.000,0
25401,403.412,-3847.353,50000.000,-649.941,-4288.117,50000.000,0
25451,1262.529,-4975.412,50000.000,-440.765,-5827.059,50000.000,0
25501,1994.647,-4818.529,50000.000,-381.000,-9622.117,50000.000,0
25551,3287.059,-8591.176,50000.000,-82.176,-10959.353,50000.000,0
25601,2203.823,-13842.999,50000.000,-1538.941,-7403.353,50000.000,0
25651,978.647,-16734.117,50000.000,-2584.823,-4758.764,50000.000,0
25701,37.353,-14365.940,50000.000,-3780.117,-5169.646,50000.000,0
25751,-82.176,-11086.353,50000.000,-3638.176,-5505.823,50000.000,0
25801,-291.353,-13051.117,50000.000,-3668.059,-3369.235,50000.000,0
25851,-1247.588,-16270.940,50000.000,-3974.353,724.647,50000.000,0
25901,-1411.941,-14111.940,50000.000,-5251.823,-164.353,50000.000,0
25951,-762.000,-15762.940,50000.000,-5812.117,-2906.059,50000.000,0
26001,-1411.941,-14149.293,50000.000,-5408.706,-986.118,50000.000,0
26051,-3234.764,-12931.587,50000.000,-6297.706,2435.412,50000.000,0
26101,-3130.176,-12804.587,50000.000,-8852.646,-1553.882,50000.000,0
26151,-3212.353,-15277.352,50000.000,-9502.588,-4041.588,50000.000,0
26201,-5871.882,-16099.116,50000.000,-10115.176,-1307.353,50000.000,0
26251,-6932.706,-15852.587,50000.000,-10451.353,941.294,50000.000,0
26301,-6641.353,-14709.587,50000.000,-10809.940,-2808.941,50000.000,0
26351,-5378.823,-13499.352,50000.000,-11646.646,-5647.764,50000.000,0
26401,-6469.529,-13521.764,50000.000,-11893.176,-3765.176,50000.000,0
26451,-8105.588,-13678.646,50000.000,-12005.234,2420.470,50000.000,0
26501,-8748.059,-14164.234,50000.000,-12782.176,2144.059,50000.000,0
26551,-7634.940,-12655.176,50000.000,-13043.646,-2159.000,50000.000,0
26601,-7978.588,-13663.705,50000.000,-13611.411,-4026.647,50000.000,0
26651,-8165.353,-13491.882,50000.000,-14201.587,-694.765,50000.000,0
26701,-7642.411,-12401.176,50000.000,-13432.117,4572.000,50000.000,0
26751,-7963.646,-12468.411,50000.000,-14552.705,1240.118,50000.000,0
26801,-7881.470,-12707.470,50000.000,-14821.646,-1210.235,50000.000,0
26851,-8120.529,-12655.176,50000.000,-15479.058,-1359.647,50000.000,0
26901,-8322.234,-12662.646,50000.000,-15269.881,2330.823,50000.000,0
26951,-8987.117,-12341.411,50000.000,-15284.822,2935.941,50000.000,0
27001,-9771.528,-13499.352,50000.000,-16599.646,-1113.118,50000.000,0
27051,-9995.646,-14395.822,50000.000,-17555.881,-3272.117,50000.000,0
27101,-9203.764,-12729.882,50000.000,-17077.764,-941.294,50000.000,0
27151,-9577.294,-12363.822,50000.000,-14746.940,2300.941,50000.000,0
27201,-9764.059,-11295.528,50000.000,-16270.940,-283.882,50000.000,0
27251,-9338.234,-11288.058,50000.000,-16106.587,-3645.647,50000.000,0
27301,-9808.882,-11056.470,50000.000,-16278.411,-3899.647,50000.000,0
27351,-10346.764,-11773.646,50000.000,-16263.470,336.176,50000.000,0
27401,-9905.999,-11355.293,50000.000,-15994.528,3025.588,50000.000,0
27451,-8942.294,-8471.646,50000.000,-17025.469,-37.353,50000.000,0
27501,-9734.176,-8606.117,50000.000,-16099.116,-1912.470,50000.000,0
27551,-9935.882,-6887.882,50000.000,-15568.705,-2487.706,50000.000,0
27601,-10264.588,-6745.941,50000.000,-15232.528,37.353,50000.000,0
27651,-11796.058,-7702.176,50000.000,-14418.234,4086.411,50000.000,0
27701,-12438.528,-7067.176,50000.000,-14575.116,4198.470,50000.000,0
27751,-12005.234,-7522.882,50000.000,-16009.470,687.294,50000.000,0
27801,-11086.353,-6357.470,50000.000,-17174.881,-395.941,50000.000,0
27851,-11355.293,-4781.176,50000.000,-16749.059,-560.294,50000.000,0
27901,-13588.999,-6110.941,50000.000,-17085.234,-605.118,50000.000,0
27951,-14067.116,-8240.059,50000.000,-17555.881,-1187.823,50000.000,0
28001,-13103.411,-8471.646,50000.000,-17772.527,-2368.176,50000.000,0
28051,-13110.882,-10018.059,50000.000,-17100.176,-1045.882,50000.000,0
28101,-12774.705,-10294.470,50000.000,-16846.176,119.529,50000.000,0
28151,-11796.058,-8927.353,50000.000,-16793.881,-2913.529,50000.000,0
28201,-11796.058,-7881.470,50000.000,-16188.764,-5804.646,50000.000,0
28251,-11355.293,-7321.176,50000.000,-16607.117,-6551.706,50000.000,0
28301,-10966.823,-9039.411,50000.000,-16084.176,-5214.470,50000.000,0
28351,-9756.588,-10824.882,50000.000,-15591.116,-941.294,50000.000,0
28401,-8748.059,-12572.999,50000.000,-15441.705,395.941,50000.000,0
28451,-9046.882,-10802.470,50000.000,-15762.940,-306.294,50000.000,0
28501,-8262.470,-7440.706,50000.000,-14223.999,-590.176,50000.000,0
28551,-9285.940,-7298.764,50000.000,-13312.587,-478.118,50000.000,0
28601,-8247.529,-6999.941,50000.000,-12826.999,-164.353,50000.000,0
28651,-7627.470,-7074.646,50000.000,-12221.882,-44.824,50000.000,0
28701,-7769.411,-6716.059,50000.000,-11392.646,1755.588,50000.000,0
28751,-8150.411,-6237.941,50000.000,-10570.882,3055.470,50000.000,0
28801,-8441.764,-4557.059,50000.000,-10765.117,-373.529,50000.000,0
28851,-7769.411,-3115.235,50000.000,-10413.999,-2861.235,50000.000,0
28901,-7029.823,-2084.294,50000.000,-10047.940,-1837.765,50000.000,0
28951,-7014.882,-1591.235,50000.000,-8964.705,799.353,50000.000,0
29001,-7761.940,-1882.588,50000.000,-9435.353,978.647,50000.000,0
29051,-7298.764,-1912.470,50000.000,-9480.176,560.294,50000.000,0
29101,-7433.235,-1464.235,50000.000,-9278.470,-425.823,50000.000,0
29151,-7373.470,-1105.647,50000.000,-8927.353,-717.176,50000.000,0
29201,-7156.823,-560.294,50000.000,-8396.940,-1008.529,50000.000,0
29251,-7052.235,-134.471,50000.000,-7874.000,-948.765,50000.000,0
29301,-6880.411,-7.471,50000.000,-7642.411,-1150.470,50000.000,0
29351,-6626.411,14.941,50000.000,-7433.235,-1314.823,50000.000,0
29401,-6260.353,-37.353,50000.000,-6917.764,-799.353,50000.000,0
29451,-6499.411,7.471,50000.000,-6335.059,141.941,50000.000,0
29501,-6148.294,89.647,50000.000,-5505.823,791.882,50000.000,0
29551,-4624.294,381.000,50000.000,-4781.176,463.176,50000.000,0
29601,-2816.412,963.706,50000.000,-2808.941,-776.941,50000.000,0
29651,-1157.941,903.941,50000.000,-1359.647,-2181.412,50000.000,0
29701,433.294,209.176,50000.000,-134.471,-2995.706,50000.000,0
29751,1434.353,-545.353,50000.000,747.059,-2375.647,50000.000,0
29801,1949.823,-1882.588,50000.000,1113.118,-1247.588,50000.000,0
29851,1957.294,-1202.765,50000.000,1651.000,664.882,50000.000,0
29901,2906.059,732.118,50000.000,4250.765,1397.000,50000.000,0
29951,5169.646,1374.588,50000.000,5946.588,112.059,50000.000,0
30001,5550.646,859.118,50000.000,6335.059,-164.353,50000.000,0
30051,5700.059,709.706,50000.000,6917.764,276.412,50000.000,0
30101,6208.059,358.588,50000.000,7119.470,298.824,50000.000,0
30151,6297.706,44.824,50000.000,7351.058,313.765,50000.000,0
30201,6686.176,127.000,50000.000,7605.058,336.176,50000.000,0
30251,6783.293,276.412,50000.000,7694.706,201.706,50000.000,0
30301,6805.706,433.294,50000.000,7911.353,276.412,50000.000,0
30351,6589.059,254.000,50000.000,7821.706,336.176,50000.000,0
30401,6237.941,239.059,50000.000,7694.706,418.353,50000.000,0
30451,4452.470,156.882,50000.000,7545.293,343.647,50000.000,0
30501,5655.235,395.941,50000.000,7455.646,403.412,50000.000,0
30551,5595.470,306.294,50000.000,7186.706,470.647,50000.000,0
30601,5274.235,179.294,50000.000,6693.646,522.941,50000.000,0
30651,4579.470,522.941,50000.000,5535.706,1143.000,50000.000,0
30701,2644.588,889.000,50000.000,4467.412,2794.000,50000.000,0
30751,1568.823,-463.176,50000.000,2853.764,2719.294,50000.000,0
30801,1232.647,-2129.117,50000.000,941.294,1075.765,50000.000,0
30851,381.000,-2696.882,50000.000,0.000,1434.353,50000.000,0
30901,-29.882,-776.941,50000.000,-89.647,1479.176,50000.000,0
30951,-52.294,-313.765,50000.000,-194.235,-1822.823,50000.000,0
31001,-119.529,-1202.765,50000.000,-1397.000,-2764.117,50000.000,0
31051,-821.765,-1778.000,50000.000,-2233.706,-1225.176,50000.000,0
31101,-1307.353,-1718.235,50000.000,-2861.235,-776.941,50000.000,0
31151,-941.294,-2823.882,50000.000,-2450.353,-3414.059,50000.000,0
31201,-582.706,-3854.823,50000.000,-3070.412,-4459.941,50000.000,0
31251,-963.706,-5132.294,50000.000,-3690.470,-4161.117,50000.000,0
31301,-1792.941,-7552.764,50000.000,-5154.706,-2689.412,50000.000,0
31351,-4243.294,-8897.470,50000.000,-7186.706,2480.235,50000.000,0
31401,-5871.882,-8225.117,50000.000,-8643.470,5961.529,50000.000,0
31451,-6708.588,-6028.764,50000.000,-9719.234,3922.059,50000.000,0
31501,-6432.176,-4377.765,50000.000,-9965.764,1210.235,50000.000,0
31551,-7821.706,-6058.646,50000.000,-10578.353,2173.941,50000.000,0
31601,-8815.294,-7366.000,50000.000,-12438.528,3720.353,50000.000,0
31651,-8957.234,-8785.411,50000.000,-13297.646,1509.059,50000.000,0
31701,-8740.588,-10331.823,50000.000,-14888.881,276.412,50000.000,0
31751,-9293.411,-11437.470,50000.000,-16868.588,-702.235,50000.000,0
31801,-7918.823,-7866.529,50000.000,-17234.646,2383.117,50000.000,0
31851,-11556.999,-6678.706,50000.000,-15658.352,7911.353,50000.000,0
31901,-14425.705,-7440.706,50000.000,-17996.646,6193.117,50000.000,0
31951,-13021.234,-9016.999,50000.000,-19341.352,1785.470,50000.000,0
32001,-10839.823,-7754.470,50000.000,-19371.234,-171.824,50000.000,0
32051,-12005.234,-8292.353,50000.000,-19677.527,-246.529,50000.000,0
32101,-12595.411,-11631.705,50000.000,-19901.646,2525.059,50000.000,0
32151,-12214.411,-12012.705,50000.000,-20499.293,4258.235,50000.000,0
32201,-12894.234,-11228.293,50000.000,-20783.176,3361.764,50000.000,0
32251,-14978.528,-11415.058,50000.000,-21246.352,2943.412,50000.000,0
32301,-16487.588,-13379.822,50000.000,-21067.057,6768.353,50000.000,0
32351,-17824.822,-16741.588,50000.000,-22747.939,7627.470,50000.000,0
32401,-17115.117,-16397.939,50000.000,-23487.527,3593.353,50000.000,0
32451,-16928.352,-16868.588,50000.000,-24854.645,1187.823,50000.000,0
32501,-15673.293,-16442.764,50000.000,-24092.645,4213.412,50000.000,0
32551,-15949.705,-17047.881,50000.000,-24032.881,5117.353,50000.000,0
32601,-15800.293,-16502.527,50000.000,-26333.822,627.529,50000.000,0
32651,-15292.293,-15658.352,50000.000,-26296.469,-672.353,50000.000,0
32701,-13917.705,-14836.587,50000.000,-25766.057,2794.000,50000.000,0
32751,-13148.234,-14388.352,50000.000,-25145.998,2599.765,50000.000,0
32801,-13992.411,-16263.470,50000.000,-26087.293,-448.235,50000.000,0
32851,-13088.470,-15366.999,50000.000,-26498.174,-762.000,50000.000,0
32901,-14141.822,-16293.352,50000.000,-24443.764,1987.176,50000.000,0
32951,-16151.411,-18078.822,50000.000,-25108.645,-1030.941,50000.000,0
33001,-14672.234,-15889.940,50000.000,-25541.939,-3234.764,50000.000,0
33051,-13955.058,-13394.764,50000.000,-25228.174,-2144.059,50000.000,0
33101,-15045.764,-14709.587,50000.000,-25018.998,2300.941,50000.000,0
33151,-15486.528,-14313.646,50000.000,-26236.705,1434.353,50000.000,0
33201,-12685.058,-10921.999,50000.000,-26759.645,-537.882,50000.000,0
33251,-13656.234,-11048.999,50000.000,-26752.174,-201.706,50000.000,0
33301,-14971.058,-12371.293,50000.000,-25982.705,2450.353,50000.000,0
33351,-14731.999,-13058.587,50000.000,-28881.293,-366.059,50000.000,0
33401,-16547.352,-15598.587,50000.000,-28149.174,-3862.294,50000.000,0
33451,-17593.234,-16039.352,50000.000,-28306.057,-2906.059,50000.000,0
33501,-16562.293,-16188.764,50000.000,-28141.703,1598.706,50000.000,0
33551,-15628.470,-14149.293,50000.000,-28955.998,1128.059,50000.000,0
33601,-15807.764,-12647.705,50000.000,-29538.703,14.941,50000.000,0
33651,-15501.470,-11392.646,50000.000,-29411.703,-59.765,50000.000,0
33701,-16226.116,-10862.234,50000.000,-28761.764,2300.941,50000.000,0
33751,-12983.882,-8202.705,50000.000,-27603.822,1830.294,50000.000,0
33801,-12117.293,-7634.940,50000.000,-26991.234,-3092.823,50000.000,0
33851,-12617.822,-8277.411,50000.000,-26789.527,-8105.588,50000.000,0
33901,-13021.234,-8516.470,50000.000,-25355.174,-8546.353,50000.000,0
33951,-15441.705,-11153.588,50000.000,-24959.234,-4504.764,50000.000,0
34001,-15845.116,-11758.705,50000.000,-24914.410,-1120.588,50000.000,0
34051,-15897.411,-10750.176,50000.000,-23569.705,-1576.294,50000.000,0
34101,-15934.764,-7806.764,50000.000,-22187.646,-5595.470,50000.000,0
34151,-15860.058,-4616.823,50000.000,-14612.470,-3697.941,50000.000,0
34201,-17159.939,-5528.235,50000.000,-17862.176,-2226.235,50000.000,0
34251,-16382.999,-7358.529,50000.000,-22030.764,-2637.117,50000.000,0
34301,-15889.940,-5819.588,50000.000,-21799.176,-2226.235,50000.000,0
34351,-15949.705,-3025.588,50000.000,-19655.117,-2898.588,50000.000,0
34401,-13140.764,-1068.294,50000.000,-18668.998,-7463.117,50000.000,0
34451,-9674.411,-2091.765,50000.000,-17623.117,-10376.646,50000.000,0
34501,-10570.882,-5072.529,50000.000,-16920.881,-9666.940,50000.000,0
34551,-10391.588,-6200.588,50000.000,-17174.881,-8038.353,50000.000,0
34601,-10197.353,-5154.706,50000.000,-15785.352,-4407.647,50000.000,0
34651,-11766.176,-4908.176,50000.000,-14067.116,-2218.765,50000.000,0
34701,-10204.823,-5401.235,50000.000,-13394.764,-3660.588,50000.000,0
34751,-8419.353,-7194.176,50000.000,-12572.999,-6402.293,50000.000,0
34801,-7896.411,-7776.882,50000.000,-12012.705,-6790.764,50000.000,0
34851,-7844.117,-8770.470,50000.000,-11243.234,-6275.293,50000.000,0
34901,-8381.999,-10802.470,50000.000,-12169.588,-5005.294,50000.000,0
34951,-8748.059,-10316.882,50000.000,-12841.940,-3929.529,50000.000,0
35001,-8852.646,-8240.059,50000.000,-12707.470,-1262.529,50000.000,0
35051,-8964.705,-7986.058,50000.000,-12647.705,-127.000,50000.000,0
35101,-8673.353,-10653.058,50000.000,-13379.822,321.235,50000.000,0
35151,-8822.764,-13491.882,50000.000,-14134.352,-112.059,50000.000,0
35201,-8815.294,-15202.646,50000.000,-13992.411,-1367.118,50000.000,0
35251,-8486.588,-14388.352,50000.000,-14679.705,-4452.470,50000.000,0
35301,-8471.646,-12528.176,50000.000,-13730.940,-328.706,50000.000,0
35351,-9517.528,-12333.940,50000.000,-13768.293,5685.117,50000.000,0
35401,-8957.234,-10787.528,50000.000,-14836.587,4370.294,50000.000,0
35451,-8942.294,-10458.823,50000.000,-14463.058,1299.882,50000.000,0
35501,-9651.999,-11788.588,50000.000,-15531.352,418.353,50000.000,0
35551,-7216.588,-8381.999,50000.000,-13641.293,3429.000,50000.000,0
35601,-7649.882,-8673.353,50000.000,-12752.293,2868.706,50000.000,0
35651,-7679.764,-9091.705,50000.000,-13484.411,-1546.412,50000.000,0
35701,-7575.176,-9883.588,50000.000,-13857.940,-4415.117,50000.000,0
35751,-7642.411,-10824.882,50000.000,-14246.411,-2719.294,50000.000,0
35801,-8927.353,-12871.822,50000.000,-13559.117,3048.000,50000.000,0
35851,-8949.764,-10765.117,50000.000,-13521.764,4736.353,50000.000,0
35901,-9711.764,-8755.529,50000.000,-13917.705,2286.000,50000.000,0
35951,-9831.293,-8322.234,50000.000,-14231.470,440.765,50000.000,0
36001,-10055.411,-8815.294,50000.000,-15157.822,433.294,50000.000,0
36051,-9323.294,-10907.058,50000.000,-14410.764,3854.823,50000.000,0
36101,-9480.176,-10742.705,50000.000,-15718.116,3929.529,50000.000,0
36151,-11362.764,-10324.353,50000.000,-16965.705,1942.353,50000.000,0
36201,-11429.999,-8994.588,50000.000,-17503.588,851.647,50000.000,0
36251,-11527.117,-9741.646,50000.000,-18728.764,-597.647,50000.000,0
36301,-10249.646,-10750.176,50000.000,-18751.176,933.823,50000.000,0
36351,-9674.411,-11101.293,50000.000,-18945.410,1232.647,50000.000,0
36401,-8934.823,-10914.528,50000.000,-19557.998,-2823.882,50000.000,0
36451,-9554.882,-12416.117,50000.000,-19864.293,-3466.353,50000.000,0
36501,-11444.940,-14179.176,50000.000,-19782.117,724.647,50000.000,0
36551,-12968.940,-14926.234,50000.000,-20723.410,373.529,50000.000,0
36601,-13626.352,-14612.470,50000.000,-21716.998,-2181.412,50000.000,0
36651,-15038.293,-16046.822,50000.000,-21597.469,-1837.765,50000.000,0
36701,-16001.999,-19027.588,50000.000,-21709.527,3862.294,50000.000,0
36751,-15441.705,-18556.939,50000.000,-23704.176,3033.059,50000.000,0
36801,-14881.411,-17458.764,50000.000,-23763.939,679.823,50000.000,0
36851,-14507.882,-17525.998,50000.000,-24496.057,1553.882,50000.000,0
36901,-13701.058,-17974.234,50000.000,-23509.939,4796.117,50000.000,0
36951,-13163.176,-18213.293,50000.000,-25721.234,179.294,50000.000,0
37001,-12498.293,-17555.881,50000.000,-25810.881,-179.294,50000.000,0
37051,-11945.470,-17279.469,50000.000,-24750.057,2121.647,50000.000,0
37101,-13768.293,-20461.939,50000.000,-25220.705,-2375.647,50000.000,0
37151,-13947.587,-21806.646,50000.000,-25190.822,-6148.294,50000.000,0
37201,-12976.411,-19849.352,50000.000,-23651.881,-3384.176,50000.000,0
37251,-13708.528,-20297.586,50000.000,-23173.764,-2375.647,50000.000,0
37301,-12490.822,-17182.352,50000.000,-23741.527,-3899.647,50000.000,0
37351,-14141.822,-17503.588,50000.000,-23524.881,-1456.765,50000.000,0
37401,-11990.293,-14515.352,50000.000,-24824.764,762.000,50000.000,0
37451,-9121.588,-10772.588,50000.000,-24944.293,-2652.059,50000.000,0
37501,-13080.999,-16099.116,50000.000,-24242.057,-4736.353,50000.000,0
37551,-13357.411,-17361.646,50000.000,-25482.174,-2084.294,50000.000,0
37601,-13805.646,-17996.646,50000.000,-26169.469,-2420.470,50000.000,0
37651,-13095.940,-16749.059,50000.000,-25975.234,-5005.294,50000.000,0
37701,-15374.470,-19057.469,50000.000,-26729.764,-3496.235,50000.000,0
37751,-16651.939,-22277.293,50000.000,-28320.998,-1636.059,50000.000,0
37801,-14418.234,-19303.998,50000.000,-30285.762,-4840.941,50000.000,0
37851,-13880.352,-17892.057,50000.000,-29598.469,-3466.353,50000.000,0
37901,-13320.058,-18885.646,50000.000,-29628.352,-134.471,50000.000,0
37951,-12991.353,-18624.176,50000.000,-28672.115,-3503.706,50000.000,0
38001,-13574.058,-20065.998,50000.000,-28597.410,-4452.470,50000.000,0
38051,-13686.117,-20178.057,50000.000,-28560.057,-1030.941,50000.000,0
38101,-14321.116,-20872.822,50000.000,-26438.410,-4347.882,50000.000,0
38151,-15038.293,-22635.881,50000.000,-26094.764,-7358.529,50000.000,0
38201,-14089.528,-20260.234,50000.000,-23726.586,-4220.882,50000.000,0
38251,-13902.764,-20469.410,50000.000,-23905.881,-3832.412,50000.000,0
38301,-11071.411,-16868.588,50000.000,-23831.176,-7507.940,50000.000,0
38351,-11310.470,-16495.059,50000.000,-23293.293,-5520.764,50000.000,0
38401,-10496.176,-14717.058,50000.000,-24391.469,-2114.176,50000.000,0
38451,-11034.058,-14761.882,50000.000,-23255.939,-5655.235,50000.000,0
38501,-12505.764,-16584.705,50000.000,-23980.586,-6006.353,50000.000,0
38551,-11302.999,-15718.116,50000.000,-24742.586,-1157.941,50000.000,0
38601,-12924.117,-15987.058,50000.000,-24720.174,-3974.353,50000.000,0
38651,-12662.646,-17779.998,50000.000,-24720.174,-8284.882,50000.000,0
38701,-13305.117,-17301.881,50000.000,-25504.586,-3556.000,50000.000,0
38751,-14448.116,-17892.057,50000.000,-26221.764,-508.000,50000.000,0
38801,-14074.587,-17406.469,50000.000,-26333.822,-3130.176,50000.000,0
38851,-14194.116,-16442.764,50000.000,-26684.939,-2413.000,50000.000,0
38901,-13260.293,-16241.058,50000.000,-26707.352,1890.059,50000.000,0
38951,-12647.705,-15464.116,50000.000,-27319.939,0.000,50000.000,0
39001,-12341.411,-16584.705,50000.000,-26879.174,-3384.176,50000.000,0
39051,-13559.117,-17428.881,50000.000,-27521.645,-2091.765,50000.000,0
39101,-13678.646,-17854.705,50000.000,-26796.998,-112.059,50000.000,0
39151,-14866.470,-19655.117,50000.000,-26722.293,-3705.412,50000.000,0
39201,-13828.058,-17682.881,50000.000,-26550.469,-3944.470,50000.000,0
39251,-11766.176,-12587.940,50000.000,-25377.586,1135.529,50000.000,0
39301,-12483.353,-12625.293,50000.000,-24884.527,2263.588,50000.000,0
39351,-14956.116,-15501.470,50000.000,-25780.998,-1621.118,50000.000,0
39401,-15210.116,-15733.058,50000.000,-25579.293,-2151.529,50000.000,0
39451,-15225.058,-15441.705,50000.000,-25691.352,1733.176,50000.000,0
39501,-14918.764,-13790.705,50000.000,-27364.764,1464.235,50002.000,0
39551,-14806.705,-12550.587,50000.000,-27155.586,201.706,50000.000,0
39601,-15934.764,-13312.587,50000.000,-27349.822,-754.529,50000.000,0
39651,-15098.058,-13910.234,50000.000,-27080.881,1008.529,50000.000,0
39701,-16853.646,-15434.234,50000.000,-27768.174,-627.529,50000.000,0
39751,-15830.176,-16151.411,50000.000,-28470.410,-4400.176,50000.000,0
39801,-15755.470,-16285.881,50000.000,-29605.939,-3981.823,50000.000,0
39851,-14537.764,-16636.998,50000.000,-28754.293,493.059,50000.000,0
39901,-13013.764,-14194.116,50000.000,-29269.764,-709.706,50000.000,0
39951,-14111.940,-15247.470,50000.000,-28926.115,-2383.117,50000.000,0
40001,-13581.528,-13118.353,50000.000,-29023.232,-903.941,50000.000,0
40051,-14179.176,-12744.822,50000.000,-26834.352,2808.941,50000.000,0
40101,-17047.881,-14971.058,50000.000,-27275.115,-44.824,50000.000,0
40151,-16435.293,-14769.352,50000.000,-27626.234,-2532.529,50000.000,0
40201,-15464.116,-13618.882,50000.000,-27424.527,-2106.706,50000.000,0
40251,-16173.822,-14971.058,50000.000,-26169.469,2129.117,50000.000,0
40301,-14306.176,-12894.234,50000.000,-26034.998,836.706,50000.000,0
40351,-13940.117,-13529.234,50000.000,-24697.764,-5819.588,50000.000,0
40401,-13745.882,-14477.999,50000.000,-24787.410,-8561.294,50000.000,0
40451,-10742.705,-11385.176,50000.000,-24570.764,-5670.176,50000.000,0
40501,-13574.058,-13783.234,50000.000,-25063.822,-5266.764,50000.000,0
40551,-12572.999,-11878.234,50000.000,-24914.410,-7328.646,50000.000,0
40601,-13984.940,-13095.940,50000.000,-24107.586,-8060.764,50000.000,0
40651,-13947.587,-13969.999,50000.000,-25265.527,-3966.882,50000.000,0
40701,-13768.293,-13730.940,50000.000,-25840.764,-4579.470,50000.000,0
40751,-13820.587,-12685.058,50000.000,-23711.645,-8374.529,50000.000,0
40801,-13663.705,-12244.293,50000.000,-23442.705,-9420.411,50000.000,0
40851,-12946.528,-10503.646,50000.000,-22643.352,-8449.234,50000.000,0
40901,-12685.058,-9756.588,50000.000,-21903.764,-7112.000,50000.000,0
40951,-12841.940,-9629.588,50000.000,-21268.764,-9457.764,50000.000,0
41001,-9427.882,-6379.882,50000.000,-21238.881,-14448.116,50000.000,0
41051,-11063.940,-8367.059,50000.000,-21328.527,-16599.646,50000.000,0
41101,-12050.058,-12356.353,50000.000,-21014.764,-15374.470,50000.000,0
41151,-11243.234,-13925.176,50000.000,-19968.881,-14082.058,50000.000,0
41201,-12027.646,-14336.058,50000.000,-18982.764,-13051.117,50000.000,0
41251,-10354.234,-13043.646,50000.000,-18631.646,-15000.940,50000.000,0
41301,-9980.705,-14209.058,50000.000,-18474.764,-13432.117,50000.000,0
41351,-10167.470,-16203.705,50000.000,-17727.705,-12670.117,50000.000,0
41401,-9480.176,-15426.764,50000.000,-17100.176,-12565.528,50000.000,0
41451,-9495.117,-15957.176,50000.000,-16427.822,-12714.940,50000.000,0
41501,-7836.646,-14731.999,50000.000,-17959.293,-9808.882,50000.000,0
41551,-8247.529,-14657.293,50000.000,-17600.705,-10219.764,50000.000,0
41601,-7373.470,-12916.646,50000.000,-17481.176,-14612.470,50000.000,0
41651,-8068.235,-14978.528,50000.000,-16749.059,-14052.176,50000.000,0
41701,-7612.529,-14380.882,50000.000,-15613.528,-11855.822,50000.000,0
41751,-6506.882,-12685.058,50000.000,-16300.822,-14933.705,50000.000,0
41801,-6282.764,-12662.646,50000.000,-15867.528,-18033.998,50000.000,0
41851,-7104.529,-12147.176,50000.000,-15314.705,-16106.587,50000.000,0
41901,-6865.470,-9980.705,50000.000,-14313.646,-14111.940,50000.000,0
41951,-5715.000,-6551.706,50002.000,-12931.587,-15606.058,50000.000,0
42001,-4982.882,-6260.353,49999.000,-11990.293,-17585.764,50000.000,0
42051,-4370.294,-7776.882,49999.000,-12012.705,-16988.117,49998.000,0
42101,-4325.470,-8777.940,50000.000,-11437.470,-17585.764,50000.000,0
42151,-4743.823,-6843.059,50000.000,-10884.646,-14425.705,50000.000,0
42201,-3608.294,-5236.882,50000.000,-9016.999,-11758.705,50000.000,0
42251,-3406.588,-8337.176,50000.000,-9129.059,-12953.999,50000.000,0
42301,-3070.412,-11019.117,50000.000,-9375.588,-11556.999,50000.000,0
42351,-2129.117,-11444.940,50000.000,-9091.705,-12094.882,50000.000,0
42401,-1456.765,-9771.528,50000.000,-8583.705,-16106.587,50000.000,0
42451,-1135.529,-11885.705,50000.000,-8329.705,-18198.352,50000.000,0
42501,-1329.765,-11586.882,50000.000,-9061.823,-16726.646,50000.000,0
42551,-1105.647,-13327.528,50000.000,-8396.940,-16726.646,50000.000,0
42601,-2286.000,-11459.882,50000.000,-8904.940,-14754.411,50000.000,0
42651,-2472.765,-11183.470,50000.000,-8352.117,-14941.176,50000.000,0
42701,-3473.823,-11086.353,50000.000,-8927.353,-10421.470,50000.000,0
42751,-4721.412,-11205.882,50000.000,-8568.764,-6484.470,50000.000,0
42801,-4355.353,-11183.470,50000.000,-8942.294,-9397.999,50000.000,0
42851,-1568.823,-7500.470,50000.000,-8344.646,-17234.646,50000.000,0
42901,-1150.470,-4743.823,50000.000,-6245.411,-16920.881,50000.000,0
42951,-1023.471,-6028.764,50000.000,-4049.059,-13491.882,50000.000,0
43001,-97.118,-9203.764,50000.000,-4452.470,-17070.293,50000.000,0
43051,74.706,-7642.411,50000.000,-3541.059,-14806.705,50000.000,0
43101,29.882,-5662.706,50000.000,-2390.588,-16278.411,50000.000,0
43151,433.294,-8658.411,50000.000,-3608.294,-18175.939,50000.000,0
43201,1001.059,-10107.705,50000.000,-3324.412,-19983.822,50000.000,0
43251,59.765,-8680.823,50000.000,-3959.411,-18325.352,50000.000,0
43301,-104.588,-7224.058,50000.000,-3802.529,-17623.117,50000.000,0
43351,306.294,-11004.176,50000.000,-4826.000,-17712.764,50000.000,0
43401,956.235,-12416.117,50000.000,-4392.706,-19408.588,50000.000,0
43451,799.353,-9651.999,50000.000,-3003.176,-17921.939,50000.000,0
43501,1135.529,-7933.764,50000.000,-2383.117,-16726.646,50000.000,0
43551,1927.412,-8374.529,50000.000,-948.765,-15650.881,50000.000,0
43601,3772.647,-9554.882,50000.000,-590.176,-19856.822,50000.000,0
43651,3996.764,-7126.941,50000.000,373.529,-20095.881,50000.000,0
43701,4564.529,-7672.293,50000.000,881.529,-19938.998,50000.000,0
43751,4796.117,-11288.058,50000.000,-134.471,-18355.234,50000.000,0
43801,4773.706,-12408.646,50000.000,-590.176,-18900.588,50000.000,0
43851,3339.353,-10869.705,50000.000,-769.471,-19072.410,50000.000,0
43901,3556.000,-13491.882,50000.000,-1337.235,-18332.822,50000.000,0
43951,3115.235,-16539.881,50000.000,-2891.117,-18668.998,50000.000,0
44001,2681.941,-14410.764,50000.000,-2353.235,-18601.764,50000.000,0
44051,2674.470,-14911.293,50000.000,-2061.882,-18146.057,50000.000,0
44101,2263.588,-15389.411,50000.000,-2764.117,-14739.470,50000.000,0
44151,1389.529,-16890.998,50000.000,-3488.764,-13193.058,50000.000,0
44201,1837.765,-14612.470,50000.000,-3287.059,-17107.646,50000.000,0
44251,1538.941,-13925.176,50000.000,-2928.470,-17354.176,50000.000,0
44301,530.412,-12371.293,50000.000,-4288.117,-13805.646,50000.000,0
44351,620.059,-11721.353,50000.000,-3503.706,-13476.940,50000.000,0
44401,956.235,-9278.470,50000.000,-2973.294,-18004.117,50000.000,0
44451,1860.176,-8479.117,50000.000,-1815.353,-20080.939,50000.000,0
44501,2039.470,-10189.882,50000.000,-2054.412,-17585.764,50000.000,0
44551,2442.882,-11474.822,50000.000,-1778.000,-19602.822,50000.000,0
44601,2584.823,-9569.823,50000.000,-2076.823,-20775.705,50000.000,0
44651,2188.882,-8516.470,50000.000,-1008.529,-20798.117,50000.000,0
44701,2599.765,-12677.587,50000.000,-2002.118,-20222.881,50000.000,0
44751,2749.176,-14731.999,50000.000,-2950.882,-20641.234,50000.000,0
44801,1284.941,-11863.293,50000.000,-2786.529,-17525.998,50000.000,0
44851,844.176,-13723.470,50000.000,-3862.294,-14985.999,50000.000,0
44901,-74.706,-17630.588,50000.000,-6252.882,-12094.882,50000.000,0
44951,-67.235,-18041.469,50000.000,-7612.529,-15673.293,50000.000,0
45001,-485.588,-15695.705,50000.000,-7291.293,-16465.176,50000.000,0
45051,-1524.000,-13372.352,50000.000,-7687.235,-12438.528,50000.000,0
45101,-2510.117,-11870.764,50000.000,-7971.117,-7134.411,50000.000,0
45151,-2891.117,-15225.058,50000.000,-8284.882,-11400.117,50000.000,0
45201,-866.588,-16024.411,50000.000,-8546.353,-18594.293,50000.000,0
45251,-717.176,-16397.939,50000.000,-8441.764,-18683.939,50000.000,0
45301,-851.647,-16831.234,50000.000,-8262.470,-17286.939,50000.000,0
45351,-941.294,-15800.293,50000.000,-8867.588,-16315.764,50000.000,0
45401,-2039.470,-12102.353,50000.000,-8583.705,-14313.646,50000.000,0
45451,-2121.647,-12177.058,50000.000,-8777.940,-12401.176,50000.000,0
45501,-2188.882,-15352.058,50000.000,-9719.234,-10174.940,50000.000,0
45551,-1792.941,-13282.705,50000.000,-10608.234,-12670.117,50000.000,0
45601,-1890.059,-11392.646,50000.000,-9375.588,-14866.470,50000.000,0
45651,-2218.765,-10272.059,50000.000,-8807.823,-13813.117,50000.000,0
45701,-933.823,-6865.470,50000.000,-6977.529,-10907.058,50000.000,0
45751,-702.235,-5961.529,50000.000,-5871.882,-13775.764,50000.000,0
45801,-239.059,-2502.647,50000.000,-4796.117,-19401.117,50000.000,0
45851,224.118,-3473.823,50000.000,-2764.117,-19655.117,50000.000,0
45901,-7.471,-10204.823,50000.000,-5334.000,-18340.293,50000.000,0
45951,29.882,-12983.882,50000.000,-7791.823,-19229.293,50000.000,0
46001,-896.471,-10899.588,50000.000,-7037.293,-16756.527,50000.000,0
46051,-709.706,-12909.176,50000.000,-7687.235,-16905.939,50000.000,0
46101,-963.706,-15464.116,50000.000,-8075.706,-12617.822,50000.000,0
46151,-1217.706,-17705.293,50000.000,-8299.823,-13626.352,50000.000,0
46201,-620.059,-17369.117,50000.000,-8598.646,-16883.527,50000.000,0
46251,-754.529,-19109.764,50000.000,-8045.823,-16151.411,50000.000,0
46301,-1075.765,-20529.176,50000.000,-7918.823,-12318.999,50000.000,0
46351,-724.647,-21089.469,50000.000,-8852.646,-15254.940,50000.000,0
46401,-141.941,-19998.764,50000.000,-8718.176,-17473.705,50000.000,0
46451,-1419.412,-18766.117,50000.000,-9226.176,-14492.940,50000.000,0
46501,-1613.647,-18773.588,50000.000,-9256.059,-12939.058,50000.000,0
46551,-2114.176,-16831.234,50000.000,-10294.470,-16420.352,50000.000,0
46601,-2039.470,-16778.939,50000.000,-9764.059,-16883.527,50000.000,0
46651,-2069.353,-15934.764,50000.000,-9846.234,-13962.528,50000.000,0
46701,-2046.941,-17421.410,50000.000,-10272.059,-16181.293,50000.000,0
46751,-1792.941,-15553.764,50000.000,-10563.411,-17832.293,50000.000,0
46801,-2323.353,-14769.352,50000.000,-10473.764,-17428.881,50000.000,0
46851,-1785.470,-11332.882,50000.000,-9353.176,-15098.058,50000.000,0
46901,-1815.353,-9397.999,50000.000,-9076.764,-16644.469,50000.000,0
46951,-1255.059,-9405.470,50000.000,-8352.117,-19983.822,50000.000,0
47001,-1292.412,-11646.646,50000.000,-9196.294,-18952.881,50000.000,0
47051,-1113.118,-13290.176,50000.000,-9383.059,-19214.352,50000.000,0
47101,-1404.470,-8875.059,50000.000,-8210.176,-16076.705,50000.000,0
47151,-1486.647,-10137.588,50000.000,-8142.940,-15620.999,50000.000,0
47201,-1247.588,-14672.234,50000.000,-8568.764,-12505.764,50000.000,0
47251,-1568.823,-16547.352,50000.000,-9270.999,-11019.117,50000.000,0
47301,-2442.882,-12924.117,50000.000,-9330.764,-10608.234,50000.000,0
47351,-3780.117,-15045.764,50000.000,-9577.294,-9920.940,50000.000,0
47401,-5797.176,-17047.881,50000.000,-11512.176,-8217.646,50000.000,0
47451,-7433.235,-17936.881,50000.000,-13051.117,-6805.706,50000.000,0
47501,-7410.823,-17316.822,50000.000,-14201.587,-11228.293,50000.000,0
47551,-7410.823,-18160.998,50000.000,-13334.999,-12318.999,50000.000,0
47601,-8352.117,-18011.588,50000.000,-15546.293,-9420.411,50000.000,0
47651,-9226.176,-18340.293,50000.000,-16076.705,-7261.411,50000.000,0
47701,-8807.823,-15703.176,50000.000,-16876.059,-10055.411,50000.000,0
47751,-8695.764,-16263.470,50000.000,-15628.470,-10563.411,50000.000,0
47801,-7620.000,-14903.822,50000.000,-17234.646,-8852.646,50000.000,0
47851,-6932.706,-13618.882,50000.000,-17413.939,-8098.117,50000.000,0
47901,-7052.235,-13424.646,50000.000,-16636.998,-10570.882,50000.000,0
47951,-8053.293,-16143.940,50000.000,-16674.352,-11370.234,50000.000,0
48001,-6910.293,-14082.058,50000.000,-17638.059,-8113.058,50000.000,0
48051,-7470.588,-15344.587,50000.000,-17294.410,-8845.176,50000.000,0
48101,-8232.588,-15927.293,50000.000,-17130.059,-12169.588,50000.000,0
48151,-9069.294,-16704.234,50000.000,-17563.352,-10608.234,50000.000,0
48201,-7552.764,-16338.176,50000.000,-18048.939,-10257.117,50000.000,0
48251,-6432.176,-13581.528,50000.000,-18325.352,-14246.411,50000.000,0
48301,-8210.176,-16016.940,50000.000,-17436.352,-14059.646,50000.000,0
48351,-8090.646,-15045.764,50000.000,-17324.293,-9711.764,50000.000,0
48401,-7806.764,-15135.411,50000.000,-15643.411,-10481.234,50000.000,0
48451,-4766.235,-13357.411,50000.000,-13372.352,-17906.998,50000.000,0
48501,-2667.000,-12894.234,50000.000,-12371.293,-18467.293,50000.000,0
48551,-2442.882,-12154.646,50000.000,-10279.528,-16883.527,50000.000,0
48601,-1718.235,-12558.058,50000.000,-10780.058,-18019.057,50000.000,0
48651,-2696.882,-12498.293,50000.000,-10339.293,-18646.588,50000.000,0
48701,-4078.941,-15942.234,50000.000,-11250.705,-16016.940,50000.000,0
48751,-5408.706,-17488.646,50000.000,-12386.234,-13984.940,50000.000,0
48801,-5401.235,-16868.588,50000.000,-12595.411,-15030.822,50000.000,0
48851,-5715.000,-16651.939,50000.000,-12064.999,-14044.705,50000.000,0
48901,-5759.823,-18063.881,50000.000,-11288.058,-10847.293,50000.000,0
48951,-6028.764,-19035.057,50000.000,-12266.705,-12177.058,50000.000,0
49001,-5647.764,-17877.117,50000.000,-12244.293,-13925.176,50000.000,0
49051,-6656.293,-18033.998,50000.000,-13439.587,-13036.176,50000.000,0
49101,-4527.176,-13275.234,50000.000,-12625.293,-9211.234,50000.000,0
49151,-5535.706,-13028.705,50000.000,-12528.176,-10570.882,50000.000,0
49201,-4669.117,-9801.411,50000.000,-11482.293,-12722.411,50000.000,0
49251,-6140.823,-11654.117,50000.000,-10989.234,-10921.999,50000.000,0
49301,-5192.059,-9487.646,50000.000,-11011.646,-8755.529,50000.000,0
49351,-5042.646,-8053.293,50000.000,-11370.234,-8180.293,50000.000,0
49401,-5341.470,-4781.176,50000.000,-11123.705,-7067.176,50000.000,0
49451,-6566.646,-5842.000,50000.000,-10481.234,-7896.411,50000.000,1
49501,-5550.646,-8172.823,50000.000,-11302.999,-10189.882,50000.000,1
49551,-5490.882,-10167.470,50000.000,-11078.882,-8777.940,50000.000,0
49601,-6208.059,-12393.705,50000.000,-11288.058,-7194.176,50000.000,0
49651,-5386.294,-11175.999,50000.000,-12759.764,-10272.059,50000.000,0
49701,-4639.235,-6835.588,50000.000,-11056.470,-12109.822,50000.000,0
49751,-4691.529,-5961.529,50000.000,-10077.823,-12191.999,50000.000,0
49801,-5124.823,-9532.470,50000.000,-10055.411,-11923.058,50000.000,0
49851,-4161.117,-10428.940,50000.000,-10443.882,-11034.058,50000.000,0
49901,-3160.059,-10197.353,50000.000,-10145.059,-11527.117,50000.000,0
49951,-4243.294,-9308.353,50000.000,-9823.823,-11571.940,50000.000,0
50001,-4093.882,-8635.999,50000.000,-8337.176,-11131.176,50000.000,0
50051,-3645.647,-8725.646,50000.000,-9442.823,-11213.353,50000.000,0
50101,-3922.059,-9495.117,50000.000,-9517.528,-6768.353,50000.000,0
50151,-4833.470,-10473.764,50000.000,-9965.764,-3070.412,50000.000,0
50201,-4654.176,-9270.999,50000.000,-10593.293,-3712.882,50000.000,0
50251,-3668.059,-4781.176,50000.000,-9151.470,-6790.764,50000.000,0
50301,-3899.647,-4848.412,50000.000,-7911.353,-6813.176,50000.000,0
50351,-4123.765,-4355.353,50000.000,-7164.293,-5543.176,50000.000,0
50401,-3735.294,-2502.647,50000.000,-5856.941,-4093.882,50000.000,0
50451,-3227.294,-321.235,50000.000,-4347.882,-1934.882,50000.000,0
50501,-2667.000,1419.412,50000.000,-2771.588,-1255.059,50000.000,0
50551,-1919.941,971.176,50000.000,-2136.588,-776.941,50000.000,0
50601,-1172.882,-156.882,50000.000,-1591.235,171.824,50000.000,0
50651,-649.941,-254.000,50000.000,-754.529,-7.471,50000.000,0
50701,-343.647,395.941,50000.000,-306.294,-97.118,50000.000,0
50751,97.118,425.823,50000.000,455.706,231.588,50000.000,0
50801,500.529,298.824,50000.000,769.471,-37.353,50000.000,0
50851,635.000,37.353,50000.000,575.235,-276.412,50000.000,0
50901,418.353,104.588,50000.000,537.882,-14.941,50000.000,0
50951,381.000,89.647,50000.000,522.941,-112.059,50000.000,0
51001,440.765,-74.706,50000.000,388.471,-313.765,50000.000,0
51051,283.882,127.000,50000.000,313.765,7.471,50000.000,0
51101,134.471,134.471,50000.000,194.235,44.824,50000.000,0
51151,97.118,-74.706,50000.000,37.353,-201.706,50000.000,0
51201,44.824,-171.824,50000.000,-119.529,-231.588,50000.000,0
51251,0.000,0.000,50000.000,-7.471,7.471,50000.000,0
51301,52.294,67.235,50000.000,156.882,44.824,50000.000,0
51351,37.353,52.294,50000.000,44.824,29.882,50000.000,0
51401,-14.941,-59.765,50000.000,-82.176,-89.647,50000.000,0
51451,-52.294,-134.471,50000.000,-194.235,-141.941,50000.000,0
51501,-14.941,-22.412,50000.000,-112.059,-37.353,50000.000,0
51551,29.882,7.471,50000.000,97.118,14.941,50000.000,0
51601,29.882,22.412,50000.000,67.235,22.412,50000.000,0
51651,-7.471,-14.941,50000.000,-29.882,-37.353,50000.000,0
51701,-37.353,-104.588,50000.000,-127.000,-112.059,50000.000,0
51751,-22.412,-14.941,50000.000,-89.647,-7.471,50000.000,0
51801,22.412,14.941,50000.000,67.235,7.471,50000.000,0
51851,37.353,29.882,50000.000,104.588,7.471,50000.000,0
51901,0.000,-37.353,50000.000,-29.882,-52.294,50000.000,0
51951,-22.412,-7.471,50000.000,-97.118,-7.471,50000.000,0
52001,0.000,0.000,50000.000,14.941,-7.471,50000.000,0
52051,14.941,37.353,50000.000,74.706,22.412,50000.000,0
52101,14.941,-29.882,50000.000,0.000,-82.176,50000.000,0
52151,-7.471,0.000,50000.000,-59.765,0.000,50000.000,0
52201,7.471,22.412,50000.000,44.824,0.000,50000.000,0
52251,37.353,37.353,50000.000,82.176,22.412,50000.000,0
52301,0.000,-22.412,50000.000,0.000,-37.353,50000.000,0
52351,-59.765,-156.882,50000.000,-141.941,-112.059,50000.000,0
52401,-29.882,-22.412,50000.000,-89.647,0.000,50000.000,0
52451,29.882,29.882,50000.000,89.647,7.471,50000.000,0
52501,29.882,44.824,50000.000,74.706,29.882,50000.000,0
52551,0.000,-44.824,50000.000,-37.353,-59.765,50000.000,0
52601,-52.294,-82.176,50000.000,-127.000,-44.824,50000.000,0
52651,-7.471,0.000,50000.000,-14.941,0.000,50000.000,0
52701,14.941,37.353,50000.000,82.176,29.882,50000.000,0
52751,37.353,37.353,50000.000,67.235,7.471,50000.000,0
52801,-22.412,-74.706,50000.000,-67.235,-52.294,50000.000,0
52851,-29.882,-22.412,50000.000,-127.000,-7.471,50000.000,0
52901,22.412,0.000,50000.000,37.353,-7.471,50000.000,0
52951,22.412,37.353,50000.000,97.118,22.412,50000.000,0
53001,0.000,0.000,50000.000,14.941,0.000,50000.000,0
53051,-37.353,-97.118,50000.000,-97.118,-89.647,50000.000,0
53101,-59.765,-52.294,50000.000,-141.941,-29.882,50000.000,0
53151,29.882,67.235,50000.000,74.706,14.941,50000.000,0
53201,82.176,97.118,50000.000,171.824,59.765,50000.000,0
53251,37.353,37.353,50000.000,67.235,7.471,50000.000,0
53301,-52.294,-104.588,50000.000,-127.000,-97.118,50000.000,0
53351,-59.765,-37.353,50000.000,-149.412,-22.412,50000.000,0
53401,44.824,37.353,50000.000,74.706,29.882,50000.000,0
53451,67.235,74.706,50000.000,149.412,59.765,50000.000,0
53501,7.471,-44.824,50000.000,0.000,-52.294,50000.000,0
53551,-74.706,-134.471,50000.000,-186.765,-89.647,50000.000,0
53601,-44.824,-22.412,50000.000,-89.647,-7.471,50000.000,0
53651,29.882,29.882,50000.000,97.118,29.882,50000.000,0
53701,52.294,67.235,50000.000,97.118,37.353,50000.000,0
53751,0.000,-44.824,50000.000,0.000,-29.882,50000.000,0
53801,-82.176,-134.471,50000.000,-179.294,-74.706,50000.000,0
53851,-37.353,-7.471,50000.000,-89.647,-14.941,50000.000,0
53901,37.353,44.824,50000.000,134.471,44.824,50000.000,0
53951,59.765,59.765,50000.000,127.000,37.353,50000.000,0
54001,-37.353,-74.706,50000.000,-67.235,-59.765,50000.000,0
54051,-89.647,-89.647,50000.000,-194.235,-52.294,50000.000,0
54101,0.000,7.471,50000.000,0.000,0.000,50000.000,0
54151,59.765,89.647,50000.000,149.412,59.765,50000.000,0
54201,29.882,22.412,50000.000,37.353,0.000,50000.000,0
54251,-59.765,-89.647,50000.000,-149.412,-44.824,50000.000,0
54301,-37.353,0.000,50000.000,-67.235,-7.471,50000.000,0
54351,37.353,14.941,50000.000,134.471,22.412,50000.000,0
54401,44.824,37.353,50000.000,74.706,14.941,50000.000,0
54451,-44.824,-97.118,50000.000,-104.588,-82.176,50000.000,0
54501,-74.706,-67.235,50000.000,-194.235,-44.824,50000.000,0
54551,22.412,14.941,50000.000,29.882,0.000,50000.000,0
54601,82.176,89.647,50000.000,179.294,67.235,50000.000,0
54651,22.412,22.412,50000.000,59.765,22.412,50000.000,0
54701,-59.765,-104.588,50000.000,-141.941,-67.235,50000.000,0
54751,-52.294,-52.294,50000.000,-134.471,-29.882,50000.000,0
54801,29.882,44.824,50000.000,59.765,22.412,50000.000,0
54851,52.294,59.765,50000.000,119.529,44.824,50000.000,0
54901,-14.941,-44.824,50000.000,0.000,-37.353,50000.000,0
54951,-67.235,-74.706,50000.000,-194.235,-44.824,50000.000,0
55001,-14.941,-7.471,50000.000,-59.765,-7.471,50000.000,0
55051,52.294,59.765,50000.000,104.588,52.294,50000.000,0
55101,14.941,7.471,50000.000,59.765,22.412,50000.000,0
55151,0.000,0.000,50000.000,-74.706,59.765,50000.000,0
55201,7.471,22.412,50000.000,0.000,22.412,50000.000,0
55251,0.000,-67.235,50000.000,37.353,-22.412,50000.000,0
55301,-52.294,-52.294,50000.000,-104.588,89.647,50000.000,0
55351,0.000,7.471,50000.000,0.000,14.941,50000.000,0
55401,0.000,-52.294,50000.000,74.706,-37.353,50000.000,0
55451,-44.824,-67.235,50000.000,-89.647,-14.941,50000.000,0
55501,-29.882,-22.412,50000.000,-97.118,-22.412,50000.000,0
55551,7.471,0.000,50000.000,52.294,7.471,50000.000,0
55601,7.471,-22.412,50000.000,37.353,-7.471,50000.000,0
55651,-29.882,-82.176,50000.000,-67.235,-44.824,50000.000,0
55701,-14.941,-7.471,50000.000,-74.706,-7.471,50000.000,0
55751,14.941,0.000,50000.000,44.824,0.000,50000.000,0
55801,22.412,22.412,50000.000,52.294,29.882,50000.000,0
55851,0.000,7.471,50000.000,0.000,0.000,50000.000,0
55901,-7.471,-22.412,50000.000,-29.882,-37.353,50000.000,0
55951,-29.882,-268.941,50000.000,-82.176,-216.647,50000.000,0
56001,-59.765,-44.824,50000.000,-276.412,0.000,50000.000,0
56051,37.353,82.176,50000.000,97.118,14.941,50000.000,0
56101,119.529,82.176,50000.000,283.882,89.647,50000.000,0
56151,7.471,14.941,50000.000,0.000,7.471,50000.000,0
56201,-29.882,-29.882,50000.000,-156.882,-52.294,50000.000,0
56251,-44.824,-82.176,50000.000,-74.706,-44.824,50000.000,0
56301,-7.471,-22.412,50000.000,0.000,-22.412,50000.000,0
56351,0.000,0.000,50000.000,14.941,0.000,50000.000,0
56401,-14.941,-89.647,50000.000,-14.941,-59.765,50000.000,0
56451,-67.235,-134.471,50000.000,-186.765,-89.647,50000.000,0
56501,-44.824,-44.824,50000.000,-127.000,-44.824,50000.000,0
56551,22.412,22.412,50000.000,97.118,14.941,50000.000,0
56601,22.412,0.000,50000.000,89.647,-7.471,50000.000,0
56651,-44.824,-29.882,50000.000,-97.118,-29.882,50000.000,0
56701,-44.824,-37.353,50000.000,-97.118,-29.882,50000.000,0
56751,0.000,0.000,50000.000,37.353,7.471,50000.000,0
56801,52.294,52.294,50000.000,89.647,29.882,50000.000,0
56851,-14.941,-37.353,50000.000,-22.412,-44.824,50000.000,0
56901,-52.294,-52.294,50000.000,-149.412,-37.353,50000.000,0
56951,-7.471,0.000,50000.000,-29.882,-7.471,50000.000,0
57001,0.000,14.941,50000.000,89.647,0.000,50000.000,0
57051,14.941,29.882,50000.000,29.882,22.412,50000.000,0
57101,-7.471,-44.824,50000.000,-44.824,-67.235,50000.000,0
57151,-67.235,-82.176,50000.000,-149.412,-52.294,50000.000,0
57201,-7.471,0.000,50000.000,-29.882,0.000,50000.000,0
57251,44.824,59.765,50000.000,127.000,29.882,50000.000,0
57301,22.412,29.882,50000.000,67.235,29.882,50000.000,0
57351,-22.412,-52.294,50000.000,-37.353,-37.353,50000.000,0
57401,-97.118,-127.000,50000.000,-171.824,-82.176,50000.000,0
57451,-37.353,-7.471,50000.000,-52.294,-22.412,50000.000,0
57501,22.412,14.941,50000.000,104.588,37.353,50000.000,0
57551,59.765,67.235,50000.000,97.118,37.353,50000.000,0
57601,0.000,0.000,50000.000,-22.412,-7.471,50000.000,0
57651,-59.765,-89.647,50000.000,-97.118,-59.765,50000.000,0
57701,-67.235,-89.647,50000.000,-82.176,-44.824,50000.000,0
57751,0.000,0.000,50000.000,-37.353,0.000,50000.000,0
57801,44.824,59.765,50000.000,82.176,14.941,50000.000,0
57851,52.294,44.824,50000.000,112.059,29.882,50000.000,0
57901,0.000,0.000,50000.000,-7.471,0.000,50000.000,0
57951,-52.294,-67.235,50000.000,-97.118,-67.235,50000.000,0
58001,-67.235,-112.059,50000.000,-104.588,-59.765,50000.000,0
58051,-14.941,-7.471,50000.000,-52.294,0.000,50000.000,0
58101,22.412,37.353,50000.000,89.647,22.412,50000.000,0
58151,44.824,37.353,50000.000,97.118,44.824,50000.000,0
58201,-14.941,-29.882,50000.000,-37.353,-22.412,50000.000,0
58251,-74.706,-127.000,50000.000,-171.824,-89.647,50000.000,0
58301,-37.353,-44.824,50000.000,-74.706,-22.412,50000.000,0
58351,29.882,37.353,50000.000,97.118,29.882,50000.000,0
58401,52.294,74.706,50000.000,127.000,74.706,50000.000,0
58451,29.882,22.412,50000.000,74.706,0.000,50000.000,0
58501,-7.471,22.412,50000.000,0.000,22.412,50000.000,0
58551,44.824,97.118,50000.000,82.176,0.000,50000.000,0
58601,134.471,171.824,50000.000,254.000,-29.882,50000.000,0
58651,455.706,911.412,50000.000,530.412,-231.588,50000.000,0
58701,1344.706,2323.353,50000.000,1852.706,-1524.000,50000.000,0
58751,2637.117,3563.470,50000.000,3839.882,-2218.765,50000.000,0
58801,4123.765,2241.176,50000.000,5341.470,-3204.882,50000.000,0
58851,5169.646,-440.765,50000.000,5072.529,-5080.000,50000.000,0
58901,6237.941,-2151.529,50000.000,5431.117,-5834.529,50000.000,0
58951,6716.059,-4997.823,50000.000,6185.646,-7933.764,50000.000,0
59001,5954.059,-7268.882,50000.000,4534.647,-7896.411,50000.000,0
59051,5677.646,-7814.235,50000.000,4191.000,-6633.882,50000.000,0
59101,6387.353,-5625.353,50000.000,5617.882,-8904.940,50000.000,0
59151,8120.529,-5184.588,50000.000,6708.588,-11646.646,50000.000,0
59201,7821.706,-5856.941,50000.000,6282.764,-12431.058,50000.000,0
59251,5954.059,-7821.706,50000.000,5020.235,-9405.470,50000.000,0
59301,6417.235,-11355.293,50000.000,3234.764,-7440.706,50000.000,0
59351,5700.059,-10638.117,50000.000,3115.235,-8486.588,50000.000,0
59401,5954.059,-11228.293,50000.000,3884.706,-8949.764,50000.000,0
59451,6282.764,-12094.882,50000.000,2764.117,-8770.470,50000.000,0
59501,4953.000,-9226.176,50000.000,1957.294,-3025.588,50000.000,0
59551,3287.059,-7029.823,50000.000,2988.235,709.706,50000.000,0
59601,3391.647,-7567.706,50000.000,1942.353,-1890.059,50000.000,0
59651,3511.176,-8546.353,50000.000,657.412,-3122.706,50000.000,0
59701,2816.412,-10167.470,50000.000,455.706,-4385.235,50000.000,0
59751,2465.294,-10309.411,50000.000,-672.353,-3204.882,50000.000,0
59801,-52.294,-7784.353,50000.000,-1531.470,3294.529,50000.000,0
59851,-1957.294,-5468.470,50000.000,-2659.529,5871.882,50000.000,0
59901,-2808.941,-5065.059,50000.000,-4340.412,2674.470,50000.000,0
59951,-3533.588,-6447.117,50000.000,-5744.882,-388.471,50000.000,0
