timestamp[ms],left_dx[um],left_dy[um],left_dt[us],right_dx[um],right_dy[um],right_dt[us],waterPin
0,-89.647,-74.706,50153.000,-67.235,7.471,50153.000,0
51,-15015.881,-12378.764,50000.000,-21881.352,2629.647,50000.000,0
101,-14709.587,-10384.117,50000.000,-21500.352,-2353.235,50000.000,0
151,-14388.352,-8777.940,50000.000,-20432.057,-6648.823,50000.000,0
201,-13633.822,-7478.058,50000.000,-18990.234,-7433.235,50000.000,0
251,-13984.940,-8142.940,50000.000,-19348.822,-8030.882,50000.000,0
301,-14246.411,-9442.823,50000.000,-19445.939,-5662.706,50000.000,0
351,-14209.058,-10040.470,50000.000,-19408.588,-1658.470,50000.000,0
401,-14321.116,-11302.999,50000.000,-19266.646,-1150.470,50000.000,0
451,-11549.528,-10346.764,50000.000,-19640.176,-4699.000,50000.000,0
501,-10526.059,-9114.117,50000.000,-19333.881,-5804.646,50000.000,0
551,-10936.940,-8434.294,50000.000,-18855.764,-3130.176,50000.000,0
601,-10869.705,-8426.823,50000.000,-18818.410,-1553.882,50000.000,0
651,-10899.588,-12027.646,50000.000,-17832.293,1942.353,50000.000,0
701,-10204.823,-13476.940,50000.000,-18377.646,3615.764,50000.000,0
751,-9808.882,-12184.528,50000.000,-19259.176,1053.353,50000.000,0
801,-10802.470,-13671.176,50000.000,-18975.293,-381.000,50000.000,0
851,-10727.764,-14492.940,50000.000,-19191.939,-134.471,50000.000,0
901,-10249.646,-13917.705,50000.000,-18093.764,2749.176,50000.000,0
951,-10735.234,-14111.940,50000.000,-18063.881,1882.588,50000.000,0
1001,-10862.234,-14276.293,50000.000,-19191.939,-500.529,50000.000,0
1051,-11041.528,-13357.411,50000.000,-18668.998,89.647,50000.000,0
1101,-12064.999,-14209.058,50000.000,-19079.881,5909.235,50000.000,0
1151,-12050.058,-15142.881,50000.000,-20305.057,612.588,50000.000,0
1201,-9883.588,-14164.234,50000.000,-19416.057,-2166.470,50000.000,0
1251,-10735.234,-13103.411,50000.000,-19311.469,141.941,50000.000,0
1301,-13207.999,-14575.116,50000.000,-19953.939,4482.353,50000.000,0
1351,-14941.176,-17249.588,50000.000,-22262.352,582.706,50000.000,0
1401,-14201.587,-17585.764,50000.000,-22680.705,-2256.117,50000.000,0
1451,-14433.176,-16487.588,50000.000,-21896.293,433.294,50000.000,0
1501,-14433.176,-16838.705,50000.000,-22150.293,470.647,50000.000,0
1551,-14291.234,-17525.998,50000.000,-22665.764,-4557.059,50000.000,0
1601,-13738.411,-15374.470,50000.000,-22239.939,-5229.412,50000.000,0
1651,-13633.822,-10384.117,50000.000,-21672.176,-918.882,50000.000,0
1701,-15225.058,-7097.058,50000.000,-19117.234,5087.470,50000.000,0
1751,-14388.352,-4870.823,50000.000,-18773.588,4325.470,50000.000,0
1801,-12117.293,-3660.588,50000.000,-19386.176,179.294,50000.000,0
1851,-10496.176,-1665.941,50000.000,-18370.176,-3443.941,50000.000,0
1901,-11138.646,-201.706,50000.000,-17257.059,-5864.411,50000.000,0
1951,-11646.646,-239.059,50000.000,-14896.352,-2921.000,50000.000,0
2001,-11474.822,-1225.176,50000.000,-13461.999,-254.000,50000.000,0
2051,-11317.940,-1337.235,50000.000,-13327.528,388.471,50000.000,0
2101,-10653.058,-597.647,50000.000,-12221.882,328.706,50000.000,0
2151,-9711.764,-89.647,50000.000,-10727.764,-52.294,50000.000,0
2201,-8650.940,-560.294,50000.000,-10010.588,-620.059,50000.000,0
2251,-8352.117,-2622.176,50000.000,-9719.234,-2166.470,50000.000,0
2301,-7500.470,-4743.823,50000.000,-10324.353,-2457.823,50000.000,0
2351,-7806.764,-5244.353,50000.000,-10130.117,-1725.706,50000.000,0
2401,-8337.176,-4609.353,50000.000,-9935.882,-687.294,50000.000,0
2451,-8673.353,-4161.117,50000.000,-9704.294,373.529,50000.000,0
2501,-8374.529,-3287.059,50000.000,-9435.353,590.176,50000.000,0
2551,-7164.293,-1710.765,50000.000,-8733.117,373.529,50000.000,0
2601,-6947.646,-373.529,50000.000,-7784.353,-343.647,50000.000,0
2651,-6252.882,254.000,50000.000,-7022.353,-978.647,50000.000,0
2701,-5558.117,1135.529,50000.000,-6185.646,-283.882,50000.000,0
2751,-4557.059,3309.470,50000.000,-4347.882,1329.765,50000.000,0
2801,-3279.588,5184.588,50000.000,-1441.823,2271.059,50000.000,0
2851,-1135.529,5438.588,50000.000,575.235,1553.882,50000.000,0
2901,2039.470,4654.176,50000.000,3077.882,-1524.000,50000.000,0
2951,5393.764,2286.000,50000.000,5378.823,-4631.764,50000.000,0
3001,8180.293,-545.353,50000.000,7336.117,-5812.117,50000.000,0
3051,10496.176,-3115.235,50000.000,8471.646,-7702.176,50000.000,0
3101,12393.705,-5094.941,50000.000,8001.000,-9002.059,50000.000,0
3151,12535.646,-5401.235,50000.000,7253.941,-6701.117,50000.000,0
3201,11646.646,-3593.353,50000.000,9203.764,-3690.470,50000.000,0
3251,10436.411,-1994.647,50000.000,12102.353,-791.882,50000.000,0
3301,11549.528,-3750.235,50000.000,12124.764,-784.412,50000.000,0
3351,11205.882,-5789.706,50000.000,10862.234,-1247.588,50000.000,0
3401,8075.706,-5087.470,50000.000,8748.059,1187.823,50000.000,0
3451,3511.176,-2495.176,50000.000,5550.646,6417.235,50000.000,0
3501,1150.470,-1426.882,50000.000,2749.176,8777.940,50000.000,0
3551,388.471,-1822.823,50000.000,1038.412,5827.059,50000.000,0
3601,186.765,-4459.941,50000.000,-194.235,1098.176,50000.000,0
3651,254.000,-7037.293,50000.000,-1942.353,-2151.529,50000.000,0
3701,-67.235,-7231.529,50000.000,-2487.706,-3324.412,50000.000,0
3751,-717.176,-6118.411,50000.000,-3070.412,-2271.059,50000.000,0
3801,-1919.941,-6006.353,50000.000,-4445.000,-2808.941,50000.000,0
3851,-2846.294,-7649.882,50000.000,-5998.882,-2390.588,50000.000,0
3901,-4318.000,-7089.588,50000.000,-7687.235,2599.765,50000.000,0
3951,-4161.117,-3033.059,50000.000,-7821.706,7141.882,50000.000,0
4001,-5184.588,-1994.647,50000.000,-8337.176,4497.294,50000.000,0
4051,-4945.529,-2241.176,50000.000,-8277.411,-2704.353,50000.000,0
4101,-2151.529,-791.882,50000.000,-6925.235,-7844.117,50000.000,0
4151,-2300.941,1262.529,50000.000,-4601.882,-7769.411,50000.000,0
4201,-3033.059,2129.117,50000.000,-3391.647,-4437.529,50000.000,0
4251,-3010.647,-1598.706,50000.000,-4706.470,-4699.000,50000.000,0
4301,-2667.000,-5961.529,50000.000,-5610.412,-5214.470,50000.000,0
4351,-3712.882,-9943.353,50000.000,-6917.764,-3727.823,50000.000,0
4401,-4751.294,-10996.705,50000.000,-8314.764,-37.353,50000.000,0
4451,-4885.764,-9517.528,50000.000,-8576.234,3458.882,50000.000,0
4501,-5528.235,-10219.764,50000.000,-9614.646,1815.353,50000.000,0
4551,-4915.646,-8523.940,50000.000,-9816.353,119.529,50000.000,0
4601,-5080.000,-7209.117,50000.000,-9360.646,-246.529,50000.000,0
4651,-6245.411,-7971.117,50000.000,-9726.705,1852.706,50000.000,0
4701,-7216.588,-8075.706,50000.000,-8240.059,5864.411,50000.000,0
4751,-8643.470,-7776.882,50000.000,-10025.528,7918.823,50000.000,0
4801,-7754.470,-7253.941,50000.000,-11676.528,2554.941,50000.000,0
4851,-7418.293,-7836.646,50000.000,-12752.293,-1157.941,50000.000,0
4901,-7986.058,-8120.529,50000.000,-13043.646,-1621.118,50000.000,0
4951,-9607.176,-7739.529,50000.000,-12939.058,3025.588,50000.000,0
5001,-11639.176,-6230.470,50000.000,-14067.116,7022.353,50000.000,0
5051,-11415.058,-4362.823,50000.000,-15187.705,3204.882,50000.000,0
5101,-11422.528,-5057.588,50000.000,-16778.939,-149.412,50000.000,0
5151,-11900.646,-3272.117,50000.000,-17428.881,-754.529,50000.000,0
5201,-13760.822,-1942.353,50000.000,-17779.998,-1187.823,50000.000,0
5251,-13409.705,-3451.412,50000.000,-18265.588,-1553.882,50000.000,0
5301,-12752.293,-3645.647,50000.000,-18706.352,-1576.294,50000.000,0
5351,-12206.940,-3324.412,50000.000,-18019.057,-3160.059,50000.000,0
5401,-12729.882,-5281.706,50000.000,-18437.410,-4534.647,50000.000,0
5451,-11848.353,-7052.235,50000.000,-18773.588,-5311.588,50000.000,0
5501,-11048.999,-8486.588,50000.000,-18818.410,-6118.411,50000.000,0
5551,-11161.058,-8456.705,50000.000,-19528.117,-5393.764,50000.000,0
5601,-12259.234,-7717.117,50000.000,-19565.469,-1897.529,50000.000,0
5651,-12356.353,-9950.823,50000.000,-19064.939,2181.412,50000.000,0
5701,-12057.528,-11848.353,50000.000,-19856.822,5744.882,50000.000,0
5751,-10660.528,-9801.411,50000.000,-20073.469,4728.882,50000.000,0
5801,-12035.117,-10877.176,50000.000,-20103.352,1987.176,50000.000,0
5851,-12625.293,-10615.705,50000.000,-20671.117,22.412,50000.000,0
5901,-11437.470,-7859.058,50000.000,-20028.646,1404.470,50000.000,0
5951,-14029.764,-8210.176,50000.000,-19483.293,5378.823,50000.000,0
6001,-14858.999,-8725.646,50000.000,-20663.646,4728.882,50000.000,0
6051,-11549.528,-7620.000,50000.000,-21448.057,0.000,50000.000,0
6101,-13364.882,-9218.705,50000.000,-21492.881,-3376.706,50000.000,0
6151,-13447.058,-8800.353,50000.000,-21814.115,1494.118,50000.000,0
6201,-14007.352,-8673.353,50000.000,-21425.646,6357.470,50000.000,0
6251,-15232.528,-8501.529,50000.000,-22464.057,4019.176,50000.000,0
6301,-15904.881,-9659.470,50000.000,-22986.998,-470.647,50000.000,0
6351,-14500.411,-9629.588,50000.000,-22180.176,-3376.706,50000.000,0
6401,-10705.353,-5117.353,50000.000,-22195.115,-2398.059,50000.000,0
6451,-14298.705,-4818.529,50000.000,-21881.352,-687.294,50000.000,0
6501,-17264.527,-6947.646,50000.000,-23883.469,1083.235,50000.000,0
6551,-13506.822,-5864.411,50000.000,-24129.998,1501.588,50000.000,0
6601,-13574.058,-3914.588,50000.000,-22508.881,702.235,50000.000,0
6651,-14724.528,-2300.941,50000.000,-21881.352,-1703.294,50000.000,0
6701,-10331.823,-283.882,50000.000,-18930.469,-5461.000,50000.000,0
6751,-10712.823,1725.706,50000.000,-15792.822,-6738.470,50000.000,0
6801,-11474.822,1389.529,50000.000,-14567.646,-6753.411,50000.000,0
6851,-10466.293,156.882,50000.000,-14194.116,-1651.000,50000.000,0
6901,-11288.058,-2794.000,50000.000,-12371.293,-993.588,50000.000,0
6951,-7351.058,-6021.294,50000.000,-11228.293,-7097.058,50000.000,0
7001,-3615.764,-5655.235,50000.000,-8426.823,-11773.646,50000.000,0
7051,-2674.470,-6215.529,50000.000,-7298.764,-16487.588,50000.000,0
7101,-1240.118,-7679.764,50000.000,-7522.882,-15807.764,50000.000,0
7151,-2233.706,-6895.353,50000.000,-6618.941,-9629.588,50000.000,0
7201,-2517.588,-6835.588,50000.000,-5199.529,-7418.293,50000.000,0
7251,-1718.235,-9666.940,50000.000,-6013.823,-9069.294,50000.000,0
7301,-597.647,-14455.587,50000.000,-7029.823,-8800.353,50000.000,0
7351,-649.941,-17757.588,50000.000,-7612.529,-7784.353,50000.000,0
7401,-463.176,-16472.646,50000.000,-7851.588,-12640.234,50000.000,0
7451,74.706,-16958.234,50000.000,-6297.706,-14993.470,50000.000,0
7501,-814.294,-15747.999,50000.000,-6678.706,-11273.117,50000.000,0
7551,-306.294,-16928.352,50000.000,-6768.353,-10182.411,50000.000,0
7601,-836.706,-15299.764,50000.000,-7575.176,-10996.705,50000.000,0
7651,-649.941,-14171.705,50000.000,-6693.646,-10899.588,50000.000,0
7701,-1905.000,-13611.411,50000.000,-7971.117,-6701.117,50000.000,0
7751,-3862.294,-12416.117,50000.000,-9599.705,209.176,50000.000,0
7801,-5065.059,-11385.176,50000.000,-10174.940,-851.647,50000.000,0
7851,-4646.706,-12468.411,50000.000,-10443.882,-7373.470,50000.000,0
7901,-5109.882,-14918.764,50000.000,-11131.176,-8628.529,50000.000,0
7951,-4960.470,-11288.058,50000.000,-11975.353,-5035.176,50000.000,0
8001,-5304.117,-7261.411,50000.000,-11833.411,2330.823,50000.000,0
8051,-6447.117,-6237.941,50000.000,-10025.528,3847.353,50000.000,0
8101,-6618.941,-4691.529,50000.000,-9300.882,-1591.235,50000.000,0
8151,-4781.176,-3854.823,50000.000,-8934.823,-4549.588,50000.000,0
8201,-3630.706,-1023.471,50000.000,-6424.706,-3152.588,50000.000,0
8251,-3623.235,1815.353,50000.000,-3974.353,-567.765,50000.000,0
8301,-3115.235,2315.882,50000.000,-3107.764,-306.294,50000.000,0
8351,-2181.412,1755.588,50000.000,-2525.059,-963.706,50000.000,0
8401,-1576.294,2218.765,50000.000,-1598.706,-1030.941,50000.000,0
8451,-709.706,2883.647,50000.000,-276.412,-1374.588,50000.000,0
8501,582.706,1934.882,50000.000,1060.823,-3548.529,50000.000,0
8551,2883.647,-1060.823,50000.000,1591.235,-7888.940,50000.000,0
8601,4168.588,-3264.647,50000.000,2009.588,-11288.058,50000.000,1
8651,4616.823,-6051.176,50000.000,2741.706,-11527.117,50000.000,1
8701,5722.470,-9958.293,50000.000,2420.470,-12184.528,50000.000,0
8751,5610.412,-8703.234,50000.000,3010.647,-13110.882,50000.000,0
8801,7291.293,-6424.706,50000.000,5834.529,-16128.999,50000.000,0
8851,8635.999,-6604.000,50000.000,6163.235,-16524.939,50000.000,0
8901,8180.293,-9196.294,50000.000,5707.529,-12856.882,50000.000,0
8951,9039.411,-11534.588,50000.000,5446.059,-14545.234,50000.000,0
9001,8822.764,-8053.293,50000.000,6477.000,-16861.117,50000.000,0
9051,9905.999,-4975.412,50000.000,9002.059,-18661.527,50000.000,0
9101,10555.940,-7067.176,50000.000,8501.529,-16928.352,50000.000,0
9151,9323.294,-9547.411,50000.000,7537.823,-17137.527,50000.000,0
9201,9487.646,-8635.999,50000.000,8307.294,-17989.176,50000.000,0
9251,10757.646,-4220.882,50000.000,9218.705,-16965.705,50000.000,0
9301,10921.999,-3204.882,50000.000,10540.999,-16450.234,50000.000,0
9351,10324.353,-7567.706,50000.000,9241.117,-15239.999,50000.000,0
9401,9719.234,-9450.294,50000.000,8912.411,-17257.059,50000.000,0
9451,10854.764,-7433.235,50000.000,9114.117,-16793.881,50000.000,0
9501,11482.293,-3466.353,50000.000,9129.059,-14552.705,50000.000,0
9551,11616.764,-6118.411,50000.000,7926.293,-11519.646,50000.000,0
9601,11370.234,-10757.646,50000.000,6267.823,-10070.353,50000.000,0
9651,11437.470,-11691.470,50000.000,4669.117,-7560.235,50000.000,0
9701,10914.528,-7851.588,50000.000,4676.588,-6633.882,50000.000,0
9751,11930.528,-6402.293,50000.000,8113.058,-10914.528,50000.000,0
9801,11736.293,-7164.293,50000.000,7986.058,-8882.529,50000.000,0
9851,9517.528,-7657.353,50000.000,7784.353,-6028.764,50000.000,0
9901,9016.999,-7859.058,50000.000,8957.234,-7530.353,50000.000,0
9951,10503.646,-6267.823,50000.000,9226.176,-10339.293,50000.000,0
10001,11340.353,-4885.764,50000.000,9562.353,-11945.470,50000.000,0
10051,11452.411,-5080.000,50000.000,10025.528,-10563.411,50000.000,0
10101,9270.999,-6260.353,50000.000,8748.059,-4975.412,50000.000,0
10151,7747.000,-4982.882,50000.000,8635.999,-612.588,50000.000,0
10201,7126.941,-1815.353,50000.000,8367.059,-814.294,50000.000,0
10251,7500.470,119.529,50000.000,8695.764,-1329.765,50000.000,0
10301,6626.411,1090.706,50000.000,8165.353,575.235,50000.000,0
10351,4728.882,2218.765,50000.000,8688.294,2861.235,50000.000,0
10401,5894.294,2196.353,50000.000,8650.940,2256.117,50000.000,0
10451,6148.294,67.235,50000.000,7186.706,254.000,50000.000,0
10501,5901.764,-903.941,50000.000,6633.882,-1001.059,50000.000,0
10551,4609.353,575.235,50000.000,5991.411,201.706,50000.000,0
10601,2950.882,1486.647,50000.000,5715.000,1800.412,50000.000,0
10651,2562.412,1628.588,50000.000,4161.117,2921.000,50000.000,0
10701,1426.882,866.588,50000.000,3018.117,3316.941,50000.000,0
10751,1165.412,1016.000,50000.000,2271.059,2525.059,50000.000,0
10801,1083.235,1636.059,50000.000,2241.176,1105.647,50000.000,0
10851,1494.118,1815.353,50000.000,2368.176,-859.118,50000.000,0
10901,1636.059,1494.118,50000.000,1822.823,-1068.294,50000.000,0
10951,395.941,1957.294,50000.000,1172.882,530.412,50000.000,0
11001,-791.882,1651.000,50000.000,-164.353,649.941,50000.000,0
11051,-1277.470,149.412,50000.000,-2166.470,-933.823,50000.000,0
11101,-2278.529,-388.471,50000.000,-3810.000,-1419.412,50000.000,0
11151,-3668.059,-321.235,50000.000,-5259.294,-635.000,50000.000,0
11201,-5513.294,-313.765,50000.000,-6536.764,-351.118,50000.000,0
11251,-4826.000,-171.824,50000.000,-7620.000,-732.118,50000.000,0
11301,-4908.176,-82.176,50000.000,-8755.529,-724.647,50000.000,0
11351,-7418.293,-552.823,50000.000,-9958.293,-410.882,50000.000,0
11401,-9054.353,-448.235,50000.000,-11146.117,-224.118,50000.000,0
11451,-10092.764,-642.471,50000.000,-12333.940,-351.118,50000.000,0
11501,-10705.353,-926.353,50000.000,-13305.117,-896.471,50000.000,0
11551,-12072.470,-941.294,50000.000,-13723.470,-1075.765,50000.000,0
11601,-12199.470,-552.823,50000.000,-13940.117,-1247.588,50000.000,0
11651,-12550.587,74.706,50000.000,-13715.999,-1613.647,50000.000,0
11701,-11347.823,889.000,50000.000,-12685.058,-3010.647,50000.000,0
11751,-9487.646,373.529,50000.000,-11362.764,-5393.764,50000.000,0
11801,-8934.823,-1411.941,50000.000,-11116.234,-4833.470,50000.000,0
11851,-8979.646,-2689.412,50000.000,-9674.411,-2846.294,50000.000,0
11901,-7478.058,-2554.941,50000.000,-8837.705,-1718.235,50000.000,0
11951,-6058.646,-948.765,50000.000,-6559.176,171.824,50000.000,0
12001,-3384.176,657.412,50000.000,-3526.117,231.588,50000.000,0
12051,-1187.823,993.588,50000.000,-1314.823,-470.647,50000.000,0
12101,1411.941,2173.941,50000.000,1860.176,-1778.000,50000.000,0
12151,4616.823,2995.706,50000.000,4273.176,-4758.764,50000.000,0
12201,7052.235,2786.529,50000.000,6006.353,-6350.000,50000.000,0
12251,8680.823,-82.176,50000.000,7425.764,-8142.940,50000.000,0
12301,10765.117,-4191.000,50000.000,7209.117,-7821.706,50000.000,0
12351,11295.528,-6058.646,50000.000,6350.000,-5281.706,50000.000,0
12401,10533.528,-4788.647,50000.000,7709.646,-6096.000,50000.000,0
12451,11646.646,-5558.117,50000.000,8523.940,-6805.706,50000.000,0
12501,11773.646,-6529.293,50000.000,6962.588,-5998.882,50000.000,0
12551,9898.528,-7149.353,50000.000,5199.529,-1815.353,50000.000,0
12601,7649.882,-7298.764,50000.000,5655.235,694.765,50000.000,0
12651,6342.529,-6902.823,50000.000,4870.823,3025.588,50000.000,0
12701,5356.412,-6155.764,50000.000,5326.529,1964.765,50000.000,0
12751,5834.529,-6028.764,50000.000,4826.000,1016.000,50000.000,0
12801,3541.059,-3473.823,50000.000,4781.176,1494.118,50000.000,0
12851,3130.176,-2278.529,50000.000,3757.706,1710.765,50000.000,0
12901,769.471,-388.471,50000.000,1665.941,3959.411,50000.000,0
12951,-1038.412,-52.294,50000.000,-321.235,3511.176,50000.000,0
13001,-1688.353,-239.059,50000.000,-1673.412,642.471,50000.000,0
13051,-1830.294,-1060.823,50000.000,-3107.764,-2203.823,50000.000,0
13101,-2629.647,-844.176,50000.000,-4176.059,-597.647,50000.000,0
13151,-4258.235,-186.765,50000.000,-3914.588,1479.176,50000.000,0
13201,-5827.059,-455.706,50000.000,-6828.117,134.471,50000.000,0
13251,-5961.529,-911.412,50000.000,-8172.823,-1994.647,50000.000,0
13301,-6865.470,-2002.118,50000.000,-8860.117,-440.765,50000.000,0
13351,-8695.764,-3727.823,50000.000,-10010.588,567.765,50000.000,0
13401,-8740.588,-5640.294,50000.000,-11340.353,-620.059,50000.000,0
13451,-7829.176,-7761.940,50000.000,-12393.705,-2129.117,50000.000,0
13501,-8015.940,-4295.588,50000.000,-12371.293,-1030.941,50000.000,0
13551,-11534.588,-194.235,50000.000,-11295.528,2241.176,50000.000,0
13601,-12759.764,-298.824,50000.000,-12438.528,6036.235,50000.000,0
13651,-12856.882,-209.176,50000.000,-12782.176,5065.059,50000.000,0
13701,-10010.588,-806.823,50000.000,-12356.353,-2427.941,50000.000,0
13751,-6297.706,-799.353,50000.000,-10047.940,-8299.823,50000.000,0
13801,-4265.706,-2442.882,50000.000,-7769.411,-11840.882,50000.000,0
13851,-3451.412,-7029.823,50000.000,-8434.294,-14350.999,50000.000,0
13901,-3862.294,-9323.294,50000.000,-8113.058,-9943.353,50000.000,0
13951,-4661.647,-12535.646,50000.000,-8621.059,-5700.059,50000.000,0
14001,-5132.294,-12318.999,50000.000,-11377.705,-3257.176,50000.000,0
14051,-4930.588,-7844.117,50000.000,-11161.058,-2457.823,50000.000,0
14101,-5744.882,-6058.646,50000.000,-9764.059,-1486.647,50000.000,0
14151,-6013.823,-6977.529,50000.000,-9861.176,-2271.059,50000.000,0
14201,-5722.470,-11385.176,50000.000,-9935.882,-1583.765,50000.000,0
14251,-6872.941,-13297.646,50000.000,-10466.293,1105.647,50000.000,0
14301,-7239.000,-13290.176,50000.000,-11945.470,-1441.823,50000.000,0
14351,-6910.293,-13581.528,50000.000,-12184.528,-5050.117,50000.000,0
14401,-6932.706,-12289.117,50000.000,-12281.646,-4975.412,50000.000,0
14451,-7941.235,-11258.176,50000.000,-12124.764,1792.941,50000.000,0
14501,-9412.940,-11310.470,50000.000,-13080.999,7298.764,50000.000,0
14551,-9965.764,-10077.823,50000.000,-13760.822,5199.529,50000.000,0
14601,-9943.353,-9293.411,50000.000,-14836.587,1113.118,50000.000,0
14651,-10593.293,-9487.646,50000.000,-15658.352,-201.706,50000.000,0
14701,-11288.058,-9300.882,50000.000,-15957.176,3645.647,50000.000,0
14751,-12363.822,-9532.470,50000.000,-16046.822,9054.353,50000.000,0
14801,-11676.528,-7664.823,50000.000,-17384.059,7052.235,50000.000,0
14851,-12251.764,-8508.999,50000.000,-17832.293,1546.412,50000.000,0
14901,-11355.293,-8254.999,50000.000,-18848.293,-769.471,50000.000,0
14951,-11452.411,-7463.117,50000.000,-18698.881,201.706,50000.000,0
15001,-10794.999,-6178.176,50000.000,-17600.705,5274.235,50000.000,0
15051,-11556.999,-5274.235,50000.000,-16435.293,6432.176,50000.000,0
15101,-10578.353,-3951.941,50000.000,-16719.176,2076.823,50000.000,0
15151,-11228.293,-1680.882,50000.000,-16898.469,440.765,50000.000,0
15201,-11190.940,1389.529,50000.000,-13379.822,440.765,50000.000,0
15251,-10540.999,1471.706,50000.000,-11900.646,59.765,50000.000,0
15301,-9532.470,-978.647,50000.000,-11788.588,-814.294,50000.000,0
15351,-8680.823,-1882.588,50000.000,-11370.234,-1075.765,50000.000,0
15401,-8904.940,-1441.823,50000.000,-11034.058,-1225.176,50000.000,0
15451,-9031.940,-2091.765,50000.000,-10832.353,-1038.412,50000.000,0
15501,-8456.705,-2487.706,50000.000,-10548.470,-687.294,50000.000,0
15551,-8568.764,-2181.412,50000.000,-10032.999,246.529,50000.000,0
15601,-8927.353,-1030.941,50000.000,-9480.176,463.176,50000.000,0
15651,-8740.588,-500.529,50000.000,-9226.176,463.176,50000.000,0
15701,-8777.940,-381.000,50000.000,-8957.234,455.706,50002.000,0
15751,-8994.588,-963.706,50000.000,-9345.705,164.353,50000.000,0
15801,-9278.470,-2502.647,50000.000,-9988.176,156.882,50000.000,0
15851,-10167.470,-4945.529,50000.000,-11146.117,537.882,50000.000,0
15901,-10324.353,-6484.470,50000.000,-12849.411,537.882,50000.000,0
15951,-10974.293,-6850.529,50000.000,-13439.587,358.588,50000.000,0
16001,-11751.234,-6775.823,50000.000,-14253.882,-395.941,50000.000,1
16051,-11885.705,-6454.588,50000.000,-15628.470,-1008.529,50000.000,1
16101,-12670.117,-6865.470,50000.000,-17017.998,-2330.823,50000.000,0
16151,-12371.293,-5901.764,50000.000,-17682.881,-2211.294,50000.000,0
16201,-12520.705,-4878.294,50000.000,-17966.764,-410.882,50000.000,0
16251,-13372.352,-4273.176,50000.000,-18781.057,410.882,50000.000,0
16301,-12498.293,-2779.059,50000.000,-19311.469,866.588,50000.000,0
16351,-16435.293,-4422.588,50000.000,-19572.939,2480.235,50000.000,0
16401,-16255.999,-5057.588,50000.000,-20118.293,3361.764,50000.000,0
16451,-15486.528,-2808.941,50000.000,-19072.410,2943.412,50000.000,0
16501,-14963.587,-1486.647,50000.000,-17525.998,1105.647,50000.000,0
16551,-12640.234,-545.353,50000.000,-16285.881,-463.176,50000.000,0
16601,-12244.293,388.471,50000.000,-14321.116,-1262.529,50000.000,0
16651,-12931.587,522.941,50000.000,-14111.940,-1725.706,50000.000,0
16701,-13170.646,-336.176,50000.000,-14164.234,-1718.235,50000.000,0
16751,-12535.646,-948.765,50000.000,-14687.176,-1157.941,50000.000,0
16801,-12685.058,-971.176,50000.000,-13992.411,-2159.000,50000.000,0
16851,-12386.234,-627.529,50000.000,-13484.411,-3600.823,50000.000,0
16901,-11639.176,-395.941,50000.000,-12901.705,-4273.176,50000.000,0
16951,-10600.764,-186.765,50000.000,-12595.411,-3981.823,50000.000,0
17001,-9315.823,732.118,50000.000,-11310.470,-1419.412,50000.000,0
17051,-8523.940,14.941,50000.000,-8942.294,321.235,50000.000,0
17101,-6379.882,-3429.000,50000.000,-8210.176,-1397.000,50000.000,0
17151,-4288.117,-3989.294,50000.000,-7717.117,-2681.941,50000.000,0
17201,-3824.941,-2405.529,50000.000,-5879.353,-2779.059,50000.000,0
17251,-3152.588,-1016.000,50000.000,-4766.235,-3623.235,50000.000,0
17301,-2032.000,-104.588,50000.000,-3675.529,-4601.882,50000.000,0
17351,-1187.823,268.941,50000.000,-2442.882,-5475.941,50000.000,0
17401,-351.118,-769.471,50000.000,-1703.294,-5685.117,50000.000,0
17451,37.353,-3361.764,50000.000,-1636.059,-5132.294,50000.000,0
17501,194.235,-5767.294,50000.000,-2009.588,-5102.412,50000.000,0
17551,313.765,-6372.411,50000.000,-2256.117,-4557.059,50000.000,0
17601,-642.471,-4654.176,50000.000,-2405.529,-1434.353,50000.000,0
17651,-1568.823,-4616.823,50000.000,-2741.706,-231.588,50000.000,0
17701,-1090.706,-6297.706,50000.000,-2958.353,-1202.765,50000.000,0
17751,-1322.294,-6917.764,50000.000,-3847.353,-448.235,50000.000,0
17801,-2465.294,-6432.176,50000.000,-4489.823,440.765,50000.000,0
17851,-3466.353,-6066.117,50000.000,-5461.000,1912.470,50000.000,0
17901,-4519.706,-4863.353,50000.000,-6708.588,3234.764,50000.000,0
17951,-5886.823,-3899.647,50000.000,-7440.706,2734.235,50000.000,0
18001,-6514.353,-2764.117,50000.000,-9002.059,709.706,50000.000,0
18051,-6753.411,-1172.882,50000.000,-9980.705,231.588,50000.000,0
18101,-7806.764,-1770.529,50000.000,-10548.470,2196.353,50000.000,0
18151,-10227.234,-5520.764,50002.000,-13327.528,2644.588,50000.000,0
18201,-10406.528,-6716.059,49999.000,-16719.176,2114.176,50000.000,0
18251,-12304.058,-7657.353,49999.000,-17914.469,709.706,49998.000,0
18301,-12453.470,-6895.353,50000.000,-19274.117,-306.294,50000.000,0
18351,-13148.234,-5289.176,50000.000,-18870.705,-1008.529,50000.000,0
18401,-15598.587,-8023.411,50000.000,-19221.822,-104.588,50000.000,0
18451,-16562.293,-9278.470,50000.000,-19468.352,433.294,50000.000,0
18501,-16681.822,-10204.823,50000.000,-20170.586,-291.353,50000.000,0
18551,-14978.528,-12124.764,50000.000,-21470.469,-3040.529,50000.000,0
18601,-13185.587,-11078.882,50000.000,-21806.646,-6402.293,50000.000,0
18651,-10682.940,-6140.823,50000.000,-16711.705,-1882.588,50000.000,0
18701,-15882.470,-8860.117,50000.000,-19528.117,5438.588,50000.000,0
18751,-16121.528,-9375.588,50000.000,-21657.234,7903.882,50000.000,0
18801,-15195.176,-10376.646,50000.000,-23980.586,4646.706,50000.000,0
18851,-13865.411,-9801.411,50000.000,-25280.469,4736.353,50000.000,0
18901,-14941.176,-8038.353,50000.000,-24137.469,5632.823,50000.000,0
18951,-17974.234,-9390.528,50000.000,-23763.939,4721.412,50000.000,0
19001,-16801.352,-11400.117,50000.000,-24555.822,2667.000,50000.000,0
19051,-14448.116,-10391.588,50000.000,-24906.939,3175.000,50000.000,0
19101,-15785.352,-10682.940,50000.000,-26020.057,1561.353,50000.000,0
19151,-16659.410,-11915.588,50000.000,-26871.703,612.588,50000.000,0
19201,-16905.939,-13200.528,50000.000,-27678.527,-209.176,50000.000,0
19251,-16823.764,-13820.587,50000.000,-28418.115,-1583.765,50000.000,0
19301,-15710.646,-12147.176,50000.000,-28186.527,-2801.470,50000.000,0
19351,-14268.822,-11004.176,50000.000,-27021.115,433.294,50000.000,0
19401,-14941.176,-12841.940,50000.000,-25915.469,4826.000,50000.000,0
19451,-14724.528,-11639.176,50000.000,-26707.352,2876.176,50000.000,0
19501,-15322.176,-10682.940,50000.000,-26886.645,2233.706,50000.000,0
19551,-14918.764,-9061.823,50000.000,-26767.115,3451.412,50000.000,0
19601,-19311.469,-13260.293,50000.000,-26094.764,5505.823,50000.000,0
19651,-19647.646,-15060.705,50000.000,-26744.703,5401.235,50000.000,0
19701,-17003.059,-13006.293,50000.000,-27566.469,2188.882,50000.000,0
19751,-17667.939,-13394.764,50000.000,-29187.586,440.765,50000.000,0
19801,-18138.588,-13895.293,50000.000,-29075.527,2084.294,50000.000,0
19851,-17391.527,-13932.646,50000.000,-29135.293,3234.764,50000.000,0
19901,-13506.822,-11056.470,50000.000,-31540.822,134.471,50000.000,0
19951,-14791.764,-11437.470,50000.000,-31361.527,-978.647,50000.000,0
20001,-19505.705,-14888.881,50000.000,-31129.939,1703.294,50000.000,0
20051,-19094.822,-15053.234,50000.000,-30920.762,2980.764,50000.000,0
20101,-18422.469,-14522.822,50000.000,-30427.703,-261.471,50000.000,0
20151,-18153.527,-13693.587,50000.000,-29762.822,-1165.412,50000.000,0
20201,-20215.410,-14642.352,50000.000,-29404.232,1531.470,50000.000,0
20251,-22635.881,-16517.469,50000.000,-31458.645,5617.882,50000.000,0
20301,-18190.881,-13043.646,50000.000,-30763.881,2681.941,50000.000,0
20351,-15620.999,-10428.940,50000.000,-30352.998,1030.941,50000.000,0
20401,-17511.059,-11773.646,50000.000,-31398.881,717.176,50000.000,0
20451,-14672.234,-11930.528,50000.000,-29015.764,3369.235,50000.000,0
20501,-15964.646,-13723.470,50000.000,-29576.057,3033.059,50000.000,0
20551,-16158.881,-12834.470,50000.000,-30405.293,1143.000,50000.000,0
20601,-18160.998,-13073.528,50000.000,-27977.352,986.118,50000.000,0
20651,-19057.469,-14724.528,50000.000,-25706.293,2644.588,50000.000,0
20701,-18706.352,-15090.587,50000.000,-26886.645,3608.294,50000.000,0
20751,-16995.588,-13686.117,50000.000,-31100.057,328.706,50000.000,0
20801,-16158.881,-14171.705,50000.000,-30255.881,-2032.000,50000.000,0
20851,-13962.528,-11870.764,50000.000,-28582.469,127.000,50000.000,0
20901,-14261.352,-12558.058,50000.000,-28530.174,3152.588,50000.000,0
20951,-16920.881,-14029.764,50000.000,-31847.115,-239.059,50000.000,0
21001,-17697.822,-14201.587,50000.000,-32437.291,-2450.353,50000.000,0
21051,-17906.998,-12348.882,50000.000,-29419.174,776.941,50000.000,0
21101,-18213.293,-12147.176,50000.000,-27163.057,5901.764,50000.000,0
21151,-19894.176,-12871.822,50000.000,-30240.939,2360.706,50000.000,0
21201,-18355.234,-11549.528,50000.000,-31660.352,-717.176,50000.000,0
21251,-20573.998,-11467.353,50000.000,-31720.115,-1516.529,50000.000,0
21301,-18736.234,-12162.117,50000.000,-32399.939,-104.588,50000.000,0
21351,-17623.117,-13626.352,50000.000,-30793.762,2129.117,50000.000,0
21401,-14515.352,-10951.882,50000.000,-31742.527,216.647,50000.000,0
21451,-14261.352,-10085.293,50000.000,-31159.822,-709.706,50000.000,0
21501,-16420.352,-11273.117,50000.000,-29635.822,127.000,50000.000,0
21551,-18407.527,-14604.999,50000.000,-27700.939,2226.235,50000.000,0
21601,-17264.527,-13992.411,50000.000,-27170.527,2345.765,50000.000,0
21651,-16114.058,-9569.823,50000.000,-26281.527,1912.470,50000.000,0
21701,-18878.176,-8680.823,50000.000,-27260.174,1516.529,50000.000,0
21751,-16151.411,-7948.706,50000.000,-28014.703,395.941,50000.000,0
21801,-15852.587,-9345.705,50000.000,-27939.998,179.294,50000.000,0
21851,-14672.234,-9719.234,50000.000,-28201.469,-963.706,50000.000,0
21901,-11407.588,-6088.529,50000.000,-27760.703,-4370.294,50000.000,0
21951,-12849.411,-6148.294,50000.000,-26453.352,-3668.059,50000.000,0
22001,-15755.470,-11019.117,50000.000,-26662.527,410.882,50000.000,0
22051,-19483.293,-14806.705,50000.000,-27215.352,276.412,50000.000,0
22101,-18332.822,-15643.411,50000.000,-27073.410,-4758.764,50000.000,0
22151,-16547.352,-14806.705,50000.000,-25504.586,-5453.529,50000.000,0
22201,-16084.176,-14126.882,50000.000,-26139.586,-3346.823,50000.000,0
22251,-18340.293,-17615.646,50000.000,-27050.998,874.059,50000.000,0
22301,-17167.410,-17727.705,50000.000,-28276.174,1270.000,50000.000,0
22351,-16143.940,-16158.881,50000.000,-27177.998,-97.118,50000.000,0
22401,-15628.470,-14433.176,50000.000,-26789.527,664.882,50000.000,0
22451,-15090.587,-15083.116,50000.000,-26341.293,3249.706,50000.000,0
22501,-13768.293,-15845.116,50000.000,-26640.115,889.000,50000.000,0
22551,-13992.411,-17518.527,50000.000,-27177.998,-2427.941,50000.000,0
22601,-13021.234,-16248.528,50000.000,-27155.586,-1636.059,50000.000,0
22651,-12737.353,-16136.470,50000.000,-22523.822,1195.294,50000.000,0
22701,-14067.116,-17070.293,50000.000,-22224.998,-1008.529,50000.000,0
22751,-14119.411,-17227.176,50000.000,-23487.527,-3735.294,50000.000,0
22801,-13155.705,-14418.234,50000.000,-23524.881,-903.941,50000.000,0
22851,-13051.117,-13230.411,50000.000,-22224.998,3683.000,50000.000,0
22901,-14717.058,-15381.940,50000.000,-24413.881,-664.882,50000.000,0
22951,-13133.293,-14223.999,50000.000,-23353.057,-3077.882,50000.000,0
23001,-13588.999,-12856.882,50000.000,-23965.645,-2345.765,50000.000,0
23051,-15404.352,-13775.764,50000.000,-23905.881,3570.941,50000.000,0
23101,-15942.234,-13237.882,50000.000,-24167.352,3638.176,50000.000,0
23151,-16636.998,-13402.234,50000.000,-25078.764,-769.471,50000.000,0
23201,-16592.176,-11377.705,50000.000,-24735.115,-2853.764,50000.000,0
23251,-17421.410,-7089.588,50000.000,-23734.057,-1837.765,50000.000,0
23301,-17906.998,-3085.353,50000.000,-20947.527,-642.471,50000.000,0
23351,-15553.764,0.000,50000.000,-19505.705,-2995.706,50000.000,0
23401,-12625.293,-1972.235,50000.000,-17966.764,-10697.882,50000.000,0
23451,-9345.705,-5251.823,50000.000,-18736.234,-13850.470,50000.000,0
23501,-9278.470,-8352.117,50000.000,-18474.764,-9756.588,50000.000,0
23551,-9031.940,-8695.764,50000.000,-18736.234,-3697.941,50000.000,0
23601,-9599.705,-7306.235,50000.000,-16084.176,-590.176,50000.000,0
23651,-8904.940,-7754.470,50000.000,-14253.882,-2637.117,50000.000,0
23701,-7732.058,-9980.705,50000.000,-14634.882,-7156.823,50000.000,0
23751,-7194.176,-10234.705,50000.000,-14634.882,-7224.058,50000.000,0
23801,-7612.529,-9263.528,50000.000,-13618.882,-6282.764,50000.000,0
23851,-7941.235,-7791.823,50000.000,-13200.528,-4243.294,50000.000,0
23901,-7313.706,-6671.235,50000.000,-12490.822,-732.118,50000.000,0
23951,-4691.529,-4900.706,50000.000,-9487.646,-239.059,50000.000,0
24001,-5356.412,-4422.588,50000.000,-7261.411,-201.706,50000.000,0
24051,-4586.941,-7074.646,50000.000,-7313.706,-313.765,50000.000,0
24101,-5132.294,-8673.353,50000.000,-8867.588,-2338.294,50000.000,0
24151,-5154.706,-7575.176,50000.000,-9420.411,-1225.176,50000.000,0
24201,-5655.235,-7634.940,50000.000,-9778.999,239.059,50000.000,0
24251,-5588.000,-7306.235,50000.000,-10227.234,381.000,50000.000,0
24301,-6521.823,-9300.882,50000.000,-10623.176,4056.529,50000.000,0
24351,-7179.235,-10286.999,50000.000,-11527.117,7747.000,50000.000,0
24401,-6342.529,-8994.588,50000.000,-12580.470,4990.353,50000.000,0
24451,-7903.882,-13088.470,50000.000,-13372.352,926.353,50000.000,0
24501,-7888.940,-13454.528,50000.000,-14276.293,-709.706,50000.000,0
24551,-7239.000,-9995.646,50000.000,-13693.587,2838.823,50000.000,0
24601,-8740.588,-10152.528,50000.000,-13596.470,3451.412,50000.000,0
24651,-7649.882,-11751.234,50000.000,-16143.940,-3854.823,50000.000,0
24701,-7963.646,-14223.999,50000.000,-15023.352,-6858.000,50000.000,0
24751,-8987.117,-12909.176,50000.000,-16158.881,-1919.941,50000.000,0
24801,-10264.588,-10331.823,50000.000,-15830.176,4415.117,50000.000,0
24851,-11235.764,-10107.705,50000.000,-16211.176,-313.765,50000.000,0
24901,-10182.411,-11489.764,50000.000,-17204.764,-7747.000,50000.000,0
24951,-8359.588,-10548.470,50000.000,-17032.939,-8635.999,50000.000,0
25001,-9480.176,-10981.764,50000.000,-16681.822,-3862.294,50000.000,1
25051,-9256.059,-10451.353,50000.000,-15972.116,3922.059,50000.000,1
25101,-9427.882,-9397.999,50000.000,-15314.705,4220.882,50000.000,0
25151,-9375.588,-8486.588,50000.000,-15830.176,-22.412,50000.000,0
25201,-9853.705,-8785.411,50000.000,-15822.705,-2009.588,50000.000,0
25251,-10070.353,-8150.411,50000.000,-16009.470,-4751.294,50000.000,0
25301,-10040.470,-8987.117,50000.000,-15419.293,-2607.235,50000.000,0
25351,-8979.646,-9061.823,50000.000,-15538.822,1792.941,50000.000,0
25401,-9950.823,-9629.588,50000.000,-15964.646,3712.882,50000.000,0
25451,-10488.705,-9450.294,50000.000,-17115.117,649.941,50000.000,0
25501,-9622.117,-7776.882,50000.000,-17555.881,-440.765,50000.000,0
25551,-10040.470,-7896.411,50000.000,-17473.705,-1613.647,50000.000,0
25601,-11549.528,-10892.117,50000.000,-18235.705,-1359.647,50000.000,0
25651,-10032.999,-12005.234,50000.000,-17652.998,963.706,50000.000,0
25701,-9823.823,-12318.999,50000.000,-17906.998,1068.294,50000.000,0
25751,-8254.999,-10047.940,50000.000,-18489.705,-2510.117,50000.000,0
25801,-9569.823,-11370.234,50000.000,-18773.588,-4579.470,50000.000,0
25851,-10720.293,-11721.353,50000.000,-19147.117,-381.000,50000.000,0
25901,-12423.587,-12961.470,50000.000,-19229.293,4953.000,50000.000,0
25951,-13394.764,-13603.940,50000.000,-20103.352,2256.117,50000.000,0
26001,-10189.882,-10496.176,50000.000,-20118.293,104.588,50000.000,0
26051,-10742.705,-9898.528,50000.000,-20155.646,0.000,50000.000,0
26101,-11669.058,-10608.234,50000.000,-19124.705,4631.764,50000.000,0
26151,-13110.882,-11698.940,50000.000,-20402.176,5468.470,50000.000,0
26201,-13671.176,-13320.058,50000.000,-22314.646,1016.000,50000.000,0
26251,-13828.058,-13454.528,50000.000,-22195.115,-403.412,50000.000,0
26301,-14941.176,-12998.822,50000.000,-23039.293,1359.647,50000.000,0
26351,-15568.705,-13514.293,50000.000,-21926.176,5707.529,50000.000,0
26401,-17017.998,-14858.999,50000.000,-24832.234,2398.059,50000.000,0
26451,-16173.822,-14873.940,50000.000,-26102.234,-1710.765,50000.000,0
26501,-15606.058,-14821.646,50000.000,-25399.998,-3137.647,50000.000,0
26551,-15650.881,-14993.470,50000.000,-25392.527,933.823,50000.000,0
26601,-15620.999,-15942.234,50000.000,-24750.057,3361.764,50000.000,0
26651,-15852.587,-15785.352,50000.000,-26453.352,-321.235,50000.000,0
26701,-14597.528,-14881.411,50000.000,-26244.174,-1404.470,50000.000,0
26751,-15516.411,-14873.940,50000.000,-26386.115,291.353,50000.000,0
26801,-14836.587,-15254.940,50000.000,-24212.176,5573.059,50000.000,0
26851,-15359.528,-15591.116,50000.000,-25355.174,2562.412,50000.000,0
26901,-15733.058,-16263.470,50000.000,-26490.703,-7.471,50000.000,0
26951,-13588.999,-12894.234,50000.000,-26371.174,-231.588,50000.000,0
27001,-10346.764,-7866.529,50000.000,-23905.881,4445.000,50000.000,0
27051,-13409.705,-10137.588,50000.000,-22531.293,5102.412,50000.000,0
27101,-13917.705,-11796.058,50000.000,-24324.234,-1426.882,50000.000,0
27151,-10600.764,-8762.999,50000.000,-23054.234,-3974.353,50000.000,0
27201,-12871.822,-8053.293,50000.000,-21597.469,-4669.117,50000.000,0
27251,-15217.587,-8628.529,50000.000,-21776.764,-2532.529,50000.000,0
27301,-15232.528,-7836.646,50000.000,-22239.939,-500.529,50000.000,0
27351,-15837.646,-7448.176,50000.000,-21231.410,590.176,50000.000,0
27401,-16039.352,-8001.000,50000.000,-20745.822,-448.235,50000.000,0
27451,-13783.234,-8553.823,50000.000,-20529.176,-3914.588,50000.000,0
27501,-12909.176,-8344.646,50000.000,-16539.881,-3204.882,50000.000,0
27551,-15770.411,-6932.706,50000.000,-18676.469,209.176,50000.000,0
27601,-16868.588,-4325.470,50000.000,-19475.822,4527.176,50000.000,0
27651,-18489.705,-7724.588,50000.000,-19550.527,6275.293,50000.000,0
27701,-16166.352,-10391.588,50000.000,-22366.939,4631.764,50000.000,0
27751,-15307.234,-12042.588,50000.000,-23397.881,2159.000,50000.000,0
27801,-17765.059,-15038.293,50000.000,-25788.469,1337.235,50000.000,0
27851,-17130.059,-14201.587,50000.000,-26528.057,1994.647,50000.000,0
27901,-14851.528,-10712.823,50000.000,-26154.527,2487.706,50000.000,0
27951,-14709.587,-9024.470,50000.000,-26020.057,1748.118,50000.000,0
28001,-15000.940,-9002.059,50000.000,-26550.469,283.882,50000.000,0
28051,-15187.705,-8792.882,50000.000,-26752.174,-747.059,50000.000,0
28101,-16270.940,-7963.646,50000.000,-26393.586,844.176,50000.000,0
28151,-16039.352,-7724.588,50000.000,-24847.174,2659.529,50000.000,0
28201,-16084.176,-9158.940,50000.000,-26251.645,1979.706,50000.000,0
28251,-14903.822,-9480.176,50000.000,-27088.352,2248.647,50000.000,0
28301,-14044.705,-8837.705,50000.000,-27775.645,3922.059,50000.000,0
28351,-14903.822,-8352.117,50000.000,-27431.998,3922.059,50000.000,0
28401,-17623.117,-10070.353,50000.000,-27417.057,2921.000,50000.000,0
28451,-15583.646,-8486.588,50000.000,-27409.586,1135.529,50000.000,0
28501,-15053.234,-6604.000,50000.000,-26401.057,-1240.118,50000.000,0
28551,-16442.764,-6439.646,50000.000,-24779.939,-3473.823,50000.000,0
28601,-15068.176,-4557.059,50000.000,-22620.939,-1195.294,50000.000,0
28651,-17391.527,-4691.529,50000.000,-23188.705,605.118,50000.000,0
28701,-17959.293,-2465.294,50000.000,-18033.998,1538.941,50000.000,0
28751,-17204.764,-231.588,50000.000,-16838.705,2181.412,50000.000,0
28801,-18444.881,328.706,50000.000,-20573.998,343.647,50000.000,0
28851,-15837.646,552.823,50000.000,-19139.646,-1060.823,50000.000,0
28901,-17122.588,403.412,50000.000,-19371.234,-1187.823,50000.000,0
28951,-16181.293,-896.471,50000.000,-19572.939,-2278.529,50000.000,0
29001,-15359.528,-1538.941,50000.000,-19550.527,-3197.412,50000.000,0
29051,-15359.528,-2211.294,50000.000,-19072.410,-3854.823,50000.000,0
29101,-13454.528,-2061.882,50000.000,-18758.646,-4646.706,50000.000,0
29151,-12363.822,-874.059,50000.000,-17257.059,-4340.412,50000.000,0
29201,-11392.646,-37.353,50000.000,-14896.352,-5221.941,50000.000,0
29251,-9749.117,1187.823,50000.000,-12998.822,-4362.823,50000.000,0
29301,-10720.293,1060.823,50000.000,-10526.059,515.471,50000.000,0
29351,-9495.117,-3526.117,50000.000,-10511.117,-829.235,50000.000,0
29401,-4415.117,-5147.235,50000.000,-9861.176,-6753.411,50000.000,0
29451,-3436.470,-5154.706,50000.000,-7522.882,-9390.528,50000.000,0
29501,-3481.294,-5827.059,50000.000,-7485.529,-11392.646,50000.000,0
29551,-1270.000,-6708.588,50000.000,-7231.529,-12236.822,50000.000,0
29601,-1905.000,-8777.940,50000.000,-6872.941,-10018.059,50000.000,0
29651,-3167.529,-7126.941,50000.000,-7224.058,-6544.235,50000.000,0
29701,-2502.647,-3668.059,50000.000,-5856.941,-3668.059,50000.000,0
29751,-3354.294,-7246.470,50000.000,-5707.529,-2405.529,50000.000,0
29801,-3757.706,-10189.882,50000.000,-7679.764,-403.412,50000.000,0
29851,-4220.882,-11265.646,50000.000,-7739.529,358.588,50000.000,0
29901,-4250.765,-12610.353,50000.000,-8464.176,-836.706,50000.000,0
29951,-3638.176,-12431.058,50000.000,-9166.411,-3496.235,50000.000,0
30001,-2921.000,-10697.882,50000.000,-7903.882,-6200.588,50000.000,0
30051,-4848.412,-11205.882,50000.000,-8494.059,-2726.764,50000.000,0
30101,-6409.764,-10122.646,50000.000,-9868.646,2188.882,50000.000,0
30151,-7007.411,-8576.234,50000.000,-10182.411,4101.353,50000.000,0
30201,-7216.588,-8023.411,50000.000,-11347.823,1083.235,50000.000,0
30251,-6805.706,-8098.117,50000.000,-12558.058,-1008.529,50000.000,0
30301,-7082.117,-9091.705,50000.000,-13043.646,-1284.941,50000.000,0
30351,-7874.000,-9965.764,50000.000,-13521.764,963.706,50000.000,0
30401,-7582.646,-10115.176,50000.000,-13491.882,4945.529,50000.000,0
30451,-8269.940,-9898.528,50000.000,-14380.882,3331.882,50000.000,0
30501,-8389.470,-8718.176,50000.000,-16315.764,1225.176,50000.000,0
30551,-9771.528,-9689.353,50000.000,-17062.822,702.235,50000.000,0
30601,-10167.470,-10070.353,50000.000,-17548.410,2988.235,50000.000,0
30651,-10286.999,-10944.411,50000.000,-17981.705,6820.646,50000.000,0
30701,-11542.058,-11034.058,50000.000,-19386.176,4684.059,50000.000,0
30751,-11713.882,-10481.234,50000.000,-19864.293,1651.000,50000.000,0
30801,-11967.882,-11527.117,50000.000,-20835.469,-44.824,50000.000,0
30851,-11564.470,-10951.882,50000.000,-20125.764,4796.117,50000.000,0
30901,-12722.411,-11265.646,50000.000,-19191.939,9270.999,50000.000,0
30951,-9345.705,-7590.117,50000.000,-20013.705,6596.529,50000.000,0
31001,-8919.882,-7537.823,50000.000,-20850.410,3630.706,50000.000,0
31051,-10667.999,-7956.176,50000.000,-21709.527,4766.235,50000.000,0
31101,-13461.999,-9293.411,50000.000,-20364.822,8471.646,50000.000,0
31151,-15337.116,-12087.411,50000.000,-22822.646,5431.117,50000.000,0
31201,-15493.999,-13708.528,50000.000,-25766.057,1456.765,50000.000,0
31251,-15897.411,-14067.116,50000.000,-25683.881,-261.471,50000.000,0
31301,-16965.705,-14096.999,50000.000,-25385.057,1434.353,50000.000,0
31351,-17466.234,-14455.587,50000.000,-23494.998,5281.706,50000.000,0
31401,-17324.293,-13925.176,50000.000,-25915.469,2218.765,50000.000,0
31451,-16382.999,-13529.234,50000.000,-26669.998,-433.294,50000.000,0
31501,-16689.293,-13783.234,50000.000,-26408.527,-127.000,50000.000,0
31551,-15262.411,-14470.528,50000.000,-24361.586,3869.764,50000.000,0
31601,-14761.882,-14888.881,50000.000,-24578.234,3219.823,50000.000,0
31651,-14104.470,-14321.116,50000.000,-25870.645,-366.059,50000.000,0
31701,-14194.116,-14246.411,50000.000,-26124.645,-1030.941,50000.000,0
31751,-13066.058,-11683.999,50000.000,-25071.293,2861.235,50000.000,0
31801,-13626.352,-12206.940,50000.000,-21761.822,7836.646,50000.000,0
31851,-15180.234,-12117.293,50000.000,-24070.234,5617.882,50000.000,0
31901,-15210.116,-11624.234,50000.000,-25063.822,2704.353,50000.000,0
31951,-16114.058,-12416.117,50000.000,-26109.705,1905.000,50000.000,0
32001,-15045.764,-12020.176,50000.000,-24667.881,5423.646,50000.000,0
32051,-13962.528,-11504.705,50000.000,-24787.410,6036.235,50000.000,0
32101,-12453.470,-10742.705,50000.000,-26677.469,1822.823,50000.000,0
32151,-8314.764,-7126.941,50000.000,-26946.410,351.118,50000.000,0
32201,-11796.058,-8703.234,50000.000,-27028.586,851.647,50000.000,0
32251,-14313.646,-10092.764,50000.000,-25422.410,6223.000,50000.000,0
32301,-14238.940,-9838.764,50000.000,-25444.822,5759.823,50000.000,0
32351,-14597.528,-9928.411,50000.000,-26341.293,209.176,50000.000,0
32401,-15740.528,-10540.999,50000.000,-25422.410,-3055.470,50000.000,0
32451,-16420.352,-9749.117,50000.000,-26169.469,-2136.588,50000.000,0
32501,-16577.234,-8621.059,50000.000,-25736.174,2181.412,50000.000,0
32551,-17884.588,-7761.940,50000.000,-22830.115,7380.941,50000.000,0
32601,-19049.998,-6327.588,50000.000,-22986.998,5610.412,50000.000,0
32651,-18482.234,-5221.941,50000.000,-23644.410,-941.294,50000.000,0
32701,-16823.764,-4900.706,50000.000,-21208.998,-5827.059,50000.000,0
32751,-14858.999,-4183.529,50000.000,-20499.293,-7507.940,50000.000,0
32801,-13969.999,-679.823,50000.000,-20454.469,-5356.412,50000.000,0
32851,-14492.940,388.471,50000.000,-18990.234,-3966.882,50000.000,0
32901,-12558.058,-1912.470,50000.000,-18385.117,-7119.470,50000.000,0
32951,-10712.823,-6813.176,50000.000,-17817.352,-10092.764,50000.000,0
33001,-9457.764,-9622.117,50000.000,-17047.881,-10817.411,50000.000,0
33051,-9054.353,-12595.411,50000.000,-16965.705,-10944.411,50000.000,0
33101,-9016.999,-14522.822,50000.000,-17070.293,-10682.940,50000.000,0
33151,-8957.234,-11034.058,50000.000,-16636.998,-5543.176,50000.000,0
33201,-10570.882,-10630.646,50000.000,-15225.058,-821.765,50000.000,0
33251,-11228.293,-12393.705,50000.000,-15979.587,918.882,50000.000,0
33301,-10130.117,-13992.411,50000.000,-16636.998,844.176,50000.000,0
33351,-9129.059,-15008.411,50000.000,-16838.705,-2652.059,50000.000,0
33401,-6701.117,-11310.470,50000.000,-16457.705,-4310.529,50000.000,0
33451,-7888.940,-9764.059,50000.000,-13977.470,3421.529,50000.000,0
33501,-9188.823,-8523.940,50000.000,-13790.705,8606.117,50000.000,0
33551,-9778.999,-8650.940,50000.000,-16465.176,6387.353,50000.000,0
33601,-11011.646,-9846.234,50000.000,-16943.293,3025.588,50000.000,0
33651,-10966.823,-8934.823,50000.000,-18041.469,1703.294,50000.000,0
33701,-11661.588,-8837.705,50000.000,-18228.234,3503.706,50000.000,0
33751,-12423.587,-9226.176,50000.000,-16704.234,7806.764,50000.000,0
33801,-12318.999,-10003.117,50000.000,-17944.352,5072.529,50000.000,0
33851,-11721.353,-9995.646,50000.000,-19020.117,-29.882,50000.000,0
33901,-11982.822,-7829.176,50000.000,-17772.527,-2689.412,50000.000,0
33951,-12647.705,-4228.353,50000.000,-17197.293,-1434.353,50000.000,0
34001,-12094.882,-552.823,50000.000,-14985.999,-926.353,50000.000,0
34051,-9584.764,1979.706,50000.000,-12953.999,-6252.882,50000.000,0
34101,-7164.293,590.176,50000.000,-11788.588,-14029.764,50000.000,0
34151,-8419.353,-3795.059,50000.000,-13476.940,-11601.822,50000.000,1
34201,-8381.999,-6745.941,50000.000,-13006.293,-1591.235,50000.000,1
34251,-7059.706,-9285.940,50000.000,-13828.058,179.294,50000.000,0
34301,-8374.529,-9988.176,50000.000,-14604.999,306.294,50000.000,0
34351,-8381.999,-8187.764,50000.000,-13461.999,2465.294,50000.000,0
34401,-7014.882,-8142.940,50000.000,-13267.764,2891.117,50000.000,0
34451,-7956.176,-9891.059,50000.000,-13715.999,2390.588,50000.000,0
34501,-8359.588,-11048.999,50000.000,-13962.528,1897.529,50000.000,0
34551,-8367.059,-11534.588,50000.000,-13984.940,3227.294,50000.000,0
34601,-8807.823,-13454.528,50000.000,-14201.587,2883.647,50000.000,0
34651,-8822.764,-15068.176,50000.000,-15008.411,1247.588,50000.000,0
34701,-6611.470,-7918.823,50000.000,-13775.764,5363.882,50000.000,0
34751,-9831.293,-7343.588,50000.000,-12520.705,7851.588,50000.000,0
34801,-9218.705,-9151.470,50000.000,-14455.587,2046.941,50000.000,0
34851,-8643.470,-10608.234,50000.000,-16838.705,-814.294,50000.000,0
34901,-7164.293,-8792.882,50000.000,-16577.234,-3466.353,50000.000,0
34951,-7126.941,-8307.294,50000.000,-16300.822,-2032.000,50000.000,0
35001,-9808.882,-9719.234,50000.000,-15695.705,4706.470,50000.000,0
35051,-11220.823,-8650.940,50000.000,-16502.527,7597.588,50000.000,0
35101,-12535.646,-7418.293,50000.000,-18033.998,6491.941,50000.000,0
35151,-13178.117,-5304.117,50000.000,-18534.527,5812.117,50000.000,0
35201,-14582.587,-5296.646,50000.000,-19139.646,4504.764,50000.000,0
35251,-16330.705,-8337.176,50000.000,-20088.410,5184.588,50000.000,0
35301,-15665.822,-9816.353,50000.000,-21582.527,5199.529,50000.000,0
35351,-11504.705,-8613.588,50000.000,-22919.764,2084.294,50000.000,0
35401,-12864.353,-9838.764,50000.000,-25280.469,440.765,50000.000,0
35451,-13872.882,-8598.646,50000.000,-23196.176,4855.882,50000.000,0
35501,-13118.353,-8113.058,50000.000,-23375.469,7351.058,50000.000,0
35551,-15329.646,-11504.705,50000.000,-26782.057,2502.647,50000.000,0
35601,-15889.940,-13222.940,50000.000,-26879.174,1576.294,50000.000,0
35651,-15292.293,-11370.234,50000.000,-27215.352,470.647,50000.000,0
35701,-14739.470,-10458.823,50000.000,-27006.174,776.941,50000.000,0
35751,-14582.587,-10772.588,50000.000,-26528.057,3869.764,50000.000,0
35801,-17182.352,-14074.587,50000.000,-27521.645,560.294,50000.000,0
35851,-15150.352,-13842.999,50000.000,-27947.469,-3287.059,50000.000,0
35901,-16808.822,-14709.587,50000.000,-27641.174,-2091.765,50000.000,0
35951,-15703.176,-15546.293,50000.000,-26976.293,1792.941,50000.000,0
36001,-14717.058,-14373.411,50000.000,-28186.527,455.706,50000.000,0
36051,-11437.470,-9614.646,50000.000,-27895.174,-388.471,50000.000,0
36101,-14664.764,-12236.822,50000.000,-27745.764,844.176,50000.000,0
36151,-14268.822,-14059.646,50000.000,-27342.352,3780.117,50000.000,0
36201,-13969.999,-12804.587,50000.000,-28425.586,1598.706,50000.000,0
36251,-13947.587,-12535.646,50000.000,-28410.645,821.765,50000.000,0
36301,-16151.411,-13850.470,50000.000,-29389.293,2988.235,50000.000,0
36351,-17458.764,-14082.058,50000.000,-29187.586,7388.411,50000.000,0
36401,-14358.470,-10623.176,50000.000,-30943.174,3503.706,50000.000,0
36451,-12909.176,-9853.705,50000.000,-30890.881,896.471,50000.000,0
36501,-13200.528,-14246.411,50000.000,-29912.232,1905.000,50000.000,0
36551,-16562.293,-14276.293,50000.000,-31100.057,3055.470,50000.000,0
36601,-14336.058,-14522.822,50000.000,-33236.645,-1262.529,50000.000,0
36651,-15299.764,-15322.176,50000.000,-32482.115,-2764.117,50000.000,0
36701,-15680.764,-14149.293,50000.000,-32497.057,1165.412,50000.000,0
36751,-15083.116,-13417.176,50000.000,-33729.703,799.353,50000.000,0
36801,-15598.587,-13193.058,50000.000,-34484.234,-1456.765,50000.000,0
36851,-16517.469,-13334.999,50000.000,-32698.762,-112.059,50000.000,0
36901,-14597.528,-13215.470,50000.000,-31443.703,2457.823,50000.000,0
36951,-11534.588,-10675.470,50000.000,-32549.352,-216.647,50000.000,0
37001,-11609.293,-8703.234,50000.000,-31884.469,-1337.235,50000.000,0
37051,-13118.353,-6155.764,50000.000,-27588.881,-508.000,50000.000,0
37101,-13768.293,-298.824,50000.000,-21328.527,1778.000,50000.000,0
37151,-13275.234,3653.117,50000.000,-16091.646,1673.412,50000.000,0
37201,-11556.999,4086.411,50000.000,-14089.528,119.529,50000.000,0
37251,-12326.470,1449.294,50000.000,-14694.646,-896.471,50000.000,0
37301,-12236.822,-1651.000,50000.000,-14515.352,-1367.118,50000.000,0
37351,-12229.353,-4265.706,50000.000,-12901.705,-1718.235,50000.000,0
37401,-11781.117,-4034.117,50000.000,-12558.058,-2659.529,50000.000,0
37451,-10159.999,-2704.353,50000.000,-11930.528,-1972.235,50000.000,0
37501,-9808.882,-1636.059,50000.000,-11250.705,-2375.647,50000.000,0
37551,-8523.940,-1202.765,50000.000,-11086.353,-4878.294,50000.000,0
37601,-6731.000,-1703.294,50000.000,-10219.764,-6290.235,50000.000,0
37651,-7194.176,-3062.941,50000.000,-9569.823,-6088.529,50000.000,0
37701,-7276.353,-4728.882,50000.000,-9868.646,-5722.470,50000.000,0
37751,-6096.000,-6058.646,50000.000,-9495.117,-5894.294,50000.000,0
37801,-5378.823,-8755.529,50000.000,-9442.823,-7986.058,50000.000,0
37851,-4796.117,-8262.470,50000.000,-9278.470,-6305.176,50000.000,0
37901,-2808.941,-2652.059,50000.000,-8852.646,-1740.647,50000.000,0
37951,-5154.706,-5931.646,50000.000,-7463.117,-1090.706,50000.000,0
38001,-4639.235,-8471.646,50000.000,-8942.294,-2973.294,50000.000,0
38051,-4482.353,-9233.646,50000.000,-8658.411,-2652.059,50000.000,0
38101,-5408.706,-11220.823,50000.000,-8867.588,-2226.235,50000.000,0
38151,-5281.706,-11415.058,50000.000,-10174.940,-2338.294,50000.000,0
38201,-5154.706,-8404.411,50000.000,-9734.176,-3623.235,50000.000,0
38251,-5580.529,-5991.411,50000.000,-8322.234,-2181.412,50000.000,0
38301,-6245.411,-8957.234,50000.000,-8591.176,2345.765,50000.000,0
38351,-6439.646,-9263.528,50000.000,-8875.059,5849.470,50000.000,0
38401,-8068.235,-9420.411,50000.000,-10257.117,5632.823,50000.000,0
38451,-8337.176,-10899.588,50000.000,-11728.822,3989.294,50000.000,0
38501,-7971.117,-10518.588,50000.000,-12050.058,3025.588,50000.000,0
38551,-7776.882,-5050.117,50000.000,-12371.293,3033.059,50000.000,0
38601,-8875.059,-5692.588,50000.000,-11362.764,5304.117,50000.000,0
38651,-9756.588,-3018.117,50000.000,-9532.470,6902.823,50000.000,0
38701,-10399.059,-5715.000,50000.000,-11601.822,5259.294,50000.000,0
38751,-10630.646,-6036.235,50000.000,-13379.822,4123.765,50000.000,0
38801,-12259.234,-3585.882,50000.000,-12998.822,2218.765,50000.000,0
38851,-10137.588,-672.353,50000.000,-12348.882,-3996.764,50000.000,0
38901,-9016.999,-724.647,50000.000,-11803.528,-7642.411,50000.000,0
38951,-10428.940,-2823.882,50000.000,-12894.234,-4497.294,50000.000,0
39001,-12169.588,-4594.412,50000.000,-13887.822,-1927.412,50000.000,0
39051,-12558.058,-5961.529,50000.000,-15314.705,687.294,50000.000,0
39101,-12490.822,-6364.941,50000.000,-15815.234,3339.353,50000.000,0
39151,-12558.058,-5692.588,50000.000,-17152.469,5371.353,50000.000,0
39201,-12558.058,-6013.823,50000.000,-16203.705,7896.411,50000.000,0
39251,-12304.058,-5602.941,50000.000,-15366.999,6379.882,50000.000,0
39301,-11527.117,-4377.765,50000.000,-15337.116,2405.529,50000.000,0
39351,-10548.470,-2450.353,50000.000,-14746.940,-470.647,50000.000,0
39401,-10212.293,-597.647,50000.000,-13073.528,-5849.470,50000.000,0
39451,-7575.176,463.176,50000.000,-11728.822,-9009.528,50000.000,0
39501,-7911.353,-881.529,50000.000,-10286.999,-6148.294,50000.000,0
39551,-6962.588,-3675.529,50000.000,-9666.940,-3234.764,50000.000,0
39601,-6215.529,-5401.235,50000.000,-9510.059,-5266.764,50000.000,0
39651,-4639.235,-6163.235,50000.000,-9054.353,-7014.882,50000.000,0
39701,-4684.059,-7709.646,50000.000,-8561.294,-5939.117,50000.000,0
39751,-5827.059,-11482.293,50000.000,-9166.411,-3055.470,50000.000,0
39801,-6051.176,-11422.528,50000.000,-9950.823,-1411.941,50000.000,0
39851,-5879.353,-8202.705,50000.000,-9599.705,-605.118,50000.000,0
39901,-6320.117,-5662.706,50000.000,-7291.293,1479.176,50000.000,0
39951,-6110.941,-5289.176,50000.000,-7216.588,4026.647,50000.000,0
40001,-6850.529,-6828.117,50000.000,-7874.000,5266.764,50000.000,0
40051,-7336.117,-2704.353,50000.000,-5595.470,3922.059,50000.000,0
40101,-6454.588,149.412,50000.000,-5356.412,1314.823,50000.000,0
40151,-3824.941,-3795.059,50000.000,-5774.764,-1591.235,50000.000,0
40201,-3907.117,-3929.529,50000.000,-7037.293,-1890.059,50000.000,0
40251,-6028.764,-3660.588,50000.000,-7881.470,-1113.118,50000.000,0
40301,-7694.706,-3264.647,50000.000,-9435.353,-1718.235,50000.000,0
40351,-7052.235,-4004.235,50000.000,-9853.705,-3966.882,50000.000,0
40401,-7126.941,-7620.000,50000.000,-11796.058,-5080.000,50000.000,0
40451,-6663.764,-8277.411,50000.000,-13252.822,-2532.529,50000.000,0
40501,-9136.528,-9801.411,50000.000,-13977.470,3518.647,50000.000,0
40551,-9046.882,-7425.764,50000.000,-16390.469,5266.764,50000.000,0
40601,-11048.999,-7029.823,50000.000,-18168.469,6350.000,50000.000,0
40651,-13656.234,-4474.882,50000.000,-18706.352,6955.117,50000.000,0
40701,-14739.470,-5431.117,50000.000,-18870.705,6820.646,50000.000,0
40751,-16950.764,-8762.999,50000.000,-19931.527,5550.646,50000.000,0
40801,-16778.939,-10413.999,50000.000,-21134.293,3212.353,50000.000,0
40851,-16427.822,-10817.411,50000.000,-21806.646,799.353,50000.000,0
40901,-15553.764,-11004.176,50000.000,-23091.586,-1770.529,50000.000,0
40951,-15098.058,-10428.940,50000.000,-22703.115,1494.118,50000.000,0
41001,-16114.058,-12408.646,50000.000,-21164.176,7933.764,50000.000,0
41051,-16465.176,-12998.822,50000.000,-24906.939,4833.470,50000.000,0
41101,-16696.764,-14911.293,50000.000,-25855.705,791.882,50000.000,0
41151,-16524.939,-15292.293,50000.000,-26378.645,-1255.059,50000.000,0
41201,-16330.705,-15747.999,50000.000,-25885.586,395.941,50000.000,0
41251,-14477.999,-15352.058,50000.000,-23763.939,5662.706,50000.000,0
41301,-13641.293,-14216.528,50000.000,-24735.115,2898.588,50000.000,0
41351,-13842.999,-14268.822,50000.000,-25631.586,971.176,50000.000,0
41401,-15508.940,-16704.234,50000.000,-25048.881,4019.176,50000.000,0
41451,-16457.705,-17481.176,50000.000,-24727.645,3197.412,50000.000,0
41501,-16905.939,-16868.588,50000.000,-25997.645,754.529,50000.000,0
41551,-16368.058,-16397.939,50000.000,-25310.352,1688.353,50000.000,0
41601,-17309.352,-18952.881,50000.000,-24100.115,5363.882,50000.000,1
41651,-14933.705,-17159.939,50000.000,-26647.586,2338.294,50000.000,1
41701,-10787.528,-12901.705,50000.000,-27058.469,-455.706,50000.000,0
41751,-12147.176,-14186.646,50000.000,-25900.527,1143.000,50000.000,0
41801,-13013.764,-15800.293,50000.000,-26841.822,1740.647,50000.000,0
41851,-12124.764,-14433.176,50000.000,-28821.527,-2233.706,50000.000,0
41901,-15015.881,-15635.940,50000.000,-27753.234,-2196.353,50000.000,0
41951,-17817.352,-15874.999,50000.000,-26602.764,2689.412,50000.000,0
42001,-15912.352,-11818.470,50000.000,-26333.822,1284.941,50000.000,0
42051,-16158.881,-7926.293,50000.000,-25272.998,-1404.470,50000.000,0
42101,-16853.646,-3608.294,50000.000,-21926.176,-2771.588,50000.000,0
42151,-17189.822,-6940.176,50000.000,-20969.939,-4445.000,50000.000,0
42201,-15733.058,-10705.353,50000.000,-22419.234,-3765.176,50000.000,0
42251,-13663.705,-10451.353,50000.000,-21941.115,-358.588,50000.000,0
42301,-14336.058,-9472.705,50000.000,-21582.527,-664.882,50000.000,0
42351,-13066.058,-6327.588,50000.000,-19684.998,-2525.059,50000.000,0
42401,-11474.822,-4407.647,50000.000,-17279.469,-2659.529,50000.000,0
42451,-10339.293,-2330.823,50000.000,-14455.587,-425.823,50000.000,0
42501,-8718.176,575.235,50000.000,-10077.823,2495.176,50000.000,0
42551,-7201.646,2181.412,50000.000,-7926.293,2734.235,50000.000,0
42601,-4833.470,1568.823,50000.000,-5274.235,620.059,50000.000,0
42651,-3526.117,-209.176,50000.000,-4452.470,-1344.706,50000.000,0
42701,-2540.000,-1449.294,50000.000,-3712.882,-1426.882,50000.000,0
42751,-1733.176,-948.765,50000.000,-2241.176,-1008.529,50000.000,0
42801,-806.823,127.000,50000.000,-1038.412,-1098.176,50000.000,0
42851,-74.706,635.000,50000.000,-37.353,-515.471,50000.000,0
42901,545.353,672.353,50000.000,769.471,-702.235,50000.000,0
42951,672.353,679.823,50000.000,844.176,-343.647,50000.000,0
43001,627.529,642.471,50000.000,963.706,-59.765,50000.000,0
43051,747.059,261.471,50000.000,881.529,-440.765,50000.000,0
43101,395.941,493.059,50000.000,567.765,291.353,50000.000,0
43151,418.353,582.706,50000.000,672.353,239.059,50000.000,0
43201,268.941,224.118,50000.000,448.235,52.294,50000.000,0
43251,37.353,82.176,50000.000,-7.471,74.706,50000.000,0
43301,74.706,201.706,50000.000,104.588,186.765,50000.000,0
43351,224.118,254.000,50000.000,433.294,104.588,50000.000,0
43401,52.294,59.765,50000.000,119.529,37.353,50000.000,0
43451,-119.529,-164.353,50000.000,-156.882,-59.765,50000.000,0
43501,-149.412,-254.000,50000.000,-186.765,-74.706,50000.000,0
43551,-97.118,-171.824,50000.000,-134.471,-89.647,50000.000,0
43601,37.353,-67.235,50000.000,14.941,-216.647,50000.000,0
43651,59.765,37.353,50000.000,82.176,-29.882,50000.000,0
43701,52.294,59.765,50000.000,74.706,-7.471,50000.000,0
43751,7.471,0.000,50000.000,22.412,-22.412,50000.000,0
43801,7.471,7.471,50000.000,0.000,-22.412,50000.000,0
43851,59.765,14.941,50000.000,97.118,-97.118,50000.000,0
43901,14.941,-14.941,50000.000,22.412,-22.412,50000.000,0
43951,-7.471,0.000,50000.000,-14.941,0.000,50000.000,0
44001,44.824,0.000,50000.000,112.059,-104.588,50000.000,0
44051,179.294,0.000,50000.000,209.176,-67.235,50000.000,0
44101,328.706,-7.471,50000.000,343.647,-156.882,50000.000,0
44151,433.294,201.706,50000.000,395.941,-74.706,50000.000,0
44201,276.412,239.059,50000.000,388.471,82.176,50000.000,0
44251,254.000,22.412,50000.000,306.294,44.824,50000.000,0
44301,216.647,7.471,50000.000,246.529,-119.529,50000.000,0
44351,246.529,149.412,50000.000,328.706,74.706,50000.000,0
44401,127.000,74.706,50000.000,246.529,22.412,50000.000,0
44451,44.824,-29.882,50000.000,59.765,0.000,50000.000,0
44501,7.471,-14.941,50000.000,-7.471,-22.412,50000.000,0
44551,52.294,-29.882,50000.000,22.412,-59.765,50000.000,0
44601,14.941,0.000,50000.000,52.294,0.000,50000.000,0
44651,7.471,7.471,50000.000,14.941,0.000,50000.000,0
44701,0.000,0.000,50000.000,0.000,-7.471,50000.000,0
44751,59.765,-7.471,50000.000,67.235,-67.235,50000.000,0
44801,67.235,7.471,50000.000,127.000,7.471,50000.000,0
44851,97.118,7.471,50000.000,82.176,-89.647,50000.000,0
44901,112.059,82.176,50000.000,104.588,22.412,50000.000,0
44951,59.765,44.824,50000.000,134.471,14.941,50000.000,0
45001,7.471,7.471,50000.000,14.941,14.941,50000.000,0
45051,0.000,14.941,50000.000,-29.882,0.000,50000.000,0
45101,7.471,0.000,50000.000,29.882,0.000,50000.000,0
45151,7.471,0.000,50000.000,0.000,0.000,50000.000,0
45201,0.000,-14.941,50000.000,-14.941,0.000,50000.000,0
45251,0.000,-37.353,50000.000,0.000,-14.941,50000.000,0
45301,0.000,-37.353,50000.000,-7.471,-14.941,50000.000,0
45351,0.000,-7.471,50000.000,-7.471,0.000,50000.000,0
45401,0.000,0.000,50000.000,0.000,-7.471,50000.000,0
45451,29.882,-7.471,50000.000,44.824,-44.824,50000.000,0
45501,29.882,7.471,50000.000,37.353,0.000,50000.000,0
45551,7.471,7.471,50000.000,0.000,0.000,50000.000,0
45601,0.000,0.000,50000.000,0.000,0.000,50000.000,0
45651,0.000,0.000,50000.000,0.000,0.000,50000.000,0
45701,14.941,-7.471,50000.000,-14.941,-29.882,50000.000,0
45751,44.824,-52.294,50000.000,7.471,-67.235,50000.000,0
45801,14.941,7.471,50000.000,37.353,0.000,50000.000,0
45851,14.941,22.412,50000.000,14.941,0.000,50000.000,0
45901,0.000,0.000,50000.000,-7.471,0.000,50000.000,0
45951,-7.471,-22.412,50000.000,-7.471,0.000,50000.000,0
46001,0.000,-22.412,50000.000,0.000,-44.824,50000.000,0
46051,7.471,-7.471,50000.000,0.000,-7.471,50000.000,0
46101,14.941,14.941,50000.000,14.941,0.000,50000.000,0
46151,0.000,7.471,50000.000,7.471,0.000,50000.000,0
46201,0.000,-7.471,50000.000,0.000,0.000,50000.000,0
46251,0.000,-22.412,50000.000,0.000,-37.353,50000.000,0
46301,0.000,0.000,50000.000,0.000,-14.941,50000.000,0
46351,0.000,0.000,50000.000,7.471,0.000,50000.000,0
46401,7.471,0.000,50000.000,0.000,0.000,50000.000,0
46451,0.000,0.000,50000.000,0.000,0.000,50000.000,0
46501,7.471,-22.412,50000.000,0.000,-52.294,50000.000,0
46551,14.941,-14.941,50000.000,14.941,-29.882,50000.000,0
46601,7.471,0.000,50000.000,7.471,0.000,50000.000,0
46651,7.471,7.471,50000.000,7.471,0.000,50000.000,0
46701,0.000,0.000,50000.000,0.000,0.000,50000.000,0
46751,0.000,-7.471,50000.000,0.000,-7.471,50000.000,0
46801,7.471,-14.941,50000.000,0.000,-59.765,50000.000,0
46851,29.882,-14.941,50000.000,14.941,-22.412,50000.000,0
46901,14.941,0.000,50000.000,37.353,0.000,50000.000,0
46951,0.000,0.000,50000.000,7.471,0.000,50000.000,0
47001,0.000,0.000,50000.000,0.000,0.000,50000.000,0
47051,0.000,0.000,50000.000,0.000,-22.412,50000.000,0
47101,29.882,-37.353,50000.000,0.000,-82.176,50000.000,0
47151,37.353,0.000,50000.000,22.412,0.000,50000.000,0
47201,7.471,7.471,50000.000,22.412,-7.471,50000.000,0
47251,0.000,0.000,50000.000,0.000,0.000,50000.000,0
47301,0.000,0.000,50000.000,0.000,0.000,50000.000,0
47351,7.471,-7.471,50000.000,7.471,-44.824,50000.000,0
47401,0.000,-14.941,50000.000,0.000,-7.471,50000.000,0
47451,0.000,0.000,50000.000,0.000,0.000,50000.000,0
47501,0.000,0.000,50000.000,0.000,0.000,50000.000,0
47551,0.000,0.000,50000.000,0.000,0.000,50000.000,0
47601,7.471,-7.471,50000.000,0.000,-14.941,50000.000,0
47651,37.353,-29.882,50000.000,0.000,-67.235,50000.000,0
47701,7.471,7.471,50000.000,37.353,0.000,50000.000,0
47751,14.941,14.941,50000.000,14.941,0.000,50000.000,0
47801,7.471,0.000,50000.000,0.000,-14.941,50000.000,0
47851,22.412,-52.294,50000.000,-14.941,-74.706,50000.000,0
47901,0.000,-14.941,50000.000,0.000,0.000,50000.000,0
47951,0.000,0.000,50000.000,0.000,0.000,50000.000,0
48001,14.941,0.000,50000.000,0.000,-14.941,50000.000,0
48051,97.118,0.000,50000.000,89.647,-156.882,50000.000,0
48101,283.882,-14.941,50000.000,246.529,-418.353,50000.000,0
48151,351.118,-74.706,50000.000,321.235,-605.118,50000.000,0
48201,1725.706,22.412,50000.000,1374.588,-3414.059,50000.000,0
48251,2734.235,-620.059,50000.000,2756.647,-4243.294,50000.000,0
48301,2495.176,-2144.059,50000.000,2002.118,-2816.412,50000.000,0
48351,1292.412,-2667.000,50000.000,672.353,-1359.647,50000.000,0
48401,679.823,-3175.000,50000.000,-201.706,-1837.765,50000.000,0
48451,515.471,-4280.647,50000.000,-433.294,-2569.882,50000.000,0
48501,261.471,-6148.294,50000.000,-1718.235,-3937.000,50000.000,0
48551,-1494.118,-6521.823,50000.000,-3862.294,-896.471,50000.000,0
48601,-1890.059,-5602.941,50000.000,-4721.412,-1770.529,50000.000,0
48651,-485.588,-7059.706,50000.000,-4138.706,-7881.470,50000.000,0
48701,-791.882,-6402.293,50000.000,-4586.941,-9136.528,50000.000,0
48751,-2211.294,-4026.647,50000.000,-4474.882,-1292.412,50000.000,0
48801,-2868.706,-4601.882,50000.000,-4430.059,2846.294,50000.000,0
48851,-3996.764,-6163.235,50000.000,-5842.000,3974.353,50000.000,0
48901,-3824.941,-6402.293,50000.000,-6387.353,1531.470,50000.000,0
48951,-3361.764,-8658.411,50000.000,-6895.353,-1845.235,50000.000,0
49001,-3750.235,-9323.294,50000.000,-7612.529,-2487.706,50000.000,0
49051,-4482.353,-9995.646,50000.000,-7836.646,-1628.588,50000.000,0
49101,-5595.470,-11444.940,50000.000,-8972.176,-2188.882,50000.000,0
49151,-6551.706,-12251.764,50000.000,-9891.059,1113.118,50000.000,0
49201,-7739.529,-11773.646,50000.000,-11228.293,5662.706,50000.000,1
49251,-8613.588,-12782.176,50000.000,-12752.293,3227.294,50000.000,1
49301,-8247.529,-13977.470,50000.000,-13596.470,1299.882,50000.000,0
49351,-8329.705,-14418.234,50000.000,-14336.058,1583.765,50000.000,0
49401,-7963.646,-11078.882,50000.000,-13641.293,6327.588,50000.000,0
49451,-9121.588,-6081.059,50000.000,-11937.999,4557.059,50000.000,0
49501,-7575.176,-3638.176,50000.000,-9905.999,-3391.647,50000.000,0
49551,-2166.470,-425.823,50000.000,-7261.411,-8225.117,50000.000,0
49601,-1770.529,2995.706,50000.000,-3473.823,-9069.294,50002.000,0
49651,-1299.882,3623.235,50000.000,-1665.941,-9031.940,50000.000,0
49701,-410.882,127.000,50000.000,-1636.059,-11937.999,50000.000,0
49751,874.059,-3817.470,50000.000,-1942.353,-14104.470,50000.000,0
49801,522.941,-6462.059,50000.000,-1695.823,-12401.176,50000.000,0
49851,164.353,-8665.882,50000.000,-2913.529,-9562.353,50000.000,0
49901,-313.765,-7537.823,50000.000,-4288.117,-8015.940,50000.000,0
49951,-963.706,-7597.588,50000.000,-4004.235,-5729.941,50000.000,0
50001,-1718.235,-8329.705,50000.000,-5139.764,-1919.941,50000.000,0
50051,-2435.412,-9412.940,50000.000,-5640.294,4243.294,50000.000,0
50101,-3720.353,-8889.999,50000.000,-5954.059,5864.411,50000.000,0
50151,-3369.235,-6708.588,50000.000,-5393.764,2584.823,50000.000,0
50201,-2614.706,-2554.941,50000.000,-4176.059,1008.529,50000.000,0
50251,-2584.823,2868.706,50000.000,-2241.176,1897.529,50000.000,0
50301,-1860.176,3675.529,50000.000,-351.118,679.823,50000.000,0
50351,-1919.941,1344.706,50000.000,-2532.529,-74.706,50000.000,0
50401,-3399.117,231.588,50000.000,-4833.470,22.412,50000.000,0
50451,-4213.412,-306.294,50000.000,-4923.117,-560.294,50000.000,0
50501,-5192.059,-2734.235,50000.000,-7679.764,-1083.235,50000.000,0
50551,-3839.882,-2584.823,50000.000,-9046.882,-1202.765,50000.000,0
50601,-6342.529,-1964.765,50000.000,-8180.293,-298.824,50000.000,0
50651,-8262.470,-141.941,50000.000,-9203.764,-74.706,50000.000,0
50701,-7754.470,560.294,50000.000,-9278.470,-567.765,50000.000,0
50751,-9024.470,493.059,50000.000,-9749.117,-821.765,50000.000,0
50801,-9084.234,-530.412,50000.000,-10847.293,-1098.176,50000.000,0
50851,-9270.999,-403.412,50000.000,-10824.882,-717.176,50000.000,0
50901,-9472.705,343.647,50000.000,-10286.999,-254.000,50000.000,0
50951,-8449.234,1314.823,50000.000,-10025.528,-119.529,50000.000,0
51001,-7679.764,1509.059,50000.000,-9084.234,-776.941,50000.000,0
51051,-7067.176,1180.353,50000.000,-8680.823,-1195.294,50000.000,0
51101,-5311.588,1157.941,50000.000,-6887.882,-2099.235,50000.000,0
51151,-4078.941,1658.470,50000.000,-4616.823,-1277.470,50000.000,0
51201,-3421.529,590.176,50000.000,-3488.764,89.647,50000.000,0
51251,-1875.118,-590.176,50000.000,-2435.412,-1165.412,50000.000,0
51301,-814.294,-1083.235,50000.000,-1740.647,-1792.941,50000.000,0
51351,-321.235,-575.235,50000.000,-649.941,-874.059,50000.000,0
51401,246.529,29.882,50000.000,418.353,-463.176,50000.000,0
51451,1284.941,313.765,50000.000,1583.765,-1023.471,50000.000,0
51501,2465.294,336.176,50000.000,2808.941,-1718.235,50000.000,0
51551,4123.765,-717.176,50000.000,3780.117,-3892.176,50000.000,0
51601,6297.706,-3077.882,50000.000,4982.882,-6887.882,50000.000,0
51651,8254.999,-4855.882,50000.000,6335.059,-9823.823,50000.000,0
51701,7836.646,-3951.941,50000.000,6364.941,-8815.294,50000.000,0
51751,6925.235,-3399.117,50000.000,6477.000,-6215.529,50000.000,0
51801,6805.706,-6193.117,50000.000,5550.646,-6491.941,50000.000,0
51851,6925.235,-9457.764,50000.000,4661.647,-6200.588,50000.000,0
51901,5640.294,-9674.411,50000.000,4198.470,-4049.059,50000.000,0
51951,5304.117,-9614.646,50000.000,4019.176,-5087.470,50000.000,0
52001,5199.529,-10399.059,50000.000,3160.059,-4504.764,50000.000,0
52051,3189.941,-8494.059,50002.000,1867.647,-201.706,50000.000,0
52101,933.823,-6282.764,49999.000,918.882,5550.646,49999.000,0
52151,134.471,-7097.058,49999.000,-119.529,4542.117,49999.000,0
52201,500.529,-8523.940,50000.000,-1098.176,1045.882,50000.000,0
52251,-52.294,-8748.059,50000.000,-2338.294,37.353,50000.000,0
52301,-911.412,-5924.176,50000.000,-3346.823,1905.000,50000.000,0
52351,-3697.941,-2935.941,50000.000,-4093.882,6626.411,50000.000,0
52401,-6170.706,-1045.882,50000.000,-5827.059,5797.176,50000.000,0
52451,-7246.470,-2614.706,50000.000,-8381.999,2263.588,50000.000,0
52501,-8187.764,-5535.706,50000.000,-11497.234,1979.706,50000.000,0
52551,-9300.882,-5759.823,50000.000,-12871.822,866.588,50000.000,0
52601,-9338.234,-4803.588,50000.000,-13006.293,-754.529,50000.000,0
52651,-10720.293,-3877.235,50000.000,-14164.234,-597.647,50000.000,0
52701,-9868.646,-395.941,50000.000,-13902.764,112.059,50000.000,0
52751,-9973.234,1307.353,50000.000,-12528.176,-1001.059,50000.000,0
52801,-8957.234,1426.882,50000.000,-12468.411,-4579.470,50000.000,0
52851,-6491.941,231.588,50000.000,-10854.764,-7201.646,50000.000,0
52901,-6536.764,-3152.588,50000.000,-9958.293,-9285.940,50000.000,0
52951,-5378.823,-4915.646,50000.000,-11063.940,-9577.294,50000.000,0
53001,-6499.411,-7067.176,50000.000,-10750.176,-7059.706,50000.000,0
53051,-6409.764,-7687.235,50000.000,-11639.176,-6290.235,50000.000,0
53101,-6753.411,-6910.293,50000.000,-11863.293,-4019.176,50000.000,0
53151,-6872.941,-7829.176,50000.000,-10219.764,-2622.176,50000.000,0
53201,-7388.411,-12617.822,50000.000,-11661.588,-141.941,50000.000,0
53251,-7239.000,-13155.705,50000.000,-13252.822,2196.353,50000.000,0
53301,-4960.470,-8038.353,50000.000,-13334.999,1307.353,50000.000,0
53351,-7358.529,-8501.529,50000.000,-13424.646,2330.823,50000.000,0
53401,-7888.940,-8150.411,50000.000,-13402.234,3675.529,50000.000,0
53451,-8875.059,-9838.764,50000.000,-13857.940,7732.058,50000.000,0
53501,-8516.470,-9308.353,50000.000,-16091.646,9226.176,50000.000,0
53551,-8725.646,-10339.293,50000.000,-16360.587,5431.117,50000.000,0
53601,-9696.823,-11751.234,50000.000,-16928.352,3234.764,50000.000,0
53651,-9891.059,-10025.528,50000.000,-15979.587,6574.117,50000.000,0
53701,-12162.117,-11878.234,50000.000,-19804.527,-1075.765,50000.000,0
53751,-13118.353,-15501.470,50000.000,-20133.234,-836.706,50000.000,0
53801,-12147.176,-14209.058,50000.000,-20902.705,104.588,50000.000,0
53851,-14776.822,-15150.352,50000.000,-20163.117,6633.882,50000.000,0
53901,-15531.352,-15486.528,50000.000,-21552.646,3055.470,50000.000,0
53951,-14597.528,-15688.234,50000.000,-22852.527,-381.000,50000.000,0
54001,-14948.646,-16412.881,50000.000,-22060.646,2726.764,50000.000,0
54051,-16405.410,-17974.234,50000.000,-22374.410,5199.529,50000.000,0
54101,-15307.234,-17413.939,50000.000,-25444.822,649.941,50000.000,0
54151,-14209.058,-16524.939,50000.000,-25168.410,-7.471,50000.000,0
54201,-13133.293,-16674.352,50000.000,-24503.527,2749.176,50000.000,0
54251,-12431.058,-15650.881,50000.000,-25586.764,1314.823,50000.000,0
54301,-10832.353,-13103.411,50000.000,-26139.586,239.059,50000.000,0
54351,-12961.470,-15613.528,50000.000,-24750.057,2345.765,50000.000,0
54401,-14104.470,-17391.527,50000.000,-24309.293,2831.353,50000.000,0
54451,-14941.176,-17130.059,50000.000,-25736.174,440.765,50000.000,0
54501,-14926.234,-15479.058,50000.000,-25803.410,276.412,50000.000,0
54551,-16263.470,-15972.116,50000.000,-24555.822,5192.059,50000.000,0
54601,-15374.470,-15486.528,50000.000,-25220.705,3660.588,50000.000,0
54651,-14298.705,-16315.764,50000.000,-25624.115,-1494.118,50000.000,0
54701,-11885.705,-13357.411,50000.000,-22083.057,-2517.588,50000.000,0
54751,-14380.882,-13245.352,50000.000,-22501.410,1299.882,50000.000,0
54801,-15366.999,-13775.764,50000.000,-23988.057,1494.118,50000.000,0
54851,-14926.234,-14448.116,50000.000,-25967.764,-2928.470,50000.000,0
54901,-14791.764,-13902.764,50000.000,-24481.115,-4235.823,50000.000,0
54951,-16592.176,-13536.705,50000.000,-25556.881,7.471,50000.000,0
55001,-16689.293,-13506.822,50000.000,-25093.705,2868.706,50000.000,0
55051,-15755.470,-11265.646,50000.000,-26356.234,395.941,50000.000,0
55101,-17511.059,-6604.000,50000.000,-24212.176,-1411.941,50000.000,0
55151,-16980.646,-395.941,50000.000,-20446.998,-1538.941,50000.000,0
55201,-12572.999,2009.588,50000.000,-18265.588,-3937.000,50000.000,0
55251,-10555.940,-216.647,50000.000,-17391.527,-8576.234,50000.000,0
55301,-10944.411,-5124.823,50000.000,-18952.881,-6013.823,50000.000,0
55351,-11482.293,-7911.353,50000.000,-18990.234,-1105.647,50000.000,0
55401,-12528.176,-9002.059,50000.000,-19617.764,-1389.529,50000.000,0
55451,-14156.764,-8329.705,50000.000,-19722.352,612.588,50000.000,0
55501,-14619.940,-7993.529,50000.000,-18422.469,4205.941,50000.000,0
55551,-14365.940,-9644.528,50000.000,-18855.764,3839.882,50000.000,0
55601,-12789.646,-10765.117,50000.000,-20559.057,1202.765,50000.000,0
55651,-11542.058,-10339.293,50000.000,-20581.469,366.059,50000.000,0
55701,-10406.528,-7283.823,50000.000,-20521.705,-7.471,50000.000,0
55751,-12924.117,-6798.235,50000.000,-20364.822,903.941,50000.000,0
55801,-14956.116,-7336.117,50000.000,-19819.469,4078.941,50000.000,0
55851,-16300.822,-9502.588,50000.000,-20230.352,7283.823,50000.000,0
55901,-14343.528,-9069.294,50000.000,-21388.293,5154.706,50000.000,0
55951,-13880.352,-7941.235,50000.000,-21791.705,1075.765,50000.000,0
56001,-15486.528,-8098.117,50000.000,-21246.352,-4101.353,50000.000,0
56051,-13536.705,-7761.940,50000.000,-19864.293,-7014.882,50000.000,0
56101,-11056.470,-8792.882,50000.000,-18527.057,-3062.941,50000.000,0
56151,-12513.234,-11011.646,50000.000,-19938.998,-403.412,50000.000,0
56201,-13842.999,-11295.528,50000.000,-21702.057,7.471,50000.000,0
56251,-15239.999,-9270.999,50000.000,-21814.115,1367.118,50000.000,0
56301,-17974.234,-7799.293,50000.000,-20820.527,3824.941,50000.000,0
56351,-18803.469,-9517.528,50000.000,-21283.705,6880.411,50000.000,0
56401,-16898.469,-11825.940,50000.000,-24122.527,6932.706,50000.000,0
56451,-15987.058,-13574.058,50000.000,-25526.998,4183.529,50000.000,0
56501,-16016.940,-14776.822,50000.000,-26513.115,209.176,50000.000,0
56551,-15486.528,-14014.822,50000.000,-26699.881,67.235,50000.000,0
56601,-15344.587,-13409.705,50000.000,-24309.293,4923.117,50000.000,0
56651,-14515.352,-12333.940,50000.000,-25743.645,2181.412,50000.000,0
56701,-15493.999,-12976.411,50000.000,-26789.527,-89.647,50000.000,0
56751,-14687.176,-12602.882,50000.000,-27133.174,59.765,50000.000,0
56801,-15404.352,-14956.116,50000.000,-25564.352,3996.764,50000.000,0
56851,-15165.293,-15060.705,50000.000,-26236.705,3473.823,50000.000,0
56901,-13148.234,-11840.882,50000.000,-27103.293,1688.353,50000.000,0
56951,-13633.822,-11527.117,50000.000,-26251.645,2435.412,50000.000,0
57001,-16958.234,-14126.882,50000.000,-25863.174,7717.117,50000.000,0
57051,-15710.646,-12475.882,50000.000,-27798.057,5670.176,50000.000,0
57101,-14761.882,-12199.470,50000.000,-28171.586,2278.529,50000.000,0
57151,-14380.882,-11579.411,50000.000,-27708.410,2442.882,50000.000,0
57201,-15695.705,-12445.999,50000.000,-26655.057,5251.823,50000.000,0
57251,-16226.116,-13110.882,50000.000,-30629.410,2472.765,50000.000,0
57301,-16823.764,-14619.940,50000.000,-30711.586,-14.941,50000.000,0
57351,-17757.588,-14485.470,50000.000,-30509.881,485.588,50000.000,0
57401,-19550.527,-16584.705,50000.000,-30935.703,3869.764,50000.000,1
57451,-18093.764,-15366.999,50000.000,-34424.469,1202.765,50000.000,1
57501,-15867.528,-13073.528,50000.000,-34282.527,-1232.647,50000.000,0
57551,-16375.528,-12976.411,50000.000,-33669.938,-231.588,50000.000,0
57601,-14433.176,-13200.528,50000.000,-32243.057,3302.000,50000.000,0
57651,-10697.882,-9173.882,50000.000,-33139.527,747.059,50000.000,0
57701,-13865.411,-12139.705,50000.000,-33303.879,-1411.941,50000.000,0
57751,-16069.234,-11250.705,50000.000,-32287.881,-1553.882,50000.000,0
57801,-16517.469,-6185.646,50000.000,-25407.469,2271.059,50000.000,0
57851,-17877.117,-1434.353,50000.000,-20618.822,2891.117,50000.000,0
57901,-17040.410,-2159.000,50000.000,-19826.939,-2502.647,50000.000,0
57951,-13969.999,-6148.294,50000.000,-19834.410,-5842.000,50000.000,0
58001,-13357.411,-7380.941,50000.000,-19363.764,-7283.823,50000.000,0
58051,-14306.176,-7186.706,50000.000,-19595.352,-8232.588,50000.000,0
58101,-12363.822,-7261.411,50000.000,-19886.705,-8060.764,50000.000,0
58151,-10989.234,-10159.999,50000.000,-18377.646,-4489.823,50000.000,0
58201,-12864.353,-14433.176,50000.000,-18736.234,-1225.176,50000.000,0
58251,-11810.999,-13529.234,50000.000,-21194.057,-2353.235,50000.000,0
58301,-9943.353,-10100.234,50000.000,-21358.410,-3787.588,50000.000,0
58351,-12356.353,-11885.705,50000.000,-20446.998,-425.823,50000.000,0
58401,-13574.058,-13402.234,50000.000,-20349.881,-903.941,50000.000,0
58451,-14649.822,-15822.705,50000.000,-16726.646,2808.941,50000.000,0
58501,-15830.176,-15964.646,50000.000,-22643.352,3339.353,50000.000,0
58551,-15733.058,-14052.176,50000.000,-22942.176,1538.941,50000.000,0
58601,-15322.176,-12475.882,50000.000,-23823.705,1890.059,50000.000,0
58651,-15254.940,-11706.411,50000.000,-22008.352,7044.764,50000.000,0
58701,-15053.234,-10712.823,50000.000,-22068.115,7358.529,50000.000,0
58751,-15254.940,-11975.353,50000.000,-24936.822,1538.941,50000.000,0
58801,-16569.764,-14619.940,50000.000,-24832.234,-2136.588,50000.000,0
58851,-16749.059,-14888.881,50000.000,-25952.822,-1471.706,50000.000,0
58901,-15972.116,-14425.705,50000.000,-24443.764,4250.765,50000.000,0
58951,-14679.705,-12005.234,50000.000,-25280.469,3346.823,50000.000,0
59001,-12587.940,-8942.294,50000.000,-26378.645,1098.176,50000.000,0
59051,-15202.646,-10092.764,50000.000,-25990.174,1456.765,50000.000,0
59101,-16696.764,-13626.352,50000.000,-24877.057,4691.529,50000.000,0
59151,-17040.410,-15180.234,50000.000,-26020.057,3712.882,50000.000,0
59201,-16368.058,-13417.176,50000.000,-26707.352,762.000,50000.000,0
59251,-15352.058,-12169.588,50000.000,-26550.469,-560.294,50000.000,0
59301,-15187.705,-11586.882,50000.000,-26737.234,694.765,50000.000,0
59351,-13334.999,-10331.823,50000.000,-24593.176,3212.353,50000.000,0
59401,-12027.646,-8628.529,50000.000,-26415.998,1546.412,50000.000,0
59451,-13305.117,-9749.117,50000.000,-26931.469,-2540.000,50000.000,0
59501,-14306.176,-11452.411,50000.000,-25952.822,-5363.882,50000.000,0
59551,-15247.470,-12722.411,50000.000,-24174.822,-978.647,50000.000,0
59601,-15658.352,-13058.587,50000.000,-24750.057,2435.412,50000.000,0
59651,-15815.234,-12856.882,50000.000,-28306.057,-911.412,50000.000,0
59701,-17608.176,-15591.116,50000.000,-27499.234,-4504.764,50000.000,0
59751,-17548.410,-15583.646,50000.000,-28313.527,-3451.412,50000.000,0
59801,-16666.881,-13559.117,50000.000,-26303.939,3458.882,50000.000,0
59851,-15531.352,-11527.117,50000.000,-26408.527,3608.294,50000.000,0
59901,-15083.116,-9950.823,50000.000,-25930.410,-1524.000,50000.000,0
59951,-14724.528,-8621.059,50000.000,-23905.881,-4624.294,50000.000,0
