timestamp[ms],left_dx[um],left_dy[um],left_dt[us],right_dx[um],right_dy[um],right_dt[us],waterPin
0,-22.412,-22.412,50153.000,-74.706,37.353,50153.000,0
51,-9696.823,-7791.823,50000.000,-12953.999,5042.646,50000.000,0
101,-10451.353,-7888.940,50000.000,-13969.999,575.235,50000.000,0
151,-9188.823,-7896.411,50000.000,-15322.176,-3025.588,50000.000,0
201,-7911.353,-7403.353,50000.000,-15815.234,-1845.235,50000.000,0
251,-8083.176,-9749.117,50000.000,-15045.764,2980.764,50000.000,0
301,-9211.234,-10794.999,50000.000,-16793.881,4534.647,50000.000,0
351,-10503.646,-10951.882,50000.000,-17286.939,1501.588,50000.000,0
401,-11161.058,-11310.470,50000.000,-18190.881,552.823,50000.000,0
451,-11646.646,-11810.999,50000.000,-18004.117,3429.000,50000.000,0
501,-12886.764,-13036.176,50000.000,-20588.939,6701.117,50000.000,0
551,-13409.705,-14126.882,50000.000,-19184.469,6462.059,50000.000,0
601,-10877.176,-13066.058,50000.000,-17204.764,1792.941,50000.000,0
651,-12572.999,-13723.470,50000.000,-20073.469,2988.235,50000.000,0
701,-14358.470,-14903.822,50000.000,-19864.293,6947.646,50000.000,0
751,-16719.176,-17630.588,50000.000,-23875.998,2764.117,50000.000,0
801,-16001.999,-18459.822,50000.000,-25459.764,-306.294,50000.000,0
851,-15210.116,-16943.293,50000.000,-22389.352,4064.000,50000.000,0
901,-16091.646,-17787.469,50000.000,-23151.352,6125.882,50000.000,0
951,-15718.116,-17257.059,50000.000,-25833.293,2286.000,50002.000,0
1001,-16382.999,-17062.822,50000.000,-25907.998,2674.470,50000.000,0
1051,-16666.881,-17585.764,50000.000,-23651.881,7799.293,50000.000,0
1101,-15411.822,-15284.822,50000.000,-24847.174,6574.117,50000.000,0
1151,-15628.470,-15120.470,50000.000,-25601.705,2913.529,50000.000,0
1201,-15830.176,-15785.352,50000.000,-25579.293,4131.235,50000.000,0
1251,-15045.764,-16950.764,50000.000,-24017.939,7037.293,50000.000,0
1301,-14052.176,-17159.939,50000.000,-26378.645,3167.529,50000.000,0
1351,-12543.117,-16016.940,50000.000,-26871.703,1501.588,50000.000,0
1401,-11527.117,-14291.234,50000.000,-24854.645,5132.294,50000.000,0
1451,-13349.940,-15852.587,50000.000,-26109.705,3324.412,50000.000,0
1501,-14971.058,-16375.528,50000.000,-27050.998,-433.294,50000.000,0
1551,-14836.587,-16166.352,50000.000,-25624.115,1449.294,50000.000,0
1601,-14851.528,-16375.528,50000.000,-25295.410,6073.588,50000.000,0
1651,-14261.352,-15807.764,50000.000,-27319.939,2442.882,50000.000,0
1701,-13663.705,-15613.528,50000.000,-26752.174,866.588,50000.000,0
1751,-14373.411,-15523.881,50000.000,-24981.645,4728.882,50000.000,0
1801,-18400.057,-19699.939,50000.000,-27917.586,2308.412,50000.000,0
1851,-18056.410,-21306.115,50000.000,-30143.822,-1636.059,50000.000,0
1901,-13992.411,-16405.410,50000.000,-28343.410,709.706,50000.000,0
1951,-14209.058,-16136.470,50000.000,-27969.881,3085.353,50000.000,0
2001,-13820.587,-14634.882,50000.000,-29964.527,82.176,50000.000,0
2051,-14306.176,-16719.176,50000.000,-29523.764,-612.588,50000.000,0
2101,-14918.764,-15972.116,50000.000,-28589.939,2315.882,50000.000,0
2151,-12894.234,-13820.587,50000.000,-28216.410,1524.000,50000.000,0
2201,-13476.940,-13745.882,50000.000,-28104.352,-1718.235,50000.000,0
2251,-14873.940,-15822.705,50000.000,-27745.764,-37.353,50000.000,0
2301,-14358.470,-18146.057,50000.000,-25721.234,3219.823,50000.000,0
2351,-14350.999,-17428.881,50000.000,-26886.645,590.176,50000.000,0
2401,-13977.470,-16241.058,50000.000,-27215.352,-403.412,50000.000,0
2451,-16181.293,-16584.705,50000.000,-24727.645,3257.176,50000.000,0
2501,-16360.587,-16031.881,50000.000,-25825.822,3384.176,50000.000,0
2551,-15120.470,-15411.822,50000.000,-27237.764,-642.471,50000.000,0
2601,-14612.470,-14492.940,50000.000,-26109.705,-1912.470,50000.000,0
2651,-13588.999,-11168.528,50000.000,-25683.881,889.000,50000.000,0
2701,-15912.352,-11579.411,50000.000,-23278.352,4430.059,50000.000,0
2751,-15008.411,-11669.058,50000.000,-26311.410,971.176,50000.000,0
2801,-14821.646,-11273.117,50000.000,-26662.527,-866.588,50000.000,0
2851,-15381.940,-8837.705,50000.000,-26184.410,-1509.059,50000.000,0
2901,-17735.176,-8777.940,50000.000,-26610.234,-351.118,50000.000,0
2951,-17376.588,-8621.059,50000.000,-26976.293,1591.235,50000.000,0
3001,-17802.410,-7784.353,50000.000,-24929.352,5834.529,50000.000,0
3051,-17638.059,-5154.706,50000.000,-23973.115,5117.353,50000.000,0
3101,-16308.293,-2659.529,50000.000,-23270.881,-433.294,50000.000,0
3151,-17346.705,-410.882,50000.000,-21044.646,-4497.294,50000.000,0
3201,-16502.527,493.059,50000.000,-19117.234,-8202.705,50000.000,0
3251,-13529.234,-276.412,50000.000,-17750.117,-12423.587,50000.000,0
3301,-11385.176,-3137.647,50000.000,-17600.705,-14149.293,50000.000,0
3351,-11571.940,-5752.353,50000.000,-15635.940,-4504.764,50000.000,0
3401,-10324.353,-5027.706,50002.000,-11758.705,1987.176,50000.000,0
3451,-7836.646,-2487.706,49998.000,-8695.764,590.176,49999.000,0
3501,-4885.764,-268.941,50000.000,-6477.000,-1785.470,49999.000,0
3551,-2465.294,-508.000,50000.000,-2883.647,-1344.706,50000.000,0
3601,-567.765,-1875.118,50000.000,-1045.882,-1143.000,50000.000,0
3651,186.765,-2898.588,50000.000,-537.882,-881.529,50000.000,0
3701,605.118,-3092.823,50000.000,-67.235,-1501.588,50000.000,0
3751,336.176,-3182.470,50000.000,-186.765,-836.706,50000.000,0
3801,418.353,-3003.176,50000.000,-134.471,-597.647,50000.000,0
3851,104.588,-4034.117,50000.000,-418.353,1030.941,50000.000,0
3901,-791.882,-4766.235,50000.000,-1479.176,3765.176,50000.000,0
3951,-1516.529,-4990.353,50000.000,-2308.412,5759.823,50000.000,0
4001,-2375.647,-5109.882,50000.000,-3018.117,6237.941,50000.000,0
4051,-2950.882,-5498.353,50000.000,-4220.882,5057.588,50000.000,0
4101,-3443.941,-5132.294,50000.000,-5446.059,3264.647,50000.000,0
4151,-4781.176,-4549.588,50000.000,-6215.529,2413.000,50000.000,0
4201,-6731.000,-4310.529,50000.000,-8322.234,1389.529,50000.000,0
4251,-8038.353,-4445.000,50000.000,-10436.411,127.000,50000.000,0
4301,-9696.823,-4445.000,50000.000,-12050.058,560.294,50000.000,0
4351,-10294.470,-2681.941,50000.000,-12199.470,2039.470,50000.000,0
4401,-10981.764,-2540.000,50000.000,-12565.528,3533.588,50000.000,0
4451,-11123.705,-3511.176,50000.000,-13469.470,3294.529,50000.000,0
4501,-10608.234,-3511.176,50000.000,-13977.470,2218.765,50000.000,0
4551,-11347.823,-3690.470,50000.000,-13805.646,1576.294,50000.000,0
4601,-12498.293,-5319.059,50000.000,-16248.528,1292.412,50000.000,0
4651,-12505.764,-6342.529,50000.000,-17286.939,747.059,50000.000,0
4701,-12752.293,-6693.646,50000.000,-17503.588,-209.176,50000.000,0
4751,-12416.117,-5782.235,50000.000,-18310.410,239.059,50000.000,0
4801,-13484.411,-4699.000,50000.000,-18123.646,1098.176,50000.000,0
4851,-16076.705,-4198.470,50000.000,-17144.998,1322.294,50000.000,0
4901,-14963.587,-2995.706,50000.000,-18541.998,485.588,50000.000,0
4951,-15987.058,-3025.588,50000.000,-19244.234,-605.118,50000.000,0
5001,-16345.646,-1524.000,50000.000,-19035.057,-2129.117,50000.000,0
5051,-16517.469,171.824,50000.000,-18624.176,-2965.823,50000.000,0
5101,-15546.293,0.000,50000.000,-17286.939,-1120.588,50000.000,0
5151,-14246.411,-3712.882,50000.000,-17271.998,-956.235,50000.000,0
5201,-11728.822,-4930.588,50000.000,-17847.234,-3077.882,50000.000,0
5251,-11168.528,-4743.823,50000.000,-15957.176,-6813.176,50000.000,0
5301,-9569.823,-5565.588,50000.000,-14776.822,-9569.823,50000.000,0
5351,-8060.764,-6678.706,50000.000,-14731.999,-9166.411,50000.000,0
5401,-7620.000,-4945.529,50000.000,-13095.940,-7164.293,50000.000,0
5451,-7993.529,-1822.823,50000.000,-12057.528,-3526.117,50000.000,0
5501,-8449.234,-3810.000,50000.000,-10301.940,1344.706,50000.000,0
5551,-6357.470,-6947.646,50000.000,-9935.882,2330.823,50000.000,0
5601,-6088.529,-8038.353,50000.000,-10667.999,508.000,50000.000,0
5651,-6477.000,-8994.588,50000.000,-10832.353,-448.235,50000.000,0
5701,-6738.470,-8083.176,50000.000,-11168.528,-321.235,50000.000,0
5751,-7179.235,-7201.646,50000.000,-10750.176,313.765,50000.000,0
5801,-7134.411,-4609.353,50000.000,-9666.940,762.000,50000.000,0
5851,-6200.588,-1583.765,50000.000,-7776.882,104.588,50000.000,0
5901,-3227.294,1860.176,50000.000,-5094.941,-1957.294,50000.000,0
5951,-2540.000,6626.411,50000.000,-1778.000,-1583.765,50000.000,0
6001,-635.000,9584.764,50000.000,1456.765,-343.647,50000.000,0
6051,2211.294,7268.882,50000.000,4056.529,-3959.411,50000.000,0
6101,6066.117,2801.470,50000.000,5169.646,-9861.176,50000.000,0
6151,7104.529,508.000,50000.000,6439.646,-10294.470,50000.000,0
6201,8404.411,-679.823,50000.000,7986.058,-10869.705,50000.000,0
6251,8860.117,-4026.647,50000.000,7194.176,-8994.588,50000.000,0
6301,4758.764,-3234.764,50000.000,4930.588,-687.294,50000.000,0
6351,3772.647,-2398.059,50000.000,4766.235,1008.529,50000.000,0
6401,4474.882,-3399.117,50000.000,4101.353,-956.235,50000.000,0
6451,4108.823,-4430.059,50000.000,4325.470,-2368.176,50000.000,0
6501,3623.235,-6013.823,50000.000,2816.412,-2121.647,50000.000,0
6551,2039.470,-6723.529,50000.000,642.471,620.059,50000.000,0
6601,-22.412,-4728.882,50000.000,-762.000,5094.941,50000.000,0
6651,-762.000,-3115.235,50000.000,-1665.941,5602.941,50000.000,0
6701,-448.235,-2644.588,50000.000,-859.118,2980.764,50000.000,0
6751,-1404.470,-1471.706,50000.000,-1800.412,2816.412,50000.000,0
6801,-2637.117,739.588,50000.000,-2390.588,2749.176,50000.000,0
6851,-3735.294,-508.000,50000.000,-3399.117,3414.059,50000.000,0
6901,-4766.235,-4303.059,50000.000,-6604.000,4691.529,50000.000,0
6951,-6536.764,-6140.823,50000.000,-9539.940,3115.235,50000.000,0
7001,-8038.353,-4855.882,50000.000,-11048.999,1471.706,50000.000,0
7051,-9084.234,-2032.000,50000.000,-12154.646,1822.823,50000.000,0
7101,-10645.588,-366.059,50000.000,-13596.470,2151.529,50000.000,0
7151,-13701.058,-5819.588,50000.000,-17630.588,1419.412,50000.000,0
7201,-13917.705,-5924.176,50000.000,-20566.527,-844.176,50000.000,0
7251,-11482.293,-1553.882,50000.000,-18937.939,-2188.882,50000.000,0
7301,-13753.352,-1957.294,50000.000,-17286.939,-1329.765,50000.000,0
7351,-14806.705,-5050.117,50000.000,-19117.234,-440.765,50000.000,0
7401,-14440.646,-6178.176,50000.000,-19684.998,-440.765,50000.000,0
7451,-15112.999,-5767.294,50000.000,-19318.939,-104.588,50000.000,0
7501,-13902.764,-4325.470,50000.000,-18541.998,-186.765,50000.000,0
7551,-12976.411,-3526.117,50000.000,-17667.939,-874.059,50000.000,0
7601,-13409.705,-620.059,50000.000,-16263.470,-1053.353,50000.000,0
7651,-11549.528,2689.412,50000.000,-13282.705,-1957.294,50000.000,0
7701,-9905.999,3922.059,50000.000,-12072.470,-3795.059,50000.000,0
7751,-9241.117,5289.176,50000.000,-9958.293,-1165.412,50000.000,0
7801,-7126.941,156.882,50000.000,-7104.529,-1972.235,50000.000,0
7851,-2226.235,-6133.353,50000.000,-6021.294,-8942.294,50000.000,0
7901,186.765,-7903.882,50000.000,-3951.941,-11243.234,50000.000,0
7951,478.118,-7336.117,50000.000,-1800.412,-11878.234,50000.000,0
8001,1262.529,-7321.176,50000.000,-1128.059,-10757.646,50000.000,0
8051,1120.588,-7209.117,50000.000,-672.353,-6051.176,50000.000,0
8101,1143.000,-5042.646,50000.000,-179.294,-5782.235,50000.000,0
8151,2151.529,-7358.529,50000.000,5789.706,-7537.823,50000.000,0
8201,3167.529,-9099.176,50000.000,-134.471,-7537.823,50000.000,0
8251,2375.647,-9734.176,50000.000,-37.353,-3847.353,50000.000,0
8301,2211.294,-9704.294,50000.000,134.471,-5236.882,50000.000,0
8351,3421.529,-8785.411,50000.000,156.882,-10413.999,50000.000,0
8401,4512.235,-7485.529,50000.000,2061.882,-12333.940,50000.000,0
8451,4803.588,-6850.529,50000.000,2420.470,-11265.646,50000.000,0
8501,5094.941,-8635.999,50000.000,2592.294,-8591.176,50000.000,0
8551,5087.470,-10921.999,50000.000,1068.294,-9211.234,50000.000,0
8601,4594.412,-11056.470,50000.000,239.059,-11624.234,50000.000,0
8651,4362.823,-9338.234,50000.000,821.765,-13402.234,50000.000,0
8701,4930.588,-10839.823,50000.000,1068.294,-12946.528,50000.000,0
8751,3787.588,-14126.882,50000.000,-328.706,-9793.940,50000.000,0
8801,3309.470,-15486.528,50000.000,-657.412,-10070.353,50000.000,0
8851,3615.764,-13633.822,50000.000,-903.941,-12304.058,50000.000,0
8901,3175.000,-13110.882,50000.000,-388.471,-11004.176,50000.000,0
8951,1688.353,-10630.646,50000.000,-1516.529,-4990.353,50000.000,0
9001,268.941,-8269.940,50000.000,-1441.823,1479.176,50000.000,0
9051,-642.471,-6342.529,50000.000,-2823.882,3496.235,50000.000,0
9101,-1688.353,-4474.882,50000.000,-4071.470,2980.764,50000.000,0
9151,-2853.764,-2644.588,50000.000,-4706.470,1867.647,50000.000,0
9201,-4796.117,-2965.823,50000.000,-5961.529,2540.000,50000.000,0
9251,-7859.058,-4131.235,50000.000,-7455.646,4684.059,50000.000,0
9301,-8262.470,-3526.117,50000.000,-9345.705,2801.470,50000.000,0
9351,-7657.353,-1165.412,50000.000,-9002.059,3458.882,50000.000,0
9401,-8307.294,-1307.353,50000.000,-9622.117,2674.470,50000.000,1
9451,-8725.646,-3092.823,50000.000,-11295.528,597.647,50000.000,1
9501,-8688.294,-3772.647,50000.000,-12625.293,918.882,50000.000,0
9551,-8038.353,-1105.647,50000.000,-12782.176,627.529,50000.000,0
9601,-10227.234,-1277.470,50000.000,-12856.882,-7.471,50000.000,0
9651,-9689.353,-2129.117,50000.000,-13686.117,-664.882,50000.000,0
9701,-8486.588,-1075.765,50000.000,-13521.764,-1150.470,50000.000,0
9751,-11295.528,-1150.470,50000.000,-13320.058,-889.000,50000.000,0
9801,-12005.234,-1329.765,50000.000,-13768.293,-620.059,50000.000,0
9851,-11773.646,-1680.882,50000.000,-13999.882,-739.588,50000.000,0
9901,-11347.823,-1583.765,50000.000,-13656.234,-1240.118,50000.000,0
9951,-12020.176,-1374.588,50000.000,-13536.705,-941.294,50000.000,0
10001,-12296.588,-1374.588,50000.000,-13588.999,-889.000,50000.000,0
10051,-12206.940,-1038.412,50000.000,-13237.882,-1053.353,50000.000,0
10101,-11773.646,-1075.765,50000.000,-12498.293,-1180.353,50000.000,0
10151,-11385.176,-918.882,50000.000,-12326.470,-926.353,50000.000,0
10201,-10720.293,-963.706,50000.000,-11527.117,-597.647,50000.000,0
10251,-9734.176,-1225.176,50000.000,-11310.470,-971.176,50000.000,0
10301,-8942.294,-1075.765,50000.000,-10309.411,-1001.059,50000.000,0
10351,-7455.646,-358.588,50000.000,-8695.764,119.529,50000.000,0
10401,-5408.706,881.529,50000.000,-5685.117,2024.529,50000.000,0
10451,-3025.588,1987.176,50000.000,-2323.353,2487.706,50000.000,0
10501,-814.294,1016.000,50000.000,-306.294,1636.059,50000.000,0
10551,298.824,-358.588,50000.000,403.412,597.647,50000.000,0
10601,889.000,-1180.353,50000.000,784.412,298.824,50000.000,0
10651,1083.235,-119.529,50000.000,1284.941,933.823,50000.000,0
10701,1755.588,500.529,50000.000,2532.529,941.294,50000.000,0
10751,2554.941,14.941,50000.000,2562.412,508.000,50000.000,0
10801,2652.059,112.059,50000.000,2935.941,201.706,50000.000,0
10851,2577.353,134.471,50000.000,2958.353,52.294,50000.000,0
10901,2405.529,-119.529,50000.000,2629.647,14.941,50000.000,0
10951,2547.470,134.471,50000.000,3025.588,239.059,50000.000,0
11001,2599.765,74.706,50000.000,2808.941,67.235,50000.000,0
11051,2719.294,119.529,50000.000,2898.588,164.353,50000.000,0
11101,2667.000,239.059,50000.000,2868.706,82.176,50000.000,0
11151,2853.764,67.235,50000.000,2958.353,-149.412,50000.000,0
11201,2749.176,82.176,50000.000,3107.764,44.824,50000.000,0
11251,2667.000,254.000,50000.000,2846.294,216.647,50000.000,0
11301,2801.470,231.588,50000.000,3033.059,89.647,50000.000,0
11351,2868.706,186.765,50000.000,3160.059,164.353,50000.000,0
11401,3040.529,149.412,50000.000,3048.000,29.882,50000.000,0
11451,2935.941,209.176,50000.000,3182.470,141.941,50000.000,0
11501,2764.117,283.882,50000.000,2995.706,149.412,50000.000,0
11551,2823.882,179.294,50000.000,3175.000,74.706,50000.000,0
11601,2980.764,209.176,50000.000,2988.235,97.118,50000.000,0
11651,2838.823,201.706,50000.000,2569.882,37.353,50000.000,0
11701,2823.882,328.706,50000.000,2965.823,82.176,50000.000,0
11751,2764.117,276.412,50000.000,2883.647,171.824,50000.000,0
11801,2681.941,156.882,50000.000,2629.647,194.235,50000.000,0
11851,2569.882,216.647,50000.000,2749.176,-22.412,50000.000,0
11901,2547.470,186.765,50000.000,2644.588,37.353,50000.000,0
11951,2315.882,201.706,50000.000,2330.823,261.471,50000.000,0
12001,2114.176,164.353,50000.000,2532.529,194.235,50000.000,0
12051,2084.294,104.588,50000.000,2345.765,141.941,50000.000,0
12101,2017.059,44.824,50000.000,2203.823,127.000,50000.000,0
12151,2039.470,-29.882,50000.000,2061.882,37.353,50000.000,0
12201,1867.647,74.706,50000.000,1987.176,149.412,50000.000,0
12251,1740.647,156.882,50000.000,1942.353,186.765,50000.000,0
12301,1695.823,141.941,50000.000,1912.470,29.882,50000.000,0
12351,1643.529,-14.941,50000.000,1598.706,89.647,50000.000,0
12401,1494.118,44.824,50000.000,1643.529,82.176,50000.000,0
12451,1389.529,74.706,50000.000,1651.000,22.412,50000.000,0
12501,1419.412,59.765,50000.000,1479.176,52.294,50000.000,0
12551,1262.529,119.529,50000.000,1426.882,141.941,50000.000,0
12601,1210.235,112.059,50000.000,1329.765,89.647,50000.000,0
12651,1172.882,37.353,50000.000,1135.529,-22.412,50000.000,0
12701,1157.941,0.000,50000.000,1143.000,-104.588,50000.000,0
12751,993.588,37.353,50000.000,1068.294,29.882,50000.000,0
12801,889.000,127.000,50000.000,1105.647,82.176,50000.000,0
12851,806.823,59.765,50000.000,971.176,29.882,50000.000,0
12901,732.118,-22.412,50000.000,799.353,59.765,50000.000,0
12951,709.706,0.000,50000.000,791.882,-29.882,50000.000,0
13001,582.706,59.765,50000.000,717.176,119.529,50000.000,0
13051,425.823,82.176,50000.000,657.412,74.706,50000.000,0
13101,478.118,14.941,50000.000,530.412,-14.941,50000.000,0
13151,395.941,-44.824,50000.000,358.588,-67.235,50000.000,0
13201,283.882,-82.176,50000.000,298.824,-59.765,50000.000,0
13251,201.706,29.882,50000.000,224.118,52.294,50000.000,0
13301,141.941,67.235,50000.000,201.706,-37.353,50000.000,0
13351,112.059,29.882,50000.000,82.176,-52.294,50000.000,0
13401,14.941,-44.824,50000.000,0.000,-29.882,50000.000,0
13451,-7.471,-29.882,50000.000,-29.882,-59.765,50000.000,0
13501,-74.706,-29.882,50000.000,-112.059,0.000,50000.000,0
13551,-104.588,0.000,50000.000,-127.000,7.471,50000.000,0
13601,-149.412,7.471,50000.000,-179.294,0.000,50000.000,0
13651,-179.294,-52.294,50000.000,-224.118,-22.412,50000.000,0
13701,-141.941,-59.765,50000.000,-239.059,-74.706,50000.000,0
13751,-156.882,-67.235,50000.000,-254.000,-82.176,50000.000,0
13801,-246.529,-67.235,50000.000,-239.059,14.941,50000.000,0
13851,-194.235,7.471,50000.000,-179.294,22.412,50000.000,0
13901,-141.941,22.412,50000.000,-134.471,-37.353,50000.000,0
13951,-127.000,-14.941,50000.000,-141.941,-7.471,50000.000,0
14001,-74.706,-29.882,50000.000,-89.647,-37.353,50000.000,0
14051,-22.412,-29.882,50000.000,-52.294,-97.118,50000.000,0
14101,-7.471,7.471,50000.000,-7.471,7.471,50000.000,0
14151,7.471,22.412,50000.000,67.235,37.353,50000.000,0
14201,97.118,0.000,50000.000,82.176,-14.941,50000.000,0
14251,104.588,0.000,50000.000,89.647,-22.412,50000.000,0
14301,127.000,0.000,50000.000,119.529,-14.941,50000.000,0
14351,141.941,14.941,50000.000,149.412,22.412,50000.000,0
14401,119.529,14.941,50000.000,141.941,14.941,50000.000,0
14451,112.059,14.941,50000.000,141.941,-7.471,50000.000,0
14501,134.471,7.471,50000.000,119.529,-67.235,50000.000,0
14551,97.118,0.000,50000.000,104.588,-44.824,50000.000,0
14601,29.882,-7.471,50000.000,59.765,29.882,50000.000,0
14651,37.353,0.000,50000.000,37.353,14.941,50000.000,0
14701,52.294,0.000,50000.000,37.353,-22.412,50000.000,0
14751,14.941,0.000,50000.000,0.000,-14.941,50000.000,0
14801,7.471,-14.941,50000.000,0.000,14.941,50000.000,0
14851,-7.471,-7.471,50000.000,7.471,14.941,50000.000,0
14901,-7.471,7.471,50000.000,-7.471,-14.941,50000.000,0
14951,-22.412,-7.471,50000.000,-14.941,-52.294,50000.000,0
15001,-22.412,-29.882,50000.000,-22.412,-7.471,50000.000,0
15051,-37.353,7.471,50000.000,-29.882,37.353,50000.000,0
15101,-37.353,29.882,50000.000,-7.471,0.000,50000.000,0
15151,0.000,0.000,50000.000,-14.941,-14.941,50000.000,0
15201,14.941,0.000,50000.000,-22.412,-37.353,50000.000,0
15251,0.000,14.941,50000.000,29.882,22.412,50000.000,0
15301,7.471,7.471,50000.000,22.412,37.353,50000.000,0
15351,29.882,67.235,50000.000,22.412,-22.412,50000.000,0
15401,14.941,22.412,50000.000,7.471,0.000,50000.000,0
15451,-67.235,104.588,50000.000,-37.353,246.529,50000.000,0
15501,-74.706,209.176,50000.000,44.824,209.176,50000.000,0
15551,0.000,74.706,50000.000,22.412,67.235,50000.000,0
15601,-52.294,14.941,50000.000,-104.588,321.235,50000.000,0
15651,-194.235,-82.176,50000.000,-74.706,246.529,50000.000,0
15701,-149.412,-254.000,50000.000,-298.824,-14.941,50000.000,0
15751,-336.176,-186.765,50000.000,-560.294,-52.294,50000.000,0
15801,-896.471,-635.000,50000.000,-978.647,-239.059,50000.000,0
15851,-956.235,-732.118,50000.000,-1419.412,-328.706,50000.000,0
15901,-903.941,-141.941,50000.000,-1247.588,-209.176,50000.000,0
15951,-941.294,186.765,50000.000,-889.000,-231.588,50000.000,0
16001,-889.000,97.118,50000.000,-993.588,-388.471,50000.000,0
16051,-762.000,-149.412,50000.000,-1262.529,-508.000,50000.000,0
16101,-1023.471,-119.529,50000.000,-1113.118,89.647,50000.000,0
16151,-903.941,239.059,50000.000,-754.529,448.235,50000.000,0
16201,-440.765,410.882,50000.000,-268.941,-74.706,50000.000,0
16251,37.353,-52.294,50000.000,-104.588,-903.941,50000.000,0
16301,52.294,-388.471,50000.000,-141.941,-440.765,50000.000,0
16351,52.294,-254.000,50000.000,59.765,-97.118,50000.000,0
16401,291.353,179.294,50000.000,306.294,127.000,50000.000,0
16451,373.529,246.529,50000.000,508.000,149.412,50000.000,0
16501,784.412,82.176,50000.000,679.823,-164.353,50000.000,0
16551,889.000,201.706,50000.000,762.000,-14.941,50000.000,0
16601,590.176,209.176,50000.000,1016.000,254.000,50000.000,0
16651,732.118,22.412,50000.000,1053.353,29.882,50000.000,0
16701,1068.294,-224.118,50000.000,829.235,-261.471,50000.000,0
16751,851.647,-67.235,50000.000,903.941,141.941,50000.000,0
16801,687.294,156.882,50000.000,1008.529,216.647,50000.000,0
16851,948.765,179.294,50000.000,1030.941,0.000,50000.000,0
16901,963.706,14.941,50000.000,851.647,-22.412,50000.000,0
16951,605.118,37.353,50000.000,874.059,298.824,50000.000,0
17001,642.471,97.118,50000.000,889.000,156.882,50000.000,0
17051,881.529,-44.824,50000.000,747.059,-283.882,50000.000,0
17101,657.412,-37.353,50000.000,515.471,104.588,50000.000,0
17151,425.823,89.647,50000.000,657.412,156.882,50000.000,0
17201,537.882,134.471,50000.000,597.647,-7.471,50000.000,0
17251,500.529,-22.412,50000.000,433.294,-149.412,50000.000,0
17301,231.588,14.941,50000.000,373.529,156.882,50000.000,0
17351,194.235,134.471,50000.000,343.647,97.118,50000.000,0
17401,268.941,14.941,50000.000,261.471,-44.824,50000.000,0
17451,171.824,-7.471,50000.000,194.235,-14.941,50000.000,0
17501,127.000,7.471,50000.000,194.235,-7.471,50000.000,0
17551,179.294,14.941,50000.000,156.882,-52.294,50000.000,0
17601,89.647,52.294,50000.000,119.529,104.588,50000.000,0
17651,141.941,179.294,50000.000,298.824,306.294,50000.000,0
17701,500.529,448.235,50000.000,903.941,672.353,50000.000,0
17751,1165.412,1068.294,50000.000,1770.529,216.647,50000.000,0
17801,1837.765,672.353,50000.000,2076.823,-343.647,50000.000,0
17851,1994.647,127.000,50000.000,2114.176,29.882,50000.000,0
17901,1778.000,537.882,50000.000,2719.294,1157.941,50000.000,0
17951,1882.588,978.647,50000.000,3324.412,2032.000,50000.000,0
18001,2704.353,254.000,50000.000,3600.823,440.765,50000.000,0
18051,3204.882,-612.588,50000.000,3130.176,-836.706,50000.000,0
18101,2256.117,-508.000,50000.000,3033.059,209.176,50000.000,0
18151,2286.000,-171.824,50000.000,3197.412,1075.765,50000.000,0
18201,2569.882,-74.706,50000.000,3346.823,537.882,50000.000,0
18251,2554.941,784.412,50000.000,3316.941,1120.588,50000.000,0
18301,2831.353,2584.823,50000.000,5162.176,1113.118,50000.000,0
18351,6252.882,5244.353,50000.000,8875.059,-1329.765,50000.000,0
18401,10309.411,7104.529,50000.000,13745.882,-5378.823,50000.000,0
18451,14687.176,3406.588,50000.000,16524.939,-8576.234,50000.000,0
18501,16211.176,-1053.353,50000.000,13910.234,-9270.999,50000.000,0
18551,14492.940,-3660.588,50000.000,13506.822,-8098.117,50000.000,0
18601,16114.058,-8180.293,50000.000,14791.764,-8568.764,50000.000,0
18651,15979.587,-9300.882,50000.000,15120.470,-8090.646,50000.000,0
18701,15456.646,-4639.235,50000.000,17615.646,-8934.823,50000.000,0
18751,17286.939,-1397.000,50000.000,19274.117,-8755.529,50000.000,0
18801,17906.998,-1083.235,50000.000,18444.881,-9905.999,50000.000,0
18851,16659.410,-4280.647,50000.000,18541.998,-8426.823,50000.000,0
18901,15553.764,-7074.646,50000.000,16763.998,-4146.176,50000.000,0
18951,14724.528,-7806.764,50000.000,17062.822,-5632.823,50000.000,0
19001,16076.705,-8337.176,50000.000,15553.764,-10145.059,50000.000,0
19051,13461.999,-4676.588,50000.000,14209.058,-10384.117,50000.000,1
19101,17974.234,-5864.411,50000.000,17384.059,-11437.470,50000.000,1
19151,18355.234,-9689.353,50000.000,16031.881,-9995.646,50000.000,0
19201,14433.176,-8845.176,50000.000,14268.822,-7821.706,50000.000,0
19251,16651.939,-7014.882,50000.000,15874.999,-9353.176,50000.000,0
19301,17570.822,-4870.823,50000.000,14821.646,-9831.293,50000.000,0
19351,18220.764,-5864.411,50000.000,13842.999,-7971.117,50000.000,0
19401,17346.705,-6170.706,50000.000,16211.176,-8098.117,50000.000,0
19451,17271.998,-5901.764,50000.000,17944.352,-8389.470,50000.000,0
19501,18549.469,-3757.706,50000.000,17107.646,-11429.999,50000.000,0
19551,20133.234,-933.823,50000.000,17585.764,-13603.940,50000.000,0
19601,19662.586,-4519.706,50000.000,17652.998,-13320.058,50000.000,0
19651,18004.117,-9031.940,50000.000,15239.999,-11818.470,50000.000,0
19701,15479.058,-8128.000,50000.000,15897.411,-10765.117,50000.000,0
19751,16397.939,-3458.882,50000.000,17496.117,-12460.940,50000.000,0
19801,18220.764,-1314.823,50000.000,18041.469,-13544.176,50000.000,0
19851,18751.176,-6402.293,50000.000,15747.999,-11564.470,50000.000,0
19901,15762.940,-8508.999,50000.000,14806.705,-10496.176,50000.000,0
19951,14903.822,-4878.294,50000.000,15172.764,-9196.294,50000.000,0
20001,17503.588,-1135.529,50000.000,16345.646,-11019.117,50000.000,0
20051,19819.469,-4355.353,50000.000,17085.234,-12513.234,50000.000,0
20101,16786.410,-8456.705,50000.000,15777.881,-12139.705,50000.000,0
20151,16285.881,-7978.588,50000.000,18004.117,-13282.705,50000.000,0
20201,18683.939,-3899.647,50000.000,19460.881,-14814.176,50000.000,0
20251,20954.998,-3578.412,50000.000,17122.588,-12737.353,50000.000,0
20301,19154.588,-8202.705,50000.000,13447.058,-9233.646,50000.000,0
20351,16480.117,-8441.764,50000.000,13170.646,-8269.940,50000.000,0
20401,15620.999,-1830.294,50000.000,17944.352,-8015.940,50000.000,0
20451,17921.939,2487.706,50000.000,19311.469,-9383.059,50000.000,0
20501,19049.998,-664.882,50000.000,18093.764,-9599.705,50000.000,0
20551,17690.352,-7776.882,50000.000,16547.352,-6887.882,50000.000,0
20601,14014.822,-9988.176,50000.000,13073.528,-3810.000,50000.000,0
20651,13282.705,-10473.764,50000.000,12916.646,-2741.706,50000.000,0
20701,12580.470,-9397.999,50000.000,13305.117,-6088.529,50000.000,0
20751,12498.293,-10227.234,50000.000,13574.058,-6469.529,50000.000,0
20801,11063.940,-9876.117,50000.000,12670.117,-4213.412,50000.000,0
20851,10219.764,-8299.823,50000.000,12685.058,1322.294,50000.000,0
20901,9315.823,-8247.529,50000.000,12767.234,3787.588,50000.000,0
20951,8897.470,-10593.293,50000.000,9584.764,-1680.882,50000.000,0
21001,8344.646,-12528.176,50000.000,5834.529,-1852.706,50000.000,0
21051,6656.293,-10847.293,50000.000,6731.000,-321.235,50000.000,0
21101,5535.706,-9300.882,50000.000,5490.882,1060.823,50000.000,0
21151,5625.353,-10944.411,50000.000,3899.647,-2383.117,50000.000,0
21201,4826.000,-12468.411,50000.000,1845.235,-2039.470,50000.000,0
21251,2435.412,-8352.117,50000.000,1202.765,1038.412,50000.000,0
21301,425.823,-2532.529,50000.000,560.294,4362.823,50000.000,0
21351,-597.647,-2487.706,50000.000,-1008.529,2592.294,50000.000,0
21401,-2144.059,-3929.529,50000.000,-4019.176,1344.706,50000.000,0
21451,-3212.353,-5864.411,50000.000,-5707.529,-343.647,50000.000,0
21501,-3563.470,-6828.117,50000.000,-7590.117,-3279.588,50000.000,0
21551,-3585.882,-4542.117,50000.000,-7597.588,-2286.000,50000.000,0
21601,-2734.235,-2002.118,50000.000,-5319.059,926.353,50000.000,0
21651,-1621.118,358.588,50000.000,-2465.294,1912.470,50000.000,0
21701,-582.706,1120.588,50000.000,-627.529,89.647,50000.000,0
21751,-418.353,2046.941,50000.000,-164.353,545.353,50000.000,0
21801,-254.000,2017.059,50000.000,552.823,1359.647,50000.000,0
21851,-224.118,1255.059,50000.000,373.529,881.529,50000.000,0
21901,-239.059,-74.706,50000.000,-366.059,44.824,50000.000,0
21951,-381.000,-321.235,50000.000,-948.765,7.471,50000.000,0
22001,-754.529,-37.353,50000.000,-993.588,642.471,50000.000,0
22051,-1045.882,134.471,50000.000,-1060.823,530.412,50000.000,0
22101,-254.000,-14.941,50000.000,-2121.647,22.412,50000.000,0
22151,-1038.412,-164.353,50000.000,-2577.353,-164.353,50000.000,0
22201,-2487.706,-373.529,50000.000,-3175.000,-321.235,50000.000,0
22251,-2898.588,-851.647,50000.000,-4026.647,-948.765,50000.000,0
22301,-3384.176,-889.000,50000.000,-4489.823,-1143.000,50000.000,0
22351,-2995.706,-366.059,50000.000,-4205.941,-971.176,50000.000,0
22401,-2794.000,-7.471,50000.000,-3473.823,-1232.647,50000.000,0
22451,-2129.117,201.706,50000.000,-2704.353,-2554.941,50000.000,0
22501,-829.235,642.471,50000.000,-1613.647,-3914.588,50000.000,0
22551,-44.824,-127.000,50000.000,-463.176,-4863.353,50000.000,0
22601,156.882,-2629.647,50000.000,-1105.647,-6223.000,50000.000,0
22651,-44.824,-5759.823,50000.000,-2779.059,-6148.294,50000.000,0
22701,-2084.294,-6701.117,50000.000,-4579.470,-4385.235,50000.000,0
22751,-3414.059,-8613.588,50000.000,-6118.411,-4915.646,50000.000,0
22801,-3989.294,-10466.293,50000.000,-7896.411,-6103.470,50000.000,0
22851,-5909.235,-11833.411,50000.000,-9420.411,-3018.117,50000.000,0
22901,-6708.588,-12206.940,50000.000,-10182.411,-851.647,50000.000,0
22951,-6977.529,-11422.528,50000.000,-11190.940,-1486.647,50000.000,0
23001,-6589.059,-10339.293,50000.000,-12027.646,-3548.529,50000.000,0
23051,-6723.529,-11482.293,50000.000,-11654.117,-4332.941,50000.000,0
23101,-7687.235,-13133.293,50000.000,-12737.353,-4325.470,50000.000,0
23151,-8352.117,-13686.117,50000.000,-13581.528,366.059,50000.000,0
23201,-8538.882,-12109.822,50000.000,-14537.764,627.529,50000.000,0
23251,-7956.176,-10272.059,50000.000,-14111.940,-1128.059,50000.000,0
23301,-7986.058,-11063.940,50000.000,-15142.881,-1471.706,50000.000,0
23351,-8553.823,-11646.646,50000.000,-16420.352,2129.117,50000.000,0
23401,-10227.234,-11863.293,50000.000,-17279.469,2667.000,50000.000,0
23451,-9397.999,-12505.764,50000.000,-18385.117,-1748.118,50000.000,0
23501,-9166.411,-11400.117,50000.000,-18392.588,-2009.588,50000.000,0
23551,-10578.353,-12035.117,50000.000,-18190.881,2861.235,50000.000,0
23601,-12326.470,-13574.058,50000.000,-19640.176,291.353,50000.000,0
23651,-12012.705,-14702.116,50000.000,-20088.410,-2741.706,50000.000,0
23701,-12610.353,-14918.764,50000.000,-20327.469,-1778.000,50000.000,0
23751,-12886.764,-15165.293,50000.000,-20469.410,3974.353,50000.000,0
23801,-13439.587,-14492.940,50000.000,-21126.822,3234.764,50000.000,0
23851,-13536.705,-13469.470,50000.000,-21156.705,1509.059,50000.000,0
23901,-14164.234,-13215.470,50000.000,-21888.822,1987.176,50000.000,0
23951,-12939.058,-11377.705,50000.000,-21067.057,5871.882,50000.000,0
24001,-12916.646,-10817.411,50000.000,-21373.352,4161.117,50000.000,0
24051,-12670.117,-10548.470,50000.000,-22695.646,956.235,50000.000,0
24101,-13043.646,-10899.588,50000.000,-23524.881,-687.294,50000.000,0
24151,-11796.058,-10802.470,50000.000,-23106.527,1255.059,50000.000,0
24201,-11773.646,-12490.822,50000.000,-20775.705,3526.117,50000.000,0
24251,-12849.411,-13514.293,50000.000,-21477.939,-575.235,50000.000,0
24301,-13222.940,-15359.528,50000.000,-20940.057,-3600.823,50000.000,0
24351,-12505.764,-14694.646,50000.000,-20686.057,-2599.765,50000.000,0
24401,-12595.411,-14948.646,50000.000,-19371.234,2159.000,50000.000,0
24451,-13334.999,-14425.705,50000.000,-20865.352,664.882,50000.000,0
24501,-14470.528,-10421.470,50000.000,-21507.822,-268.941,50000.000,0
24551,-13028.705,-10122.646,50000.000,-21313.586,1038.412,50000.000,0
24601,-14590.058,-8927.353,50000.000,-19983.822,6125.882,50000.000,0
24651,-14463.058,-8187.764,50000.000,-20850.410,5072.529,50000.000,0
24701,-14694.646,-8919.882,50000.000,-21619.881,127.000,50000.000,0
24751,-13402.234,-9054.353,50000.000,-21291.176,-5319.059,50000.000,0
24801,-12393.705,-9285.940,50000.000,-21208.998,-7171.764,50000.000,0
24851,-13663.705,-12221.882,50000.000,-22112.939,-1225.176,50000.000,0
24901,-14119.411,-12707.470,50000.000,-23278.352,986.118,50000.000,0
24951,-14074.587,-11669.058,50000.000,-23143.881,-1748.118,50000.000,0
25001,-14873.940,-12169.588,50000.000,-22964.586,-3869.764,50000.000,0
25051,-15912.352,-15927.293,50000.000,-24152.410,-388.471,50000.000,0
25101,-15277.352,-17675.410,50000.000,-24817.293,1471.706,50000.000,0
25151,-14866.470,-16786.410,50000.000,-25459.764,-859.118,50000.000,0
25201,-15284.822,-17339.234,50000.000,-25459.764,-1426.882,50000.000,0
25251,-13977.470,-17234.646,50000.000,-24757.527,1785.470,50000.000,0
25301,-13925.176,-17974.234,50000.000,-25340.234,1434.353,50000.000,0
25351,-13469.470,-18153.527,50000.000,-26079.822,-209.176,50000.000,0
25401,-12094.882,-15747.999,50000.000,-24854.645,2271.059,50000.000,0
25451,-12318.999,-16315.764,50000.000,-23255.939,4011.706,50000.000,0
25501,-12946.528,-16890.998,50000.000,-25086.234,-679.823,50000.000,0
25551,-13021.234,-18683.939,50000.000,-25467.234,-1060.823,50000.000,0
25601,-13992.411,-17428.881,50000.000,-24309.293,3548.529,50000.000,0
25651,-14014.822,-18280.527,50000.000,-25900.527,1598.706,50000.000,0
25701,-14380.882,-17944.352,50000.000,-26669.998,201.706,50000.000,0
25751,-14119.411,-14933.705,50000.000,-25018.998,3518.647,50000.000,0
25801,-12266.705,-11706.411,50000.000,-25422.410,2637.117,50000.000,0
25851,-15053.234,-13753.352,50000.000,-26139.586,-739.588,50000.000,0
25901,-10892.117,-9495.117,50000.000,-26303.939,-1389.529,50000.000,0
25951,-14194.116,-12348.882,50000.000,-25190.822,2637.117,50000.000,0
26001,-15733.058,-13417.176,50000.000,-26587.822,2427.941,50000.000,0
26051,-16861.117,-14283.764,50000.000,-27850.352,-493.059,50000.000,0
26101,-16666.881,-13581.528,50000.000,-27633.703,-373.529,50000.000,0
26151,-17047.881,-13887.822,50000.000,-27349.822,3048.000,50000.000,0
26201,-18407.527,-13364.882,50000.000,-30323.115,2510.117,50000.000,0
26251,-17697.822,-11758.705,50000.000,-31062.703,859.118,50000.000,0
26301,-17219.705,-11982.822,50000.000,-32145.939,-410.882,50000.000,0
26351,-19027.588,-14201.587,50000.000,-33296.410,2106.706,50000.000,0
26401,-18945.410,-12572.999,50000.000,-32452.232,3077.882,50000.000,0
26451,-16532.410,-8561.294,50000.000,-33191.820,2076.823,50000.000,0
26501,-16196.234,-7507.940,50000.000,-32997.586,1419.412,50000.000,0
26551,-21321.057,-9846.234,50000.000,-32848.176,2861.235,50000.000,0
26601,-19550.527,-7164.293,50000.000,-30031.762,4923.117,50000.000,0
26651,-18631.646,-5752.353,50000.000,-27439.469,1419.412,50000.000,0
26701,-18340.293,-7283.823,50000.000,-27170.527,-3795.059,50000.000,0
26751,-15725.587,-4990.353,50000.000,-25377.586,-7859.058,50000.000,0
26801,-14873.940,-2950.882,50000.000,-22934.705,-8172.823,50000.000,0
26851,-16756.527,-7231.529,50000.000,-22927.234,-8561.294,50000.000,0
26901,-13648.764,-10062.882,50000.000,-24227.115,-9315.823,50000.000,0
26951,-12333.940,-10593.293,50000.000,-16592.176,-4811.059,50000.000,0
27001,-13245.352,-10496.176,50000.000,-15837.646,-4572.000,50000.000,0
27051,-11310.470,-6850.529,50000.000,-13043.646,-1113.118,50000.000,0
27101,-13200.528,-8217.646,50000.000,-20626.293,1284.941,50000.000,0
27151,-15456.646,-12961.470,50000.000,-26020.057,1583.765,50000.000,0
27201,-16659.410,-14179.176,50000.000,-24503.527,1628.588,50000.000,0
27251,-16592.176,-13723.470,50000.000,-26408.527,948.765,50000.000,0
27301,-16368.058,-12939.058,50000.000,-27207.881,246.529,50000.000,0
27351,-15927.293,-12206.940,50000.000,-27036.057,1053.353,50000.000,0
27401,-19453.410,-15404.352,50000.000,-27222.822,2017.059,50000.000,0
27451,-17421.410,-13842.999,50000.000,-28978.410,164.353,50000.000,0
27501,-15740.528,-11101.293,50000.000,-27768.174,-530.412,50000.000,0
27551,-14829.116,-10010.588,50000.000,-27648.645,1068.294,50000.000,1
27601,-16091.646,-14126.882,50000.000,-27245.234,3892.176,50000.000,1
27651,-14702.116,-11997.764,50000.000,-28858.881,2786.529,50000.000,0
27701,-15202.646,-10085.293,50000.000,-27745.764,2846.294,50000.000,0
27751,-16876.059,-10750.176,50000.000,-27529.115,2584.823,50000.000,0
27801,-19483.293,-14433.176,50000.000,-29232.410,2390.588,50000.000,0
27851,-16472.646,-13611.411,50000.000,-30225.998,3055.470,50000.000,0
27901,-11743.764,-9308.353,50000.000,-29830.057,-37.353,50000.000,0
27951,-15254.940,-12737.353,50000.000,-28657.174,-2413.000,50000.000,0
28001,-14604.999,-12363.822,50000.000,-29015.764,-351.118,50000.000,0
28051,-12640.234,-10511.117,50000.000,-27618.764,2786.529,50000.000,0
28101,-14522.822,-12109.822,50000.000,-29508.822,657.412,50000.000,0
28151,-15284.822,-12535.646,50000.000,-28709.469,-635.000,50000.000,0
28201,-17428.881,-13364.882,50000.000,-27596.352,687.294,50000.000,0
28251,-16846.176,-12998.822,50000.000,-25937.881,4594.412,50000.000,0
28301,-18414.998,-13596.470,50000.000,-31234.527,3077.882,50000.000,0
28351,-18519.588,-13461.999,50000.000,-32048.822,649.941,50000.000,0
28401,-21941.115,-15322.176,50000.000,-32638.998,2114.176,50000.000,0
28451,-21799.176,-16338.176,50000.000,-34095.762,4915.646,50000.000,0
28501,-18997.705,-14358.470,50000.000,-35716.879,2457.823,50000.000,0
28551,-17398.998,-12423.587,50000.000,-34775.586,687.294,50000.000,0
28601,-18556.939,-14052.176,50000.000,-34827.879,1987.176,50000.000,0
28651,-16151.411,-13880.352,50000.000,-35447.938,2338.294,50000.000,0
28701,-14216.528,-11452.411,50000.000,-36434.055,44.824,50000.000,0
28751,-14941.176,-11788.588,50000.000,-35627.234,-1098.176,50000.000,0
28801,-17212.234,-15471.587,50000.000,-35918.586,2099.235,50000.000,0
28851,-13999.882,-13581.528,50000.000,-37270.762,1703.294,50000.000,0
28901,-11594.353,-10316.882,50000.000,-37248.352,-1703.294,50000.000,0
28951,-13671.176,-11400.117,50000.000,-35806.527,306.294,50000.000,0
29001,-15643.411,-13902.764,50000.000,-36785.176,3018.117,50000.000,0
29051,-13334.999,-11923.058,50000.000,-37786.234,-209.176,50000.000,0
29101,-17361.646,-15090.587,50000.000,-36090.410,321.235,50000.000,0
29151,-19087.352,-15299.764,50000.000,-36366.820,3025.588,50000.000,0
29201,-20073.469,-15516.411,50000.000,-39609.055,-1270.000,50000.000,0
29251,-19049.998,-14111.940,50000.000,-39750.996,-4654.176,50000.000,0
29301,-20566.527,-16196.234,50000.000,-39093.586,-1150.470,50000.000,0
29351,-18265.588,-15247.470,50000.000,-39833.172,433.294,50000.000,0
29401,-14059.646,-10032.999,50000.000,-40244.055,-1568.823,50000.000,0
29451,-21582.527,-14724.528,50000.000,-39534.352,-1098.176,50000.000,0
29501,-23786.352,-19423.527,50000.000,-40796.879,2659.529,50000.000,0
29551,-14373.411,-11250.705,50000.000,-41043.410,1613.647,50000.000,0
29601,-19296.527,-12812.058,50000.000,-37636.820,799.353,50000.000,0
29651,-22053.176,-16226.116,50000.000,-37629.352,2749.176,50000.000,0
29701,-20700.998,-17047.881,50000.000,-39280.352,2046.941,50000.000,0
29751,-14866.470,-12647.705,50000.000,-39153.352,-1367.118,50000.000,0
29801,-17862.176,-14380.882,50000.000,-38413.762,-2233.706,50000.000,0
29851,-16786.410,-14799.234,50000.000,-37704.055,127.000,50000.000,0
29901,-18228.234,-17130.059,50000.000,-41147.996,-1755.588,50000.000,0
29951,-17750.117,-15650.881,50000.000,-41670.938,-3690.470,50000.000,0
30001,-20110.822,-18429.939,50000.000,-40931.352,-567.765,50000.000,0
30051,-17324.293,-16831.234,50000.000,-41700.820,-1524.000,50000.000,0
30101,-12378.764,-11683.999,50000.000,-41446.820,-3593.353,50000.000,0
30151,-17398.998,-16793.881,50000.000,-40154.410,156.882,50000.000,0
30201,-22897.352,-23338.115,50000.000,-41088.234,119.529,50000.000,0
30251,-17264.527,-17750.117,50000.000,-41387.055,-3294.529,50000.000,0
30301,-15942.234,-16255.999,50000.000,-39616.527,-373.529,50000.000,0
30351,-18743.705,-18952.881,50000.000,-40400.938,702.235,50000.000,0
30401,-12251.764,-12124.764,50000.000,-40072.234,-2958.353,50000.000,0
30451,-16263.470,-14978.528,50000.000,-38548.234,134.471,50000.000,0
30501,-20790.646,-19363.764,50000.000,-40460.703,-179.294,50000.000,0
30551,-16218.646,-15718.116,50000.000,-40221.645,-4400.176,50000.000,0
30601,-18594.293,-16719.176,50000.000,-40296.352,-2002.118,50000.000,0
30651,-18131.117,-17511.059,50000.000,-40976.172,-859.118,50000.000,0
30701,-18541.998,-18601.764,50000.000,-41528.996,-5378.823,50000.000,0
30751,-16106.587,-15650.881,50000.000,-41446.820,-3048.000,50000.000,0
30801,-14836.587,-15299.764,50000.000,-40879.055,-313.765,50000.000,0
30851,-17413.939,-18743.705,50000.000,-41454.293,-6372.411,50000.000,0
30901,-19767.176,-21208.998,50000.000,-41110.645,-4430.059,50000.000,0
30951,-18414.998,-19565.469,50000.000,-40430.820,-1008.529,50000.000,0
31001,-14642.352,-15538.822,50000.000,-40333.703,-5461.000,50000.000,0
31051,-15254.940,-15359.528,50000.000,-39026.352,-4975.412,50000.000,0
31101,-16143.940,-16099.116,50000.000,-39437.234,-2330.823,50000.000,0
31151,-13603.940,-13461.999,50000.000,-39892.938,-8038.353,50000.000,0
31201,-14956.116,-13603.940,50000.000,-38339.055,-6910.293,50000.000,0
31251,-16360.587,-14358.470,50000.000,-36307.055,-351.118,50000.000,0
31301,-16353.116,-13865.411,50000.000,-38458.586,-2226.235,50000.000,0
31351,-16509.998,-13320.058,50000.000,-37860.938,-3294.529,50000.000,0
31401,-18355.234,-15374.470,50000.000,-38466.055,829.235,50000.000,0
31451,-17107.646,-14724.528,50000.000,-40214.172,-298.824,50000.000,0
31501,-15172.764,-12879.293,50000.000,-39750.996,-3697.941,50000.000,0
31551,-17331.764,-14179.176,50000.000,-39586.645,-1247.588,50000.000,0
31601,-20469.410,-16532.410,50000.000,-39982.586,2525.059,50000.000,0
31651,-15904.881,-13499.352,50000.000,-40580.234,-1090.706,50000.000,0
31701,-12423.587,-10309.411,50000.000,-39750.996,-2181.412,50000.000,0
31751,-15777.881,-13245.352,50000.000,-38794.762,1434.353,50000.000,0
31801,-14253.882,-12662.646,50000.000,-40490.586,-2286.000,50000.000,0
31851,-13290.176,-9532.470,50000.000,-39736.055,-5042.646,50000.000,1
31901,-18915.527,-11908.117,50000.000,-39310.234,-784.412,50000.000,1
31951,-21679.646,-15695.705,50000.000,-39392.410,3085.353,50000.000,0
32001,-20379.764,-14380.882,50000.000,-39145.879,-582.706,50000.000,0
32051,-21724.469,-13686.117,50000.000,-38510.879,-2054.412,50000.000,0
32101,-17608.176,-9353.176,50000.000,-38062.645,-1479.176,50000.000,0
32151,-19206.881,-6828.117,50000.000,-34738.234,2689.412,50000.000,0
32201,-20992.352,-3593.353,50000.000,-33259.055,2995.706,50000.000,0
32251,-19699.939,-642.471,50000.000,-32497.057,-403.412,50000.000,0
32301,-21612.410,859.118,50000.000,-26968.822,508.000,50000.000,0
32351,-26438.410,702.235,50000.000,-26393.586,806.823,50000.000,0
32401,-23562.234,37.353,50000.000,-27304.998,-2196.353,50000.000,0
32451,-19834.410,-276.412,50000.000,-23323.176,-4497.294,50000.000,0
32501,-21612.410,-1763.059,50000.000,-25018.998,-4519.706,50000.000,0
32551,-19528.117,-2360.706,50000.000,-25489.645,-3996.764,50000.000,0
32601,-18586.822,-1651.000,50000.000,-24234.586,-2599.765,50000.000,0
32651,-17107.646,-1128.059,50000.000,-22598.527,-1262.529,50000.000,0
32701,-16577.234,-1143.000,50000.000,-21134.293,-1210.235,50000.000,0
32751,-14306.176,-209.176,50000.000,-19087.352,-2188.882,50000.000,0
32801,-12543.117,-425.823,50000.000,-16943.293,112.059,50000.000,0
32851,-11586.882,-4400.176,50000.000,-14268.822,1157.941,50000.000,0
32901,-8367.059,-5154.706,50000.000,-12834.470,-889.000,50000.000,0
32951,-6633.882,-2995.706,50000.000,-9995.646,-1030.941,50000.000,0
33001,-6604.000,-2779.059,50000.000,-7141.882,1075.765,50000.000,0
33051,-4848.412,-2629.647,50000.000,-6208.059,141.941,50000.000,0
33101,-3182.470,-1344.706,50000.000,-4101.353,-866.588,50000.000,0
33151,-2271.059,-89.647,50000.000,-2293.470,-627.529,50000.000,0
33201,-1195.294,-358.588,50000.000,-1613.647,-403.412,50000.000,0
33251,-373.529,-575.235,50000.000,-582.706,-276.412,50000.000,0
33301,268.941,0.000,50000.000,403.412,-59.765,50000.000,0
33351,948.765,186.765,50000.000,1337.235,-112.059,50000.000,0
33401,1785.470,119.529,50000.000,1979.706,134.471,50000.000,0
33451,2278.529,141.941,50000.000,2853.764,201.706,50000.000,0
33501,2906.059,186.765,50000.000,3608.294,-37.353,50000.000,0
33551,3600.823,37.353,50000.000,3810.000,14.941,50000.000,0
33601,3959.411,14.941,50000.000,4250.765,306.294,50000.000,0
33651,4161.117,351.118,50000.000,4803.588,351.118,50000.000,0
33701,4049.059,500.529,50000.000,5087.470,590.176,50000.000,0
33751,3974.353,463.176,50000.000,5050.117,455.706,50000.000,0
33801,4258.235,216.647,50000.000,4923.117,306.294,50000.000,0
33851,4205.941,171.824,50000.000,5199.529,194.235,50000.000,0
33901,4318.000,478.118,50000.000,5408.706,261.471,50000.000,0
33951,3989.294,351.118,50000.000,5483.412,493.059,50000.000,0
34001,4572.000,463.176,50000.000,5856.941,381.000,50000.000,0
34051,4564.529,366.059,50000.000,5961.529,216.647,50000.000,0
34101,4818.529,410.882,50000.000,5969.000,82.176,50000.000,0
34151,5072.529,530.412,50000.000,6140.823,179.294,50000.000,0
34201,4923.117,941.294,50000.000,6364.941,224.118,50000.000,0
34251,4437.529,896.471,50000.000,6663.764,171.824,50000.000,0
34301,5072.529,612.588,50000.000,6521.823,37.353,50000.000,0
34351,4639.235,791.882,50000.000,6648.823,388.471,50000.000,0
34401,4519.706,769.471,50000.000,6693.646,321.235,50000.000,0
34451,5162.176,463.176,50000.000,6514.353,-52.294,50000.000,0
34501,5483.412,455.706,50000.000,6701.117,-104.588,50000.000,0
34551,5505.823,702.235,50000.000,7216.588,52.294,50000.000,0
34601,5871.882,470.647,50000.000,7418.293,-67.235,50000.000,0
34651,6529.293,1165.412,50000.000,7918.823,209.176,50000.000,0
34701,6551.706,1307.353,50000.000,8635.999,328.706,50000.000,0
34751,6880.411,986.118,50000.000,8882.529,14.941,50000.000,0
34801,7515.411,814.294,50000.000,9046.882,37.353,50002.000,0
34851,7029.823,709.706,50000.000,9181.353,545.353,50000.000,0
34901,7358.529,418.353,50000.000,8882.529,672.353,50000.000,0
34951,7485.529,283.882,50000.000,8733.117,373.529,50000.000,0
35001,7649.882,328.706,50000.000,8748.059,283.882,50000.000,0
35051,7470.588,485.588,50000.000,9084.234,485.588,50000.000,0
35101,7687.235,470.647,50000.000,9039.411,724.647,50000.000,0
35151,7418.293,478.118,50000.000,8942.294,463.176,50000.000,0
35201,7896.411,112.059,50000.000,8591.176,74.706,50000.000,0
35251,7209.117,522.941,50000.000,8292.353,515.471,50000.000,0
35301,5722.470,1344.706,50000.000,7859.058,1553.882,50000.000,0
35351,5505.823,1322.294,50000.000,7470.588,1957.294,50000.000,0
35401,5535.706,67.235,50000.000,6387.353,814.294,50000.000,0
35451,5072.529,-112.059,50000.000,5438.588,373.529,50000.000,0
35501,4049.059,276.412,50000.000,5020.235,605.118,50000.000,0
35551,3003.176,508.000,50000.000,4303.059,485.588,50000.000,0
35601,2517.588,403.412,50000.000,2876.176,515.471,50000.000,0
35651,1165.412,336.176,50000.000,1628.588,627.529,50000.000,0
35701,500.529,-89.647,50000.000,679.823,29.882,50000.000,0
35751,164.353,-179.294,50000.000,-209.176,-545.353,50000.000,0
35801,-463.176,261.471,50000.000,-664.882,-649.941,50000.000,0
35851,-874.059,769.471,50000.000,-1001.059,-1255.059,50000.000,0
35901,-545.353,1628.588,50000.000,-1038.412,-2495.176,50000.000,0
35951,-127.000,3092.823,50000.000,29.882,-4646.706,50000.000,0
36001,948.765,2457.823,50000.000,1008.529,-7866.529,50000.000,0
36051,2368.176,-836.706,50000.000,687.294,-9928.411,50000.000,0
36101,642.471,-1927.412,50000.000,-709.706,-4669.117,50000.000,0
36151,-1763.059,-500.529,50000.000,-1538.941,1553.882,50000.000,0
36201,-2913.529,-1217.706,50000.000,-2211.294,3795.059,50000.000,0
36251,-2838.823,-2906.059,50000.000,-3593.353,3458.882,50000.000,0
36301,-2420.470,-3735.294,50000.000,-3488.764,2091.765,50000.000,0
36351,-2286.000,-4534.647,50000.000,-3197.412,1120.588,50000.000,0
36401,-2525.059,-6648.823,50000.000,-4504.764,821.765,50000.000,0
36451,-2906.059,-6260.353,50000.000,-5319.059,2808.941,50000.000,0
36501,-3712.882,-3578.412,50000.000,-5080.000,4990.353,50000.000,0
36551,-5752.353,-3683.000,50000.000,-5543.176,5304.117,50000.000,0
36601,-5304.117,-4153.647,50000.000,-6596.529,2353.235,50000.000,0
36651,-4041.588,-5871.882,50000.000,-6387.353,-3630.706,50000.000,0
36701,-2771.588,-6125.882,50000.000,-5565.588,-5573.059,50000.000,0
36751,-2928.470,-9808.882,50000.000,-5894.294,-5655.235,50000.000,0
36801,-3361.764,-10996.705,50000.000,-8404.411,-3100.294,50000.000,0
36851,-5334.000,-9988.176,50000.000,-9345.705,3429.000,50000.000,0
36901,-7298.764,-9016.999,50000.000,-11063.940,6663.764,50000.000,0
36951,-7694.706,-8135.470,50000.000,-12475.882,3787.588,50000.000,0
37001,-8621.059,-8770.470,50000.000,-12625.293,1060.823,50000.000,0
37051,-9659.470,-10712.823,50000.000,-13357.411,2913.529,50000.000,0
37101,-10944.411,-13813.117,50000.000,-13058.587,5677.646,50000.000,0
37151,-11317.940,-13641.293,50000.000,-16308.293,3503.706,50000.000,0
37201,-10540.999,-13342.470,50000.000,-16577.234,1045.882,50000.000,0
37251,-11646.646,-13066.058,50002.000,-17496.117,2368.176,50000.000,0
37301,-11893.176,-11796.058,49998.000,-17107.646,8374.529,49999.000,0
37351,-11810.999,-9547.411,50000.000,-18541.998,7933.764,49999.000,0
37401,-12587.940,-9562.353,50000.000,-19296.527,5535.706,50000.000,0
37451,-13648.764,-11310.470,50000.000,-19946.469,4915.646,50000.000,0
37501,-11340.353,-11153.588,50000.000,-19281.588,7537.823,50000.000,0
37551,-12401.176,-12296.588,50000.000,-20334.939,4930.588,50000.000,0
37601,-13611.411,-12707.470,50000.000,-20917.646,2831.353,50000.000,0
37651,-11796.058,-10264.588,50000.000,-21067.057,2241.176,50000.000,0
37701,-12035.117,-10667.999,50000.000,-19841.881,6775.823,50000.000,0
37751,-12184.528,-10608.234,50000.000,-19035.057,8897.470,50000.000,0
37801,-10697.882,-6977.529,50000.000,-20297.586,7425.764,50000.000,0
37851,-15187.705,-8755.529,50000.000,-20454.469,6902.823,50000.000,0
37901,-17316.822,-9562.353,50000.000,-20969.939,5946.588,50000.000,0
37951,-17757.588,-10115.176,50000.000,-20820.527,8553.823,50000.000,0
38001,-15210.116,-9689.353,50000.000,-20603.881,9532.470,50000.000,0
38051,-11452.411,-6387.353,50000.000,-22979.527,8508.999,50000.000,0
38101,-15374.470,-8038.353,50000.000,-23823.705,6872.941,50000.000,0
38151,-15889.940,-8113.058,50000.000,-24929.352,3944.470,50000.000,0
38201,-16629.527,-8912.411,50000.000,-25766.057,1755.588,50000.000,0
38251,-16278.411,-9046.882,50000.000,-26386.115,1038.412,50000.000,0
38301,-15703.176,-7836.646,50000.000,-27245.234,493.059,50000.000,0
38351,-15023.352,-7470.588,50000.000,-25751.115,3511.176,50000.000,0
38401,-16450.234,-8583.705,50000.000,-25870.645,4863.353,50000.000,0
38451,-18922.998,-10503.646,50000.000,-27656.115,1576.294,50000.000,0
38501,-19498.234,-11900.646,50000.000,-27932.527,-844.176,50000.000,0
38551,-17309.352,-9323.294,50000.000,-27364.764,-1053.353,50000.000,0
38601,-18175.939,-10316.882,50000.000,-26595.293,762.000,50000.000,0
38651,-19535.588,-14799.234,50000.000,-27417.057,1680.882,50000.000,0
38701,-16562.293,-14649.822,50000.000,-28358.352,224.118,50000.000,0
38751,-14814.176,-13753.352,50000.000,-27999.764,-1875.118,50000.000,0
38801,-14814.176,-14164.234,50000.000,-26819.410,-141.941,50000.000,0
38851,-12401.176,-13626.352,50000.000,-24817.293,3563.470,50000.000,0
38901,-12782.176,-12543.117,50000.000,-26430.939,956.235,50000.000,0
38951,-11900.646,-10555.940,50000.000,-26139.586,194.235,50000.000,0
39001,-14485.470,-12460.940,50000.000,-24884.527,3316.941,50000.000,0
39051,-15792.822,-14844.058,50000.000,-23360.527,7687.235,50000.000,0
39101,-15045.764,-13439.587,50000.000,-25616.645,4803.588,50000.000,0
39151,-14141.822,-12543.117,50000.000,-26214.293,2398.059,50000.000,0
39201,-15262.411,-12378.764,50000.000,-25474.705,4183.529,50000.000,0
39251,-12468.411,-9644.528,50000.000,-23763.939,7530.353,50000.000,0
39301,-15030.822,-11818.470,50000.000,-26610.234,3832.412,50000.000,0
39351,-15053.234,-11855.822,50000.000,-27656.115,776.941,50000.000,0
39401,-13678.646,-8703.234,50000.000,-26796.998,1322.294,50000.000,0
39451,-18407.527,-6043.706,50000.000,-24197.234,6484.470,50000.000,0
39501,-20080.939,-1419.412,50000.000,-21933.646,4654.176,50000.000,0
39551,-19834.410,-2517.588,50000.000,-22038.234,-1643.529,50000.000,0
39601,-17667.939,-6439.646,50000.000,-21634.822,-7358.529,50000.000,0
39651,-13925.176,-4676.588,50000.000,-19983.822,-10145.059,50000.000,0
39701,-14059.646,-4168.588,50000.000,-19027.588,-10645.588,50000.000,0
39751,-14455.587,-9920.940,50000.000,-20140.705,-9846.234,50000.000,0
39801,-13409.705,-14724.528,50000.000,-21052.117,-8411.882,50000.000,0
39851,-11855.822,-14761.882,50000.000,-21664.705,-6618.941,50000.000,0
39901,-12191.999,-12916.646,50000.000,-21784.234,-3107.764,50000.000,0
39951,-10227.234,-10047.940,50000.000,-20633.764,149.412,50000.000,0
40001,-11205.882,-12804.587,50000.000,-19924.057,1725.706,50000.000,0
40051,-10481.234,-14007.352,50000.000,-19901.646,2637.117,50000.000,0
40101,-9502.588,-12565.528,50000.000,-20506.764,1030.941,50000.000,0
40151,-8800.353,-10451.353,50000.000,-19684.998,1419.412,50000.000,0
40201,-11422.528,-13342.470,50000.000,-19475.822,6387.353,50000.000,0
40251,-10929.470,-13454.528,50000.000,-20678.586,6350.000,50000.000,0
40301,-9861.176,-11250.705,50000.000,-21567.586,2547.470,50000.000,1
40351,-7575.176,-10047.940,50000.000,-21321.057,4086.411,50000.000,1
40401,-9644.528,-11504.705,50000.000,-21380.822,6858.000,50000.000,0
40451,-11370.234,-14470.528,50000.000,-22284.764,358.588,50000.000,0
40501,-10555.940,-15217.587,50000.000,-23629.469,-3040.529,50000.000,0
40551,-11071.411,-13275.234,50000.000,-23181.234,1329.765,50000.000,0
40601,-14216.528,-15090.587,50000.000,-22120.410,3025.588,50000.000,0
40651,-12012.705,-14515.352,50000.000,-24286.881,-3055.470,50000.000,0
40701,-12348.882,-15531.352,50000.000,-23734.057,-5505.823,50000.000,0
40751,-11982.822,-14717.058,50000.000,-23629.469,-14.941,50000.000,0
40801,-13715.999,-14776.822,50000.000,-24473.645,2525.059,50000.000,0
40851,-13790.705,-12841.940,50000.000,-25624.115,-104.588,50000.000,0
40901,-13813.117,-12206.940,50000.000,-25497.115,-1068.294,50000.000,0
40951,-15247.470,-13962.528,50000.000,-25295.410,2876.176,50000.000,0
41001,-13790.705,-12722.411,50000.000,-25848.234,4586.941,50000.000,0
41051,-13394.764,-11706.411,50000.000,-26699.881,903.941,50000.000,0
41101,-15523.881,-13297.646,50000.000,-27185.469,141.941,50000.000,0
41151,-13491.882,-8411.882,50000.000,-26415.998,2741.706,50000.000,0
41201,-15314.705,-4093.882,50000.000,-22329.586,6835.588,50000.000,0
41251,-17264.527,-2166.470,50000.000,-21044.646,1591.235,50000.000,0
41301,-11967.882,-2151.529,50000.000,-20461.939,-3175.000,50000.000,0
41351,-12983.882,-642.471,50000.000,-17466.234,-29.882,50000.000,0
41401,-11370.234,2218.765,50000.000,-14664.764,2218.765,50000.000,0
41451,-14537.764,1404.470,50000.000,-16248.528,1195.294,50000.000,0
41501,-14627.411,-717.176,50000.000,-17652.998,-694.765,50000.000,0
41551,-12147.176,-1628.588,50000.000,-16666.881,-2323.353,50000.000,0
41601,-10242.176,-1934.882,50000.000,-16061.764,-2465.294,50000.000,0
41651,-10824.882,-702.235,50000.000,-15441.705,-1912.470,50000.000,0
41701,-12677.587,-14.941,50000.000,-14956.116,-1329.765,50000.000,0
41751,-12879.293,-231.588,50000.000,-14806.705,-1202.765,50000.000,0
41801,-12460.940,-649.941,50000.000,-14380.882,-1748.118,50000.000,0
41851,-11990.293,-530.412,50000.000,-13641.293,-2413.000,50000.000,0
41901,-11108.764,194.235,50000.000,-12774.705,-3556.000,50000.000,0
41951,-9308.353,119.529,50000.000,-11594.353,-4557.059,50000.000,0
42001,-8098.117,-1068.294,50000.000,-10914.528,-5632.823,50000.000,0
42051,-6208.059,-1329.765,50000.000,-9510.059,-6693.646,50000.000,0
42101,-4549.588,-37.353,50000.000,-7515.411,-7881.470,50000.000,0
42151,-3824.941,-747.059,50000.000,-6110.941,-7276.353,50000.000,0
42201,-3690.470,-2375.647,50000.000,-6305.176,-4945.529,50000.000,0
42251,-3824.941,-3563.470,50000.000,-6058.646,-2390.588,50000.000,0
42301,-3204.882,-5005.294,50000.000,-5535.706,-2002.118,50000.000,0
42351,-2360.706,-6185.646,50000.000,-4796.117,-2943.412,50000.000,0
42401,-1778.000,-5139.764,50000.000,-3914.588,-2891.117,50000.000,0
42451,-2054.412,-5035.176,50000.000,-3705.412,-1845.235,50000.000,0
42501,-2151.529,-5334.000,50000.000,-3765.176,-246.529,50000.000,0
42551,-2196.353,-6641.353,50000.000,-3533.588,-381.000,50000.000,0
42601,-1479.176,-7687.235,50000.000,-4116.294,-2293.470,50000.000,0
42651,-1247.588,-6469.529,50000.000,-4034.117,-2465.294,50000.000,0
42701,-2039.470,-2943.412,50000.000,-3257.176,-874.059,50000.000,0
42751,-2764.117,-2868.706,50000.000,-2861.235,1538.941,50000.000,0
42801,-3473.823,-4930.588,50000.000,-4542.117,3279.588,50000.000,0
42851,-3966.882,-5281.706,50000.000,-4953.000,4235.823,50000.000,0
42901,-5080.000,-5348.941,50000.000,-6185.646,4064.000,50000.000,0
42951,-5662.706,-6335.059,50000.000,-7366.000,3092.823,50000.000,0
43001,-6051.176,-6626.411,50000.000,-8053.293,1247.588,50000.000,0
43051,-6753.411,-5685.117,50000.000,-9143.999,-1352.176,50000.000,0
43101,-6768.353,-3369.235,50000.000,-9629.588,-3653.117,50000.000,0
43151,-7328.646,-2674.470,50000.000,-9293.411,-4004.235,50000.000,0
43201,-8367.059,-5759.823,50000.000,-10817.411,-2375.647,50000.000,0
43251,-8710.705,-7470.588,50000.000,-12782.176,1001.059,50000.000,0
43301,-9674.411,-7351.058,50000.000,-12169.588,5072.529,50000.000,0
43351,-9547.411,-7425.764,50000.000,-12849.411,3033.059,50000.000,0
43401,-8830.234,-8815.294,50000.000,-13559.117,-463.176,50000.000,0
43451,-8875.059,-7007.411,50000.000,-13701.058,-1008.529,50000.000,0
43501,-9689.353,-6559.176,50000.000,-13051.117,-747.059,50000.000,0
43551,-8105.588,-8060.764,50000.000,-13170.646,2188.882,50000.000,0
43601,-8060.764,-9420.411,50000.000,-12699.999,5326.529,50000.000,0
43651,-7440.706,-6910.293,50000.000,-13454.528,4325.470,50000.000,0
43701,-7829.176,-5461.000,50000.000,-14067.116,3077.882,50000.000,0
43751,-9786.470,-6043.706,50000.000,-14209.058,1785.470,50000.000,0
43801,-10025.528,-7963.646,50000.000,-14836.587,3018.117,50000.000,0
43851,-9539.940,-10660.528,50000.000,-16368.058,6693.646,50000.000,0
43901,-8284.882,-8665.882,50000.000,-18220.764,5289.176,50000.000,0
43951,-8815.294,-7485.529,50000.000,-18654.057,3414.059,50000.000,0
44001,-9412.940,-7112.000,50000.000,-18952.881,2965.823,50000.000,0
44051,-10966.823,-8411.882,50000.000,-18631.646,7627.470,50000.000,0
44101,-12565.528,-9868.646,50000.000,-19438.469,8456.705,50000.000,0
44151,-13327.528,-10959.353,50000.000,-20895.234,3810.000,50000.000,0
44201,-12991.353,-12438.528,50000.000,-22038.234,388.471,50000.000,0
44251,-10936.940,-9607.176,50000.000,-21993.410,2652.059,50000.000,0
44301,-11235.764,-8187.764,50000.000,-20349.881,8322.234,50000.000,0
44351,-14440.646,-9427.882,50000.000,-22396.822,5475.941,50000.000,0
44401,-13417.176,-9390.528,50000.000,-23621.998,-22.412,50000.000,0
44451,-14231.470,-9599.705,50000.000,-23031.822,-2368.176,50000.000,0
44501,-15792.822,-9965.764,50000.000,-23935.764,986.118,50000.000,0
44551,-14761.882,-5864.411,50000.000,-22053.176,5214.470,50000.000,0
44601,-17884.588,-6551.706,50000.000,-21291.176,1329.765,50000.000,0
44651,-16323.234,-7605.058,50000.000,-22038.234,-3264.647,50000.000,0
44701,-15000.940,-5737.411,50000.000,-21903.764,-4243.294,50000.000,0
44751,-16211.176,-5879.353,50000.000,-21978.469,-2017.059,50000.000,0
44801,-16883.527,-8680.823,50000.000,-25355.174,627.529,50000.000,0
44851,-13536.705,-8284.882,50000.000,-26565.410,2480.235,50000.000,0
44901,-14238.940,-9278.470,50000.000,-26124.645,1411.941,50000.000,0
44951,-12968.940,-8949.764,50000.000,-26460.822,-2166.470,50000.000,0
45001,-12961.470,-7044.764,50000.000,-23763.939,-7089.588,50000.000,0
45051,-12005.234,-3384.176,50000.000,-20312.527,-8650.940,50000.000,0
45101,-14321.116,-5954.059,50000.000,-20080.939,-7874.000,50000.000,0
45151,-13028.705,-9756.588,50000.000,-21500.352,-7074.646,50000.000,0
45201,-11825.940,-10309.411,50000.000,-21208.998,-6536.764,50000.000,0
45251,-12341.411,-9270.999,50000.000,-20999.822,-7605.058,50000.000,0
45301,-15531.352,-9009.528,50000.000,-21321.057,-5139.764,50000.000,0
45351,-15142.881,-13947.587,50000.000,-21231.410,-1434.353,50000.000,0
45401,-14717.058,-13469.470,50000.000,-23427.764,298.824,50000.000,0
45451,-13417.176,-13850.470,50000.000,-23218.586,1337.235,50000.000,0
45501,-9726.705,-9719.234,50000.000,-22897.352,687.294,50000.000,0
45551,-8845.176,-7231.529,50000.000,-22710.586,881.529,50000.000,0
45601,-12423.587,-8882.529,50000.000,-22434.176,1643.529,50000.000,0
45651,-13723.470,-10653.058,50000.000,-22538.764,3832.412,50000.000,0
45701,-14619.940,-12371.293,50000.000,-22807.705,4452.470,50000.000,0
45751,-13857.940,-11601.822,50000.000,-23069.176,149.412,50000.000,0
45801,-11474.822,-8979.646,50000.000,-22598.527,-3421.529,50000.000,0
45851,-12401.176,-8934.823,50000.000,-22859.998,-2674.470,50000.000,0
45901,-13917.705,-10159.999,50000.000,-22882.410,2286.000,50000.000,0
45951,-15471.587,-10690.411,50000.000,-23001.939,3989.294,50000.000,0
46001,-16046.822,-10159.999,50000.000,-23726.586,-926.353,50000.000,0
46051,-17204.764,-9487.646,50000.000,-23196.176,-5229.412,50000.000,0
46101,-16099.116,-8098.117,50000.000,-22613.469,-4713.941,50000.000,0
46151,-15874.999,-8523.940,50000.000,-23218.586,-978.647,50000.000,0
46201,-15284.822,-7141.882,50000.000,-23158.822,1217.706,50000.000,0
46251,-14858.999,-4459.941,50000.000,-21433.115,-1128.059,50000.000,0
46301,-13566.587,-5737.411,50000.000,-19580.410,-7687.235,50000.000,0
46351,-13185.587,-6850.529,50000.000,-20103.352,-8359.588,50000.000,0
46401,-14052.176,-7963.646,50000.000,-20693.527,-3996.764,50000.000,0
46451,-15845.116,-11870.764,50000.000,-22202.586,-22.412,50000.000,0
46501,-16539.881,-16397.939,50000.000,-23823.705,2196.353,50000.000,0
46551,-14829.116,-16270.940,50000.000,-24242.057,-747.059,50000.000,0
46601,-14231.470,-16278.411,50000.000,-23367.998,-4153.647,50000.000,0
46651,-13865.411,-14948.646,50000.000,-23621.998,-4564.529,50000.000,0
46701,-13364.882,-14082.058,50000.000,-23935.764,-896.471,50000.000,0
46751,-13163.176,-15180.234,50000.000,-24869.586,1299.882,50000.000,0
46801,-12139.705,-12737.353,50000.000,-26445.881,-410.882,50000.000,0
46851,-13170.646,-11609.293,50000.000,-25131.057,-283.882,50000.000,0
46901,-16375.528,-14604.999,50000.000,-23734.057,4758.764,50000.000,0
46951,-16046.822,-14567.646,50000.000,-25646.527,5012.764,50000.000,0
47001,-16786.410,-15322.176,50000.000,-26229.234,560.294,50000.000,0
47051,-16323.234,-14746.940,50000.000,-26505.645,-67.235,50000.000,0
47101,-15606.058,-14067.116,50000.000,-26281.527,3623.235,50000.000,0
47151,-16128.999,-14014.822,50000.000,-27558.998,2144.059,50000.000,0
47201,-15314.705,-13200.528,50000.000,-27327.410,-747.059,50000.000,0
47251,-15426.764,-13327.528,50000.000,-27461.881,-1128.059,50000.000,0
47301,-14343.528,-13805.646,50000.000,-27103.293,2196.353,50000.000,0
47351,-14029.764,-12834.470,50000.000,-27342.352,1008.529,50000.000,0
47401,-14186.646,-12617.822,50000.000,-27872.764,-1367.118,50000.000,0
47451,-12924.117,-11586.882,50000.000,-28358.352,-1105.647,50000.000,0
47501,-15180.234,-15292.293,50000.000,-28784.174,2838.823,50000.000,0
47551,-13327.528,-13544.176,50000.000,-30367.939,1763.059,50000.000,0
47601,-15015.881,-13491.882,50000.000,-30151.293,-1113.118,50000.000,0
47651,-13641.293,-13491.882,50000.000,-30756.410,470.647,50000.000,0
47701,-12856.882,-12565.528,50000.000,-30382.881,3033.059,50000.000,0
47751,-11751.234,-11848.353,50000.000,-32228.115,-1845.235,50000.000,0
47801,-12169.588,-13170.646,50000.000,-31122.469,-4004.235,50000.000,0
47851,-13521.764,-12722.411,50000.000,-28709.469,493.059,50000.000,0
47901,-15038.293,-14829.116,50000.000,-31981.586,321.235,50000.000,0
47951,-12789.646,-14216.528,50000.000,-33767.055,-3346.823,50000.000,0
48001,-15381.940,-14769.352,50000.000,-33199.293,-1434.353,50000.000,0
48051,-13588.999,-13760.822,50000.000,-33692.352,874.059,50000.000,0
48101,-13402.234,-11302.999,50000.000,-35238.762,-1314.823,50000.000,0
48151,-14194.116,-13715.999,50000.000,-34454.352,-2091.765,50000.000,0
48201,-14679.705,-13693.587,50000.000,-34058.410,343.647,50000.000,0
48251,-12774.705,-11952.940,50000.000,-35022.117,-134.471,50000.000,0
48301,-11833.411,-11183.470,50000.000,-35126.703,-2592.294,50000.000,0
48351,-14440.646,-12109.822,50000.000,-34887.645,-1284.941,50000.000,0
48401,-15942.234,-13417.176,50000.000,-35111.762,903.941,50000.000,0
48451,-14731.999,-12348.882,50000.000,-34790.527,-3346.823,50000.000,0
48501,-15822.705,-12901.705,50000.000,-33923.938,-5386.294,50000.000,0
48551,-17376.588,-13798.176,50000.000,-33146.996,-552.823,50000.000,0
48601,-17384.059,-13506.822,50000.000,-34700.879,1710.765,50000.000,0
48651,-13394.764,-9958.293,50000.000,-35911.113,-1128.059,50000.000,0
48701,-18033.998,-12498.293,50000.000,-33102.176,-1830.294,50000.000,0
48751,-20693.527,-15284.822,50000.000,-34880.176,351.118,50000.000,0
48801,-18803.469,-14619.940,50000.000,-37039.176,530.412,50000.000,0
48851,-19102.293,-14022.293,50000.000,-37905.762,-2898.588,50000.000,0
48901,-19670.057,-13999.882,50000.000,-37562.113,-3496.235,50000.000,1
48951,-17100.176,-12154.646,50000.000,-37442.586,724.647,50000.000,1
49001,-16143.940,-12543.117,50000.000,-38353.996,-149.412,50000.000,0
49051,-13006.293,-11855.822,50000.000,-37606.938,-4900.706,50000.000,0
49101,-14948.646,-12177.058,50000.000,-38002.879,-5251.823,50000.000,0
49151,-12864.353,-9442.823,50000.000,-37009.293,612.588,50000.000,0
49201,-16375.528,-11250.705,50000.000,-35776.645,-59.765,50000.000,0
49251,-18564.410,-12602.882,50000.000,-35141.645,-5946.588,50000.000,0
49301,-18504.646,-11840.882,50000.000,-34162.996,-8053.293,50000.000,0
49351,-20402.176,-12199.470,50000.000,-32459.703,-4370.294,50000.000,0
49401,-18624.176,-11131.176,50000.000,-32407.410,7.471,50000.000,0
49451,-19976.352,-11071.411,50000.000,-31959.174,724.647,50000.000,0
49501,-15284.822,-6223.000,50000.000,-30674.232,-844.176,50000.000,0
49551,-14500.411,-2218.765,50000.000,-29269.764,-283.882,50000.000,0
49601,-20581.469,-171.824,50000.000,-25594.234,1165.412,50000.000,0
49651,-24002.998,-313.765,50000.000,-25788.469,194.235,50000.000,0
49701,-17981.705,-612.588,50000.000,-23024.352,-2136.588,50000.000,0
49751,-19042.527,-29.882,50000.000,-15822.705,-1785.470,50000.000,0
49801,-18639.117,44.824,50000.000,-19841.881,-1763.059,50000.000,0
49851,-17742.646,-1262.529,50000.000,-21179.117,-1606.176,50000.000,0
49901,-17144.998,-2756.647,50000.000,-21627.352,-2405.529,50000.000,0
49951,-15762.940,-2472.765,50000.000,-20484.352,-3062.941,50000.000,0
50001,-14941.176,-1837.765,50000.000,-18900.588,-2674.470,50000.000,0
50051,-12886.764,-1217.706,50000.000,-17159.939,-2271.059,50000.000,0
50101,-12154.646,149.412,50000.000,-14619.940,-1128.059,50000.000,0
50151,-12348.882,-395.941,50000.000,-12617.822,2121.647,50000.000,0
50201,-10346.764,-4572.000,50000.000,-11459.882,-67.235,50000.000,0
50251,-5468.470,-5804.646,50000.000,-10070.353,-5483.412,50000.000,0
50301,-3473.823,-5528.235,50000.000,-7440.706,-10130.117,50000.000,0
50351,-1964.765,-4863.353,50000.000,-6611.470,-14522.822,50000.000,0
50401,-948.765,-5266.764,50000.000,-6648.823,-13342.470,50000.000,0
50451,-2681.941,-8023.411,50000.000,-6260.353,-7410.823,50000.000,0
50501,-3152.588,-6006.353,50000.000,-6491.941,-2816.412,50000.000,0
50551,-2771.588,-4235.823,50000.000,-5020.235,-702.235,50000.000,0
50601,-2853.764,-7283.823,50000.000,-5080.000,-1576.294,50000.000,0
50651,-3578.412,-9495.117,50000.000,-7089.588,-1210.235,50000.000,0
50701,-4213.412,-9263.528,50000.000,-7485.529,-717.176,50000.000,0
50751,-4826.000,-9293.411,50000.000,-8113.058,-1277.470,50000.000,0
50801,-5334.000,-7537.823,50000.000,-9181.353,-754.529,50000.000,0
50851,-4953.000,-3951.941,50000.000,-7425.764,-313.765,50000.000,0
50901,-4691.529,-313.765,50000.000,-5573.059,-1449.294,50000.000,0
50951,-3406.588,-762.000,50000.000,-4497.294,-3615.764,50000.000,0
51001,-3249.706,-6200.588,50000.000,-5446.059,-4669.117,50000.000,0
51051,-3832.412,-9861.176,50000.000,-8225.117,-3869.764,50000.000,0
51101,-5102.412,-11564.470,50000.000,-10600.764,-1531.470,50000.000,0
51151,-5916.706,-11661.588,50000.000,-12027.646,-1628.588,50000.000,0
51201,-6604.000,-11041.528,50000.000,-12057.528,-3048.000,50000.000,0
51251,-7052.235,-11937.999,50000.000,-12139.705,-3204.882,50000.000,0
51301,-7306.235,-12416.117,50000.000,-13043.646,-1561.353,50000.000,0
51351,-7425.764,-12625.293,50000.000,-13349.940,2973.294,50000.000,0
51401,-7283.823,-10555.940,50000.000,-13783.234,1150.470,50000.000,0
51451,-7620.000,-12834.470,50000.000,-13753.352,-1972.235,50000.000,0
51501,-7649.882,-11639.176,50000.000,-15000.940,-2838.823,50000.000,0
51551,-8247.529,-12281.646,50000.000,-15389.411,2398.059,50000.000,0
51601,-7724.588,-10264.588,50000.000,-16704.234,3376.706,50000.000,0
51651,-9584.764,-11676.528,50000.000,-18198.352,-403.412,50000.000,0
51701,-10167.470,-12804.587,50000.000,-18683.939,-1516.529,50000.000,0
51751,-10092.764,-11736.293,50000.000,-19408.588,2211.294,50000.000,0
51801,-7194.176,-7500.470,50000.000,-18781.057,5797.176,50000.000,0
51851,-10436.411,-10399.059,50000.000,-19266.646,2046.941,50000.000,0
51901,-11639.176,-12535.646,50000.000,-19961.410,-993.588,50000.000,0
51951,-12460.940,-12991.353,50000.000,-20192.998,470.647,50000.000,0
52001,-13237.882,-12513.234,50000.000,-19617.764,6798.235,50000.000,0
52051,-14104.470,-12475.882,50000.000,-20663.646,4900.706,50000.000,0
52101,-12998.822,-11594.353,50000.000,-21201.527,814.294,50000.000,0
52151,-13551.646,-12304.058,50000.000,-21238.881,149.412,50000.000,0
52201,-14739.470,-15172.764,50000.000,-21186.586,4788.647,50000.000,0
52251,-15762.940,-16435.293,50000.000,-23875.998,4235.823,50000.000,0
52301,-14844.058,-16091.646,50000.000,-24637.998,500.529,50000.000,0
52351,-15613.528,-16435.293,50000.000,-24623.057,941.294,50000.000,0
52401,-16069.234,-18190.881,50000.000,-23405.352,4713.941,50000.000,0
52451,-14537.764,-16360.587,50000.000,-25302.881,1591.235,50000.000,0
52501,-13738.411,-15628.470,50000.000,-25766.057,-948.765,50000.000,0
52551,-14948.646,-16861.117,50000.000,-24914.410,2278.529,50000.000,0
52601,-13387.293,-16069.234,50000.000,-25287.939,3219.823,50000.000,0
52651,-14119.411,-17339.234,50000.000,-26595.293,-776.941,50000.000,0
52701,-13626.352,-16577.234,50000.000,-26490.703,-1397.000,50000.000,0
52751,-12438.528,-14448.116,50000.000,-25444.822,2032.000,50000.000,0
52801,-14492.940,-17189.822,50000.000,-25646.527,-485.588,50000.000,0
52851,-15366.999,-18362.705,50000.000,-26244.174,-3003.176,50000.000,0
52901,-13484.411,-15628.470,50000.000,-26049.939,-2032.000,50000.000,0
52951,-11295.528,-13962.528,50000.000,-24077.705,956.235,50000.000,0
53001,-14291.234,-16995.588,50000.000,-24578.234,-1195.294,50000.000,0
53051,-13312.587,-15889.940,50000.000,-24787.410,-3145.117,50000.000,0
53101,-14560.176,-16420.352,50000.000,-25160.939,-261.471,50000.000,0
53151,-14604.999,-14814.176,50000.000,-25609.174,1718.235,50000.000,0
53201,-13185.587,-12856.882,50000.000,-25855.705,-1299.882,50000.000,0
53251,-14911.293,-14619.940,50000.000,-25482.174,-2241.176,50000.000,0
53301,-15254.940,-14022.293,50000.000,-25728.705,1576.294,50000.000,0
53351,-14477.999,-13611.411,50000.000,-26199.352,1643.529,50000.000,0
53401,-14746.940,-14448.116,50000.000,-26632.645,-2786.529,50000.000,0
53451,-16285.881,-15598.587,50000.000,-26916.527,-3526.117,50000.000,0
53501,-16405.410,-14926.234,50000.000,-26430.939,1568.823,50000.000,0
53551,-15322.176,-13095.940,50000.000,-25086.234,3503.706,50000.000,0
53601,-14463.058,-10794.999,50000.000,-26147.057,724.647,50000.000,0
53651,-14634.882,-9158.940,50000.000,-26632.645,-373.529,50000.000,0
53701,-15807.764,-6716.059,50000.000,-26124.645,-844.176,50000.000,0
53751,-14776.822,-5797.176,50000.000,-25893.057,-799.353,50000.000,0
53801,-14739.470,-5184.588,50000.000,-24750.057,1583.765,50000.000,0
53851,-12408.646,-3914.588,50000.000,-23480.057,2644.588,50000.000,0
53901,-15762.940,-4123.765,50000.000,-23793.822,-1143.000,50000.000,0
53951,-17309.352,-3175.000,50000.000,-23562.234,-5677.646,50000.000,0
54001,-17458.764,-418.353,50000.000,-21276.234,-7926.293,50000.000,0
54051,-17989.176,-814.294,50000.000,-20103.352,-6118.411,50000.000,0
54101,-17406.469,-2472.765,50000.000,-20006.234,-4863.353,50000.000,0
54151,-15389.411,-2002.118,50000.000,-18086.293,-2711.823,50000.000,0
54201,-16345.646,-1815.353,50000.000,-18377.646,-2293.470,50000.000,0
54251,-14186.646,-2151.529,50000.000,-18564.410,-3824.941,50000.000,0
54301,-12707.470,-1800.412,50000.000,-17406.469,-6559.176,50000.000,0
54351,-11467.353,-1733.176,50000.000,-16106.587,-9143.999,50000.000,0
54401,-10257.117,134.471,50000.000,-14395.822,-6835.588,50000.000,0
54451,-11527.117,881.529,50000.000,-12214.411,-1934.882,50000.000,0
54501,-8964.705,-3204.882,50000.000,-11265.646,-5124.823,50000.000,0
54551,-5065.059,-6282.764,50000.000,-10824.882,-9980.705,50000.000,0
54601,-3884.706,-8508.999,50000.000,-9554.882,-12722.411,50000.000,0
54651,-3937.000,-9958.293,50000.000,-8434.294,-11056.470,50000.000,0
54701,-3690.470,-7104.529,50000.000,-9136.528,-7627.470,50000.000,0
54751,-4691.529,-6073.588,50000.000,-8718.176,-5490.882,50000.000,1
54801,-5446.059,-8792.882,50000.000,-9315.823,-5117.353,50000.000,1
54851,-5804.646,-12572.999,50000.000,-10645.588,-2525.059,50000.000,0
54901,-6828.117,-15210.116,50000.000,-11123.705,-687.294,50000.000,0
54951,-7044.764,-15269.881,50000.000,-11661.588,-4385.235,50000.000,0
55001,-5946.588,-15658.352,50000.000,-11011.646,-7418.293,50000.000,0
55051,-5700.059,-14306.176,50000.000,-10585.823,-6260.353,50000.000,0
55101,-6237.941,-13813.117,50000.000,-9876.117,-2218.765,50000.000,0
55151,-6193.117,-13730.940,50000.000,-10473.764,-3436.470,50000.000,0
55201,-4265.706,-12229.353,50000.000,-9136.528,-6656.293,50000.000,0
55251,-4445.000,-12528.176,50000.000,-9270.999,-6267.823,50000.000,0
55301,-5685.117,-12102.353,50000.000,-9786.470,-1023.471,50000.000,0
55351,-7134.411,-11302.999,50000.000,-10309.411,4699.000,50000.000,0
55401,-7201.646,-10324.353,50000.000,-11788.588,2510.117,50000.000,0
55451,-6357.470,-10951.882,50000.000,-11527.117,-2749.176,50000.000,0
55501,-6843.059,-12431.058,50000.000,-12617.822,-5535.706,50000.000,0
55551,-6738.470,-11542.058,50000.000,-12132.234,-2599.765,50000.000,0
55601,-7044.764,-10092.764,50000.000,-10742.705,3130.176,50000.000,0
55651,-6760.882,-7836.646,50000.000,-11758.705,1688.353,50000.000,0
55701,-5744.882,-6178.176,50000.000,-10570.882,-4295.588,50000.000,0
55751,-4631.764,-7239.000,50000.000,-9741.646,-6955.117,50000.000,0
55801,-4138.706,-4572.000,50000.000,-9069.294,-7657.353,50000.000,0
55851,-5670.176,-3615.764,50000.000,-8217.646,-2554.941,50000.000,0
55901,-6506.882,-926.353,50000.000,-7074.646,1434.353,50000.000,0
55951,-6260.353,1105.647,50000.000,-6723.529,2629.647,50000.000,0
56001,-6372.411,2719.294,50000.000,-6372.411,2271.059,50000.000,0
56051,-6178.176,2166.470,50000.000,-6215.529,1255.059,50000.000,0
56101,-6402.293,627.529,50000.000,-7276.353,605.118,50000.000,0
56151,-6626.411,-313.765,50000.000,-7612.529,-74.706,50000.000,0
56201,-6282.764,-1352.176,50000.000,-8098.117,-1337.235,50000.000,0
56251,-6223.000,-1845.235,50000.000,-8262.470,-1240.118,50000.000,0
56301,-6611.470,-1030.941,50000.000,-8090.646,-515.471,50000.000,0
56351,-7022.353,-493.059,50000.000,-8068.235,-635.000,50000.000,0
56401,-6678.706,-642.471,50000.000,-8060.764,-1546.412,50000.000,0
56451,-6865.470,-1016.000,50000.000,-8314.764,-1411.941,50000.000,0
56501,-7141.882,-978.647,50000.000,-8314.764,-948.765,50000.000,0
56551,-7261.411,-478.118,50000.000,-7963.646,-649.941,50000.000,0
56601,-7164.293,-717.176,50000.000,-7672.293,-1128.059,50000.000,0
56651,-7074.646,-911.412,50000.000,-7993.529,-1225.176,50000.000,0
56701,-6753.411,-836.706,50000.000,-7463.117,-1075.765,50000.000,0
56751,-6514.353,-679.823,50000.000,-7164.293,-1479.176,50000.000,0
56801,-6469.529,-530.412,50000.000,-7007.411,-874.059,50000.000,0
56851,-5647.764,-515.471,50000.000,-6394.823,-1068.294,50000.000,0
56901,-4990.353,-283.882,50000.000,-5759.823,-784.412,50000.000,0
56951,-4512.235,-89.647,50000.000,-4990.353,-328.706,50000.000,0
57001,-3720.353,231.588,50000.000,-4078.941,-381.000,50000.000,0
57051,-3077.882,-52.294,50000.000,-3406.588,-366.059,50000.000,0
57101,-2017.059,-246.529,50000.000,-2614.706,-366.059,50000.000,0
57151,-1494.118,-194.235,50000.000,-1688.353,-313.765,50000.000,0
57201,-717.176,14.941,50000.000,-836.706,-149.412,50000.000,0
57251,-14.941,134.471,50000.000,22.412,29.882,50000.000,0
57301,485.588,291.353,50000.000,724.647,-29.882,50000.000,0
57351,866.588,239.059,50000.000,1030.941,97.118,50000.000,0
57401,1135.529,216.647,50000.000,1344.706,276.412,50000.000,0
57451,1494.118,171.824,50000.000,1748.118,82.176,50000.000,0
57501,1748.118,224.118,50000.000,2084.294,119.529,50000.000,0
57551,2099.235,321.235,50000.000,2345.765,156.882,50000.000,0
57601,2293.470,276.412,50000.000,2622.176,29.882,50000.000,0
57651,2487.706,171.824,50000.000,2823.882,201.706,50000.000,0
57701,2652.059,224.118,50000.000,2906.059,306.294,50000.000,0
57751,2786.529,283.882,50000.000,3092.823,231.588,50000.000,0
57801,2921.000,112.059,50000.000,3376.706,82.176,50000.000,0
57851,3249.706,156.882,50000.000,3556.000,74.706,50000.000,0
57901,3212.353,343.647,50000.000,3578.412,246.529,50000.000,0
57951,3384.176,328.706,50000.000,3757.706,321.235,50000.000,0
58001,3436.470,171.824,50000.000,3697.941,268.941,50000.000,0
58051,3570.941,186.765,50000.000,3810.000,291.353,50000.000,0
58101,3623.235,313.765,50000.000,4019.176,156.882,50000.000,0
58151,3675.529,298.824,50000.000,4280.647,268.941,50000.000,0
58201,3615.764,261.471,50000.000,4161.117,336.176,50000.000,0
58251,3705.412,224.118,50000.000,4213.412,283.882,50000.000,0
58301,3772.647,216.647,50000.000,4123.765,216.647,50000.000,0
58351,3907.117,276.412,50000.000,4183.529,171.824,50000.000,0
58401,3877.235,179.294,50000.000,4071.470,268.941,50000.000,0
58451,3727.823,231.588,50000.000,3907.117,395.941,50000.000,0
58501,3802.529,216.647,50000.000,3966.882,246.529,50000.000,0
58551,3787.588,209.176,50000.000,3966.882,179.294,50000.000,0
58601,3757.706,186.765,50000.000,4034.117,82.176,50000.000,0
58651,3630.706,127.000,50000.000,4019.176,97.118,50000.000,0
58701,3361.764,171.824,50000.000,3922.059,283.882,50000.000,0
58751,2995.706,141.941,50000.000,3869.764,239.059,50000.000,0
58801,3092.823,119.529,50000.000,3675.529,149.412,50000.000,0
58851,3272.117,194.235,50000.000,3608.294,-127.000,50000.000,0
58901,3130.176,164.353,50000.000,3556.000,44.824,50000.000,0
58951,2838.823,231.588,50000.000,3361.764,209.176,50000.000,0
59001,2749.176,201.706,50000.000,3219.823,67.235,50000.000,0
59051,2674.470,224.118,50000.000,2935.941,104.588,50000.000,0
59101,2495.176,104.588,50000.000,2801.470,-44.824,50000.000,0
59151,2360.706,149.412,50000.000,2629.647,-7.471,50000.000,0
59201,2032.000,141.941,50000.000,2532.529,186.765,50000.000,0
59251,1792.941,97.118,50000.000,2226.235,224.118,50000.000,0
59301,1755.588,7.471,50000.000,2002.118,37.353,50000.000,0
59351,1665.941,104.588,50000.000,1875.118,127.000,50000.000,0
59401,1434.353,179.294,50000.000,1785.470,239.059,50000.000,0
59451,1434.353,-97.118,50000.000,1636.059,59.765,50000.000,0
59501,1538.941,74.706,50000.000,1628.588,29.882,50000.000,0
59551,1434.353,239.059,50000.000,1837.765,-29.882,50000.000,0
59601,1486.647,127.000,50000.000,1680.882,-97.118,50000.000,0
59651,1404.470,119.529,50000.000,1598.706,37.353,50000.000,0
59701,1172.882,-29.882,50000.000,1680.882,0.000,50000.000,0
59751,1217.706,7.471,50000.000,1464.235,52.294,50000.000,0
59801,1128.059,97.118,50000.000,1561.353,52.294,50000.000,0
59851,1053.353,171.824,50000.000,1441.823,149.412,50000.000,0
59901,1210.235,44.824,50000.000,1232.647,-164.353,50000.000,0
59951,1247.588,-22.412,50000.000,1187.823,-179.294,50000.000,0
