timestamp[ms],left_dx[um],left_dy[um],left_dt[us],right_dx[um],right_dy[um],right_dt[us],waterPin
0,,,50159.000,-14.941,0.000,50153.000,0
51,,,50000.000,-6028.764,-321.235,50000.000,0
101,,,50000.000,-3100.294,-231.588,50000.000,0
151,,,50000.000,-2853.764,-127.000,50000.000,0
201,,,50000.000,-3130.176,-37.353,50000.000,0
251,,,50000.000,-2435.412,-52.294,50000.000,0
301,,,50000.000,-381.000,-7.471,50000.000,0
351,,,50000.000,-1972.235,-254.000,50000.000,0
401,,,50000.000,-1509.059,-104.588,50000.000,0
451,,,50000.000,0.000,0.000,50000.000,0
501,,,50000.000,-44.824,-14.941,50000.000,0
551,,,50000.000,-119.529,-37.353,50000.000,0
601,,,50000.000,0.000,0.000,50000.000,0
651,,,50000.000,0.000,0.000,50000.000,0
701,,,50000.000,0.000,0.000,50000.000,0
751,,,50000.000,0.000,0.000,50000.000,0
801,,,50000.000,0.000,0.000,50000.000,0
851,,,50000.000,276.412,29.882,50000.000,0
901,,,50000.000,97.118,7.471,50000.000,0
951,,,50000.000,605.118,74.706,50000.000,0
1001,,,50000.000,433.294,59.765,50000.000,0
1051,,,50000.000,239.059,0.000,50000.000,0
1101,,,50000.000,1509.059,97.118,50000.000,0
1151,,,50000.000,993.588,97.118,50000.000,0
1201,,,50000.000,799.353,89.647,50000.000,0
1251,,,50000.000,1852.706,112.059,50000.000,0
1301,,,50000.000,410.882,29.882,50000.000,0
1351,,,50000.000,1143.000,82.176,50000.000,0
1401,,,50000.000,1695.823,59.765,50000.000,0
1451,,,50000.000,186.765,7.471,50000.000,0
1501,,,50000.000,0.000,0.000,50000.000,0
1551,,,50000.000,52.294,0.000,50000.000,0
1601,,,50000.000,373.529,22.412,50000.000,0
1651,,,50000.000,104.588,-7.471,50000.000,0
1701,,,50000.000,381.000,-37.353,50000.000,0
1751,,,50000.000,776.941,82.176,50000.000,0
1801,,,50000.000,702.235,82.176,50000.000,0
1851,,,50000.000,552.823,-89.647,50000.000,0
1901,,,50000.000,313.765,-52.294,50000.000,0
1951,,,50000.000,171.824,52.294,50000.000,0
2001,,,50000.000,52.294,29.882,50000.000,0
2051,,,50000.000,-14.941,29.882,50000.000,0
2101,,,50000.000,-119.529,-7.471,50000.000,0
2151,,,50000.000,-171.824,-22.412,50000.000,0
2201,,,50000.000,-351.118,37.353,50000.000,0
2251,,,50000.000,-493.059,7.471,50000.000,0
2301,,,50000.000,-575.235,-119.529,50000.000,0
2351,,,50000.000,-664.882,-67.235,50000.000,0
2401,,,50000.000,-485.588,29.882,50000.000,0
2451,,,50000.000,-82.176,0.000,50000.000,0
2501,,,50000.000,-478.118,-186.765,50000.000,0
2551,,,50000.000,-119.529,-37.353,50000.000,0
2601,,,50000.000,-22.412,-7.471,50000.000,0
2651,,,50000.000,-448.235,-291.353,50000.000,0
2701,,,50000.000,-104.588,-59.765,50000.000,0
2751,,,50000.000,0.000,0.000,50000.000,0
2801,,,50000.000,0.000,0.000,50000.000,0
2851,,,50000.000,0.000,0.000,50000.000,0
2901,,,50000.000,0.000,0.000,50000.000,0
2951,,,50000.000,0.000,0.000,50000.000,0
3001,,,50000.000,-149.412,22.412,50000.000,0
3051,,,50000.000,-306.294,171.824,50000.000,0
3101,,,50000.000,-52.294,52.294,50000.000,0
3151,,,50000.000,0.000,7.471,50000.000,0
3201,,,50000.000,0.000,0.000,50000.000,0
3251,,,50000.000,0.000,0.000,50000.000,0
3301,,,50000.000,0.000,0.000,50000.000,0
3351,,,50000.000,0.000,0.000,50000.000,0
3401,,,50000.000,0.000,0.000,50000.000,0
3451,,,50000.000,0.000,0.000,50000.000,0
3501,,,50000.000,0.000,0.000,50000.000,0
3551,,,50000.000,0.000,0.000,50000.000,0
3601,,,50000.000,0.000,0.000,50000.000,0
3651,,,50000.000,0.000,0.000,50000.000,0
3701,,,50000.000,0.000,0.000,50000.000,0
3751,,,50000.000,59.765,0.000,50000.000,0
3801,,,50000.000,104.588,7.471,50000.000,0
3851,,,50000.000,134.471,0.000,50000.000,0
3901,,,50000.000,134.471,74.706,50000.000,0
3951,,,50000.000,7.471,7.471,50000.000,0
4001,,,50000.000,22.412,0.000,50000.000,0
4051,,,50000.000,67.235,0.000,50000.000,0
4101,,,50000.000,7.471,0.000,50000.000,0
4151,,,50000.000,67.235,-119.529,50000.000,0
4201,,,50000.000,179.294,-52.294,50000.000,0
4251,,,50000.000,119.529,141.941,50000.000,0
4301,,,50000.000,0.000,0.000,50000.000,0
4351,,,50000.000,0.000,0.000,50000.000,0
4401,,,50000.000,0.000,0.000,50000.000,0
4451,,,50000.000,0.000,0.000,50000.000,0
4501,,,50000.000,0.000,0.000,50000.000,0
4551,,,50000.000,0.000,0.000,50000.000,0
4601,,,50000.000,0.000,0.000,50000.000,0
4651,,,50000.000,0.000,0.000,50000.000,0
4701,,,50000.000,0.000,0.000,50000.000,0
4751,,,50000.000,0.000,0.000,50000.000,0
4801,,,50000.000,0.000,0.000,50000.000,0
4851,,,50000.000,0.000,0.000,50000.000,0
4901,,,50000.000,0.000,0.000,50000.000,0
4951,,,50000.000,0.000,0.000,50000.000,0
5001,,,50000.000,0.000,0.000,50000.000,0
5051,,,50000.000,0.000,0.000,50000.000,0
5101,,,50000.000,0.000,0.000,50000.000,0
5151,,,50000.000,0.000,0.000,50000.000,0
5201,,,50000.000,0.000,0.000,50000.000,0
5251,,,50000.000,0.000,0.000,50000.000,0
5301,,,50000.000,0.000,0.000,50000.000,0
5351,,,50000.000,0.000,0.000,50000.000,0
5401,,,50000.000,0.000,0.000,50000.000,0
5451,,,50000.000,14.941,0.000,50000.000,0
5501,,,50000.000,89.647,29.882,50000.000,0
5551,,,50000.000,14.941,7.471,50000.000,0
5601,,,50000.000,14.941,7.471,50000.000,0
5651,,,50000.000,635.000,149.412,50000.000,0
5701,,,50000.000,926.353,82.176,50000.000,0
5751,,,50000.000,3137.647,-149.412,50000.000,0
5801,,,50000.000,2263.588,-186.765,50000.000,0
5851,,,50000.000,2278.529,261.471,50000.000,0
5901,,,50000.000,1770.529,194.235,50000.000,0
5951,,,50000.000,3152.588,216.647,50000.000,0
6001,,,50000.000,2218.765,44.824,50000.000,0
6051,,,50000.000,1680.882,44.824,50000.000,0
6101,,,50000.000,747.059,7.471,50000.000,0
6151,,,50000.000,941.294,37.353,50000.000,0
6201,,,50000.000,1307.353,186.765,50000.000,0
6251,,,50000.000,261.471,37.353,50000.000,0
6301,,,50000.000,29.882,-7.471,50000.000,0
6351,,,50000.000,97.118,-29.882,50000.000,0
6401,,,50000.000,0.000,0.000,50000.000,0
6451,,,50000.000,134.471,-37.353,50000.000,0
6501,,,50000.000,799.353,97.118,50000.000,0
6551,,,50000.000,1068.294,403.412,50000.000,0
6601,,,50000.000,343.647,97.118,50000.000,0
6651,,,50000.000,0.000,0.000,50000.000,0
6701,,,50000.000,37.353,14.941,50000.000,0
6751,,,50000.000,141.941,74.706,50000.000,0
6801,,,50000.000,-7.471,141.941,50000.000,0
6851,,,50000.000,-231.588,89.647,50000.000,0
6901,,,50000.000,-44.824,0.000,50000.000,0
6951,,,50000.000,0.000,0.000,50000.000,0
7001,,,50000.000,-216.647,0.000,50000.000,0
7051,,,50000.000,-702.235,-37.353,50000.000,0
7101,,,50000.000,-89.647,-7.471,50000.000,0
7151,,,50000.000,-1830.294,-74.706,50000.000,0
7201,,,50000.000,-829.235,-14.941,50000.000,0
7251,,,50000.000,-2644.588,209.176,50000.000,0
7301,,,50000.000,-1875.118,37.353,50000.000,0
7351,,,50000.000,-2472.765,-171.824,50000.000,0
7401,,,50000.000,-4572.000,-74.706,50000.000,0
7451,,,50000.000,-1964.765,-29.882,50000.000,0
7501,,,50000.000,-4482.353,-336.176,50000.000,0
7551,,,50000.000,-1942.353,-239.059,50000.000,0
7601,,,50000.000,-3548.529,-478.118,50000.000,0
7651,,,50000.000,-3279.588,-149.412,50000.000,0
7701,,,50000.000,-3182.470,-186.765,50000.000,0
7751,,,50000.000,-3376.706,-448.235,50000.000,0
7801,,,50000.000,-1419.412,-141.941,50000.000,0
7851,,,50000.000,-679.823,-7.471,50000.000,0
7901,,,50000.000,-186.765,29.882,50000.000,0
7951,,,50000.000,246.529,0.000,50000.000,0
8001,,,50000.000,1703.294,7.471,50000.000,0
8051,,,50000.000,1957.294,134.471,50000.000,0
8101,,,50000.000,6028.764,732.118,50000.000,0
8151,,,50000.000,10817.411,-545.353,50002.000,0
8201,,,50000.000,8464.176,-993.588,50000.000,0
8251,,,50000.000,11220.823,-1210.235,50000.000,0
8301,,,50000.000,4273.176,-351.118,50000.000,0
8351,,,50000.000,2674.470,22.412,50000.000,0
8401,,,50000.000,1299.882,283.882,50000.000,0
8451,,,50000.000,918.882,679.823,50000.000,0
8501,,,50000.000,4459.941,3630.706,50000.000,0
8551,,,50000.000,7201.646,3429.000,50000.000,0
8601,,,50000.000,2233.706,59.765,50000.000,0
8651,,,50000.000,-37.353,7.471,50000.000,0
8701,,,50000.000,-2749.176,-268.941,50000.000,0
8751,,,50000.000,-7246.470,-2323.353,50000.000,0
8801,,,50000.000,-8568.764,-3339.353,50000.000,0
8851,,,50000.000,-4415.117,-1389.529,50000.000,0
8901,,,50000.000,-448.235,-164.353,50000.000,0
8951,,,50000.000,-4355.353,-1553.882,50000.000,0
9001,,,50000.000,-2599.765,-1068.294,50000.000,0
9051,,,50000.000,-4280.647,-1053.353,50000.000,0
9101,,,50000.000,-10458.823,-97.118,50000.000,0
9151,,,50000.000,-6357.470,485.588,50000.000,0
9201,,,50000.000,-11168.528,1247.588,50000.000,0
9251,,,50000.000,-5281.706,537.882,50000.000,0
9301,,,50000.000,-3167.529,127.000,50000.000,0
9351,,,50000.000,-2629.647,-44.824,50000.000,0
9401,,,50000.000,-1897.529,-291.353,50000.000,0
9451,,,50000.000,-4572.000,-1172.882,50000.000,0
9501,,,50000.000,-410.882,29.882,50000.000,0
9551,,,50000.000,-2024.529,239.059,50000.000,0
9601,,,50000.000,-9278.470,291.353,50000.000,0
9651,,,50000.000,-18698.881,-3750.235,50000.000,0
9701,,,50000.000,-12445.999,-5102.412,50000.000,0
9751,,,50000.000,-4960.470,-2510.117,50000.000,0
9801,,,50000.000,-10839.823,-5236.882,50000.000,0
9851,,,50000.000,-11355.293,-5647.764,50000.000,0
9901,,,50000.000,-6843.059,-2853.764,50000.000,0
9951,,,50000.000,-5535.706,-2681.941,50000.000,0
10001,,,50000.000,-5976.470,-3018.117,50000.000,0
10051,,,50000.000,-1606.176,-552.823,50000.000,0
10101,,,50000.000,-1695.823,-829.235,50000.000,0
10151,,,50000.000,-1128.059,-575.235,50000.000,0
10201,,,50000.000,0.000,0.000,50000.000,0
10251,,,50000.000,-171.824,-22.412,50000.000,0
10301,,,50000.000,-1217.706,-97.118,50000.000,0
10351,,,50000.000,-5782.235,-545.353,50000.000,0
10401,,,50000.000,-11347.823,-1987.176,50000.000,0
10451,,,50000.000,-5946.588,-2151.529,50000.000,0
10501,,,50000.000,-7702.176,-3287.059,50000.000,0
10551,,,50000.000,-8404.411,-3436.470,50000.000,0
10601,,,50001.000,-11654.117,-1815.353,50000.000,0
10651,,,49999.000,-12879.293,-381.000,49998.000,0
10701,,,50000.000,-15897.411,-4213.412,50000.000,0
10751,,,50000.000,-6783.293,-3436.470,50000.000,0
10801,,,50000.000,-3242.235,-2256.117,50000.000,0
10851,,,50000.000,-6021.294,-2928.470,50000.000,0
10901,,,50000.000,-5767.294,-1665.941,50000.000,0
10951,,,50000.000,-2667.000,-866.588,50000.000,0
11001,,,50000.000,-5498.353,-2614.706,50000.000,0
11051,,,50000.000,-8150.411,-3847.353,50000.000,0
11101,,,50000.000,-11908.117,-1972.235,50000.000,0
11151,,,50000.000,-12348.882,-1008.529,50000.000,0
11201,,,50000.000,-4900.706,-1016.000,50000.000,0
11251,,,50000.000,-1934.882,-433.294,50000.000,0
11301,,,50000.000,-3787.588,52.294,50000.000,0
11351,,,50000.000,-2943.412,89.647,50000.000,0
11401,,,50000.000,-12229.353,-1890.059,50000.000,0
11451,,,50000.000,-4885.764,-1509.059,50000.000,0
11501,,,50000.000,-2958.353,-1277.470,50000.000,0
11551,,,50000.000,-5162.176,-1441.823,50000.000,0
11601,,,50000.000,-3130.176,-403.412,50000.000,0
11651,,,50000.000,-4325.470,-993.588,50000.000,0
11701,,,50000.000,-7881.470,-2667.000,50000.000,0
11751,,,50000.000,-8449.234,-3414.059,50000.000,0
11801,,,50000.000,-9614.646,-2950.882,50000.000,0
11851,,,50000.000,-8777.940,-1606.176,50000.000,0
11901,,,50000.000,-6745.941,-1068.294,50000.000,0
11951,,,50000.000,-134.471,-22.412,50000.000,0
12001,,,50000.000,-3160.059,-1643.529,50000.000,0
12051,,,50000.000,-6887.882,-3391.647,50000.000,0
12101,,,50000.000,-6529.293,-2360.706,50000.000,0
12151,,,50000.000,-3996.764,-1524.000,50000.000,0
12201,,,50000.000,-5842.000,-2950.882,50000.000,0
12251,,,50000.000,-6193.117,-3070.412,50000.000,0
12301,,,50000.000,-11736.293,-4624.294,50000.000,0
12351,,,50000.000,-7074.646,-2353.235,50000.000,0
12401,,,50000.000,-5729.941,-2241.176,50000.000,0
12451,,,50000.000,-2256.117,-918.882,50000.000,0
12501,,,50000.000,-4474.882,-1568.823,50000.000,0
12551,,,50000.000,-5991.411,-1658.470,50000.000,0
12601,,,50000.000,-5894.294,-1292.412,50000.000,0
12651,,,50000.000,-8621.059,-2390.588,50000.000,0
12701,,,50000.000,-6887.882,-1591.235,50000.000,0
12751,,,50000.000,-11810.999,-739.588,50000.000,0
12801,,,50000.000,-10145.059,530.412,50000.000,0
12851,,,50000.000,-9285.940,149.412,50000.000,0
12901,,,50000.000,-5707.529,-261.471,50000.000,0
12951,,,50000.000,-14268.822,-1352.176,50000.000,0
13001,,,50000.000,-6305.176,-224.118,50000.000,0
13051,,,50000.000,-4923.117,22.412,50000.000,0
13101,,,50000.000,-3615.764,134.471,50000.000,0
13151,,,50000.000,-16039.352,351.118,50000.000,0
13201,,,50000.000,-9472.705,-343.647,50000.000,0
13251,,,50000.000,-12251.764,-1255.059,50000.000,0
13301,,,50000.000,-6364.941,-1045.882,50000.000,0
13351,,,50000.000,-10966.823,-2069.353,50000.000,0
13401,,,50000.000,-9300.882,-1157.941,50000.000,0
13451,,,50000.000,-4377.765,-530.412,50000.000,0
13501,,,50000.000,-11870.764,-5438.588,50000.000,0
13551,,,50000.000,-12199.470,-9689.353,50000.000,0
13601,,,50000.000,-7754.470,-8486.588,50000.000,0
13651,,,50000.000,-993.588,-1195.294,50000.000,0
13701,,,50000.000,-1284.941,-1128.059,50000.000,0
13751,,,50000.000,-552.823,-313.765,50000.000,0
13801,,,50000.000,-1927.412,-2084.294,50000.000,0
13851,,,50000.000,-2420.470,-3092.823,50000.000,0
13901,,,50000.000,-1225.176,-2151.529,50000.000,0
13951,,,50000.000,-814.294,-1441.823,50000.000,0
14001,,,50000.000,-1755.588,-3697.941,50000.000,0
14051,,,50000.000,-1785.470,-4101.353,50000.000,0
14101,,,50000.000,-1322.294,-1845.235,50000.000,0
14151,,,50000.000,-3929.529,-4370.294,50000.000,0
14201,,,50000.000,-4131.235,-5954.059,50000.000,0
14251,,,50000.000,-2838.823,-5677.646,50000.000,0
14301,,,50000.000,-2360.706,-5162.176,50000.000,0
14351,,,50000.000,-1651.000,-2487.706,50000.000,0
14401,,,50000.000,-1113.118,-1882.588,50000.000,0
14451,,,50000.000,-575.235,-1314.823,50000.000,0
14501,,,50000.000,-366.059,-814.294,50000.000,0
14551,,,50000.000,-649.941,-1314.823,50000.000,0
14601,,,50000.000,-186.765,-239.059,50000.000,0
14651,,,50000.000,-687.294,-1023.471,50000.000,0
14701,,,50000.000,-1927.412,-3369.235,50000.000,0
14751,,,50000.000,-3092.823,-2510.117,50000.000,0
14801,,,50000.000,-3668.059,-1374.588,50000.000,0
14851,,,50000.000,-3182.470,-956.235,50000.000,0
14901,,,50000.000,-6671.235,-1098.176,50000.000,0
14951,,,50000.000,-5468.470,-351.118,50000.000,0
15001,,,50000.000,-4586.941,-336.176,50000.000,0
15051,,,50000.000,-8120.529,1060.823,50000.000,0
15101,,,50000.000,-7478.058,2823.882,50000.000,0
15151,,,50000.000,-5386.294,627.529,50000.000,0
15201,,,50000.000,-5849.470,-657.412,50000.000,0
15251,,,50000.000,-3742.764,-709.706,50000.000,0
15301,,,50000.000,-3279.588,-485.588,50000.000,0
15351,,,50000.000,-2823.882,-254.000,50000.000,0
15401,,,50000.000,-2659.529,-186.765,50000.000,0
15451,,,50000.000,-6813.176,-1023.471,50000.000,0
15501,,,50000.000,-8964.705,-2457.823,50000.000,0
15551,,,50000.000,-6708.588,-2226.235,50000.000,0
15601,,,50000.000,-4056.529,-1830.294,50000.000,0
15651,,,50000.000,-4235.823,-5879.353,50000.000,0
15701,,,50000.000,-3653.117,-10682.940,50000.000,0
15751,,,50000.000,-1755.588,-10032.999,50000.000,0
15801,,,50000.000,-2151.529,-6835.588,50000.000,0
15851,,,50000.000,-1665.941,-1785.470,50000.000,0
15901,,,50000.000,-911.412,-2315.882,50000.000,0
15951,,,50000.000,-2069.353,-6858.000,50000.000,0
16001,,,50000.000,-2099.235,-4669.117,50000.000,0
16051,,,50000.000,-2457.823,-4347.882,50000.000,0
16101,,,50000.000,-3473.823,-6402.293,50000.000,0
16151,,,50000.000,-425.823,-2121.647,50000.000,0
16201,,,50000.000,-1045.882,-3638.176,50000.000,0
16251,,,50000.000,-1292.412,-1441.823,50000.000,0
16301,,,50000.000,-2106.706,-2592.294,50000.000,0
16351,,,50000.000,-5005.294,-9375.588,50000.000,0
16401,,,50000.000,-2203.823,-4258.235,50000.000,0
16451,,,50000.000,-328.706,-567.765,50000.000,0
16501,,,50000.000,-3697.941,-6432.176,50000.000,0
16551,,,50000.000,-3003.176,-7059.706,50000.000,0
16601,,,50000.000,-209.176,-590.176,50000.000,0
16651,,,50000.000,-201.706,-769.471,50000.000,0
16701,,,50000.000,-664.882,-2741.706,50000.000,0
16751,,,50000.000,7.471,-3638.176,50000.000,0
16801,,,50000.000,-216.647,-3705.412,50000.000,0
16851,,,50000.000,-336.176,-3130.176,50000.000,0
16901,,,50000.000,-605.118,-2024.529,50000.000,0
16951,,,50000.000,-747.059,-2278.529,50000.000,0
17001,,,50000.000,-1307.353,-3585.882,50000.000,0
17051,,,50000.000,-463.176,-1501.588,50000.000,0
17101,,,50000.000,-1703.294,-2935.941,50000.000,0
17151,,,50000.000,-3204.882,-3197.412,50000.000,0
17201,,,50000.000,-3824.941,-4557.059,50000.000,0
17251,,,50000.000,-2749.176,-5109.882,50000.000,0
17301,,,50000.000,-3137.647,-5177.117,50000.000,0
17351,,,50000.000,-3802.529,-3443.941,50000.000,0
17401,,,50000.000,-6036.235,-1576.294,50000.000,0
17451,,,50000.000,-5954.059,-537.882,50000.000,0
17501,,,50000.000,-1882.588,-500.529,50000.000,0
17551,,,50000.000,-3316.941,-1426.882,50000.000,0
17601,,,50000.000,-3668.059,-1882.588,50000.000,0
17651,,,50000.000,-6790.764,-2032.000,50000.000,0
17701,,,50000.000,-9756.588,724.647,50000.000,0
17751,,,50000.000,-8927.353,2166.470,50000.000,0
17801,,,50000.000,-3302.000,134.471,50000.000,0
17851,,,50000.000,-6379.882,-425.823,50000.000,0
17901,,,50000.000,-4220.882,-306.294,50000.000,0
17951,,,50000.000,-3757.706,-612.588,50000.000,0
18001,,,50000.000,-5199.529,-478.118,50000.000,0
18051,,,50000.000,-5856.941,-381.000,50000.000,0
18101,,,50000.000,-3197.412,-859.118,50000.000,0
18151,,,50000.000,-7814.235,-2256.117,50000.000,0
18201,,,50000.000,-6999.941,-1673.412,50000.000,0
18251,,,50000.000,-3481.294,-1038.412,50000.000,0
18301,,,50000.000,-6432.176,-3077.882,50000.000,0
18351,,,50000.000,-8195.234,-5408.706,50000.000,0
18401,,,50000.000,-5812.117,-4706.470,50000.000,0
18451,,,50000.000,-3727.823,-3496.235,50000.000,0
18501,,,50000.000,-4318.000,-3160.059,50000.000,0
18551,,,50000.000,-1785.470,-687.294,50000.000,0
18601,,,50000.000,-4191.000,-3070.412,50000.000,0
18651,,,50000.000,-3638.176,-4138.706,50000.000,0
18701,,,50000.000,-881.529,-971.176,50000.000,0
18751,,,50000.000,-3033.059,-1755.588,50000.000,0
18801,,,50000.000,-7702.176,-4594.412,50000.000,0
18851,,,50000.000,-3795.059,-2383.117,50000.000,0
18901,,,50000.000,-2398.059,-1307.353,50000.000,0
18951,,,50000.000,-8561.294,-4504.764,50000.000,0
19001,,,50000.000,-3959.411,-1232.647,50000.000,0
19051,,,50000.000,-7134.411,-1755.588,50000.000,0
19101,,,50000.000,-8740.588,-6364.941,50000.000,0
19151,,,50000.000,-3787.588,-3742.764,50000.000,0
19201,,,50000.000,-3331.882,-3892.176,50000.000,0
19251,,,50000.000,-2002.118,-1561.353,50000.000,0
19301,,,50000.000,-694.765,-313.765,50000.000,0
19351,,,50000.000,-4900.706,-3182.470,50000.000,0
19401,,,50000.000,-7694.706,-8337.176,50000.000,0
19451,,,50000.000,-5393.764,-6529.293,50000.000,0
19501,,,50000.000,-1157.941,-1449.294,50000.000,0
19551,,,50000.000,-522.941,-224.118,50000.000,0
19601,,,50000.000,-186.765,-52.294,50000.000,0
19651,,,50000.000,-1748.118,44.824,50000.000,0
19701,,,50000.000,-10391.588,-1135.529,50000.000,0
19751,,,50000.000,-6768.353,-2248.647,50000.000,0
19801,,,50000.000,-2749.176,-1636.059,50000.000,0
19851,,,50000.000,-3877.235,-2368.176,50000.000,0
19901,,,50000.000,-2741.706,-1411.941,50000.000,0
19951,,,50000.000,-8815.294,-3227.294,50000.000,0
20001,,,50000.000,-8852.646,-1882.588,50000.000,0
20051,,,50000.000,-5565.588,-1733.176,50000.000,0
20101,,,50000.000,-2614.706,-1449.294,50000.000,0
20151,,,50000.000,-1501.588,-1202.765,50000.000,0
20201,,,50000.000,-3048.000,-2413.000,50000.000,0
20251,,,50000.000,-6566.646,-3884.706,50000.000,0
20301,,,50000.000,-8785.411,-2726.764,50000.000,0
20351,,,50000.000,-9622.117,-3339.353,50000.000,0
20401,,,50000.000,-8934.823,-4400.176,50000.000,0
20451,,,50000.000,-7918.823,-4116.294,50000.000,0
20501,,,50000.000,-9965.764,-3996.764,50000.000,0
20551,,,50000.000,-10899.588,-2726.764,50000.000,0
20601,,,50000.000,-5109.882,-1725.706,50000.000,0
20651,,,50000.000,-7306.235,-4176.059,50000.000,1
20701,,,50000.000,-6223.000,-4041.588,50000.000,1
20751,,,50000.000,-2696.882,-1494.118,50000.000,0
20801,,,50000.000,-1157.941,-478.118,50000.000,0
20851,,,50000.000,-3802.529,-2218.765,50000.000,0
20901,,,50000.000,-4250.765,-2562.412,50000.000,0
20951,,,50000.000,-2883.647,-1763.059,50000.000,0
21001,,,50000.000,-3645.647,-1875.118,50000.000,0
21051,,,50000.000,-1337.235,-762.000,50000.000,0
21101,,,50000.000,-5289.176,-4400.176,50000.000,0
21151,,,50000.000,-5124.823,-4930.588,50000.000,0
21201,,,50000.000,-366.059,-440.765,50000.000,0
21251,,,50000.000,-500.529,-776.941,50000.000,0
21301,,,50000.000,-567.765,-889.000,50000.000,0
21351,,,50000.000,-2667.000,-4303.059,50000.000,0
21401,,,50000.000,-3055.470,-4138.706,50000.000,0
21451,,,50000.000,-5020.235,-3810.000,50000.000,0
21501,,,50000.000,-5304.117,-4123.765,50000.000,0
21551,,,50000.000,-4915.646,-4131.235,50000.000,0
21601,,,50000.000,-5124.823,-4467.412,50000.000,0
21651,,,50000.000,-4773.706,-5670.176,50000.000,0
21701,,,50000.000,-8479.117,-12841.940,50000.000,0
21751,,,50000.000,-3765.176,-5856.941,50000.000,0
21801,,,50000.000,-963.706,-978.647,50000.000,0
21851,,,50000.000,-664.882,-732.118,50000.000,0
21901,,,50000.000,-754.529,-1008.529,50000.000,0
21951,,,50000.000,-3526.117,-3548.529,50000.000,0
22001,,,50000.000,-5341.470,-3675.529,50000.000,0
22051,,,50000.000,-1665.941,-1680.882,50000.000,0
22101,,,50000.000,-2876.176,-4953.000,50000.000,0
22151,,,50000.000,-2779.059,-4183.529,50000.000,0
22201,,,50000.000,-3638.176,-4445.000,50000.000,0
22251,,,50000.000,-2711.823,-3690.470,50000.000,0
22301,,,50000.000,-1912.470,-1740.647,50000.000,0
22351,,,50000.000,-971.176,-911.412,50000.000,0
22401,,,50000.000,-3189.941,-2286.000,50000.000,0
22451,,,50000.000,-2629.647,-844.176,50000.000,0
22501,,,50000.000,-702.235,-44.824,50000.000,0
22551,,,50000.000,-3145.117,455.706,50000.000,0
22601,,,50000.000,-3107.764,209.176,50000.000,0
22651,,,50000.000,-3944.470,-67.235,50000.000,0
22701,,,50000.000,-3944.470,-313.765,50000.000,0
22751,,,50000.000,-2368.176,-82.176,50000.000,0
22801,,,50000.000,-3645.647,209.176,50000.000,0
22851,,,50000.000,-3750.235,620.059,50000.000,0
22901,,,50000.000,-2159.000,575.235,50000.000,0
22951,,,50000.000,-4691.529,597.647,50000.000,0
23001,,,50000.000,-10712.823,-156.882,50000.000,0
23051,,,50000.000,-12483.353,-1464.235,50000.000,0
23101,,,50000.000,-8628.529,-1344.706,50000.000,0
23151,,,50000.000,-3907.117,-463.176,50000.000,0
23201,,,50000.000,-3010.647,-463.176,50000.000,0
23251,,,50000.000,-4773.706,-388.471,50000.000,0
23301,,,50000.000,-10174.940,-911.412,50000.000,0
23351,,,50000.000,-8075.706,-612.588,50000.000,0
23401,,,50000.000,-8755.529,-657.412,50000.000,0
23451,,,50000.000,-7425.764,-986.118,50000.000,0
23501,,,50000.000,-5348.941,-769.471,50000.000,0
23551,,,50000.000,-5804.646,-762.000,50000.000,0
23601,,,50000.000,-3578.412,-508.000,50000.000,0
23651,,,50000.000,-679.823,-82.176,50000.000,0
23701,,,50000.000,-4295.588,-552.823,50000.000,0
23751,,,50000.000,-13984.940,-575.235,50000.000,0
23801,,,50000.000,-15628.470,231.588,50000.000,0
23851,,,50000.000,-12647.705,702.235,50000.000,0
23901,,,50000.000,-11923.058,-478.118,50000.000,0
23951,,,50000.000,-18900.588,-3018.117,50000.000,0
24001,,,50000.000,-5707.529,-1404.470,50000.000,0
24051,,,50000.000,-11108.764,-2345.765,50000.000,0
24101,,,50000.000,-8576.234,-993.588,50000.000,0
24151,,,50000.000,-6805.706,-537.882,50000.000,0
24201,,,50000.000,-8494.059,-978.647,50000.000,0
24251,,,50000.000,-13611.411,-2420.470,50000.000,0
24301,,,50000.000,-8113.058,-1322.294,50000.000,0
24351,,,50000.000,-11803.528,-1008.529,50000.000,0
24401,,,50000.000,-8090.646,-508.000,50000.000,0
24451,,,50000.000,-7627.470,-141.941,50000.000,0
24501,,,50000.000,-6693.646,-321.235,50000.000,0
24551,,,50000.000,-7313.706,-866.588,50000.000,0
24601,,,50000.000,-5535.706,-1068.294,50000.000,0
24651,,,50000.000,-3854.823,-1314.823,50000.000,0
24701,,,50000.000,-6260.353,-2248.647,50000.000,0
24751,,,50000.000,-5139.764,-1307.353,50000.000,0
24801,,,50000.000,-4205.941,-328.706,50000.000,0
24851,,,50000.000,-3466.353,343.647,50000.000,0
24901,,,50000.000,-1434.353,149.412,50000.000,0
24951,,,50000.000,-1919.941,-254.000,50000.000,0
25001,,,50000.000,-3526.117,-986.118,50000.000,0
25051,,,50000.000,-2375.647,-418.353,50000.000,0
25101,,,50000.000,-1180.353,388.471,50000.000,0
25151,,,50000.000,-1613.647,948.765,50000.000,0
25201,,,50000.000,-1740.647,769.471,50000.000,0
25251,,,50000.000,-1553.882,642.471,50000.000,0
25301,,,50000.000,-5655.235,1837.765,50000.000,0
25351,,,50000.000,-13409.705,1471.706,50000.000,0
25401,,,50000.000,-10100.234,-1411.941,50000.000,0
25451,,,50000.000,-7866.529,-2779.059,50000.000,0
25501,,,50000.000,-4870.823,-1875.118,50000.000,0
25551,,,50000.000,-5192.059,-1890.059,50000.000,0
25601,,,50000.000,-6013.823,-1942.353,50000.000,0
25651,,,50000.000,-9913.470,-2121.647,50000.000,0
25701,,,50000.000,-8441.764,-388.471,50000.000,0
25751,,,50000.000,-6514.353,-1337.235,50000.000,0
25801,,,50000.000,-5221.941,-2495.176,50000.000,0
25851,,,50000.000,-2532.529,-1822.823,50000.000,0
25901,,,50000.000,-3959.411,-3944.470,50000.000,0
25951,,,50000.000,-3458.882,-3585.882,50000.000,0
26001,,,50000.000,-1792.941,-1374.588,50000.000,0
26051,,,50000.000,-2338.294,-418.353,50000.000,0
26101,,,50000.000,-560.294,-22.412,50000.000,0
26151,,,50000.000,-3361.764,-2413.000,50000.000,0
26201,,,50000.000,-4078.941,-4108.823,50000.000,0
26251,,,50000.000,-2241.176,-3787.588,50000.000,0
26301,,,50000.000,-3593.353,-6133.353,50000.000,0
26351,,,50000.000,-4459.941,-5169.646,50000.000,0
26401,,,50000.000,-4243.294,-3585.882,50000.000,0
26451,,,50000.000,-2816.412,-2644.588,50000.000,0
26501,,,50000.000,-3309.470,-3257.176,50000.000,0
26551,,,50000.000,-3660.588,-3302.000,50000.000,0
26601,,,50000.000,-4669.117,-3160.059,50000.000,0
26651,,,50000.000,-4855.882,-1411.941,50000.000,0
26701,,,50000.000,-4654.176,-112.059,50000.000,0
26751,,,50000.000,-4527.176,-672.353,50000.000,0
26801,,,50000.000,-4923.117,-1852.706,50000.000,0
26851,,,50000.000,-6701.117,-4071.470,50000.000,0
26901,,,50000.000,-7425.764,-4250.765,50000.000,0
26951,,,50000.000,-3765.176,-762.000,50000.000,0
27001,,,50000.000,-5565.588,-89.647,50000.000,0
27051,,,50000.000,-12057.528,-3638.176,50000.000,0
27101,,,50000.000,-9315.823,-5737.411,50000.000,0
27151,,,50000.000,-2861.235,-2472.765,50000.000,0
27201,,,50000.000,-2046.941,-1994.647,50000.000,0
27251,,,50000.000,-470.647,-418.353,50000.000,0
27301,,,50000.000,-597.647,-776.941,50000.000,0
27351,,,50000.000,-1090.706,-1471.706,50000.000,0
27401,,,50000.000,-2069.353,-2965.823,50000.000,0
27451,,,50000.000,-2816.412,-4639.235,50000.000,0
27501,,,50000.000,-2995.706,-4848.412,50000.000,0
27551,,,50000.000,-3040.529,-5461.000,50000.000,0
27601,,,50000.000,-2838.823,-5371.353,50000.000,0
27651,,,50000.000,-2278.529,-3272.117,50000.000,0
27701,,,50000.000,-1912.470,-2129.117,50000.000,0
27751,,,50000.000,-1591.235,-1053.353,50000.000,0
27801,,,50000.000,-2330.823,-866.588,50000.000,0
27851,,,50000.000,-5356.412,-2159.000,50000.000,0
27901,,,50000.000,-2510.117,-1105.647,50000.000,0
27951,,,50000.000,-2644.588,-1075.765,50000.000,0
28001,,,50000.000,-4318.000,-1890.059,50000.000,0
28051,,,50000.000,-156.882,-37.353,50000.000,0
28101,,,50000.000,-291.353,-29.882,50000.000,0
28151,,,50000.000,-8374.529,-2457.823,50000.000,0
28201,,,50000.000,-5513.294,-2457.823,50000.000,0
28251,,,50000.000,-3391.647,-2472.765,50000.000,0
28301,,,50000.000,-1949.823,-1262.529,50000.000,0
28351,,,50000.000,-2099.235,-762.000,50000.000,0
28401,,,50000.000,-2442.882,-717.176,50000.000,0
28451,,,50000.000,-8105.588,-4564.529,50000.000,0
28501,,,50000.000,-4781.176,-3175.000,50000.000,0
28551,,,50000.000,-1307.353,-1120.588,50000.000,0
28601,,,50000.000,-4385.235,-2853.764,50000.000,0
28651,,,50000.000,-6917.764,-2472.765,50000.000,0
28701,,,50000.000,-7380.941,-1591.235,50000.000,0
28751,,,50000.000,-3690.470,-2218.765,50000.000,0
28801,,,50000.000,-2846.294,-3234.764,50000.000,0
28851,,,50000.000,-2794.000,-4071.470,50000.000,0
28901,,,50000.000,-1538.941,-3107.764,50000.000,0
28951,,,50000.000,-1822.823,-3780.117,50000.000,0
29001,,,50000.000,-1329.765,-3264.647,50000.000,0
29051,,,50000.000,-1098.176,-4400.176,50000.000,0
29101,,,50000.000,-1837.765,-4303.059,50000.000,0
29151,,,50000.000,-2226.235,-4355.353,50000.000,0
29201,,,50000.000,-2248.647,-3406.588,50000.000,0
29251,,,50000.000,-1583.765,-1441.823,50000.000,0
29301,,,50000.000,-3473.823,-1673.412,50000.000,0
29351,,,50000.000,-2652.059,-1591.235,50000.000,0
29401,,,50000.000,-2241.176,-2114.176,50000.000,0
29451,,,50000.000,-4235.823,-3473.823,50000.000,0
29501,,,50000.000,-4878.294,-3033.059,50000.000,0
29551,,,50000.000,-4855.882,-627.529,50000.000,0
29601,,,50000.000,-2794.000,0.000,50000.000,0
29651,,,50000.000,-1255.059,-866.588,50000.000,0
29701,,,50000.000,-4093.882,-3033.059,50000.000,0
29751,,,50000.000,-3899.647,-3369.235,50000.000,0
29801,,,50000.000,-4176.059,-3092.823,50000.000,0
29851,,,50000.000,-4818.529,-2002.118,50000.000,0
29901,,,50000.000,-6947.646,-3085.353,50000.000,0
29951,,,50000.000,-7014.882,-4840.941,50000.000,0
30001,,,50000.000,-1494.118,-1359.647,50000.000,0
30051,,,50000.000,-1240.118,-1636.059,50000.000,0
30101,,,50000.000,-1426.882,-1800.412,50000.000,0
30151,,,50000.000,-1919.941,-1964.765,50000.000,0
30201,,,50000.000,-1105.647,-1337.235,50000.000,0
30251,,,50000.000,-3316.941,-4101.353,50000.000,0
30301,,,50000.000,-3406.588,-4997.823,50000.000,0
30351,,,50000.000,-649.941,-903.941,50000.000,0
30401,,,50000.000,-283.882,-216.647,50000.000,0
30451,,,50000.000,-769.471,-381.000,50000.000,0
30501,,,50000.000,-2913.529,-1337.235,50000.000,0
30551,,,50000.000,-2741.706,-2323.353,50000.000,0
30601,,,50000.000,-911.412,-1023.471,50000.000,0
30651,,,50000.000,-425.823,-545.353,50000.000,0
30701,,,50000.000,-903.941,-859.118,50000.000,0
30751,,,50000.000,-2637.117,-2502.647,50000.000,0
30801,,,50000.000,-1621.118,-1591.235,50000.000,0
30851,,,50000.000,-3070.412,-2106.706,50000.000,0
30901,,,50000.000,-4362.823,-2375.647,50000.000,0
30951,,,50000.000,-3130.176,-2405.529,50000.000,0
31001,,,50000.000,-2525.059,-3279.588,50000.000,0
31051,,,50000.000,-2009.588,-2756.647,50000.000,0
31101,,,50000.000,-1890.059,-1568.823,50000.000,0
31151,,,50000.000,-3346.823,-799.353,50000.000,0
31201,,,50000.000,-3907.117,-328.706,50000.000,0
31251,,,50000.000,-1710.765,-283.882,50000.000,0
31301,,,50000.000,-941.294,-1023.471,50000.000,0
31351,,,50000.000,-1083.235,-1763.059,50000.000,0
31401,,,50000.000,-216.647,-612.588,50000.000,0
31451,,,50000.000,-14.941,-141.941,50000.000,0
31501,,,50000.000,-440.765,-1479.176,50000.000,0
31551,,,50000.000,-463.176,-2032.000,50000.000,0
31601,,,50000.000,-298.824,-1949.823,50000.000,0
31651,,,50000.000,-522.941,-1225.176,50000.000,0
31701,,,50000.000,-1688.353,-3175.000,50000.000,0
31751,,,50000.000,-933.823,-1464.235,50000.000,0
31801,,,50000.000,-1972.235,-2562.412,50000.000,0
31851,,,50000.000,-2315.882,-3937.000,50000.000,0
31901,,,50000.000,-776.941,-1157.941,50000.000,0
31951,,,50000.000,-1576.294,-1583.765,50000.000,0
32001,,,50000.000,-1060.823,-1210.235,50000.000,0
32051,,,50000.000,-1374.588,-1524.000,50000.000,0
32101,,,50000.000,-1561.353,-3391.647,50000.000,0
32151,,,50000.000,-246.529,-1008.529,50000.000,0
32201,,,50000.000,-29.882,-291.353,50000.000,0
32251,,,50000.000,-141.941,-784.412,50000.000,0
32301,,,50000.000,-694.765,-433.294,50000.000,0
32351,,,50000.000,-1045.882,-231.588,50000.000,0
32401,,,50000.000,-1187.823,-164.353,50000.000,0
32451,,,50000.000,-7.471,0.000,50000.000,0
32501,,,50000.000,-7.471,-37.353,50000.000,0
32551,,,50000.000,-351.118,-537.882,50000.000,0
32601,,,50000.000,-448.235,-747.059,50000.000,0
32651,,,50000.000,-515.471,-776.941,50000.000,0
32701,,,50000.000,-1180.353,-1150.470,50000.000,0
32751,,,50000.000,-769.471,-388.471,50000.000,0
32801,,,50000.000,-1815.353,-254.000,50000.000,0
32851,,,50000.000,-3242.235,410.882,50000.000,0
32901,,,50000.000,-5707.529,141.941,50000.000,0
32951,,,50000.000,-6118.411,-358.588,50000.000,0
33001,,,50000.000,-7903.882,-418.353,50000.000,0
33051,,,50000.000,-4452.470,-216.647,50000.000,0
33101,,,50000.000,-4811.059,22.412,50000.000,0
33151,,,50000.000,-9823.823,448.235,50000.000,0
33201,,,50000.000,-7627.470,-776.941,50000.000,0
33251,,,50000.000,-4049.059,-1479.176,50000.000,0
33301,,,50000.000,-4086.411,-2472.765,50000.000,0
33351,,,50000.000,-1217.706,-747.059,50000.000,0
33401,,,50000.000,-4848.412,-5057.588,50000.000,0
33451,,,50000.000,-7522.882,-14074.587,50000.000,0
33501,,,50000.000,-4840.941,-11661.588,50000.000,0
33551,,,50000.000,-2689.412,-3623.235,50000.000,0
33601,,,50000.000,-3600.823,-3257.176,50000.000,0
33651,,,50000.000,-3249.706,-5513.294,50000.000,0
33701,,,50000.000,-3048.000,-7410.823,50000.000,0
33751,,,50000.000,-2368.176,-4721.412,50000.000,0
33801,,,50000.000,-1135.529,-2248.647,50000.000,0
33851,,,50000.000,-1210.235,-3996.764,50000.000,0
33901,,,50000.000,-515.471,-2017.059,50000.000,0
33951,,,50000.000,-448.235,-1314.823,50000.000,0
34001,,,50000.000,-112.059,-231.588,50000.000,0
34051,,,50000.000,-156.882,-283.882,50000.000,0
34101,,,50000.000,-530.412,-1187.823,50000.000,0
34151,,,50000.000,-590.176,-1143.000,50000.000,0
34201,,,50000.000,-1143.000,-1568.823,50000.000,0
34251,,,50000.000,-2330.823,-2741.706,50000.000,0
34301,,,50000.000,-2637.117,-4011.706,50000.000,0
34351,,,50000.000,-3488.764,-4586.941,50000.000,0
34401,,,50000.000,-3780.117,-3010.647,50000.000,0
34451,,,50000.000,-4049.059,-1143.000,50000.000,0
34501,,,50000.000,-3608.294,-1075.765,50000.000,0
34551,,,50000.000,-2726.764,-1658.470,50000.000,0
34601,,,50000.000,-2188.882,-1651.000,50000.000,0
34651,,,50000.000,-2786.529,-1964.765,50000.000,0
34701,,,50000.000,-4123.765,-1195.294,50000.000,0
34751,,,50000.000,-3391.647,-948.765,50000.000,0
34801,,,50000.000,-1628.588,-821.765,50000.000,0
34851,,,50000.000,-1651.000,-836.706,50000.000,0
34901,,,50000.000,-6760.882,-3406.588,50000.000,0
34951,,,50000.000,-9891.059,-3533.588,50000.000,0
35001,,,50000.000,-5580.529,-1628.588,50000.000,0
35051,,,50000.000,-4512.235,-2114.176,50000.000,0
35101,,,50000.000,-7134.411,-4773.706,50000.000,0
35151,,,50000.000,-6021.294,-3623.235,50000.000,0
35201,,,50000.000,-7097.058,-3488.764,50000.000,0
35251,,,50000.000,-5722.470,-3272.117,50000.000,0
35301,,,50000.000,-4803.588,-3593.353,50000.000,0
35351,,,50000.000,-3048.000,-2928.470,50000.000,0
35401,,,50000.000,-4631.764,-3309.470,50000.000,0
35451,,,50000.000,-7470.588,-5012.764,50000.000,0
35501,,,50000.000,-3563.470,-2390.588,50000.000,0
35551,,,50000.000,-1143.000,-881.529,50000.000,0
35601,,,50000.000,-1419.412,-1023.471,50000.000,0
35651,,,50000.000,-4108.823,-2121.647,50000.000,0
35701,,,50000.000,-3130.176,-1665.941,50000.000,0
35751,,,50000.000,-2360.706,-1352.176,50000.000,0
35801,,,50000.000,-3257.176,-2540.000,50000.000,0
35851,,,50000.000,-4586.941,-3175.000,50000.000,0
35901,,,50000.000,-5042.646,-2121.647,50000.000,0
35951,,,50000.000,-4415.117,-1307.353,50000.000,0
36001,,,50000.000,-6454.588,-3085.353,50000.000,0
36051,,,50000.000,-11205.882,-5520.764,50000.000,0
36101,,,50000.000,-8635.999,-4355.353,50000.000,0
36151,,,50000.000,-5983.941,-3302.000,50000.000,0
36201,,,50000.000,-3137.647,-1860.176,50000.000,0
36251,,,50000.000,-1740.647,-1247.588,50000.000,0
36301,,,50000.000,-2196.353,-1919.941,50000.000,0
36351,,,50000.000,-3503.706,-4355.353,50000.000,0
36401,,,50000.000,-2547.470,-3675.529,50000.000,0
36451,,,50000.000,-2569.882,-4258.235,50000.000,0
36501,,,50000.000,-2173.941,-4332.941,50000.000,0
36551,,,50000.000,-1075.765,-2823.882,50000.000,0
36601,,,50000.000,-328.706,-1090.706,50000.000,0
36651,,,50000.000,-627.529,-3556.000,50000.000,0
36701,,,50000.000,-216.647,-2652.059,50000.000,0
36751,,,50000.000,44.824,-933.823,50000.000,0
36801,,,50000.000,104.588,-1337.235,50000.000,0
36851,,,50000.000,-141.941,-1912.470,50000.000,0
36901,,,50000.000,351.118,-2173.941,50000.000,0
36951,,,50000.000,164.353,-3331.882,50000.000,0
37001,,,50000.000,-37.353,-4078.941,50000.000,0
37051,,,50000.000,119.529,-4467.412,50000.000,0
37101,,,50000.000,134.471,-4527.176,50000.000,0
37151,,,50000.000,-37.353,-3735.294,50000.000,0
37201,,,50000.000,141.941,-5416.176,50000.000,0
37251,,,50000.000,395.941,-8830.234,50000.000,0
37301,,,50000.000,911.412,-3189.941,50000.000,0
37351,,,50000.000,2144.059,-3466.353,50000.000,0
37401,,,50000.000,2846.294,-4878.294,50000.000,0
37451,,,50000.000,567.765,-1075.765,50000.000,0
37501,,,50000.000,1068.294,-776.941,50000.000,0
37551,,,50000.000,3630.706,-3660.588,50000.000,0
37601,,,50000.000,2069.353,-2569.882,50000.000,0
37651,,,50000.000,635.000,-508.000,50000.000,0
37701,,,50000.000,1919.941,-1322.294,50000.000,0
37751,,,50000.000,627.529,-448.235,50000.000,0
37801,,,50000.000,537.882,-381.000,50000.000,0
37851,,,50000.000,1322.294,-978.647,50000.000,0
37901,,,50000.000,2159.000,-2114.176,50000.000,0
37951,,,50000.000,3414.059,-2644.588,50000.000,0
38001,,,50000.000,5281.706,-3750.235,50000.000,0
38051,,,50000.000,3742.764,-3757.706,50000.000,0
38101,,,50000.000,2293.470,-1897.529,50000.000,0
38151,,,50000.000,2383.117,-1882.588,50000.000,0
38201,,,50000.000,1292.412,-1897.529,50000.000,0
38251,,,50000.000,2569.882,-4131.235,50000.000,0
38301,,,50000.000,2584.823,-4243.294,50000.000,0
38351,,,50000.000,3115.235,-4713.941,50000.000,0
38401,,,50000.000,3287.059,-5139.764,50000.000,0
38451,,,50000.000,2629.647,-4168.588,50000.000,0
38501,,,50000.000,3727.823,-7097.058,50000.000,0
38551,,,50000.000,1531.470,-3757.706,50000.000,0
38601,,,50000.000,866.588,-1927.412,50000.000,0
38651,,,50000.000,948.765,-2002.118,50000.000,0
38701,,,50000.000,724.647,-2218.765,50000.000,0
38751,,,50000.000,1382.059,-4400.176,50000.000,0
38801,,,50000.000,814.294,-5408.706,50000.000,0
38851,,,50000.000,37.353,-254.000,50000.000,0
38901,,,50000.000,74.706,-179.294,50000.000,0
38951,,,50000.000,82.176,-1658.470,50000.000,0
39001,,,50000.000,-22.412,-590.176,50000.000,0
39051,,,50000.000,-298.824,-791.882,50000.000,0
39101,,,50000.000,-351.118,-702.235,50000.000,0
39151,,,50000.000,-52.294,14.941,50000.000,0
39201,,,50000.000,-500.529,-37.353,50000.000,0
39251,,,50000.000,-3369.235,-2435.412,50000.000,0
39301,,,50000.000,-2569.882,-3511.176,50000.000,0
39351,,,50000.000,-201.706,-395.941,50000.000,0
39401,,,50000.000,-276.412,-1008.529,50000.000,0
39451,,,50000.000,-381.000,-1337.235,50000.000,0
39501,,,50000.000,-209.176,-552.823,50000.000,0
39551,,,50000.000,-89.647,-216.647,50000.000,0
39601,,,50000.000,0.000,0.000,50000.000,0
39651,,,50000.000,0.000,0.000,50000.000,0
39701,,,50000.000,0.000,0.000,50000.000,0
39751,,,50000.000,612.588,-545.353,50000.000,0
39801,,,50000.000,1068.294,-769.471,50000.000,0
39851,,,50000.000,2390.588,-478.118,50000.000,0
39901,,,50000.000,6454.588,-381.000,50000.000,0
39951,,,50000.000,3062.941,-388.471,50000.000,0
40001,,,50000.000,657.412,-679.823,50000.000,0
40051,,,50000.000,3137.647,-3316.941,50000.000,0
40101,,,50000.000,2861.235,-3212.353,50000.000,0
40151,,,50000.000,2465.294,-2771.588,50000.000,0
40201,,,50000.000,1987.176,-1822.823,50000.000,0
40251,,,50000.000,2136.588,-1636.059,50000.000,0
40301,,,50000.000,2808.941,-2024.529,50000.000,0
40351,,,50000.000,4138.706,-2607.235,50000.000,0
40401,,,50000.000,2196.353,-1568.823,50000.000,0
40451,,,50000.000,3608.294,-4347.882,50000.000,0
40501,,,50000.000,4430.059,-3488.764,50000.000,0
40551,,,50000.000,6088.529,-3137.647,50000.000,0
40601,,,50000.000,1964.765,-1068.294,50000.000,0
40651,,,50000.000,67.235,-52.294,50000.000,0
40701,,,50000.000,2435.412,-2106.706,50000.000,0
40751,,,50000.000,4071.470,-3630.706,50000.000,0
40801,,,50000.000,2017.059,-2002.118,50000.000,0
40851,,,50000.000,2928.470,-2226.235,50000.000,0
40901,,,50000.000,4370.294,-2689.412,50000.000,0
40951,,,50000.000,4945.529,-2868.706,50000.000,0
41001,,,50000.000,3466.353,-2711.823,50000.000,0
41051,,,50000.000,5311.588,-3757.706,50000.000,0
41101,,,50000.000,5655.235,-3772.647,50000.000,0
41151,,,50000.000,6133.353,-3966.882,50000.000,0
41201,,,50000.000,6447.117,-4265.706,50000.000,0
41251,,,50000.000,3907.117,-2375.647,50000.000,0
41301,,,50000.000,4086.411,-2413.000,50000.000,0
41351,,,50000.000,1135.529,-814.294,50000.000,0
41401,,,50000.000,1845.235,-956.235,50000.000,0
41451,,,50000.000,1240.118,-545.353,50000.000,0
41501,,,50000.000,776.941,-455.706,50002.000,0
41551,,,50000.000,1337.235,-874.059,50000.000,0
41601,,,50000.000,2405.529,-1680.882,50000.000,0
41651,,,50000.000,537.882,-545.353,50000.000,0
41701,,,50000.000,1456.765,-1680.882,50000.000,0
41751,,,50000.000,2719.294,-3018.117,50000.000,0
41801,,,50000.000,3092.823,-3384.176,50000.000,0
41851,,,50000.000,3429.000,-3212.353,50000.000,0
41901,,,50000.000,4721.412,-4176.059,50000.000,0
41951,,,50000.000,4691.529,-4564.529,50000.000,0
42001,,,50000.000,3100.294,-3429.000,50000.000,0
42051,,,50000.000,3608.294,-3182.470,50000.000,0
42101,,,50000.000,3010.647,-2218.765,50000.000,0
42151,,,50000.000,1733.176,-1852.706,50000.000,0
42201,,,50000.000,2353.235,-3100.294,50000.000,0
42251,,,50000.000,1733.176,-2652.059,50000.000,0
42301,,,50000.000,2091.765,-2883.647,50000.000,0
42351,,,50000.000,1419.412,-1800.412,50000.000,0
42401,,,50000.000,3182.470,-4527.176,50000.000,0
42451,,,50000.000,3481.294,-5251.823,50000.000,0
42501,,,50000.000,4489.823,-7119.470,50000.000,0
42551,,,50000.000,2958.353,-4534.647,50000.000,0
42601,,,50000.000,926.353,-1270.000,50000.000,0
42651,,,50000.000,1419.412,-2480.235,50000.000,0
42701,,,50000.000,2950.882,-4960.470,50000.000,0
42751,,,50000.000,2427.941,-3406.588,50000.000,0
42801,,,50000.000,478.118,-575.235,50000.000,0
42851,,,50000.000,522.941,-635.000,50000.000,0
42901,,,50000.000,82.176,-52.294,50000.000,0
42951,,,50000.000,918.882,-911.412,50000.000,0
43001,,,50000.000,3660.588,-3526.117,50000.000,0
43051,,,50000.000,4280.647,-3981.823,50000.000,0
43101,,,50000.000,2084.294,-1807.882,50000.000,0
43151,,,50000.000,2136.588,-1419.412,50000.000,0
43201,,,50000.000,2084.294,-1307.353,50000.000,0
43251,,,50000.000,3466.353,-2084.294,50000.000,0
43301,,,50000.000,6140.823,-3817.470,50000.000,0
43351,,,50000.000,2076.823,-1613.647,50000.000,0
43401,,,50000.000,2734.235,-2442.882,50000.000,0
43451,,,50000.000,3541.059,-3316.941,50000.000,0
43501,,,50000.000,3541.059,-3182.470,50000.000,0
43551,,,50000.000,2629.647,-1964.765,50000.000,0
43601,,,50000.000,3189.941,-2173.941,50000.000,0
43651,,,50000.000,4355.353,-2898.588,50000.000,0
43701,,,50000.000,9510.059,-8404.411,50000.000,0
43751,,,50000.000,4489.823,-4422.588,50000.000,0
43801,,,50000.000,1456.765,-1449.294,50000.000,0
43851,,,50000.000,4228.353,-4773.706,50000.000,0
43901,,,50001.000,6723.529,-7052.235,50000.000,0
43951,,,50000.000,7380.941,-7448.176,49999.000,0
44001,,,49999.000,6237.941,-5856.941,49999.000,0
44051,,,50000.000,3227.294,-3062.941,50000.000,0
44101,,,50000.000,3302.000,-2749.176,50000.000,0
44151,,,50000.000,4049.059,-4108.823,50000.000,0
44201,,,50000.000,6843.059,-7455.646,50000.000,0
44251,,,50000.000,5177.117,-5393.764,50000.000,0
44301,,,50000.000,3376.706,-3466.353,50000.000,0
44351,,,50000.000,1202.765,-1411.941,50000.000,0
44401,,,50000.000,4706.470,-5662.706,50000.000,0
44451,,,50000.000,3160.059,-3765.176,50000.000,0
44501,,,50000.000,1531.470,-1710.765,50000.000,0
44551,,,50000.000,1673.412,-1845.235,50000.000,0
44601,,,50000.000,3608.294,-3085.353,50000.000,0
44651,,,50000.000,4265.706,-2921.000,50000.000,0
44701,,,50000.000,1135.529,-754.529,50000.000,0
44751,,,50000.000,2345.765,-1927.412,50000.000,0
44801,,,50000.000,5707.529,-4445.000,50000.000,0
44851,,,50000.000,8068.235,-6006.353,50000.000,0
44901,,,50000.000,6110.941,-5393.764,50000.000,0
44951,,,50000.000,4183.529,-3645.647,50000.000,0
45001,,,50000.000,1367.118,-1001.059,50000.000,0
45051,,,50000.000,4564.529,-2816.412,50000.000,0
45101,,,50000.000,3346.823,-1905.000,50000.000,0
45151,,,50000.000,7844.117,-5109.882,50000.000,0
45201,,,50000.000,9136.528,-5969.000,50000.000,0
45251,,,50000.000,6648.823,-5401.235,50000.000,0
45301,,,50000.000,5535.706,-4848.412,50000.000,0
45351,,,50000.000,4811.059,-3249.706,50000.000,0
45401,,,50000.000,2652.059,-1905.000,50000.000,0
45451,,,50000.000,4990.353,-3526.117,50000.000,0
45501,,,50000.000,4654.176,-3653.117,50000.000,0
45551,,,50000.000,2069.353,-1845.235,50000.000,0
45601,,,50000.000,2891.117,-2554.941,50000.000,0
45651,,,50000.000,3115.235,-2764.117,50000.000,0
45701,,,50000.000,1225.176,-1202.765,50000.000,0
45751,,,50000.000,2427.941,-2427.941,50000.000,0
45801,,,50000.000,5625.353,-4557.059,50000.000,0
45851,,,50000.000,3331.882,-2659.529,50000.000,0
45901,,,50000.000,2121.647,-1471.706,50000.000,0
45951,,,50000.000,5558.117,-3765.176,50000.000,0
46001,,,50000.000,5244.353,-3107.764,50000.000,0
46051,,,50000.000,6462.059,-3481.294,50000.000,0
46101,,,50000.000,3735.294,-2188.882,50000.000,0
46151,,,50000.000,7866.529,-4945.529,50000.000,0
46201,,,50000.000,3384.176,-2323.353,50000.000,0
46251,,,50000.000,6125.882,-4108.823,50000.000,0
46301,,,50000.000,3675.529,-2002.118,50000.000,0
46351,,,50000.000,7037.293,-3683.000,50000.000,0
46401,,,50000.000,4945.529,-3227.294,50000.000,0
46451,,,50000.000,7433.235,-5393.764,50000.000,0
46501,,,50000.000,8516.470,-5416.176,50000.000,0
46551,,,50000.000,11101.293,-5132.294,50000.000,0
46601,,,50000.000,12797.117,-4788.647,50000.000,0
46651,,,50000.000,9256.059,-3473.823,50000.000,0
46701,,,50000.000,4258.235,-2450.353,50000.000,0
46751,,,50000.000,3832.412,-2622.176,50000.000,0
46801,,,50000.000,6985.000,-4967.941,50000.000,0
46851,,,50000.000,7298.764,-4624.294,50000.000,0
46901,,,50000.000,4452.470,-2390.588,50000.000,0
46951,,,50000.000,8068.235,-4863.353,50000.000,0
47001,,,50000.000,1411.941,-1157.941,50000.000,0
47051,,,50000.000,4422.588,-4646.706,50000.000,0
47101,,,50000.000,2502.647,-2659.529,50000.000,0
47151,,,50000.000,552.823,-336.176,50000.000,0
47201,,,50000.000,2846.294,-1651.000,50000.000,0
47251,,,50000.000,1733.176,-1636.059,50000.000,0
47301,,,50000.000,2487.706,-2906.059,50000.000,0
47351,,,50000.000,4138.706,-3391.647,50000.000,0
47401,,,50000.000,7717.117,-2891.117,50000.000,0
47451,,,50000.000,7328.646,-1172.882,50000.000,0
47501,,,50000.000,6999.941,440.765,50000.000,0
47551,,,50000.000,4168.588,134.471,50000.000,0
47601,,,50000.000,470.647,-373.529,50000.000,0
47651,,,50000.000,2106.706,-1434.353,50000.000,0
47701,,,50000.000,2562.412,-649.941,50000.000,0
47751,,,50000.000,1471.706,-209.176,50000.000,0
47801,,,50000.000,702.235,-82.176,50000.000,0
47851,,,50000.000,1673.412,-239.059,50000.000,0
47901,,,50000.000,963.706,-261.471,50000.000,0
47951,,,50000.000,1830.294,-1367.118,50000.000,0
48001,,,50000.000,3436.470,-3257.176,50000.000,0
48051,,,50000.000,3570.941,-5050.117,50000.000,0
48101,,,50000.000,2726.764,-3780.117,50000.000,0
48151,,,50000.000,3959.411,-4616.823,50000.000,0
48201,,,50000.000,3234.764,-4676.588,50000.000,0
48251,,,50000.000,2913.529,-3884.706,50000.000,0
48301,,,50000.000,821.765,-1053.353,50000.000,0
48351,,,50000.000,1621.118,-1927.412,50000.000,0
48401,,,50000.000,3182.470,-2958.353,50000.000,0
48451,,,50000.000,3361.764,-3324.412,50000.000,0
48501,,,50000.000,4609.353,-5311.588,50000.000,0
48551,,,50000.000,4041.588,-5087.470,50000.000,0
48601,,,50000.000,3003.176,-4661.647,50000.000,0
48651,,,50000.000,4385.235,-7007.411,50000.000,0
48701,,,50000.000,1255.059,-2076.823,50000.000,0
48751,,,50000.000,283.882,-373.529,50000.000,0
48801,,,50000.000,1606.176,-2353.235,50000.000,0
48851,,,50000.000,3309.470,-5595.470,50000.000,0
48901,,,50000.000,3346.823,-5677.646,50000.000,0
48951,,,50000.000,3115.235,-4131.235,50000.000,0
49001,,,50000.000,1591.235,-1680.882,50000.000,0
49051,,,50000.000,3189.941,-3765.176,50000.000,0
49101,,,50000.000,5729.941,-7463.117,50000.000,0
49151,,,50000.000,5961.529,-7418.293,50000.000,0
49201,,,50000.000,6947.646,-9868.646,50000.000,0
49251,,,50000.000,2427.941,-3294.529,50000.000,0
49301,,,50000.000,5371.353,-5296.646,50000.000,0
49351,,,50000.000,6843.059,-6290.235,50000.000,0
49401,,,50000.000,4310.529,-4370.294,50000.000,0
49451,,,50000.000,1591.235,-1740.647,50000.000,0
49501,,,50000.000,963.706,-1075.765,50000.000,0
49551,,,50000.000,3458.882,-3585.882,50000.000,0
49601,,,50000.000,5266.764,-4728.882,50000.000,0
49651,,,50000.000,3309.470,-3533.588,50000.000,0
49701,,,50000.000,3578.412,-4153.647,50000.000,0
49751,,,50000.000,4796.117,-4818.529,50000.000,0
49801,,,50000.000,5117.353,-4915.646,50000.000,0
49851,,,50000.000,5662.706,-5461.000,50000.000,0
49901,,,50000.000,6185.646,-6858.000,50000.000,0
49951,,,50000.000,5782.235,-6148.294,50000.000,0
50001,,,50000.000,7933.764,-7888.940,50000.000,0
50051,,,50000.000,3690.470,-3705.412,50000.000,0
50101,,,50000.000,2502.647,-2958.353,50000.000,0
50151,,,50000.000,2510.117,-3182.470,50000.000,0
50201,,,50000.000,2629.647,-3421.529,50000.000,0
50251,,,50000.000,343.647,-470.647,50000.000,0
50301,,,50000.000,933.823,-1053.353,50000.000,0
50351,,,50000.000,3264.647,-3242.235,50000.000,0
50401,,,50000.000,3354.294,-3466.353,50000.000,0
50451,,,50000.000,3951.941,-4056.529,50000.000,0
50501,,,50000.000,2360.706,-2442.882,50000.000,0
50551,,,50000.000,1763.059,-1919.941,50000.000,0
50601,,,50000.000,5334.000,-5199.529,50000.000,0
50651,,,50000.000,6955.117,-5162.176,50000.000,0
50701,,,50000.000,6424.706,-4116.294,50000.000,0
50751,,,50000.000,9256.059,-7597.588,50000.000,0
50801,,,50000.000,6955.117,-8113.058,50000.000,0
50851,,,50000.000,7448.176,-7515.411,50000.000,0
50901,,,50000.000,7761.940,-8157.882,50000.000,0
50951,,,50000.000,8568.764,-9823.823,50000.000,0
51001,,,50000.000,4736.353,-5251.823,50000.000,0
51051,,,50000.000,5797.176,-4938.059,50000.000,0
51101,,,50000.000,9256.059,-3339.353,50000.000,0
51151,,,50000.000,11519.646,-784.412,50000.000,0
51201,,,50000.000,6424.706,-179.294,50000.000,0
51251,,,50000.000,3361.764,-612.588,50000.000,0
51301,,,50000.000,1725.706,-276.412,50000.000,0
51351,,,50000.000,2569.882,-186.765,50000.000,0
51401,,,50000.000,2360.706,22.412,50000.000,0
51451,,,50000.000,5184.588,567.765,50000.000,0
51501,,,50000.000,12124.764,1553.882,50000.000,0
51551,,,50000.000,8157.882,1060.823,50000.000,0
51601,,,50000.000,9562.353,1479.176,50000.000,0
51651,,,50000.000,14037.234,2293.470,50000.000,0
51701,,,50000.000,12729.882,2607.235,50000.000,0
51751,,,50000.000,10593.293,1905.000,50000.000,0
51801,,,50000.000,7874.000,971.176,50000.000,1
51851,,,50000.000,5311.588,403.412,50000.000,1
51901,,,50000.000,2188.882,762.000,50000.000,0
51951,,,50000.000,-1830.294,620.059,50000.000,0
52001,,,50000.000,-6379.882,313.765,50000.000,0
52051,,,50000.000,-8740.588,597.647,50000.000,0
52101,,,50000.000,-9196.294,-1807.882,50000.000,0
52151,,,50000.000,-11153.588,-6252.882,50000.000,0
52201,,,50000.000,-10204.823,-7029.823,50000.000,0
52251,,,50000.000,-6193.117,-4116.294,50000.000,0
52301,,,50000.000,-2054.412,-1195.294,50000.000,0
52351,,,50000.000,-1068.294,-537.882,50000.000,0
52401,,,50000.000,-3630.706,-1673.412,50000.000,0
52451,,,50000.000,-2898.588,-1202.765,50000.000,0
52501,,,50000.000,-993.588,-425.823,50000.000,0
52551,,,50000.000,-784.412,-328.706,50000.000,0
52601,,,50000.000,-119.529,-52.294,50000.000,0
52651,,,50000.000,-164.353,-149.412,50000.000,0
52701,,,50000.000,-239.059,-351.118,50000.000,0
52751,,,50000.000,-291.353,-537.882,50000.000,0
52801,,,50000.000,-2263.588,-2980.764,50000.000,0
52851,,,50000.000,-2435.412,-1867.647,50000.000,0
52901,,,50000.000,-1673.412,-388.471,50000.000,0
52951,,,50000.000,-784.412,-605.118,50000.000,0
53001,,,50000.000,-112.059,-403.412,50000.000,0
53051,,,50000.000,-515.471,-2689.412,50000.000,0
53101,,,50000.000,-791.882,-3929.529,50000.000,0
53151,,,50000.000,-283.882,-1546.412,50000.000,0
53201,,,50000.000,-403.412,-3899.647,50000.000,0
53251,,,50000.000,97.118,-5894.294,50000.000,0
53301,,,50000.000,552.823,-4228.353,50000.000,0
53351,,,50000.000,582.706,-4332.941,50000.000,0
53401,,,50000.000,366.059,-4796.117,50000.000,0
53451,,,50000.000,478.118,-5393.764,50000.000,0
53501,,,50000.000,1038.412,-4534.647,50000.000,0
53551,,,50000.000,1374.588,-4078.941,50000.000,0
53601,,,50000.000,1763.059,-4198.470,50000.000,0
53651,,,50000.000,1426.882,-3563.470,50000.000,0
53701,,,50000.000,1344.706,-3010.647,50000.000,0
53751,,,50000.000,1778.000,-2719.294,50000.000,0
53801,,,50000.000,1262.529,-1860.176,50000.000,0
53851,,,50000.000,1763.059,-2413.000,50000.000,0
53901,,,50000.000,2338.294,-2973.294,50000.000,0
53951,,,50000.000,2801.470,-3847.353,50000.000,0
54001,,,50000.000,2689.412,-3451.412,50000.000,0
54051,,,50000.000,926.353,-948.765,50000.000,0
54101,,,50000.000,3839.882,-4168.588,50000.000,0
54151,,,50000.000,642.471,-903.941,50000.000,0
54201,,,50000.000,597.647,-754.529,50000.000,0
54251,,,50000.000,1397.000,-1583.765,50000.000,0
54301,,,50000.000,3451.412,-3399.117,50000.000,0
54351,,,50000.000,3316.941,-3302.000,50000.000,0
54401,,,50000.000,1710.765,-1934.882,50000.000,0
54451,,,50000.000,2383.117,-3010.647,50000.000,0
54501,,,50000.000,3040.529,-4153.647,50000.000,0
54551,,,50000.000,3092.823,-5782.235,50000.000,0
54601,,,50000.000,3160.059,-5334.000,50000.000,0
54651,,,50000.000,3122.706,-5363.882,50000.000,0
54701,,,50000.000,3137.647,-5251.823,50000.000,0
54751,,,50000.000,3630.706,-5319.059,50000.000,0
54801,,,50000.000,4116.294,-5027.706,50000.000,0
54851,,,50000.000,3511.176,-4594.412,50000.000,0
54901,,,50000.000,2861.235,-5177.117,50000.000,0
54951,,,50000.000,4445.000,-7231.529,50000.000,0
55001,,,50000.000,3824.941,-5961.529,50000.000,0
55051,,,50000.000,3055.470,-4161.117,50000.000,0
55101,,,50000.000,2278.529,-3376.706,50000.000,0
55151,,,50000.000,2592.294,-3720.353,50000.000,0
55201,,,50000.000,2973.294,-4235.823,50000.000,0
55251,,,50000.000,2786.529,-3272.117,50000.000,0
55301,,,50000.000,2002.118,-2345.765,50000.000,0
55351,,,50000.000,1770.529,-2495.176,50000.000,0
55401,,,50000.000,2196.353,-2950.882,50000.000,0
55451,,,50000.000,3518.647,-4385.235,50000.000,0
55501,,,50000.000,4945.529,-6424.706,50000.000,0
55551,,,50000.000,3757.706,-5236.882,50000.000,0
55601,,,50000.000,2741.706,-3309.470,50000.000,0
55651,,,50000.000,679.823,-694.765,50000.000,0
55701,,,50000.000,836.706,-776.941,50000.000,0
55751,,,50000.000,776.941,-851.647,50000.000,0
55801,,,50000.000,1538.941,-1359.647,50000.000,0
55851,,,50000.000,3623.235,-2293.470,50000.000,0
55901,,,50000.000,5834.529,-2644.588,50000.000,0
55951,,,50000.000,4923.117,-1643.529,50000.000,0
56001,,,50000.000,5124.823,-268.941,50000.000,0
56051,,,50000.000,3899.647,724.647,50000.000,0
56101,,,50000.000,836.706,134.471,50000.000,0
56151,,,50000.000,1733.176,201.706,50000.000,0
56201,,,50000.000,1113.118,171.824,50000.000,0
56251,,,50000.000,4318.000,283.882,50000.000,0
56301,,,50000.000,2315.882,-104.588,50000.000,0
56351,,,50000.000,2166.470,-298.824,50000.000,0
56401,,,50000.000,1284.941,-89.647,50000.000,0
56451,,,50000.000,216.647,14.941,50000.000,0
56501,,,50000.000,1016.000,261.471,50000.000,0
56551,,,50000.000,3130.176,732.118,50000.000,0
56601,,,50000.000,2256.117,127.000,50000.000,0
56651,,,50000.000,679.823,-112.059,50000.000,0
56701,,,50000.000,0.000,-7.471,50000.000,0
56751,,,50000.000,59.765,14.941,50000.000,0
56801,,,50000.000,201.706,67.235,50000.000,0
56851,,,50000.000,0.000,0.000,50000.000,0
56901,,,50000.000,0.000,0.000,50000.000,0
56951,,,50000.000,-22.412,7.471,50000.000,0
57001,,,50000.000,-844.176,-141.941,50000.000,0
57051,,,50000.000,-874.059,-156.882,50000.000,0
57101,,,50000.000,-724.647,-22.412,50000.000,0
57151,,,50000.000,-1359.647,-37.353,50000.000,0
57201,,,50000.000,-3324.412,-186.765,50000.000,0
57251,,,50000.000,-1023.471,-74.706,50000.000,0
57301,,,50000.000,-1695.823,-104.588,50000.000,0
57351,,,50000.000,-1277.470,-7.471,50000.000,0
57401,,,50000.000,-156.882,0.000,50000.000,0
57451,,,50000.000,-37.353,0.000,50000.000,0
57501,,,50000.000,-859.118,-44.824,50000.000,0
57551,,,50000.000,-821.765,-52.294,50000.000,0
57601,,,50000.000,-1143.000,-97.118,50000.000,0
57651,,,50000.000,-2144.059,-149.412,50000.000,0
57701,,,50000.000,-410.882,-22.412,50000.000,0
57751,,,50000.000,-3077.882,-127.000,50000.000,0
57801,,,50000.000,-1337.235,-67.235,50000.000,0
57851,,,50000.000,-4497.294,-156.882,50000.000,0
57901,,,50000.000,-3727.823,-224.118,50000.000,0
57951,,,50000.000,-3018.117,-171.824,50000.000,0
58001,,,50000.000,-3234.764,-89.647,50000.000,0
58051,,,50000.000,-844.176,-59.765,50000.000,0
58101,,,50000.000,-2061.882,-119.529,50000.000,0
58151,,,50000.000,-5580.529,-395.941,50000.000,0
58201,,,50000.000,-6155.764,-313.765,50000.000,0
58251,,,50000.000,-6648.823,-291.353,50000.000,0
58301,,,50000.000,-6940.176,-508.000,50000.000,0
58351,,,50000.000,-5797.176,-336.176,50000.000,0
58401,,,50000.000,-3264.647,-127.000,50000.000,0
58451,,,50000.000,-2293.470,-134.471,50000.000,0
58501,,,50000.000,-3608.294,-343.647,50000.000,0
58551,,,50000.000,-3257.176,-201.706,50000.000,0
58601,,,50000.000,-2323.353,-119.529,50000.000,0
58651,,,50000.000,-1292.412,-59.765,50000.000,0
58701,,,50000.000,-500.529,-22.412,50000.000,0
58751,,,50000.000,141.941,7.471,50000.000,0
58801,,,50000.000,627.529,74.706,50000.000,0
58851,,,50000.000,1531.470,97.118,50000.000,0
58901,,,50000.000,2188.882,156.882,50000.000,0
58951,,,50000.000,2622.176,186.765,50000.000,0
59001,,,50000.000,2928.470,179.294,50000.000,0
59051,,,50000.000,2368.176,112.059,50000.000,0
59101,,,50000.000,2450.353,201.706,50000.000,0
59151,,,50000.000,2599.765,149.412,50000.000,0
59201,,,50000.000,3630.706,209.176,50000.000,0
59251,,,50000.000,4415.117,254.000,50000.000,0
59301,,,50000.000,4318.000,201.706,50000.000,0
59351,,,50000.000,4064.000,209.176,50000.000,0
59401,,,50000.000,3361.764,179.294,50000.000,0
59451,,,50000.000,4086.411,261.471,50000.000,0
59501,,,50000.000,2779.059,194.235,50000.000,0
59551,,,50000.000,3570.941,194.235,50000.000,0
59601,,,50000.000,1606.176,37.353,50000.000,0
59651,,,50000.000,2263.588,112.059,50000.000,0
59701,,,50000.000,194.235,7.471,50000.000,0
59751,,,50000.000,903.941,29.882,50000.000,0
59801,,,50000.000,74.706,0.000,50000.000,0
59851,,,50000.000,739.588,0.000,50000.000,0
59901,,,50000.000,986.118,44.824,50000.000,0
59951,,,50000.000,0.000,0.000,50000.000,0
