timestamp[ms],left_dx[um],left_dy[um],left_dt[us],right_dx[um],right_dy[um],right_dt[us],waterPin
0,-7.471,-14.941,50153.000,-14.941,-22.412,50153.000,0
51,-3092.823,-2861.235,50000.000,-5334.000,-5192.059,50000.000,0
101,-3189.941,784.412,50000.000,-2808.941,-971.176,50000.000,0
151,-1621.118,-7.471,50000.000,-896.471,926.353,50000.000,0
201,-246.529,-1516.529,50000.000,-605.118,799.353,50000.000,0
251,283.882,-1434.353,50000.000,52.294,246.529,50000.000,0
301,889.000,-508.000,50000.000,1060.823,-508.000,50000.000,0
351,1665.941,7.471,50000.000,1546.412,-881.529,50000.000,0
401,1867.647,246.529,50000.000,1927.412,-724.647,50000.000,0
451,1882.588,246.529,50000.000,2360.706,-104.588,50000.000,0
501,1964.765,104.588,50000.000,2196.353,119.529,50000.000,0
551,2173.941,0.000,50000.000,2502.647,209.176,50000.000,0
601,2405.529,7.471,50000.000,2808.941,112.059,50000.000,0
651,2525.059,7.471,50000.000,2756.647,74.706,50000.000,0
701,2607.235,112.059,50000.000,2801.470,0.000,50000.000,0
751,2390.588,239.059,50000.000,3025.588,0.000,50000.000,0
801,2734.235,254.000,50000.000,2913.529,7.471,50000.000,0
851,2779.059,164.353,50000.000,2965.823,14.941,50000.000,0
901,2525.059,141.941,50000.000,3189.941,-14.941,50000.000,0
951,2681.941,112.059,50000.000,2756.647,-89.647,50000.000,0
1001,2577.353,89.647,50000.000,2644.588,351.118,50000.000,0
1051,2159.000,0.000,50000.000,2390.588,821.765,50000.000,0
1101,2106.706,-216.647,50000.000,2510.117,246.529,50000.000,0
1151,2405.529,-89.647,50000.000,2323.353,0.000,50000.000,0
1201,2226.235,239.059,50000.000,2659.529,22.412,50000.000,0
1251,2017.059,418.353,50000.000,2480.235,-134.471,50000.000,0
1301,2039.470,254.000,50000.000,2465.294,-74.706,50000.000,0
1351,1875.118,171.824,50000.000,2308.412,0.000,50000.000,0
1401,1755.588,127.000,50000.000,1972.235,22.412,50000.000,0
1451,1538.941,67.235,50000.000,1636.059,0.000,50000.000,0
1501,1247.588,82.176,50000.000,1561.353,44.824,50000.000,0
1551,1262.529,52.294,50000.000,1359.647,59.765,50000.000,0
1601,1016.000,7.471,50000.000,1165.412,22.412,50000.000,0
1651,933.823,82.176,50000.000,1060.823,22.412,50000.000,0
1701,724.647,-14.941,50000.000,814.294,29.882,50000.000,0
1751,552.823,-29.882,50000.000,530.412,-44.824,50000.000,0
1801,336.176,-22.412,50000.000,321.235,-14.941,50000.000,0
1851,186.765,74.706,50000.000,283.882,14.941,50000.000,0
1901,82.176,14.941,50000.000,97.118,-74.706,50000.000,0
1951,-44.824,-22.412,50000.000,-104.588,-52.294,50000.000,0
2001,-119.529,-37.353,50000.000,-194.235,-14.941,50000.000,0
2051,-179.294,-52.294,50000.000,-351.118,-44.824,50000.000,0
2101,-246.529,-67.235,50000.000,-254.000,-127.000,50000.000,0
2151,-336.176,22.412,50000.000,-358.588,-67.235,50000.000,0
2201,-321.235,0.000,50000.000,-321.235,-74.706,50000.000,0
2251,-224.118,0.000,50000.000,-418.353,-82.176,50000.000,0
2301,-261.471,-44.824,50000.000,-403.412,-59.765,50000.000,0
2351,-156.882,-89.647,50000.000,-321.235,-59.765,50000.000,0
2401,-321.235,0.000,50000.000,-313.765,0.000,50000.000,0
2451,-298.824,-37.353,50000.000,-283.882,-22.412,50000.000,0
2501,-224.118,-59.765,50000.000,-298.824,-52.294,50000.000,0
2551,-268.941,-14.941,50000.000,-291.353,37.353,50000.000,0
2601,-283.882,-29.882,50000.000,-246.529,-14.941,50000.000,0
2651,-209.176,-44.824,50000.000,-351.118,-22.412,50000.000,0
2701,-254.000,-59.765,50000.000,-313.765,-14.941,50000.000,0
2751,-291.353,-29.882,50000.000,-261.471,-89.647,50000.000,0
2801,-254.000,7.471,50000.000,-328.706,0.000,50000.000,0
2851,-261.471,-52.294,50000.000,-313.765,-67.235,50000.000,0
2901,-298.824,-37.353,50000.000,-276.412,-59.765,50000.000,0
2951,-261.471,-14.941,50000.000,-336.176,-67.235,50000.000,0
3001,-298.824,22.412,50000.000,-321.235,44.824,50000.000,0
3051,-268.941,-22.412,50000.000,-254.000,-59.765,50000.000,0
3101,-261.471,-74.706,50000.000,-366.059,-67.235,50000.000,0
3151,-291.353,-7.471,50000.000,-351.118,52.294,50000.000,0
3201,-231.588,-59.765,50000.000,-254.000,-59.765,50000.000,0
3251,-239.059,-52.294,50000.000,-343.647,0.000,50000.000,0
3301,-313.765,-14.941,50000.000,-291.353,59.765,50000.000,0
3351,-224.118,-29.882,50000.000,-291.353,-104.588,50000.000,0
3401,-216.647,-52.294,50000.000,-351.118,-29.882,50000.000,0
3451,-224.118,-37.353,50000.000,-201.706,0.000,50000.000,0
3501,-156.882,7.471,50000.000,-156.882,37.353,50000.000,0
3551,-112.059,-22.412,50000.000,-127.000,-52.294,50000.000,0
3601,-97.118,0.000,50000.000,-127.000,0.000,50000.000,0
3651,-82.176,29.882,50000.000,-74.706,14.941,50000.000,0
3701,-44.824,-22.412,50000.000,-59.765,-14.941,50000.000,0
3751,-14.941,0.000,50000.000,-44.824,-29.882,50000.000,0
3801,-14.941,7.471,50000.000,-14.941,-7.471,50000.000,0
3851,0.000,0.000,50000.000,-7.471,0.000,50000.000,0
3901,0.000,0.000,50000.000,0.000,0.000,50000.000,0
3951,-14.941,0.000,50000.000,-14.941,-37.353,50000.000,0
4001,-7.471,14.941,50000.000,-37.353,0.000,50000.000,0
4051,-14.941,7.471,50000.000,-7.471,7.471,50000.000,0
4101,-14.941,0.000,50000.000,-7.471,14.941,50000.000,0
4151,0.000,14.941,50000.000,0.000,-14.941,50000.000,0
4201,0.000,29.882,50000.000,7.471,-14.941,50000.000,0
4251,0.000,37.353,50000.000,37.353,22.412,50000.000,0
4301,7.471,-14.941,50000.000,14.941,-14.941,50000.000,0
4351,0.000,-7.471,50000.000,-37.353,0.000,50000.000,0
4401,-44.824,-22.412,50000.000,-74.706,-52.294,50000.000,0
4451,-74.706,-14.941,50000.000,-82.176,7.471,50000.000,0
4501,-59.765,-7.471,50000.000,-59.765,22.412,50000.000,0
4551,-44.824,-29.882,50000.000,-37.353,0.000,50000.000,0
4601,-14.941,-7.471,50000.000,-37.353,-14.941,50000.000,0
4651,-7.471,29.882,50000.000,-7.471,14.941,50000.000,0
4701,0.000,14.941,50000.000,7.471,0.000,50000.000,0
4751,7.471,0.000,50000.000,0.000,0.000,50000.000,0
4801,0.000,-7.471,50000.000,-7.471,-7.471,50000.000,0
4851,0.000,7.471,50000.000,-37.353,-14.941,50000.000,0
4901,-22.412,0.000,50000.000,-44.824,-14.941,50000.000,0
4951,-7.471,0.000,50000.000,-37.353,-37.353,50000.000,0
5001,-29.882,7.471,50000.000,-52.294,14.941,50000.000,0
5051,-59.765,-37.353,50000.000,-7.471,89.647,50000.000,0
5101,-7.471,-186.765,50000.000,-59.765,82.176,50000.000,0
5151,0.000,44.824,50000.000,14.941,381.000,50000.000,0
5201,141.941,67.235,50000.000,388.471,104.588,50000.000,0
5251,493.059,89.647,50000.000,306.294,-239.059,50000.000,0
5301,448.235,224.118,50000.000,590.176,-418.353,50000.000,0
5351,418.353,373.529,50000.000,605.118,-104.588,50000.000,0
5401,306.294,156.882,50000.000,373.529,74.706,50000.000,0
5451,276.412,-89.647,50000.000,246.529,37.353,50000.000,0
5501,268.941,-67.235,50000.000,179.294,97.118,50000.000,0
5551,306.294,762.000,50000.000,463.176,500.529,50000.000,0
5601,664.882,1606.176,50000.000,1538.941,268.941,50000.000,0
5651,1441.823,1389.529,50000.000,1733.176,-448.235,50000.000,0
5701,1763.059,560.294,50000.000,1994.647,-418.353,50000.000,0
5751,1949.823,717.176,50000.000,2659.529,298.824,50000.000,0
5801,2196.353,2547.470,50000.000,3623.235,702.235,50000.000,0
5851,3966.882,3757.706,50000.000,6163.235,-410.882,50000.000,0
5901,6910.293,1016.000,50000.000,7522.882,-4176.059,50000.000,0
5951,7171.764,-2510.117,50000.000,6066.117,-5050.117,50000.000,0
6001,5969.000,-3406.588,50000.000,5700.059,-3018.117,50000.000,0
6051,5177.117,-3712.882,50000.000,5281.706,-2995.706,50000.000,0
6101,3996.764,-4295.588,50000.000,4086.411,-620.059,50000.000,0
6151,2786.529,-3810.000,50000.000,2435.412,1389.529,50000.000,0
6201,3302.000,-1172.882,50000.000,3623.235,373.529,50000.000,0
6251,6028.764,2622.176,50000.000,6708.588,-3070.412,50000.000,0
6301,6133.353,3010.647,50000.000,6895.353,-2779.059,50000.000,0
6351,4930.588,82.176,50000.000,5080.000,-3249.706,50000.000,0
6401,6058.646,306.294,50000.000,5812.117,-5087.470,50000.000,0
6451,6940.176,-537.882,50000.000,6940.176,-7104.529,50000.000,0
6501,6775.823,-4676.588,50000.000,5685.117,-9831.293,50000.000,0
6551,7067.176,-6357.470,50000.000,5954.059,-12826.999,50000.000,0
6601,7239.000,-7328.646,50000.000,6335.059,-10548.470,50000.000,0
6651,5550.646,-3914.588,50000.000,4534.647,-5446.059,50000.000,0
6701,4826.000,1157.941,50000.000,6551.706,-4833.470,50000.000,0
6751,6820.646,2338.294,50000.000,7358.529,-7448.176,50000.000,0
6801,7679.764,-336.176,50000.000,6902.823,-9076.764,50000.000,0
6851,7500.470,-5311.588,50000.000,6417.235,-8583.705,50000.000,0
6901,6604.000,-9009.528,50000.000,4034.117,-6985.000,50000.000,0
6951,5356.412,-11041.528,50000.000,3092.823,-4191.000,50000.000,0
7001,4631.764,-12005.234,50000.000,1972.235,-3100.294,50000.000,0
7051,3787.588,-10772.588,50000.000,44.824,-3914.588,50000.000,0
7101,1688.353,-8210.176,50000.000,351.118,-1359.647,50000.000,0
7151,343.647,-6013.823,50000.000,-1150.470,2584.823,50000.000,0
7201,-2054.412,-2315.882,50000.000,-2330.823,7059.706,50000.000,0
7251,-3914.588,-1456.765,50000.000,-3496.235,4751.294,50000.000,0
7301,-4848.412,-3122.706,50000.000,-6917.764,2794.000,50000.000,0
7351,-5199.529,-4512.235,50000.000,-9076.764,2129.117,50000.000,0
7401,-5558.117,-5356.412,50000.000,-10443.882,-687.294,50000.000,0
7451,-5849.470,-5692.588,50000.000,-12266.705,-2547.470,50000.000,0
7501,-7761.940,-6805.706,50000.000,-12879.293,776.941,50000.000,0
7551,-10705.353,-7306.235,50000.000,-12819.528,5991.411,50000.000,0
7601,-12124.764,-7522.882,50000.000,-14089.528,4743.823,50000.000,0
7651,-11325.411,-8352.117,50000.000,-16584.705,2965.823,50000.000,0
7701,-11915.588,-8180.293,50000.000,-16831.234,1972.235,50000.000,0
7751,-12714.940,-6462.059,50000.000,-16442.764,702.235,50000.000,0
7801,-13402.234,-7537.823,50000.000,-17443.822,1807.882,50000.000,0
7851,-15882.470,-9353.176,50000.000,-18422.469,3922.059,50000.000,0
7901,-15972.116,-9801.411,50000.000,-19722.352,3705.412,50000.000,0
7951,-16465.176,-9599.705,50000.000,-20357.352,3421.529,50000.000,0
8001,-17675.410,-8404.411,50000.000,-20529.176,5528.235,50000.000,0
8051,-18497.176,-4601.882,50000.000,-20992.352,6185.646,50000.000,0
8101,-18855.764,-5259.294,50000.000,-20618.822,6880.411,50000.000,0
8151,-17996.646,-9226.176,50000.000,-24533.410,4474.882,50000.000,0
8201,-15165.293,-11161.058,50000.000,-26535.527,1030.941,50000.000,0
8251,-13663.705,-10301.940,50000.000,-26475.764,22.412,50000.000,0
8301,-13529.234,-8591.176,50000.000,-26796.998,-1217.706,50000.000,0
8351,-14575.116,-7859.058,50000.000,-26079.822,1763.059,50000.000,0
8401,-15942.234,-9577.294,50000.000,-23360.527,5655.235,50000.000,0
8451,-17227.176,-9913.470,50000.000,-25071.293,3877.235,50000.000,0
8501,-16188.764,-10877.176,50000.000,-24383.998,3697.941,50000.000,0
8551,-18131.117,-13603.940,50000.000,-25444.822,2271.059,50000.000,0
8601,-17182.352,-13469.470,50000.000,-28126.764,859.118,50000.000,0
8651,-15508.940,-12154.646,50000.000,-27491.764,-44.824,50000.000,0
8701,-15008.411,-11131.176,50000.000,-26528.057,1927.412,50000.000,0
8751,-16181.293,-12401.176,50000.000,-25751.115,6663.764,50000.000,0
8801,-15568.705,-11952.940,50000.000,-26438.410,5520.764,50000.000,0
8851,-17361.646,-13439.587,50000.000,-28022.174,3630.706,50000.000,0
8901,-16360.587,-12423.587,50000.000,-28574.998,2017.059,50000.000,0
8951,-17832.293,-13813.117,50000.000,-28425.586,1636.059,50000.000,0
9001,-17518.527,-14784.293,50000.000,-26856.764,4011.706,50000.000,0
9051,-18116.176,-17929.410,50000.000,-27947.469,2024.529,50000.000,0
9101,-15030.822,-16069.234,50000.000,-29516.293,-679.823,50000.000,0
9151,-14948.646,-13155.705,50000.000,-28395.703,1240.118,50000.000,0
9201,-16562.293,-11452.411,50000.000,-26199.352,7097.058,50000.000,0
9251,-18362.705,-11235.764,50000.000,-27431.998,5438.588,50000.000,0
9301,-14358.470,-8165.353,50000.000,-29254.822,2943.412,50000.000,0
9351,-15538.822,-8060.764,50000.000,-29239.881,1329.765,50000.000,0
9401,-17824.822,-12124.764,50000.000,-29097.939,-283.882,50000.000,0
9451,-19147.117,-16846.176,50000.000,-30098.998,-1890.059,50000.000,0
9501,-13969.999,-13140.764,50000.000,-28052.057,-3862.294,50000.000,0
9551,-14799.234,-10593.293,50000.000,-22732.998,-1038.412,50000.000,0
9601,-18228.234,-9577.294,50000.000,-22747.939,5453.529,50000.000,0
9651,-18900.588,-9943.353,50000.000,-25631.586,3839.882,50000.000,0
9701,-16203.705,-11302.999,50000.000,-26759.645,-1441.823,50000.000,0
9751,-13835.528,-10346.764,50000.000,-25624.115,-6185.646,50000.000,0
9801,-12304.058,-9158.940,50000.000,-23734.057,-9816.353,50000.000,0
9851,-12558.058,-10286.999,50000.000,-24010.469,-9487.646,50000.000,0
9901,-14836.587,-13611.411,50000.000,-24443.764,-4900.706,50000.000,0
9951,-15030.822,-14545.234,50000.000,-24496.057,-1165.412,50000.000,0
10001,-14500.411,-13417.176,50000.000,-22561.176,-4011.706,50000.000,0
10051,-13955.058,-11355.293,50000.000,-21918.705,-6745.941,50000.000,0
10101,-14694.646,-9644.528,50000.000,-21672.176,-5229.412,50000.000,0
10151,-16599.646,-9988.176,50000.000,-19162.057,-687.294,50000.000,0
10201,-17757.588,-9749.117,50000.000,-20432.057,5251.823,50000.000,0
10251,-17682.881,-7933.764,50000.000,-21059.586,7283.823,50000.000,0
10301,-18019.057,-7029.823,50000.000,-20999.822,2383.117,50000.000,0
10351,-15568.705,-5610.412,50000.000,-20499.293,-3473.823,50000.000,0
10401,-9898.528,-762.000,50000.000,-18160.998,-8583.705,50000.000,0
10451,-9816.353,3279.588,50000.000,-14276.293,-5535.706,50000.000,0
10501,-8367.059,3780.117,50000.000,-9659.470,-2009.588,50000.000,0
10551,-4945.529,-373.529,50000.000,-8464.176,-7134.411,50000.000,0
10601,-2898.588,-3361.764,50000.000,-7664.823,-11131.176,50000.000,0
10651,-1688.353,-5296.646,50000.000,-6148.294,-13327.528,50000.000,0
10701,-463.176,-7694.706,50000.000,-6477.000,-12968.940,50000.000,0
10751,-1546.412,-6813.176,50000.000,-6170.706,-7620.000,50000.000,0
10801,-2315.882,-4116.294,50000.000,-4699.000,-3802.529,50000.000,0
10851,-2390.588,-4497.294,50000.000,-3922.059,-3892.176,50000.000,0
10901,-1030.941,-6947.646,50000.000,-4736.353,-5289.176,50000.000,0
10951,-1016.000,-7978.588,50000.000,-5057.588,-4347.882,50000.000,0
11001,-1792.941,-8904.940,50000.000,-5147.235,-1822.823,50000.000,0
11051,-1949.823,-10854.764,50000.000,-5640.294,448.235,50000.000,0
11101,-2330.823,-10638.117,50000.000,-6633.882,-1486.647,50000.000,0
11151,-2569.882,-10047.940,50000.000,-6439.646,-2442.882,50000.000,0
11201,-3892.176,-9360.646,50000.000,-6753.411,-1105.647,50000.000,0
11251,-4826.000,-8987.117,50000.000,-7530.353,560.294,50000.000,0
11301,-5789.706,-7261.411,50000.000,-6910.293,5199.529,50000.000,0
11351,-8830.234,-3615.764,50000.000,-7567.706,7649.882,50000.000,0
11401,-9330.764,-3010.647,50000.000,-9121.588,4728.882,50000.000,0
11451,-8875.059,-5744.882,50000.000,-11183.470,552.823,50000.000,0
11501,-8777.940,-6716.059,50000.000,-12020.176,-1613.647,50000.000,0
11551,-9129.059,-6566.646,50000.000,-12587.940,-1434.353,50000.000,0
11601,-10451.353,-7806.764,50000.000,-12744.822,2973.294,50000.000,0
11651,-13118.353,-8710.705,50000.000,-14485.470,8792.882,50000.000,0
11701,-13461.999,-9091.705,50000.000,-16980.646,6813.176,50000.000,0
11751,-11743.764,-11295.528,50000.000,-17727.705,1464.235,50000.000,0
11801,-10712.823,-11332.882,50000.000,-19117.234,-874.059,50000.000,0
11851,-9719.234,-11310.470,50000.000,-18609.234,-2883.647,50000.000,0
11901,-9674.411,-10839.823,50000.000,-18795.998,-679.823,50000.000,0
11951,-8837.705,-9143.999,50000.000,-17488.646,6648.823,50000.000,0
12001,-9995.646,-8217.646,50000.000,-17877.117,6491.941,50000.000,0
12051,-10884.646,-8254.999,50000.000,-19147.117,1568.823,50000.000,0
12101,-11586.882,-8942.294,50000.000,-19543.057,-1202.765,50000.000,0
12151,-12266.705,-9861.176,50000.000,-19408.588,-1815.353,50000.000,0
12201,-12752.293,-9651.999,50000.000,-19655.117,2353.235,50000.000,0
12251,-15277.352,-8837.705,50000.000,-19147.117,7761.940,50000.000,0
12301,-16719.176,-7440.706,50000.000,-19035.057,4430.059,50000.000,0
12351,-15501.470,-8015.940,50000.000,-19386.176,-2159.000,50000.000,0
12401,-14560.176,-7761.940,50000.000,-17608.176,-4572.000,50000.000,0
12451,-16031.881,-8621.059,50000.000,-18975.293,-4855.882,50000.000,0
12501,-16554.822,-10391.588,50000.000,-20827.998,-859.118,50000.000,0
12551,-16524.939,-11639.176,50000.000,-21246.352,4848.412,50000.000,0
12601,-15508.940,-11945.470,50000.000,-21843.998,7037.293,50000.000,0
12651,-14104.470,-10794.999,50000.000,-23472.586,2876.176,50000.000,0
12701,-13835.528,-9592.234,50000.000,-22732.998,-1038.412,50000.000,0
12751,-13148.234,-8150.411,50000.000,-22725.527,-1890.059,50000.000,0
12801,-14597.528,-10122.646,50000.000,-22068.115,1464.235,50000.000,0
12851,-14724.528,-10458.823,50000.000,-21963.527,4243.294,50000.000,0
12901,-15538.822,-11101.293,50000.000,-22015.822,6118.411,50000.000,0
12951,-16091.646,-9950.823,50000.000,-23666.822,5461.000,50000.000,0
13001,-17996.646,-6999.941,50000.000,-23360.527,4713.941,50000.000,0
13051,-19356.293,-4676.588,50000.000,-22949.645,2958.353,50000.000,0
13101,-19460.881,-6686.176,50000.000,-24772.469,1202.765,50000.000,0
13151,-18116.176,-8904.940,50000.000,-25624.115,171.824,50000.000,0
13201,-17936.881,-10100.234,50000.000,-26371.174,-97.118,50000.000,0
13251,-17122.588,-9637.059,50000.000,-26147.057,-1008.529,50000.000,0
13301,-16084.176,-8374.529,50000.000,-25586.764,-3122.706,50000.000,0
13351,-15381.940,-8464.176,50000.000,-25041.410,-3287.059,50000.000,0
13401,-14634.882,-11512.176,50000.000,-25512.057,-1083.235,50000.000,0
13451,-14836.587,-12968.940,50000.000,-25960.293,926.353,50000.000,0
13501,-14582.587,-11691.470,50000.000,-25855.705,201.706,50000.000,0
13551,-15665.822,-10361.705,50000.000,-25676.410,-291.353,50000.000,0
13601,-17593.234,-8419.353,50000.000,-23920.822,1665.941,50000.000,0
13651,-19102.293,-9734.176,50000.000,-22277.293,4713.941,50000.000,0
13701,-17832.293,-10182.411,50000.000,-25437.352,6237.941,50000.000,0
13751,-17511.059,-8680.823,50000.000,-26722.293,4661.647,50000.000,0
13801,-19826.939,-8875.059,50000.000,-27006.174,2719.294,50000.000,0
13851,-19191.939,-6237.941,50000.000,-27887.703,762.000,50000.000,0
13901,-18168.469,-1688.353,50000.000,-26266.586,-336.176,50000.000,0
13951,-16435.293,-552.823,50000.000,-25795.939,-926.353,50000.000,0
14001,-16285.881,-2876.176,50000.000,-23450.176,-3361.764,50000.000,0
14051,-16143.940,-7672.293,50000.000,-21679.646,-8650.940,50000.000,0
14101,-14418.234,-9510.059,50000.000,-22217.527,-10929.470,50000.000,0
14151,-13633.822,-10376.646,50000.000,-21694.586,-9659.470,50000.000,0
14201,-15299.764,-9278.470,50000.000,-22904.822,-6477.000,50000.000,0
14251,-17257.059,-7567.706,50000.000,-19199.410,-933.823,50000.000,0
14301,-17981.705,-11392.646,50000.000,-21619.881,1494.118,50000.000,0
14351,-17570.822,-14769.352,50000.000,-23853.586,874.059,50000.000,0
14401,-16958.234,-16861.117,50000.000,-24144.939,-1083.235,50000.000,0
14451,-16181.293,-17309.352,50000.000,-24204.705,-1822.823,50000.000,0
14501,-14089.528,-14851.528,50000.000,-23659.352,-2293.470,50000.000,0
14551,-13267.764,-12244.293,50000.000,-23651.881,-537.882,50000.000,0
14601,-12647.705,-8755.529,50000.000,-21843.998,2965.823,50000.000,0
14651,-13282.705,-8142.940,50000.000,-20319.998,6970.059,50000.000,0
14701,-11452.411,-7522.882,50000.000,-20051.057,8987.117,50000.000,0
14751,-15157.822,-10189.882,50000.000,-20215.410,9069.294,50000.000,0
14801,-16816.293,-10533.528,50000.000,-21776.764,7440.706,50000.000,0
14851,-17271.998,-9846.234,50000.000,-23054.234,3735.294,50000.000,0
14901,-17496.117,-8038.353,50000.000,-23734.057,2181.412,50000.000,0
14951,-18586.822,-4497.294,50000.000,-21418.176,3354.294,50000.000,0
15001,-20611.352,-5558.117,50000.000,-23390.410,5326.529,50000.000,0
15051,-19961.410,-7963.646,50000.000,-26236.705,4228.353,50000.000,0
15101,-20551.586,-10914.528,50000.000,-28687.057,3966.882,50000.000,0
15151,-21948.586,-12782.176,50000.000,-32041.352,4781.176,50000.000,0
15201,-19714.881,-12909.176,50000.000,-33894.055,4512.235,50000.000,0
15251,-18594.293,-12064.999,50000.000,-35193.938,3257.176,50000.000,0
15301,-19699.939,-11220.823,50000.000,-34790.527,2271.059,50000.000,0
15351,-21253.822,-5946.588,50000.000,-31510.939,2711.823,50000.000,0
15401,-25093.705,-1494.118,50000.000,-28059.527,3339.353,50000.000,0
15451,-25795.939,-4923.117,50000.000,-26094.764,2517.588,50000.000,0
15501,-24615.586,-10481.234,50000.000,-30756.410,463.176,50000.000,0
15551,-23457.645,-13768.293,50000.000,-32997.586,-1897.529,50000.000,0
15601,-22598.527,-14477.999,50000.000,-33565.352,-3302.000,50000.000,0
15651,-18766.117,-12064.999,50000.000,-32803.352,-1665.941,50000.000,0
15701,-16913.410,-9861.176,50000.000,-31891.939,1008.529,50000.000,0
15751,-16323.234,-8180.293,50000.000,-30696.645,3802.529,50000.000,0
15801,-17959.293,-9868.646,50000.000,-28948.527,5924.176,50000.000,0
15851,-21589.998,-14365.940,50000.000,-29068.057,4840.941,50000.000,0
15901,-20088.410,-14918.764,50000.000,-29919.703,4086.411,50000.000,0
15951,-17996.646,-11766.176,50000.000,-24847.174,3944.470,50000.000,0
16001,-20678.586,-13013.764,50000.000,-28164.115,3839.882,50000.000,0
16051,-19819.469,-12841.940,50000.000,-31137.410,2794.000,50000.000,0
16101,-20394.705,-12162.117,50000.000,-31862.057,2114.176,50000.000,0
16151,-18803.469,-9472.705,50000.000,-30420.232,5229.412,50000.000,0
16201,-19326.410,-11146.117,50000.000,-31204.645,7605.058,50000.000,0
16251,-19468.352,-12416.117,50000.000,-33229.176,4407.647,50000.000,0
16301,-20312.527,-13693.587,50000.000,-34454.352,2353.235,50000.000,0
16351,-19916.586,-13588.999,50000.000,-32257.998,-1845.235,50000.000,0
16401,-22598.527,-15733.058,50000.000,-32474.645,-889.000,50000.000,0
16451,-22135.352,-14836.587,50000.000,-22553.705,1090.706,50000.000,0
16501,-24764.998,-16345.646,50000.000,-28560.057,4564.529,50000.000,0
16551,-21306.115,-14388.352,50000.000,-34185.410,1561.353,50000.000,0
16601,-18751.176,-12408.646,50000.000,-33206.762,-179.294,50000.000,0
16651,-17032.939,-9988.176,50000.000,-32497.057,1001.059,50000.000,0
16701,-18893.117,-12311.528,50000.000,-31884.469,3212.353,50000.000,0
16751,-21440.586,-16420.352,50000.000,-33796.938,1113.118,50000.000,0
16801,-17339.234,-14642.352,50000.000,-34626.176,-1912.470,50000.000,0
16851,-19774.646,-13656.234,50000.000,-28193.998,-1001.059,50000.000,0
16901,-22000.881,-11818.470,50000.000,-16607.117,2315.882,50000.000,0
16951,-27484.293,-14799.234,50000.000,-28978.410,7672.293,50000.000,0
17001,-26864.234,-16644.469,50000.000,-34439.410,7089.588,50000.000,0
17051,-26505.645,-16816.293,50000.000,-34895.117,6028.764,50000.000,0
17101,-24466.176,-15322.176,50000.000,-35537.586,4512.235,50000.000,0
17151,-18713.822,-10174.940,50000.000,-35731.820,3810.000,50000.000,0
17201,-19714.881,-8001.000,50000.000,-34887.645,4616.823,50000.000,0
17251,-24473.645,-8673.353,50000.000,-34289.996,2741.706,50000.000,0
17301,-25056.352,-10630.646,50000.000,-33550.410,2988.235,50000.000,0
17351,-27170.527,-14014.822,50000.000,-31398.881,3615.764,50000.000,0
17401,-30375.410,-15299.764,50000.000,-33296.410,5244.353,50000.000,0
17451,-33146.996,-19363.764,50000.000,-37860.938,4624.294,50000.000,0
17501,-27334.881,-17906.998,50000.000,-40087.172,948.765,50000.000,0
17551,-23226.057,-16106.587,50000.000,-39609.055,97.118,50000.000,0
17601,-19879.234,-13618.882,50000.000,-38861.996,-231.588,50000.000,0
17651,-23771.410,-14739.470,50000.000,-37367.879,941.294,50000.000,0
17701,-27618.764,-17107.646,50000.000,-36732.879,2764.117,50000.000,0
17751,-30659.293,-18691.410,50000.000,-27237.764,2525.059,50000.000,0
17801,-32773.469,-19968.881,50000.000,-29770.293,3152.588,50000.000,0
17851,-32370.057,-19640.176,50000.000,-40311.293,4019.176,50000.000,0
17901,-28171.586,-16763.998,50000.000,-39863.055,3346.823,50000.000,0
17951,-25758.586,-14619.940,50000.000,-39728.586,889.000,50000.000,0
18001,-20499.293,-10115.176,50000.000,-38413.762,2584.823,50000.000,0
18051,-24593.176,-12834.470,50000.000,-35418.055,6529.293,50000.000,0
18101,-27977.352,-15807.764,50000.000,-36516.234,3877.235,50000.000,0
18151,-25780.998,-16054.293,50000.000,-35612.293,-306.294,50000.000,0
18201,-26124.645,-17652.998,50000.000,-33535.469,-2876.176,50000.000,0
18251,-24115.057,-16584.705,50000.000,-35709.410,-3907.117,50000.000,0
18301,-23106.527,-14590.058,50000.000,-35761.703,-2502.647,50000.000,0
18351,-22344.527,-14896.352,50000.000,-33109.645,2540.000,50000.000,0
18401,-21119.352,-14657.293,50000.000,-34969.820,4093.882,50000.000,0
18451,-19259.176,-12812.058,50000.000,-35896.176,4131.235,50000.000,0
18501,-23838.645,-15172.764,50000.000,-35500.234,5483.412,50000.000,0
18551,-27200.410,-18168.469,50000.000,-36404.176,4990.353,50000.000,0
18601,-21522.764,-15322.176,50000.000,-34357.234,2540.000,50000.000,0
18651,-20723.410,-14552.705,50000.000,-31421.293,3055.470,50000.000,0
18701,-28754.293,-19087.352,50000.000,-33535.469,8591.176,50000.000,0
18751,-28291.115,-18213.293,50000.000,-37659.234,8486.588,50000.000,0
18801,-21321.057,-14261.352,50000.000,-38159.762,5072.529,50000.000,0
18851,-16741.588,-12841.940,50000.000,-38443.645,276.412,50000.000,0
18901,-13955.058,-12318.999,50000.000,-38697.645,-2943.412,50000.000,0
18951,-14873.940,-12759.764,50000.000,-34476.762,-993.588,50000.000,0
19001,-17421.410,-14590.058,50000.000,-28672.115,1299.882,50000.000,0
19051,-22576.115,-16973.176,50000.000,-34484.234,-956.235,50000.000,0
19101,-21589.998,-15307.234,50000.000,-34372.176,-2838.823,50000.000,0
19151,-22299.705,-15090.587,50000.000,-32078.703,1710.765,50000.000,0
19201,-21873.881,-14896.352,50000.000,-32616.586,6342.529,50000.000,0
19251,-19782.117,-12886.764,50000.000,-35014.645,4310.529,50000.000,0
19301,-22800.234,-14067.116,50000.000,-35178.996,3130.176,50000.000,0
19351,-26147.057,-17062.822,50000.000,-36396.703,1053.353,50000.000,0
19401,-22478.998,-15105.528,50000.000,-34693.410,1411.941,50000.000,0
19451,-24122.527,-17137.527,50000.000,-30980.527,3683.000,50000.000,0
19501,-24794.881,-17832.293,50000.000,-36336.938,3287.059,50000.000,0
19551,-22755.410,-15247.470,50000.000,-36150.176,2846.294,50000.000,0
19601,-24174.822,-15105.528,50000.000,-36419.113,2166.470,50000.000,0
19651,-19557.998,-13768.293,50000.000,-37031.703,769.471,50000.000,0
19701,-15598.587,-13260.293,50000.000,-36620.820,1105.647,50000.000,0
19751,-13701.058,-12109.822,50000.000,-33595.234,3167.529,50000.000,0
19801,-18870.705,-14096.999,50000.000,-32780.938,1658.470,50000.000,0
19851,-21806.646,-15232.528,50000.000,-31600.586,-298.824,50000.000,0
19901,-21440.586,-14851.528,50000.000,-24809.822,-268.941,50000.000,0
19951,-21335.998,-16218.646,50000.000,-26647.586,1875.118,50000.000,0
20001,-19117.234,-14776.822,50000.000,-32041.352,3481.294,50000.000,0
20051,-16338.176,-11937.999,50000.000,-32653.939,2159.000,50000.000,0
20101,-16808.822,-10772.588,50000.000,-30091.527,3675.529,50000.000,0
20151,-18691.410,-11288.058,50000.000,-30711.586,5617.882,50000.000,0
20201,-21791.705,-14851.528,50000.000,-31802.291,8105.588,50000.000,0
20251,-22449.115,-16442.764,50000.000,-33640.055,5483.412,50000.000,0
20301,-18855.764,-15800.293,50000.000,-32691.291,978.647,50000.000,0
20351,-17010.527,-17271.998,50000.000,-32967.703,-2300.941,50000.000,0
20401,-16868.588,-15860.058,50000.000,-30883.410,-664.882,50000.000,0
20451,-18609.234,-14477.999,50000.000,-28851.410,5909.235,50000.000,0
20501,-18138.588,-12901.705,50000.000,-29777.762,3212.353,50000.000,0
20551,-14492.940,-9091.705,50000.000,-29852.469,769.471,50000.000,0
20601,-13783.234,-7224.058,50000.000,-28545.115,194.235,50000.000,0
20651,-16532.410,-8157.882,50000.000,-29157.703,1023.471,50000.000,0
20701,-18624.176,-8045.823,50000.000,-28208.939,3115.235,50000.000,0
20751,-18937.939,-8075.706,50000.000,-27499.234,4437.529,50000.000,0
20801,-20902.705,-8307.294,50000.000,-28649.703,1748.118,50000.000,0
20851,-19826.939,-6110.941,50000.000,-28306.057,-485.588,50000.000,0
20901,-20432.057,-4639.235,50000.000,-27417.057,-1068.294,50000.000,0
20951,-21985.939,-5715.000,50000.000,-27148.115,1098.176,50000.000,0
21001,-22337.057,-8755.529,50000.000,-30024.293,1023.471,50000.000,0
21051,-19460.881,-8994.588,50000.000,-30816.174,-224.118,50000.000,0
21101,-18773.588,-8770.470,50000.000,-31660.352,-1561.353,50000.000,0
21151,-16061.764,-7343.588,50000.000,-31809.762,-3085.353,50000.000,0
21201,-17077.764,-8374.529,50000.000,-30151.293,-4318.000,50000.000,0
21251,-18639.117,-7642.411,50000.000,-29090.469,-3996.764,50000.000,0
21301,-19289.057,-5490.882,50000.000,-27857.822,-2861.235,50000.000,0
21351,-20603.881,-7478.058,50000.000,-25706.293,-3399.117,50000.000,0
21401,-18205.822,-10137.588,50000.000,-25639.057,-7216.588,50000.000,0
21451,-15419.293,-9211.234,50000.000,-21560.115,-7829.176,50000.000,0
21501,-17339.234,-10451.353,50000.000,-21970.998,-9764.059,50000.000,0
21551,-16920.881,-11885.705,50000.000,-24361.586,-8269.940,50000.000,0
21601,-16704.234,-8852.646,50000.000,-24772.469,-3974.353,50000.000,0
21651,-17458.764,-5976.470,50000.000,-22822.646,-254.000,50000.000,0
21701,-18489.705,-8479.117,50000.000,-22105.469,-1538.941,50000.000,0
21751,-13163.176,-8426.823,50000.000,-21769.293,-5924.176,50000.000,0
21801,-9943.353,-6955.117,50000.000,-19968.881,-8508.999,50000.000,0
21851,-10421.470,-7844.117,50000.000,-18146.057,-10152.528,50000.000,0
21901,-9031.940,-6103.470,50000.000,-17003.059,-10399.059,50000.000,0
21951,-10122.646,-1509.059,50000.000,-13021.234,-5856.941,50000.000,0
22001,-11579.411,-59.765,50000.000,-11048.999,-2353.235,50000.000,0
22051,-11392.646,-5169.646,50000.000,-12655.176,-2846.294,50000.000,0
22101,-8845.176,-8419.353,50000.000,-13447.058,-5535.706,50000.000,0
22151,-8284.882,-7784.353,50000.000,-12460.940,-6872.941,50000.000,0
22201,-8068.235,-9091.705,50000.000,-11183.470,-7291.293,50000.000,0
22251,-6947.646,-11273.117,50000.000,-11004.176,-8202.705,50000.000,0
22301,-6805.706,-11258.176,50000.000,-11863.293,-6970.059,50000.000,0
22351,-7149.353,-8098.117,50000.000,-11825.940,-2293.470,50000.000,0
22401,-7918.823,-8449.234,50000.000,-12042.588,-1561.353,50000.000,0
22451,-8845.176,-13633.822,50000.000,-12841.940,-246.529,50000.000,0
22501,-9547.411,-17227.176,50000.000,-13708.528,2315.882,50000.000,0
22551,-9046.882,-15254.940,50000.000,-13895.293,134.471,50000.000,0
22601,-8486.588,-14425.705,50000.000,-13603.940,-1860.176,50000.000,0
22651,-8725.646,-15725.587,50000.000,-14007.352,-2764.117,50000.000,0
22701,-7485.529,-13207.999,50000.000,-13999.882,366.059,50000.000,0
22751,-7956.176,-12109.822,50000.000,-13476.940,5393.764,50000.000,0
22801,-8023.411,-11317.940,50000.000,-13745.882,3668.059,50000.000,0
22851,-7343.588,-13118.353,50000.000,-15135.411,-1008.529,50000.000,0
22901,-6790.764,-12348.882,50000.000,-15837.646,-2226.235,50000.000,0
22951,-7126.941,-9241.117,50000.000,-13588.999,149.412,50000.000,0
23001,-7268.882,-6282.764,50000.000,-11280.588,4422.588,50000.000,0
23051,-6902.823,-5057.588,50000.000,-10518.588,3339.353,50000.000,0
23101,-8128.000,-6237.941,50000.000,-12565.528,89.647,50000.000,0
23151,-8195.234,-6753.411,50000.000,-12894.234,-1845.235,50000.000,0
23201,-8538.882,-7971.117,50000.000,-13148.234,-3399.117,50000.000,0
23251,-8934.823,-10496.176,50000.000,-14029.764,-3436.470,50000.000,0
23301,-8665.882,-12804.587,50000.000,-13835.528,-1232.647,50000.000,0
23351,-8867.588,-14492.940,50000.000,-14134.352,500.529,50000.000,0
23401,-8105.588,-13140.764,50000.000,-14985.999,-3623.235,50000.000,0
23451,-7993.529,-14717.058,50000.000,-13947.587,-6775.823,50000.000,0
23501,-8441.764,-15105.528,50000.000,-13551.646,-6297.706,50000.000,0
23551,-8695.764,-13402.234,50000.000,-13252.822,-1994.647,50000.000,0
23601,-8105.588,-10481.234,50000.000,-12767.234,1464.235,50000.000,0
23651,-8748.059,-11302.999,50000.000,-14126.882,-1613.647,50000.000,0
23701,-6559.176,-10279.528,50000.000,-13155.705,-6999.941,50000.000,0
23751,-7007.411,-10533.528,50000.000,-9524.999,-5625.353,50000.000,0
23801,-6790.764,-10047.940,50000.000,-12714.940,-8150.411,50000.000,0
23851,-7291.293,-11026.588,50000.000,-13379.822,-6208.059,50000.000,0
23901,-8919.882,-14276.293,50000.000,-14014.822,-5520.764,50000.000,0
23951,-7679.764,-12438.528,50000.000,-15023.352,-8068.235,50000.000,0
24001,-6275.293,-8919.882,50000.000,-13686.117,-9181.353,50000.000,0
24051,-7500.470,-9539.940,50000.000,-13320.058,-9599.705,50000.000,0
24101,-7179.235,-10204.823,50000.000,-13574.058,-7007.411,50000.000,0
24151,-7709.646,-11512.176,50000.000,-13783.234,-2659.529,50000.000,0
24201,-8307.294,-11960.411,50000.000,-13925.176,-1187.823,50000.000,0
24251,-8307.294,-10346.764,50000.000,-14037.234,-4347.882,50000.000,0
24301,-8277.411,-10339.293,50000.000,-13476.940,-6357.470,50000.000,0
24351,-8852.646,-10877.176,50000.000,-14500.411,-6312.646,50000.000,0
24401,-7769.411,-10869.705,50000.000,-14209.058,-2002.118,50000.000,0
24451,-8045.823,-12490.822,50000.000,-14059.646,1486.647,50000.000,0
24501,-8180.293,-11908.117,50000.000,-14806.705,-291.353,50000.000,0
24551,-8516.470,-11444.940,50000.000,-14395.822,-2241.176,50000.000,0
24601,-8538.882,-10145.059,50000.000,-14806.705,-1957.294,50000.000,0
24651,-8942.294,-10608.234,50000.000,-14836.587,-537.882,50000.000,0
24701,-8314.764,-8815.294,50000.000,-12856.882,3556.000,50000.000,0
24751,-9002.059,-4243.294,50000.000,-11549.528,4549.588,50000.000,0
24801,-10615.705,-2368.176,50000.000,-12759.764,3556.000,50000.000,0
24851,-11848.353,-4609.353,50000.000,-13648.764,2368.176,50000.000,0
24901,-11669.058,-2719.294,50000.000,-14134.352,866.588,50000.000,0
24951,-12737.353,-1030.941,50000.000,-13723.470,-261.471,50000.000,0
25001,-12625.293,-3234.764,50000.000,-14717.058,-1105.647,50000.000,0
25051,-11900.646,-6245.411,50000.000,-16106.587,-493.059,50000.000,0
25101,-12856.882,-7067.176,50000.000,-16360.587,762.000,50000.000,0
25151,-12797.117,-8538.882,50000.000,-17585.764,-956.235,50000.000,0
25201,-10488.705,-11183.470,50000.000,-18071.352,-6484.470,50000.000,0
25251,-7784.353,-10563.411,50000.000,-16480.117,-9181.353,50000.000,0
25301,-5804.646,-6805.706,50000.000,-13618.882,-8240.059,50000.000,0
25351,-7336.117,-7530.353,50000.000,-12109.822,-6118.411,50000.000,0
25401,-8434.294,-8695.764,50000.000,-13603.940,-1621.118,50000.000,0
25451,-7186.706,-7493.000,50000.000,-14104.470,2540.000,50000.000,0
25501,-10346.764,-9547.411,50000.000,-15583.646,5767.294,50000.000,0
25551,-12386.234,-10413.999,50000.000,-18146.057,5662.706,50000.000,0
25601,-11355.293,-10428.940,50000.000,-18683.939,4131.235,50000.000,0
25651,-11982.822,-9935.882,50000.000,-18541.998,4019.176,50000.000,0
25701,-12333.940,-9726.705,50000.000,-18624.176,2644.588,50000.000,0
25751,-13603.940,-10234.705,50000.000,-19543.057,1897.529,50000.000,0
25801,-14761.882,-9345.705,50000.000,-18482.234,5274.235,50000.000,0
25851,-16293.352,-9905.999,50000.000,-18833.352,8284.882,50002.000,0
25901,-17010.527,-10219.764,50000.000,-20237.822,7126.941,50000.000,0
25951,-16181.293,-11415.058,50000.000,-21223.939,4041.588,50000.000,0
26001,-15650.881,-13439.587,50000.000,-22643.352,993.588,50000.000,0
26051,-15703.176,-14888.881,50000.000,-24227.115,-201.706,50000.000,0
26101,-15127.940,-13611.411,50000.000,-23763.939,2502.647,50000.000,0
26151,-14784.293,-11990.293,50000.000,-20648.705,7776.882,50000.000,0
26201,-13574.058,-9995.646,50000.000,-22038.234,6850.529,50000.000,0
26251,-14888.881,-11616.764,50000.000,-23621.998,3556.000,50000.000,0
26301,-14448.116,-12109.822,50000.000,-24391.469,-851.647,50000.000,0
26351,-14717.058,-13364.882,50000.000,-23636.939,-4758.764,50000.000,0
26401,-14276.293,-13349.940,50000.000,-23106.527,-2816.412,50000.000,0
26451,-8538.882,-7709.646,50000.000,-20357.352,3429.000,50000.000,0
26501,-12558.058,-10473.764,50000.000,-19326.410,1912.470,50000.000,0
26551,-12946.528,-11258.176,50000.000,-20051.057,-4370.294,50000.000,0
26601,-9950.823,-9143.999,50000.000,-19722.352,-6902.823,50000.000,0
26651,-11967.882,-9495.117,50000.000,-19191.939,-6245.411,50000.000,0
26701,-11781.117,-10145.059,50000.000,-17189.822,-1143.000,50000.000,0
26751,-12139.705,-11190.940,50000.000,-19707.410,4482.353,50000.000,0
26801,-13312.587,-11340.353,50000.000,-20760.764,3563.470,50000.000,0
26851,-12909.176,-10884.646,50000.000,-21769.293,1919.941,50000.000,0
26901,-13738.411,-10526.059,50000.000,-21784.234,1837.765,50000.000,0
26951,-13865.411,-8934.823,50000.000,-21059.586,3010.647,50000.000,0
27001,-16308.293,-12401.176,50000.000,-21851.469,6932.706,50000.000,0
27051,-15210.116,-12625.293,50000.000,-24085.176,7597.588,50000.000,0
27101,-14649.822,-12191.999,50000.000,-24637.998,4437.529,50000.000,0
27151,-16106.587,-13364.882,50000.000,-26064.881,1852.706,50000.000,0
27201,-15897.411,-13200.528,50000.000,-26475.764,1195.294,50000.000,0
27251,-16442.764,-13955.058,50000.000,-24346.645,5931.646,50000.000,0
27301,-16913.410,-14007.352,50000.000,-26012.586,4168.588,50000.000,0
27351,-16846.176,-14365.940,50000.000,-27334.881,-410.882,50000.000,0
27401,-17660.469,-14821.646,50000.000,-27984.822,-1770.529,50000.000,0
27451,-16808.822,-13768.293,50000.000,-27417.057,1449.294,50000.000,0
27501,-14933.705,-12094.882,50000.000,-25026.469,5677.646,50000.000,0
27551,-13222.940,-9554.882,50000.000,-26415.998,1411.941,50000.000,0
27601,-13484.411,-8561.294,50000.000,-26662.527,-605.118,50000.000,0
27651,-12647.705,-8172.823,50000.000,-25624.115,-821.765,50000.000,0
27701,-15098.058,-11504.705,50000.000,-25639.057,657.412,50000.000,0
27751,-14702.116,-11721.353,50000.000,-23450.176,3854.823,50000.000,0
27801,-15598.587,-10869.705,50000.000,-22688.176,3854.823,50000.000,0
27851,-17279.469,-10047.940,50000.000,-24712.705,1135.529,50000.000,0
27901,-17331.764,-8419.353,50000.000,-25093.705,1083.235,50000.000,0
27951,-17540.939,-6828.117,50000.000,-24010.469,2637.117,50000.000,0
28001,-17862.176,-8150.411,50000.000,-24742.586,2935.941,50000.000,0
28051,-16689.293,-9009.528,50000.000,-25676.410,1860.176,50000.000,0
28101,-14149.293,-8680.823,50000.000,-26677.469,1105.647,50000.000,0
28151,-13775.764,-9592.234,50000.000,-27424.527,97.118,50000.000,0
28201,-13753.352,-8807.823,50000.000,-27723.352,-709.706,50000.000,0
28251,-15202.646,-7664.823,50000.000,-27402.115,254.000,50000.000,0
28301,-18377.646,-11220.823,50002.000,-26983.764,2300.941,50000.000,0
28351,-19154.588,-14754.411,49999.000,-28328.469,1890.059,50000.000,0
28401,-17585.764,-14209.058,49999.000,-28223.881,149.412,49998.000,0
28451,-19475.822,-14851.528,50000.000,-28320.998,-1165.412,50000.000,0
28501,-20028.646,-16420.352,50000.000,-29583.527,-5864.411,50000.000,0
28551,-15553.764,-13686.117,50000.000,-28836.469,-8464.176,50000.000,0
28601,-15703.176,-13648.764,50000.000,-27088.352,-4430.059,50000.000,0
28651,-15822.705,-15867.528,50000.000,-27125.703,1023.471,50000.000,0
28701,-12475.882,-12132.234,50000.000,-27275.115,44.824,50000.000,0
28751,-13760.822,-13499.352,50000.000,-26774.586,-2913.529,50000.000,0
28801,-16091.646,-15381.940,50000.000,-27245.234,-2644.588,50000.000,0
28851,-16166.352,-16121.528,50000.000,-26684.939,231.588,50000.000,0
28901,-17137.527,-18273.057,50000.000,-26669.998,963.706,50000.000,0
28951,-16487.588,-17384.059,50000.000,-27282.586,-1583.765,50000.000,0
29001,-15576.176,-16629.527,50000.000,-27282.586,-2771.588,50000.000,0
29051,-14089.528,-13439.587,50000.000,-27939.998,-821.765,50000.000,0
29101,-14201.587,-12595.411,50000.000,-24817.293,4325.470,50000.000,0
29151,-15314.705,-13327.528,50000.000,-25930.410,2921.000,50000.000,0
29201,-15262.411,-13768.293,50000.000,-27514.174,-478.118,50000.000,0
29251,-14911.293,-13723.470,50000.000,-28119.293,-1665.941,50000.000,0
29301,-16554.822,-13193.058,50000.000,-27887.703,104.588,50000.000,0
29351,-16793.881,-11220.823,50000.000,-26251.645,5326.529,50000.000,0
29401,-18624.176,-9233.646,50000.000,-27133.174,4445.000,50000.000,0
29451,-18482.234,-10653.058,50000.000,-28380.764,1045.882,50000.000,0
29501,-17951.822,-12102.353,50000.000,-28970.939,-1128.059,50000.000,0
29551,-16846.176,-11034.058,50000.000,-28373.293,-2846.294,50000.000,0
29601,-18444.881,-12550.587,50000.000,-28530.174,-2980.764,50000.000,0
29651,-16233.587,-12520.705,50000.000,-28806.586,-2368.176,50000.000,0
29701,-14410.764,-12558.058,50000.000,-28440.527,-3384.176,50000.000,0
29751,-11258.176,-8456.705,50000.000,-28388.232,-5490.882,50000.000,0
29801,-12946.528,-8322.234,50000.000,-27304.998,-4093.882,50000.000,0
29851,-14597.528,-10548.470,50000.000,-26826.881,-1636.059,50000.000,0
29901,-15964.646,-12184.528,50000.000,-26520.586,1277.470,50000.000,0
29951,-15546.293,-10563.411,50000.000,-25728.705,1008.529,50000.000,0
30001,-17309.352,-10204.823,50000.000,-25347.705,-2592.294,50000.000,0
30051,-17488.646,-7948.706,50000.000,-24503.527,-6843.059,50000.000,0
30101,-17929.410,-7186.706,50000.000,-22150.293,-7709.646,50000.000,0
30151,-17384.059,-11146.117,50000.000,-22127.881,-8090.646,50000.000,0
30201,-14395.822,-12610.353,50000.000,-23875.998,-8359.588,50000.000,0
30251,-12998.822,-12147.176,50000.000,-22830.115,-6858.000,50000.000,0
30301,-11534.588,-11019.117,50000.000,-22135.352,-8367.059,50000.000,0
30351,-11482.293,-6701.117,50000.000,-21179.117,-8748.059,50000.000,0
30401,-14522.822,-7993.529,50000.000,-20461.939,-7664.823,50000.000,0
30451,-16390.469,-12348.882,50000.000,-20506.764,-8053.293,50000.000,0
30501,-14350.999,-13551.646,50000.000,-21126.822,-6805.706,50000.000,0
30551,-14186.646,-14104.470,50000.000,-20491.822,-4228.353,50000.000,0
30601,-12520.705,-11362.764,50000.000,-20163.117,-7059.706,50000.000,0
30651,-12229.353,-8531.411,50000.000,-19543.057,-7440.706,50000.000,0
30701,-13476.940,-8464.176,50000.000,-19094.822,-7455.646,50000.000,0
30751,-12617.822,-9368.117,50000.000,-18930.469,-7791.823,50000.000,0
30801,-11317.940,-9614.646,50000.000,-19520.646,-5505.823,50000.000,0
30851,-10809.940,-9226.176,50000.000,-18609.234,-1792.941,50000.000,0
30901,-11004.176,-8120.529,50000.000,-18370.176,-2958.353,50000.000,0
30951,-8830.234,-4370.294,50000.000,-16950.764,-7268.882,50000.000,0
31001,-8635.999,-2076.823,50000.000,-14336.058,-6357.470,50000.000,0
31051,-9450.294,-2188.882,50000.000,-12670.117,-6432.176,50000.000,0
31101,-8015.940,-5423.646,50000.000,-13372.352,-8710.705,50000.000,0
31151,-7209.117,-6887.882,50000.000,-13984.940,-9031.940,50000.000,0
31201,-7575.176,-7478.058,50000.000,-12916.646,-6693.646,50000.000,0
31251,-7829.176,-9876.117,50000.000,-13491.882,-4004.235,50000.000,0
31301,-7037.293,-9883.588,50000.000,-13641.293,-1621.118,50000.000,0
31351,-8479.117,-8718.176,50000.000,-13484.411,-1710.765,50000.000,0
31401,-9502.588,-6835.588,50000.000,-13282.705,-896.471,50000.000,0
31451,-10720.293,-6992.470,50000.000,-13581.528,-747.059,50000.000,0
31501,-9622.117,-7149.353,50000.000,-13357.411,-672.353,50000.000,0
31551,-10152.528,-7358.529,50000.000,-13080.999,-649.941,50000.000,0
31601,-10294.470,-6716.059,50000.000,-13036.176,791.882,50000.000,0
31651,-11825.940,-6514.353,50000.000,-13521.764,1621.118,50000.000,0
31701,-12169.588,-5715.000,50000.000,-14425.705,-694.765,50000.000,0
31751,-11616.764,-3937.000,50000.000,-14388.352,-3376.706,50000.000,0
31801,-12289.117,-4310.529,50000.000,-14709.587,-2248.647,50000.000,0
31851,-12102.353,-4706.470,50000.000,-16569.764,52.294,50000.000,0
31901,-11609.293,-1471.706,50000.000,-15695.705,986.118,50000.000,0
31951,-11534.588,3003.176,50000.000,-13334.999,672.353,50000.000,0
32001,-10667.999,5543.176,50000.000,-11347.823,-963.706,50000.000,0
32051,-7388.411,5259.294,50000.000,-8710.705,-4011.706,50000.000,0
32101,-5169.646,2988.235,50000.000,-6977.529,-6910.293,50000.000,0
32151,-3593.353,-306.294,50000.000,-6155.764,-7141.882,50000.000,0
32201,-1897.529,-1172.882,50000.000,-3847.353,-5401.235,50000.000,0
32251,156.882,717.176,50000.000,-171.824,-3727.823,50000.000,0
32301,2577.353,2091.765,50000.000,3145.117,-2958.353,50000.000,0
32351,3369.235,3959.411,50000.000,4788.647,-537.882,50000.000,0
32401,5109.882,3399.117,50000.000,7620.000,-612.588,50000.000,0
32451,8710.705,-2846.294,50000.000,7380.941,-5558.117,50000.000,0
32501,9285.940,-6887.882,50000.000,7336.117,-9569.823,50000.000,0
32551,9143.999,-8441.764,50000.000,7784.353,-9838.764,50000.000,0
32601,9480.176,-9480.176,50000.000,6260.353,-7941.235,50000.000,0
32651,8254.999,-3675.529,50000.000,7948.706,-5909.235,50000.000,0
32701,11317.940,829.235,50000.000,12191.999,-5356.412,50000.000,0
32751,11960.411,3720.353,50000.000,13267.764,-5050.117,50000.000,0
32801,12812.058,1583.765,50000.000,13701.058,-6267.823,50000.000,0
32851,11527.117,-1434.353,50000.000,12162.117,-6118.411,50000.000,0
32901,11937.999,-5520.764,50000.000,11766.176,-3959.411,50000.000,0
32951,11908.117,-7567.706,50000.000,12423.587,-5371.353,50000.000,0
33001,12042.588,-7261.411,50000.000,11923.058,-9024.470,50000.000,0
33051,12468.411,-6454.588,50000.000,12864.353,-9338.234,50000.000,0
33101,11213.353,-4086.411,50000.000,12692.528,-7881.470,50000.000,0
33151,9853.705,-2988.235,50000.000,13334.999,-2898.588,50000.000,0
33201,9876.117,-2681.941,50000.000,13305.117,2315.882,50000.000,0
33251,9928.411,-1075.765,50000.000,12812.058,4855.882,50000.000,0
33301,10272.059,-799.353,50000.000,12565.528,2973.294,50000.000,0
33351,9278.470,-313.765,50000.000,10921.999,2853.764,50000.000,0
33401,6872.941,-635.000,50000.000,9532.470,3548.529,50000.000,0
33451,5655.235,-866.588,50000.000,7567.706,3249.706,50000.000,0
33501,3458.882,-567.765,50000.000,4953.000,2943.412,50000.000,0
33551,2084.294,-104.588,50000.000,3227.294,1875.118,50000.000,0
33601,724.647,-560.294,50000.000,881.529,747.059,50000.000,0
33651,-1770.529,-1195.294,50000.000,-2181.412,1307.353,50000.000,0
33701,-5842.000,-545.353,50000.000,-5490.882,3152.588,50000.000,0
33751,-8912.411,-1083.235,50000.000,-9450.294,171.824,50000.000,0
33801,-9151.470,-1628.588,50000.000,-12371.293,-4452.470,50000.000,0
33851,-10197.353,-5072.529,50000.000,-13529.234,-3854.823,50000.000,0
33901,-10914.528,-6230.470,50000.000,-15269.881,-4295.588,50000.000,0
33951,-7298.764,-2024.529,50000.000,-12169.588,-6432.176,50000.000,0
34001,-6506.882,-3003.176,50000.000,-10929.470,-8030.882,50000.000,0
34051,-7149.353,-7022.353,50000.000,-12012.705,-7978.588,50000.000,0
34101,-7246.470,-9965.764,50000.000,-12685.058,-5685.117,50000.000,0
34151,-7074.646,-8934.823,50000.000,-12916.646,-6088.529,50000.000,0
34201,-6223.000,-6462.059,50000.000,-11796.058,-7926.293,50000.000,0
34251,-6252.882,-7044.764,50000.000,-11444.940,-8225.117,50000.000,0
34301,-7112.000,-11034.058,50000.000,-12363.822,-6835.588,50000.000,0
34351,-7761.940,-14059.646,50000.000,-13491.882,-3346.823,50000.000,0
34401,-6828.117,-12236.822,50000.000,-14082.058,-2233.706,50000.000,0
34451,-6559.176,-9270.999,50000.000,-13730.940,-2554.941,50000.000,0
34501,-7224.058,-8299.823,50000.000,-13222.940,-881.529,50000.000,0
34551,-7776.882,-10040.470,50000.000,-13439.587,1553.882,50000.000,0
34601,-6282.764,-8785.411,50000.000,-13559.117,5812.117,50000.000,0
34651,-7545.293,-8060.764,50000.000,-14836.587,4781.176,50000.000,0
34701,-9136.528,-6574.117,50000.000,-15591.116,3653.117,50000.000,0
34751,-11975.353,-7926.293,50000.000,-16472.646,1695.823,50000.000,0
34801,-10750.176,-8187.764,50000.000,-18519.588,-268.941,50000.000,0
34851,-10115.176,-9031.940,50000.000,-18855.764,2338.294,50000.000,0
34901,-10817.411,-9465.234,50000.000,-18527.057,6394.823,50000.000,0
34951,-12587.940,-10047.940,50000.000,-19490.764,3107.764,50000.000,0
35001,-11302.999,-7911.353,50000.000,-19811.998,1337.235,50000.000,0
35051,-14171.705,-8949.764,50000.000,-20282.646,395.941,50000.000,0
35101,-16980.646,-9726.705,50000.000,-20312.527,3339.353,50000.000,0
35151,-15927.293,-8501.529,50000.000,-20245.293,7298.764,50000.000,0
35201,-12191.999,-6066.117,50000.000,-21507.822,3824.941,50000.000,0
35251,-15217.587,-8441.764,50000.000,-22097.998,-1225.176,50000.000,0
35301,-16577.234,-7500.470,50000.000,-21283.705,-4639.235,50000.000,0
35351,-15314.705,-5946.588,50000.000,-20372.293,-6043.706,50000.000,0
35401,-15860.058,-8576.234,50000.000,-20730.881,-5050.117,50000.000,0
35451,-14679.705,-9651.999,50000.000,-21373.352,-2906.059,50000.000,0
35501,-14627.411,-10884.646,50000.000,-21179.117,-1665.941,50000.000,0
35551,-14814.176,-10324.353,50000.000,-21575.057,-5035.176,50000.000,0
35601,-15127.940,-8621.059,50000.000,-20850.410,-7552.764,50000.000,0
35651,-15292.293,-7851.588,50000.000,-20065.998,-6999.941,50000.000,0
35701,-14448.116,-7888.940,50000.000,-20319.998,-4840.941,50000.000,0
35751,-11833.411,-9024.470,50000.000,-20857.881,-739.588,50000.000,0
35801,-11788.588,-10234.705,50000.000,-20237.822,2734.235,50000.000,0
35851,-12169.588,-9674.411,50000.000,-20387.234,1942.353,50000.000,0
35901,-11093.823,-8068.235,50000.000,-20454.469,-52.294,50000.000,0
35951,-11781.117,-6230.470,50000.000,-20163.117,-575.235,50000.000,0
36001,-13596.470,-5842.000,50000.000,-19856.822,-754.529,50000.000,0
36051,-14784.293,-6066.117,50000.000,-19744.764,395.941,50000.000,0
36101,-13902.764,-3705.412,50000.000,-19430.998,1180.353,50000.000,0
36151,-12879.293,-156.882,50000.000,-16988.117,-179.294,50000.000,0
36201,-12139.705,1748.118,50000.000,-14836.587,-2039.470,50000.000,0
36251,-11400.117,3959.411,50000.000,-13394.764,-2801.470,50000.000,0
36301,-11011.646,5737.411,50000.000,-10832.353,-1665.941,50000.000,0
36351,-9450.294,4288.117,50000.000,-9323.294,-2487.706,50000.000,0
36401,-7373.470,1135.529,50000.000,-8762.999,-5797.176,50000.000,0
36451,-5109.882,-1284.941,50000.000,-7201.646,-7358.529,50000.000,0
36501,-2883.647,-1792.941,50000.000,-4885.764,-5401.235,50000.000,0
36551,-485.588,1180.353,50000.000,-866.588,-2345.765,50000.000,1
36601,2009.588,4766.235,50000.000,3436.470,1075.765,50000.000,1
36651,3720.353,5363.882,50000.000,5744.882,2928.470,50000.000,0
36701,7769.411,-537.882,50000.000,8516.470,-1740.647,50000.000,0
36751,10712.823,-6013.823,50000.000,9002.059,-5207.000,50000.000,0
36801,11766.176,-6910.293,50000.000,10630.646,-6858.000,50000.000,0
36851,12610.353,-3339.353,50000.000,12408.646,-8770.470,50000.000,0
36901,15710.646,1075.765,50000.000,16031.881,-10929.470,50000.000,0
36951,13940.117,5214.470,50000.000,17914.469,-9009.528,50000.000,0
37001,9988.176,5393.764,50000.000,18347.764,-5916.706,50000.000,0
37051,11930.528,3548.529,50000.000,16980.646,-2861.235,50000.000,0
37101,12050.058,321.235,50000.000,15419.293,-1128.059,50000.000,0
37151,11429.999,-381.000,50000.000,15404.352,-1143.000,50000.000,0
37201,13133.293,-410.882,50000.000,14500.411,-4997.823,50000.000,0
37251,12326.470,3675.529,50000.000,14119.411,-1210.235,50000.000,0
37301,10092.764,4355.353,50000.000,13021.234,1105.647,50000.000,0
37351,9696.823,664.882,50000.000,10630.646,-97.118,50000.000,0
37401,7776.882,1561.353,50000.000,9584.764,1157.941,50000.000,0
37451,6783.293,3369.235,50000.000,9330.764,3077.882,50000.000,0
37501,5625.353,1494.118,50000.000,7612.529,2861.235,50000.000,0
37551,5535.706,119.529,50000.000,6663.764,1830.294,50000.000,0
37601,4639.235,291.353,50000.000,5909.235,1770.529,50000.000,0
37651,3570.941,-186.765,50000.000,4459.941,896.471,50000.000,0
37701,2779.059,-1561.353,50000.000,2427.941,-776.941,50000.000,0
37751,1307.353,-1247.588,50000.000,821.765,-582.706,50000.000,0
37801,-493.059,52.294,50000.000,-231.588,575.235,50000.000,0
37851,-1957.294,-388.471,50000.000,-1949.823,911.412,50000.000,0
37901,-3600.823,-1411.941,50000.000,-4370.294,14.941,50000.000,0
37951,-4482.353,-612.588,50000.000,-5423.646,-149.412,50000.000,0
38001,-5670.176,-156.882,50000.000,-6424.706,-276.412,50000.000,0
38051,-5924.176,-313.765,50000.000,-7627.470,-582.706,50000.000,0
38101,-6708.588,-784.412,50000.000,-8658.411,-1180.353,50000.000,0
38151,-7470.588,-709.706,50000.000,-9338.234,-859.118,50000.000,0
38201,-7679.764,-582.706,50000.000,-9674.411,-635.000,50000.000,0
38251,-8523.940,-276.412,50000.000,-9659.470,-433.294,50000.000,0
38301,-8165.353,74.706,50000.000,-9278.470,-545.353,50000.000,0
38351,-7059.706,149.412,50000.000,-8695.764,-1120.588,50000.000,0
38401,-6559.176,-127.000,50000.000,-8419.353,-1942.353,50000.000,0
38451,-6521.823,-149.412,50000.000,-8202.705,-1172.882,50000.000,0
38501,-6245.411,224.118,50000.000,-7141.882,-537.882,50000.000,0
38551,-5236.882,-112.059,50000.000,-6962.588,-754.529,50000.000,0
38601,-4863.353,-231.588,50000.000,-6350.000,-358.588,50000.000,0
38651,-4445.000,-44.824,50000.000,-5177.117,-351.118,50000.000,0
38701,-3683.000,-321.235,50000.000,-4721.412,-403.412,50000.000,0
38751,-3145.117,-261.471,50000.000,-3847.353,-358.588,50000.000,0
38801,-2681.941,97.118,50000.000,-2913.529,-89.647,50000.000,0
38851,-1658.470,-67.235,50000.000,-2173.941,0.000,50000.000,0
38901,-732.118,-89.647,50000.000,-1426.882,-22.412,50000.000,0
38951,-298.824,104.588,50000.000,-268.941,313.765,50000.000,0
39001,455.706,493.059,50000.000,866.588,164.353,50000.000,0
39051,948.765,321.235,50000.000,1255.059,-22.412,50000.000,0
39101,1262.529,179.294,50000.000,1516.529,0.000,50000.000,0
39151,1359.647,186.765,50000.000,1987.176,224.118,50000.000,0
39201,1792.941,186.765,50000.000,2308.412,164.353,50000.000,0
39251,1785.470,112.059,50000.000,2607.235,141.941,50000.000,0
39301,1934.882,52.294,50000.000,2794.000,224.118,50000.000,0
39351,2413.000,-7.471,50000.000,2883.647,276.412,50000.000,0
39401,2353.235,37.353,50000.000,3010.647,418.353,50000.000,0
39451,2510.117,216.647,50000.000,3309.470,590.176,50000.000,0
39501,2532.529,216.647,50000.000,3854.823,381.000,50000.000,0
39551,2786.529,597.647,50000.000,4385.235,649.941,50000.000,0
39601,3937.000,1441.823,50000.000,5804.646,859.118,50000.000,0
39651,5423.646,1105.647,50000.000,6999.941,7.471,50000.000,0
39701,6185.646,971.176,50000.000,7739.529,201.706,50000.000,0
39751,7216.588,-7.471,50000.000,8486.588,0.000,50000.000,0
39801,6760.882,-216.647,50000.000,8337.176,694.765,50000.000,0
39851,6693.646,-186.765,50000.000,8598.646,1187.823,50000.000,0
39901,7097.058,-119.529,50000.000,8613.588,1023.471,50000.000,0
39951,7261.411,-239.059,50000.000,8785.411,754.529,50000.000,0
40001,7022.353,156.882,50000.000,9121.588,791.882,50000.000,0
40051,7620.000,216.647,50000.000,8972.176,664.882,50000.000,0
40101,7313.706,186.765,50000.000,8680.823,455.706,50000.000,0
40151,7313.706,328.706,50000.000,8680.823,620.059,50000.000,0
40201,7134.411,224.118,50000.000,8411.882,545.353,50000.000,0
40251,6820.646,-14.941,50000.000,7717.117,515.471,50000.000,0
40301,6350.000,291.353,50000.000,7500.470,635.000,50000.000,0
40351,6021.294,298.824,50000.000,7209.117,635.000,50000.000,0
40401,5856.941,82.176,50000.000,6506.882,298.824,50000.000,0
40451,5550.646,261.471,50000.000,6178.176,14.941,50000.000,0
40501,4885.764,216.647,50000.000,5774.764,97.118,50000.000,0
40551,4519.706,22.412,50000.000,5080.000,164.353,50000.000,0
40601,3877.235,276.412,50000.000,4564.529,381.000,50000.000,0
40651,3429.000,149.412,50000.000,4078.941,283.882,50000.000,0
40701,3033.059,-7.471,50000.000,3189.941,44.824,50000.000,0
40751,2405.529,291.353,50000.000,2831.353,104.588,50000.000,0
40801,1875.118,179.294,50000.000,2278.529,156.882,50000.000,0
40851,1561.353,-134.471,50000.000,1255.059,-29.882,50000.000,0
40901,971.176,82.176,50000.000,1120.588,-44.824,50000.000,0
40951,410.882,-37.353,50000.000,537.882,-44.824,50000.000,0
41001,-14.941,-186.765,50000.000,-313.765,-141.941,50000.000,0
41051,-635.000,74.706,50000.000,-485.588,0.000,50000.000,0
41101,-1001.059,29.882,50000.000,-993.588,0.000,50000.000,0
41151,-1284.941,-149.412,50000.000,-1636.059,-149.412,50000.000,0
41201,-1740.647,-29.882,50000.000,-1964.765,-67.235,50000.000,0
41251,-2039.470,0.000,50000.000,-2256.117,-104.588,50000.000,0
41301,-2241.176,-119.529,50000.000,-2614.706,-149.412,50000.000,0
41351,-2353.235,-82.176,50000.000,-2786.529,-231.588,50000.000,0
41401,-2599.765,-97.118,50000.000,-3122.706,-224.118,50000.000,0
41451,-3010.647,-112.059,50000.000,-3361.764,-141.941,50000.000,0
41501,-3302.000,-112.059,50000.000,-3533.588,-246.529,50000.000,0
41551,-3107.764,-59.765,50000.000,-3712.882,-298.824,50000.000,0
41601,-3473.823,-119.529,50000.000,-3966.882,-149.412,50000.000,0
41651,-3623.235,-141.941,50000.000,-4101.353,-127.000,50000.000,0
41701,-3712.882,-156.882,50000.000,-4198.470,-127.000,50000.000,0
41751,-3862.294,-134.471,50000.000,-4288.117,-156.882,50000.000,0
41801,-3735.294,-231.588,50000.000,-4452.470,-209.176,50000.000,0
41851,-3922.059,-239.059,50000.000,-4586.941,-164.353,50000.000,0
41901,-4161.117,-44.824,50000.000,-4721.412,37.353,50000.000,0
41951,-4430.059,328.706,50000.000,-4840.941,388.471,50000.000,0
42001,-4878.294,373.529,50000.000,-5236.882,627.529,50000.000,0
42051,-5035.176,-552.823,50000.000,-5834.529,149.412,50000.000,0
42101,-4915.646,-321.235,50000.000,-6021.294,-313.765,50000.000,0
42151,-5050.117,254.000,50000.000,-5700.059,-478.118,50000.000,0
42201,-5617.882,-216.647,50000.000,-6372.411,-821.765,50000.000,0
42251,-5356.412,-799.353,50000.000,-6843.059,-1397.000,50000.000,0
42301,-5371.353,-321.235,50000.000,-6813.176,-1404.470,50000.000,0
42351,-5468.470,515.471,50000.000,-6267.823,-567.765,50000.000,0
42401,-5468.470,29.882,50000.000,-6200.588,-1120.588,50000.000,0
42451,-5453.529,-209.176,50000.000,-6566.646,-433.294,50000.000,0
42501,-5035.176,239.059,50000.000,-5722.470,82.176,50000.000,0
42551,-4788.647,306.294,50000.000,-5662.706,-395.941,50000.000,0
42601,-3981.823,0.000,50000.000,-5759.823,-194.235,50000.000,0
42651,-3361.764,545.353,50000.000,-4713.941,1225.176,50000.000,0
42701,-4004.235,1143.000,50000.000,-4482.353,2383.117,50000.000,0
42751,-4138.706,2136.588,50000.000,-4459.941,3518.647,50000.000,0
42801,-4049.059,2988.235,50000.000,-3167.529,3556.000,50000.000,0
42851,-3600.823,1389.529,50000.000,-3451.412,1770.529,50000.000,0
42901,-2599.765,-410.882,50000.000,-4161.117,-373.529,50000.000,0
42951,-1606.176,425.823,50000.000,-2547.470,-1359.647,50000.000,0
43001,-724.647,1680.882,50000.000,-306.294,-485.588,50000.000,0
43051,216.647,1621.118,50000.000,896.471,-1098.176,50000.000,0
43101,1210.235,754.529,50000.000,1471.706,-1576.294,50000.000,0
43151,2256.117,-59.765,50000.000,2151.529,-3287.059,50000.000,0
43201,3727.823,-22.412,50000.000,3376.706,-4034.117,50000.000,0
43251,5520.764,-642.471,50000.000,5289.176,-5050.117,50000.000,0
43301,7298.764,-2808.941,50000.000,6402.293,-6484.470,50000.000,0
43351,7747.000,-4347.882,50000.000,7134.411,-6760.882,50000.000,0
43401,9002.059,-4975.412,50000.000,8172.823,-7276.353,50000.000,0
43451,11175.999,-6267.823,50000.000,9607.176,-9435.353,50000.000,0
43501,11385.176,-7754.470,50000.000,9786.470,-8770.470,50000.000,0
43551,9084.234,-7642.411,50000.000,9256.059,-6320.117,50000.000,0
43601,8994.588,-7806.764,50000.000,8852.646,-6731.000,50000.000,0
43651,7664.823,-7029.823,50000.000,8113.058,-6633.882,50000.000,0
43701,7522.882,-9046.882,50000.000,7097.058,-4093.882,50000.000,0
43751,5991.411,-9472.705,50000.000,5371.353,351.118,50000.000,0
43801,5304.117,-9397.999,50000.000,4205.941,1464.235,50000.000,0
43851,5341.470,-9599.705,50000.000,4183.529,97.118,50000.000,0
43901,5027.706,-8867.588,50000.000,3160.059,-74.706,50000.000,0
43951,2943.412,-3668.059,50000.000,3324.412,3219.823,50000.000,0
44001,567.765,-179.294,50000.000,3712.882,5319.059,50000.000,0
44051,59.765,-732.118,50000.000,941.294,2980.764,50000.000,0
44101,-851.647,-3175.000,50000.000,-2405.529,2024.529,50000.000,0
44151,-2510.117,-6858.000,50000.000,-3944.470,1038.412,50000.000,0
44201,-1673.412,-8770.470,50000.000,-5954.059,-2711.823,50000.000,0
44251,-2674.470,-7209.117,50000.000,-6618.941,-590.176,50000.000,0
44301,-6013.823,-5139.764,50000.000,-7806.764,3735.294,50000.000,0
44351,-7627.470,-5894.294,50000.000,-9980.705,4273.176,50000.000,0
44401,-8068.235,-8456.705,50000.000,-12953.999,1919.941,50000.000,0
44451,-7463.117,-8785.411,50000.000,-13588.999,29.882,50000.000,0
44501,-9532.470,-9756.588,50000.000,-13999.882,1322.294,50000.000,0
44551,-11863.293,-8957.234,50000.000,-13790.705,6409.764,50000.000,0
44601,-14089.528,-8703.234,50000.000,-16465.176,7209.117,50000.000,0
44651,-14971.058,-9622.117,50000.000,-18833.352,4736.353,50000.000,0
44701,-14537.764,-8800.353,50000.000,-19274.117,2129.117,50000.000,0
44751,-15874.999,-9517.528,50000.000,-19303.998,3234.764,50000.000,0
44801,-15673.293,-11392.646,50000.000,-20349.881,6872.941,50000.000,0
44851,-14948.646,-11228.293,50000.000,-22299.705,3668.059,50000.000,0
44901,-14298.705,-10727.764,50000.000,-23293.293,-149.412,50000.000,0
44951,-15112.999,-11228.293,50000.000,-23980.586,-1464.235,50000.000,0
45001,-14440.646,-11639.176,50000.000,-23719.115,2069.353,50000.000,0
45051,-14604.999,-12326.470,50000.000,-23771.410,4347.882,50000.000,0
45101,-13110.882,-10533.528,50000.000,-25564.352,1718.235,50000.000,0
45151,-14209.058,-10854.764,50000.000,-26176.939,433.294,50000.000,0
45201,-13671.176,-10025.528,50000.000,-26049.939,851.647,50000.000,0
45251,-14687.176,-12490.822,50000.000,-24242.057,4497.294,50000.000,0
45301,-15419.293,-12699.999,50000.000,-24525.939,3556.000,50000.000,0
45351,-15030.822,-11915.588,50000.000,-25631.586,2002.118,50000.000,0
45401,-15075.646,-11288.058,50000.000,-26005.115,448.235,50000.000,0
45451,-16181.293,-12625.293,50000.000,-25287.939,3107.764,50000.000,0
45501,-14560.176,-12251.764,50000.000,-25153.469,4945.529,50000.000,0
45551,-12931.587,-10234.705,50000.000,-26274.057,2584.823,50000.000,0
45601,-14418.234,-10974.293,50000.000,-26916.527,560.294,50000.000,0
45651,-15112.999,-11302.999,50000.000,-26490.703,2218.765,50000.000,0
45701,-16084.176,-12513.234,50000.000,-26214.293,4684.059,50000.000,1
45751,-18093.764,-14074.587,50000.000,-27394.645,1718.235,50000.000,1
45801,-18893.117,-14956.116,50000.000,-28089.410,-493.059,50000.000,0
45851,-18489.705,-14455.587,50000.000,-24488.586,1426.882,50000.000,0
45901,-19318.939,-15060.705,50000.000,-26901.586,4713.941,50000.000,0
45951,-16763.998,-13701.058,50000.000,-29172.645,694.765,50000.000,0
46001,-16173.822,-12685.058,50000.000,-29284.703,-881.529,50000.000,0
46051,-17585.764,-13424.646,50000.000,-29366.881,-306.294,50000.000,0
46101,-14978.528,-11669.058,50000.000,-27753.234,3668.059,50000.000,0
46151,-13237.882,-10473.764,50000.000,-27439.469,2696.882,50000.000,0
46201,-14866.470,-11728.822,50000.000,-28485.352,-1143.000,50000.000,0
46251,-16308.293,-13110.882,50000.000,-28612.352,-3541.059,50000.000,0
46301,-15434.234,-13133.293,50000.000,-28291.115,-582.706,50000.000,0
46351,-14985.999,-12744.822,50000.000,-25414.939,2868.706,50000.000,0
46401,-16128.999,-11377.705,50000.000,-25198.293,933.823,50000.000,0
46451,-16861.117,-7851.588,50000.000,-23905.881,-844.176,50000.000,0
46501,-17929.410,-1695.823,50000.000,-21104.410,-179.294,50000.000,0
46551,-17518.527,1367.118,50000.000,-19214.352,522.941,50000.000,0
46601,-16749.059,814.294,50000.000,-19169.527,-1060.823,50000.000,0
46651,-15045.764,664.882,50000.000,-18975.293,-1255.059,50000.000,0
46701,-16734.117,664.882,50000.000,-19072.410,-254.000,50000.000,0
46751,-16995.588,-395.941,50000.000,-19348.822,-403.412,50000.000,0
46801,-14971.058,-1733.176,50000.000,-19408.588,-1680.882,50000.000,0
46851,-13207.999,-986.118,50000.000,-18952.881,-2188.882,50000.000,0
46901,-11766.176,-747.059,50000.000,-17570.822,-1867.647,50000.000,0
46951,-12020.176,-829.235,50000.000,-15867.528,-1524.000,50000.000,0
47001,-11945.470,-941.294,50000.000,-14313.646,-1105.647,50000.000,0
47051,-11071.411,-679.823,50000.000,-13058.587,-1143.000,50000.000,0
47101,-9532.470,-948.765,50000.000,-11489.764,-1270.000,50000.000,0
47151,-7500.470,-1202.765,50000.000,-9719.234,-1479.176,50000.000,0
47201,-5998.882,-1045.882,50000.000,-7709.646,-1098.176,50000.000,0
47251,-4848.412,-791.882,50000.000,-5864.411,-709.706,50000.000,0
47301,-3697.941,-388.471,50000.000,-4146.176,-448.235,50000.000,0
47351,-2256.117,-366.059,50000.000,-2584.823,-537.882,50000.000,0
47401,-948.765,-283.882,50000.000,-1180.353,-261.471,50000.000,0
47451,112.059,97.118,50000.000,343.647,52.294,50000.000,0
47501,874.059,425.823,50000.000,1225.176,493.059,50000.000,0
47551,1456.765,440.765,50000.000,1897.529,918.882,50000.000,0
47601,2129.117,418.353,50000.000,2711.823,926.353,50000.000,0
47651,2794.000,642.471,50000.000,3458.882,1322.294,50000.000,0
47701,3451.412,1284.941,50000.000,4347.882,2084.294,50000.000,0
47751,4116.294,1479.176,50000.000,5431.117,1763.059,50000.000,0
47801,5072.529,545.353,50000.000,5939.117,52.294,50000.000,0
47851,5685.117,-14.941,50000.000,6103.470,-1516.529,50000.000,0
47901,7022.353,-141.941,50000.000,6872.941,-3623.235,50000.000,0
47951,7634.940,-52.294,50000.000,7874.000,-4572.000,50000.000,0
48001,8381.999,291.353,50000.000,9054.353,-4676.588,50000.000,0
48051,8628.529,903.941,50000.000,9980.705,-4041.588,50000.000,0
48101,8949.764,1479.176,50000.000,11773.646,-2756.647,50000.000,0
48151,11093.823,1060.823,50000.000,12864.353,-3242.235,50000.000,0
48201,12886.764,-321.235,50000.000,13021.234,-5782.235,50000.000,0
48251,12184.528,-2315.882,50000.000,13252.822,-6947.646,50000.000,0
48301,12259.234,-4355.353,50000.000,12946.528,-4863.353,50000.000,0
48351,10399.059,-2883.647,50000.000,13476.940,-2547.470,50000.000,0
48401,11415.058,1434.353,50000.000,15329.646,224.118,50000.000,0
48451,12483.353,5655.235,50000.000,18437.410,709.706,50000.000,0
48501,16099.116,5700.059,50000.000,19580.410,-1531.470,50000.000,0
48551,17152.469,1322.294,50000.000,18922.998,-2622.176,50000.000,0
48601,15912.352,-784.412,50000.000,18123.646,-1651.000,50000.000,0
48651,15531.352,-2151.529,50000.000,17548.410,-2368.176,50000.000,0
48701,14380.882,-4280.647,50000.000,15695.705,-1576.294,50000.000,0
48751,11825.940,-5408.706,50000.000,13312.587,1165.412,50000.000,0
48801,10720.293,-3884.706,50000.000,12961.470,4796.117,50000.000,0
48851,9883.588,-1538.941,50000.000,13596.470,6723.529,50000.000,0
48901,10249.646,-4811.059,50000.000,12423.587,1778.000,50000.000,0
48951,9487.646,-8150.411,50000.000,9450.294,-2816.412,50000.000,0
49001,7888.940,-8755.529,50000.000,9988.176,-4347.882,50000.000,0
49051,8142.940,-6275.293,50000.000,10062.882,-4228.353,50000.000,0
49101,7859.058,-3981.823,50000.000,9980.705,-986.118,50000.000,0
49151,6148.294,-2188.882,50000.000,9442.823,1807.882,50000.000,0
49201,5685.117,-6775.823,50000.000,6051.176,590.176,50000.000,0
49251,5901.764,-11900.646,50000.000,2480.235,-1053.353,50000.000,0
49301,5647.764,-14089.528,50000.000,1972.235,-1195.294,50000.000,0
49351,4519.706,-10473.764,50000.000,2218.765,530.412,50000.000,0
49401,2823.882,-5804.646,50000.000,2704.353,3473.823,50000.000,0
49451,2009.588,-5401.235,50000.000,1733.176,859.118,50000.000,0
49501,3137.647,-9793.940,50000.000,52.294,-5408.706,50000.000,0
49551,2039.470,-12281.646,50000.000,-866.588,-6402.293,50000.000,0
49601,1725.706,-11975.353,50000.000,-1441.823,-4489.823,50000.000,0
49651,508.000,-9651.999,50000.000,-1740.647,-209.176,50000.000,0
49701,-679.823,-9397.999,50000.000,-2420.470,1531.470,50000.000,0
49751,-590.176,-12401.176,50000.000,-4482.353,-2569.882,50000.000,0
49801,-366.059,-14298.705,50000.000,-4796.117,-4586.941,50000.000,0
49851,-724.647,-10727.764,50000.000,-5229.412,-2995.706,50000.000,0
49901,-1905.000,-8367.059,50000.000,-4736.353,1337.235,50000.000,0
49951,-3503.706,-11766.176,50000.000,-6731.000,-627.529,50000.000,0
50001,-1927.412,-12677.587,50000.000,-8299.823,-4325.470,50000.000,0
50051,-2495.176,-10854.764,50000.000,-8023.411,-4183.529,50000.000,0
50101,-3817.470,-10107.705,50000.000,-7739.529,-1255.059,50000.000,0
50151,-5050.117,-12475.882,50000.000,-8867.588,-508.000,50000.000,0
50201,-4713.941,-10600.764,50000.000,-10787.528,-2831.353,50000.000,0
50251,-4654.176,-10316.882,50000.000,-9091.705,-2995.706,50000.000,0
50301,-5535.706,-9681.882,50000.000,-10653.058,-3040.529,50000.000,0
50351,-6872.941,-8008.470,50000.000,-9950.823,627.529,50000.000,0
50401,-8434.294,-8269.940,50000.000,-9988.176,2629.647,50000.000,0
50451,-8546.353,-9211.234,50000.000,-12670.117,-1710.765,50000.000,0
50501,-7844.117,-10518.588,50000.000,-12139.705,-4624.294,50000.000,0
50551,-9427.882,-12513.234,50000.000,-13372.352,-5109.882,50000.000,0
50601,-9091.705,-11639.176,50000.000,-14149.293,-1120.588,50000.000,0
50651,-10182.411,-11534.588,50000.000,-14560.176,4392.706,50000.000,0
50701,-11116.234,-9808.882,50000.000,-15359.528,2711.823,50000.000,0
50751,-10832.353,-8299.823,50000.000,-16211.176,-612.588,50000.000,0
50801,-10376.646,-8269.940,50000.000,-16009.470,-3219.823,50000.000,0
50851,-10100.234,-8576.234,50000.000,-16353.116,-3623.235,50000.000,0
50901,-9965.764,-8628.529,50000.000,-16353.116,448.235,50000.000,0
50951,-10443.882,-8598.646,50000.000,-16345.646,4445.000,50000.000,0
51001,-11646.646,-7448.176,50000.000,-16076.705,1830.294,50000.000,0
51051,-11631.705,-6051.176,50000.000,-16853.646,-575.235,50000.000,0
51101,-9838.764,-3302.000,50000.000,-17436.352,-1486.647,50000.000,0
51151,-9816.353,-1016.000,50000.000,-16136.470,-694.765,50000.000,0
51201,-11527.117,425.823,50000.000,-14306.176,7.471,50000.000,0
51251,-9704.294,1143.000,50000.000,-13080.999,-1576.294,50000.000,0
51301,-9031.940,448.235,50000.000,-12632.764,-4415.117,50000.000,0
51351,-8815.294,485.588,50000.000,-11048.999,-5901.764,50000.000,0
51401,-7986.058,-268.941,50000.000,-9816.353,-6335.059,50000.000,0
51451,-6118.411,-2032.000,50000.000,-9450.294,-7709.646,50000.000,0
51501,-4938.059,-5221.941,50000.000,-9547.411,-10585.823,50000.000,0
51551,-4318.000,-7874.000,50000.000,-9495.117,-10959.353,50000.000,0
51601,-5535.706,-9622.117,50000.000,-9487.646,-10159.999,50000.000,0
51651,-4758.764,-8075.706,50000.000,-9315.823,-10384.117,50000.000,0
51701,-4743.823,-8538.882,50000.000,-8576.234,-9599.705,50000.000,0
51751,-6245.411,-12946.528,50000.000,-9397.999,-7186.706,50000.000,0
51801,-6633.882,-16360.587,50000.000,-11370.234,-6357.470,50000.000,0
51851,-5774.764,-15419.293,50000.000,-10750.176,-8426.823,50000.000,0
51901,-5498.353,-14769.352,50000.000,-10660.528,-9838.764,50000.000,0
51951,-5744.882,-10204.823,50000.000,-11751.234,-6469.529,50000.000,0
52001,-5595.470,-4788.647,50000.000,-9778.999,515.471,50000.000,0
52051,-2980.764,59.765,50000.000,-7351.058,3966.882,50000.000,0
52101,-4288.117,2196.353,50000.000,-5311.588,-709.706,50000.000,0
52151,-2808.941,-425.823,50000.000,-5393.764,-5378.823,50000.000,0
52201,-3772.647,-3832.412,50000.000,-7627.470,-3331.882,50000.000,0
52251,-6753.411,-6469.529,50000.000,-10130.117,3025.588,50000.000,0
52301,-8897.470,-6962.588,50000.000,-12005.234,5505.823,50000.000,0
52351,-9935.882,-5632.823,50000.000,-12707.470,4564.529,50000.000,0
52401,-11579.411,-5281.706,50000.000,-13125.822,4699.000,50000.000,0
52451,-12274.176,-4721.412,50000.000,-15172.764,5490.882,50000.000,0
52501,-12363.822,-2405.529,50000.000,-17227.176,5543.176,50000.000,0
52551,-15396.881,-2592.294,50000.000,-18952.881,2607.235,50000.000,0
52601,-15210.116,-5020.235,50000.000,-21044.646,-1822.823,50000.000,0
52651,-16368.058,-6671.235,50000.000,-22822.646,-3757.706,50000.000,0
52701,-15994.528,-4146.176,50000.000,-24017.939,-3608.294,50000.000,0
52751,-18063.881,-3481.294,50000.000,-24361.586,-1344.706,50000.000,0
52801,-19699.939,-2592.294,50000.000,-23958.176,-814.294,50000.000,0
52851,-20275.176,-747.059,50000.000,-21806.646,-2480.235,50000.000,0
52901,-19670.057,-1733.176,50000.000,-20417.117,-6753.411,50000.000,0
52951,-18048.939,-4213.412,50000.000,-20656.176,-9181.353,50000.000,0
53001,-17331.764,-7298.764,50000.000,-20656.176,-7664.823,50000.000,0
53051,-15195.176,-8987.117,50000.000,-20596.410,-7784.353,50000.000,0
53101,-13200.528,-6775.823,50000.000,-20170.586,-7664.823,50000.000,0
53151,-11138.646,-2129.117,50000.000,-18355.234,-5931.646,50000.000,0
53201,-10600.764,-4549.588,50000.000,-16644.469,-6081.059,50000.000,0
53251,-8912.411,-8284.882,50000.000,-16905.939,-7664.823,50000.000,0
53301,-8113.058,-11078.882,50000.000,-16644.469,-8591.176,50000.000,0
53351,-7366.000,-9958.293,50000.000,-16726.646,-9218.705,50000.000,0
53401,-8038.353,-9666.940,50000.000,-15658.352,-7814.235,50000.000,0
53451,-8464.176,-10399.059,50000.000,-14776.822,-5334.000,50000.000,0
53501,-7537.823,-10780.058,50000.000,-14141.822,-1688.353,50000.000,0
53551,-9114.117,-14971.058,50000.000,-13476.940,694.765,50000.000,0
53601,-9099.176,-13588.999,50000.000,-14634.882,-679.823,50000.000,0
53651,-8142.940,-11982.822,50000.000,-14597.528,-664.882,50000.000,0
53701,-8628.529,-13559.117,50000.000,-14702.116,-537.882,50000.000,0
53751,-8180.293,-11945.470,50000.000,-15606.058,2965.823,50000.000,0
53801,-9338.234,-11960.411,50000.000,-17003.059,4512.235,50000.000,0
53851,-8927.353,-11721.353,50000.000,-18228.234,485.588,50000.000,0
53901,-9076.764,-13596.470,50000.000,-18549.469,-1486.647,50000.000,0
53951,-9203.764,-10966.823,50000.000,-18609.234,1830.294,50000.000,0
54001,-10540.999,-11594.353,50000.000,-18646.588,3563.470,50000.000,0
54051,-10511.117,-13222.940,50000.000,-20319.998,-1807.882,50000.000,0
54101,-11721.353,-14993.470,50000.000,-20207.939,-2853.764,50000.000,0
54151,-13633.822,-15583.646,50000.000,-19333.881,1725.706,50000.000,0
54201,-15090.587,-16420.352,50000.000,-20686.057,194.235,50000.000,0
54251,-12894.234,-15568.705,50000.000,-20566.527,-5767.294,50000.000,0
54301,-13230.411,-15180.234,50000.000,-20342.410,-6544.235,50000.000,0
54351,-13103.411,-14560.176,50000.000,-20790.646,-627.529,50000.000,0
54401,-12431.058,-14171.705,50000.000,-20170.586,-381.000,50000.000,0
54451,-11071.411,-12976.411,50000.000,-19998.764,-6454.588,50000.000,0
54501,-10623.176,-13237.882,50000.000,-19378.705,-8508.999,50000.000,0
54551,-10653.058,-12416.117,50000.000,-19946.469,-3488.764,50000.000,0
54601,-10473.764,-13282.705,50000.000,-19236.764,1068.294,50000.000,0
54651,-10593.293,-13820.587,50000.000,-19655.117,-3862.294,50000.000,0
54701,-8845.176,-13865.411,50000.000,-18721.293,-8845.176,50000.000,0
54751,-8180.293,-13603.940,50000.000,-18564.410,-7336.117,50000.000,0
54801,-9674.411,-15456.646,50000.000,-17765.059,-1538.941,50000.000,0
54851,-9958.293,-16973.176,50000.000,-18527.057,-5266.764,50000.000,0
54901,-9517.528,-18489.705,50000.000,-18668.998,-8426.823,50000.000,0
54951,-9868.646,-15792.822,50000.000,-19244.234,-4557.059,50000.000,0
55001,-10130.117,-14971.058,50000.000,-18788.527,-1217.706,50000.000,0
55051,-9793.940,-14799.234,50000.000,-19259.176,-6589.059,50000.000,0
55101,-8561.294,-15165.293,50000.000,-18116.176,-9510.059,50000.000,0
55151,-8957.234,-14664.764,50000.000,-18571.881,-5856.941,50000.000,0
55201,-8411.882,-12572.999,50000.000,-18975.293,-694.765,50000.000,0
55251,-9076.764,-13006.293,50000.000,-19416.057,-4781.176,50000.000,0
55301,-9397.999,-14941.176,50000.000,-19229.293,-8464.176,50000.000,0
55351,-8598.646,-14590.058,50000.000,-19580.410,-6155.764,50000.000,0
55401,-9704.294,-15755.470,50000.000,-19998.764,-6379.882,50000.000,0
55451,-8979.646,-15673.293,50000.000,-19670.057,-9412.940,50000.000,0
55501,-9898.528,-16741.588,50000.000,-20215.410,-7649.882,50000.000,0
55551,-10391.588,-17690.352,50000.000,-21350.939,-5319.059,50000.000,0
55601,-10130.117,-17249.588,50000.000,-20088.410,-9218.705,50000.000,0
55651,-10862.234,-16801.352,50000.000,-20118.293,-8262.470,50000.000,0
55701,-10787.528,-15337.116,50000.000,-21350.939,-2487.706,50000.000,0
55751,-9883.588,-14238.940,50000.000,-20954.998,-6208.059,50000.000,0
55801,-10047.940,-15202.646,50000.000,-20103.352,-9360.646,50000.000,0
55851,-9547.411,-12625.293,50000.000,-20252.764,-5513.294,50000.000,0
55901,-10257.117,-14380.882,50000.000,-19924.057,-3690.470,50000.000,0
55951,-9338.234,-13962.528,50000.000,-18175.939,-9711.764,50000.000,0
56001,-9293.411,-15456.646,50000.000,-16973.176,-12027.646,50000.000,0
56051,-10145.059,-15845.116,50000.000,-17242.117,-9360.646,50000.000,0
56101,-9838.764,-16569.764,50000.000,-17159.939,-8165.353,50000.000,0
56151,-9524.999,-17010.527,50000.000,-17301.881,-10742.705,50000.000,0
56201,-8157.882,-15464.116,50000.000,-14664.764,-10563.411,50000.000,0
56251,-8583.705,-13484.411,50000.000,-16562.293,-7605.058,50000.000,0
56301,-9442.823,-14761.882,50000.000,-17361.646,-5378.823,50000.000,0
56351,-5886.823,-9181.353,50000.000,-18093.764,-10809.940,50000.000,0
56401,-7239.000,-14194.116,50000.000,-17115.117,-13641.293,50000.000,0
56451,-7761.940,-15329.646,50000.000,-17212.234,-11586.882,50000.000,0
56501,-7134.411,-14582.587,50000.000,-17398.998,-11310.470,50000.000,0
56551,-6499.411,-13955.058,50000.000,-18698.881,-14179.176,50000.000,0
56601,-7814.235,-14687.176,50000.000,-18654.057,-12707.470,50000.000,0
56651,-9524.999,-16801.352,50000.000,-18922.998,-9666.940,50000.000,0
56701,-8389.470,-15262.411,50000.000,-19109.764,-11138.646,50000.000,0
56751,-9099.176,-16315.764,50000.000,-18975.293,-11228.293,50000.000,0
56801,-10555.940,-17122.588,50000.000,-20215.410,-5864.411,50000.000,0
56851,-9061.823,-15202.646,50000.000,-20544.117,-7059.706,50000.000,0
56901,-8307.294,-14403.293,50000.000,-19729.822,-10384.117,50000.000,0
56951,-8449.234,-13940.117,50000.000,-20327.469,-8381.999,50000.000,0
57001,-9173.882,-14096.999,50000.000,-20693.527,-3907.117,50000.000,0
57051,-8830.234,-13163.176,50000.000,-19087.352,-8867.588,50000.000,0
57101,-8882.529,-13693.587,50000.000,-18624.176,-11347.823,50000.000,0
57151,-9846.234,-14373.411,50000.000,-18265.588,-6469.529,50000.000,0
57201,-10638.117,-16241.058,50000.000,-18429.939,-5423.646,50000.000,0
57251,-9592.234,-15785.352,50000.000,-17996.646,-10503.646,50000.000,0
57301,-8972.176,-16151.411,50000.000,-17025.469,-11975.353,50000.000,0
57351,-8718.176,-14687.176,50000.000,-18908.057,-8837.705,50000.000,0
57401,-9539.940,-15150.352,50000.000,-19281.588,-8561.294,50000.000,0
57451,-8165.353,-12961.470,50000.000,-18571.881,-12677.587,50000.000,0
57501,-8740.588,-15292.293,50000.000,-18788.527,-14104.470,50000.000,0
57551,-7612.529,-14560.176,50000.000,-18452.352,-12154.646,50000.000,0
57601,-7470.588,-13910.234,50000.000,-18549.469,-14283.764,50000.000,0
57651,-8770.470,-15434.234,50000.000,-19079.881,-16285.881,50000.000,0
57701,-7791.823,-13088.470,50000.000,-18900.588,-14186.646,50000.000,0
57751,-8919.882,-15479.058,50000.000,-18258.117,-14164.234,50000.000,0
57801,-8434.294,-14261.352,50000.000,-18541.998,-18048.939,50000.000,0
57851,-8381.999,-13686.117,50000.000,-17555.881,-17944.352,50000.000,0
57901,-7261.411,-13058.587,50000.000,-16778.939,-16308.293,50000.000,0
57951,-6633.882,-11534.588,50000.000,-16061.764,-16285.881,50000.000,0
58001,-5446.059,-8606.117,50000.000,-13910.234,-15434.234,50000.000,0
58051,-6394.823,-10929.470,50000.000,-14268.822,-13588.999,50000.000,0
58101,-7530.353,-14194.116,50000.000,-14141.822,-9958.293,50000.000,0
58151,-7829.176,-13895.293,50000.000,-14134.352,-8135.470,50000.000,0
58201,-7014.882,-6439.646,50000.000,-12050.058,-4900.706,50000.000,0
58251,-5341.470,-67.235,50000.000,-7186.706,-1830.294,50000.000,0
58301,-3914.588,2173.941,50000.000,-4422.588,-515.471,50000.000,0
58351,-2801.470,1770.529,50000.000,-2846.294,-664.882,50000.000,0
58401,-1636.059,1785.470,50000.000,-1845.235,-1583.765,50000.000,0
58451,-321.235,545.353,50000.000,-433.294,-4542.117,50000.000,0
58501,1411.941,-1606.176,50000.000,-141.941,-8381.999,50000.000,0
58551,2532.529,-3025.588,50000.000,418.353,-11781.117,50000.000,0
58601,3832.412,-6237.941,50000.000,754.529,-14455.587,50000.000,0
58651,3578.412,-9547.411,50000.000,-522.941,-13469.470,50000.000,0
58701,2719.294,-9226.176,50000.000,-582.706,-12587.940,50000.000,0
58751,3070.412,-9136.528,50000.000,-276.412,-15919.822,50000.000,0
58801,3720.353,-13140.764,50000.000,-1157.941,-15643.411,50000.000,0
58851,2906.059,-16749.059,50000.000,-1949.823,-14985.999,50000.000,0
58901,2838.823,-16338.176,50000.000,-2278.529,-15135.411,50000.000,0
58951,2801.470,-18026.527,50000.000,-1561.353,-14724.528,50000.000,0
59001,1636.059,-20207.939,50000.000,-5431.117,-12841.940,50000.000,0
59051,-239.059,-21552.646,50000.000,-7089.588,-11370.234,50000.000,0
59101,-1494.118,-17735.176,50000.000,-7410.823,-8165.353,50000.000,0
59151,-1882.588,-16001.999,50000.000,-8538.882,-5169.646,50000.000,0
59201,-4997.823,-17032.939,50000.000,-9958.293,1299.882,50000.000,0
59251,-6297.706,-13133.293,50000.000,-12543.117,1464.235,50000.000,0
59301,-6775.823,-12819.528,50000.000,-12692.528,351.118,50000.000,0
59351,-8426.823,-14111.940,50000.000,-13648.764,829.235,50000.000,0
59401,-7291.293,-12020.176,50000.000,-13723.470,3795.059,50000.000,0
59451,-8807.823,-15628.470,50000.000,-14201.587,-1770.529,50000.000,0
59501,-6103.470,-16577.234,50000.000,-16039.352,-8807.823,50000.000,0
59551,-5162.176,-13334.999,50000.000,-15643.411,-7366.000,50000.000,0
59601,-7507.940,-15673.293,50000.000,-15053.234,-3421.529,50000.000,0
59651,-7067.176,-15837.646,50000.000,-17660.469,-8150.411,50000.000,0
59701,-7351.058,-16121.528,50000.000,-17271.998,-8508.999,50002.000,0
59751,-8621.059,-15755.470,50000.000,-17563.352,-2883.647,50000.000,0
59801,-8718.176,-14201.587,50000.000,-19057.469,-4908.176,50000.000,0
59851,-9345.705,-14679.705,50000.000,-19289.057,-7097.058,50000.000,0
59901,-8748.059,-13693.587,50000.000,-19737.293,-4743.823,50000.000,0
59951,-9315.823,-15576.176,50000.000,-20693.527,-2323.353,50000.000,0
