timestamp[ms],left_dx[um],left_dy[um],left_dt[us],right_dx[um],right_dy[um],right_dt[us],waterPin
0,0.000,0.000,50153.000,0.000,0.000,50153.000,0
51,418.353,-97.118,50000.000,-799.353,-10712.823,50000.000,0
101,1210.235,-3563.470,50000.000,-410.882,-10667.999,50000.000,0
151,1471.706,-9278.470,50000.000,-1949.823,-11818.470,50000.000,0
201,1389.529,-10936.940,50000.000,-1972.235,-15359.528,50000.000,0
251,1934.882,-11295.528,50000.000,-2308.412,-16988.117,50000.000,0
301,1098.176,-12864.353,50000.000,-3137.647,-13790.705,50000.000,0
351,732.118,-15292.293,50000.000,-4295.588,-13118.353,50000.000,0
401,-440.765,-13088.470,50000.000,-5378.823,-9218.705,50000.000,0
451,-1165.412,-13394.764,50000.000,-5983.941,-6245.411,50000.000,0
501,-1621.118,-14306.176,50000.000,-7268.882,-2188.882,50000.000,0
551,-3705.412,-14941.176,50000.000,-8105.588,3638.176,50000.000,0
601,-3369.235,-14829.116,50000.000,-9338.234,963.706,50000.000,0
651,-2704.353,-14485.470,50000.000,-9599.705,358.588,50000.000,0
701,-4385.235,-11093.823,50000.000,-9091.705,3869.764,50000.000,0
751,-6544.235,-11594.353,50000.000,-9674.411,3914.588,50000.000,0
801,-6529.293,-14261.352,50000.000,-12416.117,-1538.941,50000.000,0
851,-5954.059,-14866.470,50000.000,-13103.411,-4116.294,50000.000,0
901,-6977.529,-13626.352,50000.000,-12147.176,-709.706,50000.000,0
951,-7634.940,-13850.470,50000.000,-12535.646,0.000,50000.000,0
1001,-8015.940,-15733.058,50000.000,-13125.822,-4684.059,50000.000,0
1051,-8635.999,-17794.939,50000.000,-13693.587,-6208.059,50000.000,0
1101,-9323.294,-17772.527,50000.000,-14089.528,-2599.765,50000.000,0
1151,-9143.999,-16868.588,50000.000,-15934.764,-1524.000,50000.000,0
1201,-9188.823,-16412.881,50000.000,-16831.234,-2121.647,50000.000,0
1251,-8762.999,-13200.528,50000.000,-17047.881,-52.294,50000.000,0
1301,-11228.293,-14470.528,50000.000,-17331.764,3959.411,50000.000,0
1351,-10959.353,-15673.293,50000.000,-19856.822,-313.765,50000.000,0
1401,-8703.234,-16614.588,50000.000,-19565.469,-3660.588,50000.000,0
1451,-9248.588,-14261.352,50000.000,-19752.234,-874.059,50000.000,0
1501,-13080.999,-17451.293,50000.000,-21253.822,-37.353,50000.000,0
1551,-14612.470,-19513.176,50000.000,-23255.939,-2853.764,50000.000,0
1601,-15180.234,-19102.293,50000.000,-23069.176,-1987.176,50000.000,0
1651,-16793.881,-20275.176,50000.000,-23345.586,2838.823,50000.000,0
1701,-16263.470,-19109.764,50000.000,-25795.939,440.765,50000.000,0
1751,-15703.176,-18123.646,50000.000,-25788.469,-1598.706,50000.000,0
1801,-15934.764,-17929.410,50000.000,-25990.174,575.235,50000.000,0
1851,-14223.999,-17772.527,50000.000,-26012.586,276.412,50000.000,0
1901,-13282.705,-18975.293,50000.000,-26318.881,-3585.882,50000.000,0
1951,-12841.940,-18265.588,50000.000,-26991.234,-2405.529,50000.000,0
2001,-11280.588,-15299.764,50000.000,-23300.764,1367.118,50000.000,0
2051,-12602.882,-16786.410,50000.000,-22703.115,-2308.412,50000.000,0
2101,-11631.705,-16412.881,50000.000,-23046.764,-4840.941,50000.000,0
2151,-13036.176,-17234.646,50000.000,-23509.939,-2173.941,50000.000,0
2201,-14694.646,-19147.117,50000.000,-23405.352,-903.941,50000.000,0
2251,-13521.764,-17847.234,50000.000,-25683.881,-3996.764,50000.000,0
2301,-12677.587,-16412.881,50000.000,-22576.115,-3780.117,50000.000,0
2351,-12184.528,-14896.352,50000.000,-25265.527,732.118,50000.000,0
2401,-12617.822,-14298.705,50000.000,-26744.703,-74.706,50000.000,0
2451,-12281.646,-14597.528,50000.000,-26849.293,-3234.764,50000.000,0
2501,-13245.352,-15665.822,50000.000,-26752.174,-2711.823,50000.000,0
2551,-14485.470,-16375.528,50000.000,-27544.057,-1397.000,50000.000,0
2601,-16293.352,-18332.822,50000.000,-28761.764,-5864.411,50000.000,0
2651,-17144.998,-20222.881,50000.000,-27663.586,-6701.117,50000.000,0
2701,-14963.587,-18355.234,50000.000,-28694.527,-2450.353,50000.000,0
2751,-13013.764,-16420.352,50000.000,-29568.586,-4153.647,50000.000,0
2801,-12281.646,-15292.293,50000.000,-29075.527,-7171.764,50000.000,0
2851,-12819.528,-13917.705,50000.000,-28843.939,-3443.941,50000.000,0
2901,-14052.176,-13559.117,50000.000,-25803.410,2211.294,50000.000,0
2951,-14209.058,-12356.353,50000.000,-25683.881,-724.647,50000.000,0
3001,-13476.940,-11773.646,50000.000,-24712.705,-3817.470,50000.000,0
3051,-14350.999,-13529.234,50000.000,-23696.705,-4938.059,50000.000,0
3101,-15314.705,-16143.940,50000.000,-24847.174,-1262.529,50000.000,0
3151,-15531.352,-16554.822,50000.000,-25190.822,627.529,50000.000,0
3201,-16263.470,-15172.764,50000.000,-25228.174,-1471.706,50000.000,0
3251,-15680.764,-14014.822,50000.000,-24944.293,-3615.764,50000.000,0
3301,-15344.587,-14231.470,50000.000,-25399.998,-2532.529,50000.000,0
3351,-15486.528,-15105.528,50000.000,-25743.645,395.941,50000.000,0
3401,-15927.293,-13603.940,50000.000,-26296.469,-1643.529,50000.000,0
3451,-14373.411,-11556.999,50000.000,-25258.057,-4362.823,50000.000,0
3501,-12998.822,-11041.528,50000.000,-25175.881,-4579.470,50000.000,0
3551,-15083.116,-14074.587,50000.000,-26176.939,-1456.765,50000.000,0
3601,-17070.293,-15568.705,50000.000,-26655.057,-3585.882,50000.000,0
3651,-16031.881,-14037.234,50000.000,-25123.586,-8598.646,50000.000,0
3701,-15919.822,-12707.470,50000.000,-21791.705,-9016.999,50000.000,0
3751,-15292.293,-10511.117,50000.000,-22015.822,-7993.529,50000.000,0
3801,-14134.352,-10070.353,50000.000,-21022.234,-7888.940,50000.000,0
3851,-14298.705,-11116.234,50000.000,-20006.234,-9861.176,50000.000,0
3901,-12968.940,-8307.294,50000.000,-19528.117,-12647.705,50000.000,0
3951,-9891.059,-6387.353,50000.000,-19752.234,-14694.646,50000.000,0
4001,-9390.528,-8553.823,50000.000,-19401.117,-13805.646,50000.000,0
4051,-10025.528,-12117.293,50000.000,-18825.881,-12991.353,50000.000,0
4101,-8964.705,-11713.882,50000.000,-18900.588,-12333.940,50000.000,0
4151,-9689.353,-10159.999,50000.000,-18668.998,-8337.176,50000.000,0
4201,-10959.353,-10436.411,50000.000,-18825.881,-6021.294,50000.000,0
4251,-10996.705,-12012.705,50000.000,-18803.469,-3346.823,50000.000,0
4301,-11108.764,-14888.881,50000.000,-18302.939,-119.529,50000.000,0
4351,-10600.764,-13200.528,50000.000,-18190.881,-1568.823,50000.000,0
4401,-10130.117,-11616.764,50000.000,-16853.646,-3421.529,50000.000,0
4451,-10399.059,-11900.646,50000.000,-17496.117,-3757.706,50000.000,0
4501,-10032.999,-11713.882,50000.000,-18273.057,-1359.647,50000.000,0
4551,-11190.940,-13103.411,50000.000,-17705.293,1172.882,50000.000,0
4601,-9651.999,-9734.176,50000.000,-19117.234,-1195.294,50000.000,0
4651,-10010.588,-9644.528,50000.000,-18616.705,-4833.470,50000.000,0
4701,-9532.470,-9442.823,50000.000,-19109.764,-5819.588,50000.000,0
4751,-11863.293,-12244.293,50000.000,-19318.939,-485.588,50000.000,0
4801,-12729.882,-12916.646,50000.000,-20245.293,-993.588,50000.000,0
4851,-11489.764,-11437.470,50000.000,-20387.234,-5132.294,50000.000,0
4901,-12460.940,-12244.293,50000.000,-20372.293,-7470.588,50000.000,0
4951,-13633.822,-12363.822,50000.000,-20671.117,-5304.117,50000.000,0
5001,-13641.293,-12251.764,50000.000,-19468.352,-2823.882,50000.000,0
5051,-13678.646,-10892.117,50000.000,-19318.939,-7276.353,50000.000,0
5101,-11937.999,-8665.882,50000.000,-17301.881,-11347.823,50000.000,0
5151,-11086.353,-8060.764,50000.000,-17167.410,-12371.293,50000.000,0
5201,-10907.058,-9674.411,50000.000,-17197.293,-10989.234,50000.000,0
5251,-9480.176,-11138.646,50000.000,-17279.469,-11116.234,50000.000,0
5301,-9173.882,-10391.588,50000.000,-17929.410,-9345.705,50000.000,0
5351,-10735.234,-7791.823,50000.000,-18101.234,-2009.588,50000.000,0
5401,-11571.940,-7440.706,50000.000,-17391.527,1822.823,50000.000,0
5451,-10667.999,-7956.176,50000.000,-18116.176,2009.588,50000.000,0
5501,-9876.117,-10249.646,50000.000,-18317.881,2689.412,50000.000,0
5551,-11310.470,-13798.176,50000.000,-18721.293,3548.529,50000.000,0
5601,-10667.999,-13835.528,50000.000,-18982.764,-306.294,50000.000,0
5651,-10272.059,-14552.705,50000.000,-19169.527,-2129.117,50000.000,0
5701,-9876.117,-14194.116,50000.000,-19513.176,-3294.529,50000.000,0
5751,-10399.059,-12998.822,50000.000,-19289.057,986.118,50000.000,0
5801,-11415.058,-12333.940,50000.000,-19281.588,1755.588,50000.000,0
5851,-12005.234,-10981.764,50000.000,-20133.234,-485.588,50000.000,0
5901,-13521.764,-12064.999,50000.000,-19953.939,-4938.059,50000.000,0
5951,-12094.882,-11766.176,50000.000,-19886.705,-6125.882,50000.000,0
6001,-12610.353,-14186.646,50000.000,-19804.527,-4497.294,50000.000,0
6051,-9786.470,-11340.353,50000.000,-20230.352,-6910.293,50000.000,0
6101,-11101.293,-13163.176,50000.000,-19655.117,-8852.646,50000.000,0
6151,-12647.705,-14590.058,50000.000,-20357.352,-5625.353,50000.000,0
6201,-13409.705,-15068.176,50000.000,-20925.117,-1023.471,50000.000,0
6251,-13641.293,-13588.999,50000.000,-21589.998,-2181.412,50000.000,0
6301,-13290.176,-12976.411,50000.000,-21970.998,-2995.706,50000.000,0
6351,-14448.116,-14186.646,50000.000,-23203.645,-2472.765,50000.000,0
6401,-15867.528,-18332.822,50000.000,-24481.115,-67.235,50000.000,0
6451,-15568.705,-17212.234,50000.000,-25004.057,-2704.353,50000.000,0
6501,-14276.293,-15471.587,50000.000,-22620.939,-6170.706,50000.000,0
6551,-13723.470,-14776.822,50000.000,-23674.293,-4497.294,50000.000,0
6601,-11870.764,-13775.764,50000.000,-23128.939,-933.823,50000.000,0
6651,-13663.705,-15979.587,50000.000,-22471.527,-6462.059,50000.000,0
6701,-12886.764,-15486.528,50000.000,-21515.293,-8733.117,50000.000,0
6751,-12759.764,-14717.058,50000.000,-21970.998,-7366.000,50000.000,0
6801,-10929.470,-13275.234,50000.000,-20446.998,-2360.706,50000.000,0
6851,-9651.999,-12558.058,50000.000,-19423.527,-6081.059,50000.000,0
6901,-9069.294,-12558.058,50000.000,-18205.822,-11609.293,50000.000,0
6951,-8001.000,-12221.882,50000.000,-17391.527,-11243.234,50000.000,0
7001,-8867.588,-13671.176,50000.000,-17638.059,-7164.293,50000.000,0
7051,-9166.411,-15419.293,50000.000,-16913.410,-4646.706,50000.000,0
7101,-9084.234,-16046.822,50000.000,-16554.822,-9457.764,50000.000,0
7151,-9368.117,-17697.822,50000.000,-15262.411,-13006.293,50000.000,0
7201,-8949.764,-16816.293,50000.000,-15299.764,-12826.999,50000.000,0
7251,-8284.882,-16114.058,50000.000,-14851.528,-12371.293,50000.000,0
7301,-7918.823,-14754.411,50000.000,-15441.705,-14515.352,50000.000,0
7351,-6491.941,-12348.882,50000.000,-14014.822,-17705.293,50000.000,0
7401,-6506.882,-12453.470,50000.000,-13738.411,-17219.705,50000.000,0
7451,-5386.294,-11004.176,50000.000,-13499.352,-17294.410,50000.000,0
7501,-5214.470,-8606.117,50000.000,-12124.764,-16636.998,50000.000,0
7551,-5348.941,-7112.000,50000.000,-11444.940,-17331.764,50000.000,0
7601,-5707.529,-10279.528,50000.000,-11422.528,-17234.646,50000.000,0
7651,-4908.176,-11698.940,50000.000,-11273.117,-19632.705,50000.000,0
7701,-4168.588,-9173.882,50000.000,-10727.764,-18138.588,50000.000,0
7751,-4153.647,-7881.470,50000.000,-10182.411,-17376.588,50000.000,0
7801,-4631.764,-11467.353,50000.000,-10257.117,-15837.646,50000.000,1
7851,-3862.294,-14067.116,50000.000,-10675.470,-14761.882,50000.000,1
7901,-4878.294,-14702.116,50000.000,-11161.058,-13379.822,50000.000,0
7951,-6312.646,-11848.353,50000.000,-11766.176,-8755.529,50000.000,0
8001,-7313.706,-12311.528,50000.000,-12177.058,-6970.059,50000.000,0
8051,-8449.234,-15837.646,50000.000,-13327.528,-3264.647,50000.000,0
8101,-7455.646,-15703.176,50000.000,-14395.822,-2487.706,50000.000,0
8151,-6925.235,-15471.587,50000.000,-12909.176,-8299.823,50000.000,0
8201,-6633.882,-16980.646,50000.000,-12214.411,-9614.646,50000.000,0
8251,-5177.117,-13559.117,50000.000,-12886.764,-9487.646,50000.000,0
8301,-5782.235,-14014.822,50000.000,-12587.940,-7829.176,50000.000,0
8351,-7126.941,-15464.116,50000.000,-13738.411,-9510.059,50000.000,0
8401,-4736.353,-10533.528,50000.000,-11728.822,-9039.411,50000.000,0
8451,-6753.411,-13813.117,50000.000,-12206.940,-8658.411,50000.000,0
8501,-6379.882,-14560.176,50000.000,-13409.705,-6544.235,50000.000,0
8551,-7164.293,-15493.999,50000.000,-13671.176,-5625.353,50000.000,0
8601,-7037.293,-14776.822,50000.000,-15396.881,-6745.941,50000.000,0
8651,-8508.999,-14119.411,50000.000,-14799.234,-6977.529,50000.000,0
8701,-7918.823,-13237.882,50000.000,-16323.234,-4064.000,50000.000,0
8751,-9173.882,-14784.293,50000.000,-16734.117,-537.882,50000.000,0
8801,-8994.588,-13671.176,50000.000,-18414.998,-5431.117,50000.000,0
8851,-8045.823,-12244.293,50000.000,-18138.588,-8553.823,50000.000,0
8901,-9114.117,-14141.822,50000.000,-17705.293,-8755.529,50000.000,0
8951,-6828.117,-9883.588,50000.000,-16696.764,-3735.294,50000.000,0
9001,-7739.529,-10869.705,50000.000,-15523.881,-2465.294,50000.000,0
9051,-8561.294,-12333.940,50000.000,-15964.646,-9106.646,50000.000,0
9101,-8262.470,-14403.293,50000.000,-15807.764,-12087.411,50000.000,0
9151,-9076.764,-16300.822,50000.000,-16457.705,-10690.411,50000.000,0
9201,-9248.588,-17503.588,50000.000,-16786.410,-8875.059,50000.000,0
9251,-8934.823,-16158.881,50000.000,-16749.059,-10600.764,50000.000,0
9301,-8568.764,-16016.940,50000.000,-15329.646,-12401.176,50000.000,0
9351,-8195.234,-15576.176,50000.000,-15815.234,-10765.117,50000.000,0
9401,-8807.823,-16584.705,50000.000,-14754.411,-8277.411,50000.000,0
9451,-8680.823,-15770.411,50000.000,-15613.528,-10757.646,50000.000,0
9501,-7590.117,-15322.176,50000.000,-14806.705,-14896.352,50000.000,0
9551,-7948.706,-16644.469,50000.000,-14896.352,-15053.234,50000.000,0
9601,-7268.882,-16091.646,50000.000,-14918.764,-13506.822,50000.000,0
9651,-6917.764,-14022.293,50000.000,-13962.528,-13237.882,50000.000,0
9701,-7029.823,-12005.234,50000.000,-13424.646,-14141.822,50000.000,0
9751,-7769.411,-14238.940,50000.000,-14261.352,-14448.116,50000.000,0
9801,-8113.058,-15591.116,50000.000,-14201.587,-14082.058,50000.000,0
9851,-6925.235,-12625.293,50000.000,-14291.234,-12012.705,50000.000,0
9901,-6506.882,-7664.823,50000.000,-14037.234,-6178.176,50000.000,0
9951,-8381.999,-9069.294,50000.000,-14283.764,-3772.647,50000.000,0
10001,-9539.940,-12221.882,50000.000,-15449.176,-149.412,50000.000,0
10051,-9622.117,-12849.411,50000.000,-16315.764,3922.059,50000.000,0
10101,-8494.059,-10339.293,50000.000,-16315.764,-605.118,50000.000,0
10151,-8015.940,-12692.528,50000.000,-15807.764,-6387.353,50000.000,0
10201,-7358.529,-11549.528,50000.000,-17025.469,-7627.470,50000.000,0
10251,-8367.059,-12856.882,50000.000,-15800.293,-2532.529,50000.000,0
10301,-8733.117,-13648.764,50000.000,-17197.293,-3309.470,50000.000,0
10351,-7627.470,-12685.058,50000.000,-17757.588,-8680.823,50000.000,0
10401,-9091.705,-15172.764,50000.000,-16831.234,-9584.764,50000.000,0
10451,-9300.882,-15837.646,50000.000,-18287.998,-6686.176,50000.000,0
10501,-9308.353,-14590.058,50000.000,-18571.881,-4071.470,50000.000,0
10551,-8195.234,-11377.705,50000.000,-18848.293,-7455.646,50000.000,0
10601,-8494.059,-12177.058,50000.000,-18519.588,-8314.764,50000.000,0
10651,-8598.646,-12318.999,50000.000,-19513.176,-4572.000,50000.000,0
10701,-8658.411,-12774.705,50000.000,-19864.293,-1703.294,50000.000,0
10751,-10077.823,-13521.764,50000.000,-19670.057,-6320.117,50000.000,0
10801,-9450.294,-13432.117,50000.000,-19147.117,-8381.999,50000.000,0
10851,-7806.764,-12259.234,50000.000,-19729.822,-6051.176,50000.000,0
10901,-8725.646,-12655.176,50000.000,-20536.646,-500.529,50000.000,0
10951,-7971.117,-11063.940,50000.000,-20618.822,-4504.764,50000.000,0
11001,-10899.588,-14537.764,50000.000,-20028.646,-6447.117,50000.000,0
11051,-11444.940,-14560.176,50000.000,-20424.586,-3227.294,50000.000,0
11101,-11975.353,-15045.764,50000.000,-19677.527,2181.412,50000.000,0
11151,-12416.117,-15874.999,50000.000,-20163.117,-3899.647,50000.000,0
11201,-10130.117,-15344.587,50000.000,-18848.293,-9472.705,50000.000,0
11251,-7687.235,-12079.940,50000.000,-18713.822,-9891.059,50000.000,0
11301,-8643.470,-13163.176,50000.000,-18407.527,-7836.646,50000.000,0
11351,-9151.470,-13962.528,50000.000,-18273.057,-9704.294,50000.000,0
11401,-6290.235,-10832.353,50000.000,-18011.588,-15172.764,50000.000,0
11451,-8157.882,-13910.234,50000.000,-17585.764,-15785.352,50000.000,0
11501,-5842.000,-10824.882,50000.000,-18385.117,-16293.352,50000.000,0
11551,-7044.764,-12221.882,50000.000,-17570.822,-16696.764,50000.000,0
11601,-6379.882,-8023.411,50000.000,-17817.352,-13984.940,50000.000,0
11651,-8733.117,-10496.176,50000.000,-17839.764,-9935.882,50000.000,0
11701,-10316.882,-14873.940,50000.000,-18997.705,-3436.470,50000.000,0
11751,-10279.528,-14709.587,50000.000,-19699.939,-5886.823,50000.000,0
11801,-8404.411,-12991.353,50000.000,-18183.410,-9704.294,50000.000,0
11851,-9831.293,-15000.940,50000.000,-18243.176,-10847.293,50000.000,0
11901,-8254.999,-13551.646,50000.000,-18937.939,-8374.529,50000.000,0
11951,-7769.411,-13917.705,50000.000,-18571.881,-9226.176,50000.000,0
12001,-5722.470,-12550.587,50000.000,-18123.646,-12767.234,50000.000,0
12051,-7276.353,-14321.116,50000.000,-17660.469,-11990.293,50000.000,0
12101,-7769.411,-13925.176,50000.000,-17443.822,-10877.176,50000.000,0
12151,-7328.646,-10555.940,50000.000,-17481.176,-12356.353,50000.000,0
12201,-7485.529,-9480.176,50000.000,-16427.822,-11258.176,50000.000,0
12251,-9203.764,-13910.234,50000.000,-17914.469,-9241.117,50000.000,0
12301,-8800.353,-15157.822,50000.000,-18937.939,-7097.058,50000.000,0
12351,-8404.411,-11713.882,50000.000,-19117.234,-6917.764,50000.000,0
12401,-9726.705,-12079.940,50000.000,-18639.117,-6088.529,50000.000,0
12451,-10832.353,-14507.882,50000.000,-19655.117,-3257.176,50000.000,0
12501,-9375.588,-14888.881,50000.000,-20827.998,-784.412,50000.000,0
12551,-9024.470,-13947.587,50000.000,-20028.646,-5199.529,50000.000,0
12601,-9487.646,-14321.116,50000.000,-20163.117,-4923.117,50000.000,0
12651,-9188.823,-13013.764,50000.000,-20484.352,-7.471,50000.000,0
12701,-10832.353,-12812.058,50000.000,-20656.176,2577.353,50000.000,0
12751,-11310.470,-12841.940,50000.000,-21858.939,-1471.706,50000.000,0
12801,-12177.058,-14612.470,50000.000,-21619.881,-3727.823,50000.000,0
12851,-13043.646,-15493.999,50000.000,-22396.822,-156.882,50000.000,0
12901,-12968.940,-15792.822,50000.000,-22665.764,-2136.588,50000.000,0
12951,-12416.117,-16069.234,50000.000,-22008.352,-8561.294,50000.000,0
13001,-12924.117,-16749.059,50000.000,-21993.410,-8165.353,50000.000,0
13051,-11325.411,-14179.176,50000.000,-23136.410,-3175.000,50000.000,0
13101,-10294.470,-12580.470,50000.000,-22695.646,-3070.412,50000.000,0
13151,-11004.176,-12162.117,50000.000,-21380.822,-8217.646,50000.000,0
13201,-13222.940,-15658.352,50000.000,-21515.293,-9084.234,50000.000,0
13251,-12214.411,-15538.822,50000.000,-22366.939,-4713.941,50000.000,0
13301,-11833.411,-15396.881,50000.000,-21799.176,-4325.470,50000.000,0
13351,-11683.999,-13148.234,50000.000,-20895.234,-8456.705,50000.000,0
13401,-10996.705,-12199.470,50000.000,-19647.646,-9345.705,50000.000,0
13451,-11743.764,-13820.587,50000.000,-20409.646,-4430.059,50000.000,0
13501,-11340.353,-14238.940,50000.000,-19953.939,-1538.941,50000.000,0
13551,-10615.705,-12602.882,50000.000,-19072.410,-7328.646,50000.000,0
13601,-10638.117,-13439.587,50000.000,-18123.646,-11108.764,50000.000,0
13651,-10458.823,-14022.293,50000.000,-18086.293,-11415.058,50000.000,0
13701,-9532.470,-13768.293,50000.000,-18474.764,-10032.999,50000.000,0
13751,-9136.528,-13043.646,50000.000,-18422.469,-10167.470,50000.000,0
13801,-8710.705,-10384.117,50000.000,-18601.764,-9734.176,50000.000,0
13851,-10473.764,-11482.293,50000.000,-19266.646,-7829.176,50000.000,0
13901,-11736.293,-14791.764,50000.000,-20319.998,-2995.706,50000.000,0
13951,-10294.470,-13095.940,50000.000,-21029.705,-5617.882,50000.000,0
14001,-9285.940,-12087.411,50000.000,-19087.352,-9764.059,50000.000,0
14051,-10018.059,-13364.882,50000.000,-19229.293,-10294.470,50000.000,0
14101,-9293.411,-14201.587,50000.000,-20603.881,-8045.823,50000.000,0
14151,-10212.293,-15374.470,50000.000,-20499.293,-8157.882,50000.000,0
14201,-9876.117,-13357.411,50000.000,-19886.705,-10660.528,50000.000,0
14251,-10548.470,-14985.999,50000.000,-20424.586,-10174.940,50000.000,0
14301,-9069.294,-14537.764,50000.000,-21873.881,-6775.823,50000.000,0
14351,-9562.353,-13058.587,50000.000,-21687.115,-7918.823,50000.000,0
14401,-10585.823,-12572.999,50000.000,-20686.057,-8165.353,50000.000,0
14451,-11243.234,-14522.822,50000.000,-21530.234,-4497.294,50000.000,0
14501,-10458.823,-14492.940,50000.000,-22097.998,-1105.647,50000.000,0
14551,-11459.882,-13066.058,50000.000,-22172.705,-2547.470,50000.000,0
14601,-13656.234,-14246.411,50000.000,-21418.176,-3443.941,50000.000,0
14651,-13932.646,-16547.352,50000.000,-21956.057,-687.294,50000.000,0
14701,-11400.117,-14993.470,50000.000,-22083.057,-1890.059,50000.000,0
14751,-11213.353,-13984.940,50000.000,-20454.469,-7485.529,50000.000,0
14801,-11250.705,-14463.058,50000.000,-20267.705,-8523.940,50000.000,0
14851,-11340.353,-14313.646,50000.000,-20641.234,-5341.470,50000.000,0
14901,-12610.353,-14971.058,50000.000,-20618.822,-4265.706,50000.000,0
14951,-10085.293,-11676.528,50000.000,-19042.527,-10003.117,50000.000,0
15001,-8800.353,-11019.117,50000.000,-18258.117,-11213.353,50000.000,0
15051,-9711.764,-11967.882,50000.000,-19259.176,-8322.234,50000.000,0
15101,-10951.882,-14253.882,50000.000,-20349.881,-6925.235,50000.000,0
15151,-11175.999,-11108.764,50000.000,-20088.410,-9465.234,50000.000,0
15201,-10376.646,-10152.528,50000.000,-18893.117,-9995.646,50000.000,0
15251,-11661.588,-12640.234,50000.000,-19625.234,-8449.234,50000.000,0
15301,-10488.705,-13148.234,50000.000,-21029.705,-4863.353,50000.000,0
15351,-9674.411,-11504.705,50000.000,-20917.646,-5304.117,50000.000,0
15401,-11669.058,-12983.882,50000.000,-19879.234,-8411.882,50000.000,0
15451,-12572.999,-14597.528,50000.000,-20088.410,-9039.411,50000.000,0
15501,-10294.470,-14216.528,50000.000,-21582.527,-6865.470,50000.000,0
15551,-10496.176,-16061.764,50000.000,-22441.646,-6096.000,50000.000,0
15601,-8860.117,-12804.587,50000.000,-20820.527,-9353.176,50000.000,0
15651,-10316.882,-14126.882,50000.000,-20110.822,-9457.764,50000.000,0
15701,-11048.999,-16076.705,50000.000,-21500.352,-6925.235,50000.000,0
15751,-8254.999,-12117.293,50000.000,-20521.705,-9151.470,50000.000,0
15801,-7851.588,-11071.411,50000.000,-20185.527,-13678.646,50000.000,0
15851,-10630.646,-13798.176,50000.000,-20237.822,-12445.999,50000.000,0
15901,-9353.176,-11459.882,50000.000,-19401.117,-9502.588,50000.000,0
15951,-9861.176,-10384.117,50000.000,-18773.588,-10824.882,50000.000,0
16001,-10331.823,-10593.293,50000.000,-19057.469,-14365.940,50000.000,0
16051,-11736.293,-13969.999,50000.000,-19483.293,-13491.882,50000.000,0
16101,-10996.705,-15000.940,50000.000,-19991.293,-8486.588,50000.000,0
16151,-9726.705,-12005.234,50000.000,-21067.057,-7328.646,50000.000,0
16201,-10847.293,-11198.411,50000.000,-20065.998,-6529.293,50000.000,0
16251,-13506.822,-14963.587,50000.000,-20095.881,-5640.294,50000.000,0
16301,-12139.705,-17757.588,50000.000,-21418.176,-2614.706,50000.000,0
16351,-8269.940,-13282.705,50000.000,-21425.646,-5565.588,50000.000,0
16401,-8777.940,-15172.764,50000.000,-19049.998,-10286.999,50000.000,0
16451,-8008.470,-13850.470,50000.000,-19094.822,-10780.058,50000.000,0
16501,-8277.411,-12438.528,50000.000,-18146.057,-9510.059,50000.000,0
16551,-9151.470,-11967.882,50000.000,-17892.057,-12064.999,50000.000,0
16601,-7709.646,-8396.940,50000.000,-17667.939,-14634.882,50000.000,0
16651,-7978.588,-7986.058,50000.000,-16666.881,-13521.764,50000.000,0
16701,-7470.588,-10152.528,50000.000,-17458.764,-10936.940,50000.000,0
16751,-8613.588,-12804.587,50000.000,-17593.234,-10391.588,50000.000,0
16801,-8217.646,-8792.882,50000.000,-18019.057,-9061.823,50000.000,0
16851,-9607.176,-8172.823,50000.000,-16704.234,-6596.529,50002.000,0
16901,-9689.353,-10638.117,50000.000,-16651.939,-3772.647,50000.000,0
16951,-8411.882,-12169.588,50000.000,-15934.764,29.882,50000.000,0
17001,-8852.646,-12722.411,50000.000,-16435.293,-829.235,50000.000,0
17051,-8434.294,-11564.470,50000.000,-16704.234,-7567.706,50000.000,0
17101,-7321.176,-9719.234,50000.000,-14575.116,-9876.117,50000.000,0
17151,-6932.706,-8800.353,50000.000,-13506.822,-10197.353,50000.000,0
17201,-6716.059,-9315.823,50000.000,-12617.822,-7754.470,50000.000,0
17251,-7298.764,-13006.293,50000.000,-12879.293,-7926.293,50000.000,0
17301,-7253.941,-12558.058,50000.000,-14500.411,-9241.117,50000.000,0
17351,-6880.411,-8777.940,50000.000,-13155.705,-6865.470,50000.000,0
17401,-8718.176,-10384.117,50000.000,-13103.411,-6297.706,50000.000,0
17451,-8329.705,-12991.353,50000.000,-13865.411,-5513.294,50000.000,0
17501,-9390.528,-16950.764,50000.000,-14418.234,-2345.765,50000.000,0
17551,-8643.470,-16046.822,50000.000,-14844.058,-4557.059,50000.000,0
17601,-6491.941,-11332.882,50000.000,-14156.764,-10921.999,50000.000,0
17651,-5842.000,-9973.234,50000.000,-12782.176,-13663.705,50000.000,0
17701,-4758.764,-10944.411,50000.000,-11773.646,-13312.587,50000.000,0
17751,-4370.294,-11116.234,50000.000,-12296.588,-14358.470,50000.000,0
17801,-3907.117,-9950.823,50000.000,-11975.353,-16009.470,50000.000,0
17851,-3712.882,-8688.294,50000.000,-11429.999,-17892.057,50000.000,0
17901,-4377.765,-11362.764,50000.000,-11975.353,-17047.881,50000.000,0
17951,-5304.117,-14485.470,50000.000,-13237.882,-15239.999,50000.000,0
18001,-5737.411,-13103.411,50000.000,-14373.411,-14395.822,50000.000,0
18051,-6708.588,-13058.587,50000.000,-13051.117,-11900.646,50000.000,0
18101,-8785.411,-16853.646,50000.000,-14821.646,-9539.940,50000.000,0
18151,-8621.059,-17660.469,50000.000,-16614.588,-4332.941,50000.000,0
18201,-8419.353,-16950.764,50000.000,-17600.705,-9420.411,50000.000,0
18251,-8486.588,-18788.527,50000.000,-16427.822,-13327.528,50000.000,0
18301,-8635.999,-18541.998,50000.000,-16360.587,-12124.764,50000.000,0
18351,-7933.764,-16397.939,50000.000,-15508.940,-9330.764,50000.000,0
18401,-7657.353,-16121.528,50000.000,-14702.116,-10921.999,50000.000,0
18451,-5864.411,-12998.822,50000.000,-12311.528,-13693.587,50000.000,0
18501,-5886.823,-13895.293,50000.000,-12744.822,-12834.470,50000.000,0
18551,-7478.058,-15292.293,50000.000,-13813.117,-8277.411,50000.000,0
18601,-7971.117,-14537.764,50000.000,-13648.764,-6066.117,50000.000,0
18651,-7448.176,-9868.646,50000.000,-14500.411,-6327.588,50000.000,0
18701,-5924.176,-6693.646,50000.000,-14119.411,-5117.353,50000.000,0
18751,-8083.176,-10197.353,50000.000,-15269.881,-1972.235,50000.000,0
18801,-8837.705,-12632.764,50000.000,-16099.116,2226.235,50000.000,0
18851,-9114.117,-12587.940,50000.000,-16831.234,-2069.353,50000.000,0
18901,-7239.000,-12565.528,50000.000,-16711.705,-8337.176,50000.000,0
18951,-8030.882,-13999.882,50000.000,-15688.234,-9397.999,50000.000,0
19001,-7814.235,-13417.176,50000.000,-15755.470,-8725.646,50000.000,0
19051,-8538.882,-14941.176,50000.000,-15755.470,-7500.470,50000.000,0
19101,-7784.353,-12774.705,50000.000,-17152.469,-8538.882,50000.000,0
19151,-6514.353,-9129.059,50000.000,-15822.705,-8755.529,50000.000,0
19201,-8030.882,-9980.705,50000.000,-16158.881,-8247.529,50000.000,0
19251,-8419.353,-11624.234,50000.000,-17406.469,-3757.706,50000.000,0
19301,-9465.234,-13215.470,50002.000,-17503.588,971.176,50000.000,0
19351,-10570.882,-12356.353,49999.000,-18691.410,-1860.176,50000.000,0
19401,-8090.646,-9607.176,49999.000,-18631.646,-6394.823,49998.000,0
19451,-8740.588,-10182.411,50000.000,-18258.117,-8083.176,50000.000,0
19501,-8090.646,-10152.528,50000.000,-18504.646,-6491.941,50000.000,0
19551,-8733.117,-11601.822,50000.000,-18818.410,134.471,50000.000,0
19601,-8172.823,-10055.411,50000.000,-19767.176,-1016.000,50000.000,0
19651,-8576.234,-10907.058,50000.000,-18683.939,-8165.353,50000.000,0
19701,-9696.823,-13559.117,50000.000,-17667.939,-10339.293,50000.000,0
19751,-9054.353,-11960.411,50000.000,-17854.705,-8688.294,50000.000,0
19801,-9285.940,-12079.940,50000.000,-17488.646,-2838.823,50000.000,0
19851,-9173.882,-12184.528,50000.000,-18235.705,-3279.588,50000.000,0
19901,-8628.529,-9360.646,50000.000,-17421.410,-7141.882,50000.000,0
19951,-8053.293,-8703.234,50000.000,-16248.528,-8531.411,50000.000,0
20001,-7732.058,-10376.646,50000.000,-17017.998,-9099.176,50000.000,0
20051,-8658.411,-13813.117,50000.000,-17242.117,-3458.882,50000.000,0
20101,-9196.294,-13193.058,50000.000,-17944.352,-1165.412,50000.000,0
20151,-8449.234,-9823.823,50000.000,-17144.998,-6125.882,50000.000,0
20201,-9375.588,-10384.117,50000.000,-16420.352,-8299.823,50000.000,0
20251,-8561.294,-9853.705,50000.000,-17047.881,-7612.529,50000.000,0
20301,-8673.353,-11302.999,50000.000,-16472.646,-2435.412,50000.000,0
20351,-9046.882,-11915.588,50000.000,-17914.469,-1180.353,50000.000,0
20401,-7888.940,-7926.293,50000.000,-17137.527,-3451.412,50000.000,0
20451,-7022.353,-4392.706,50000.000,-14836.587,-3458.882,50000.000,0
20501,-4900.706,-388.471,50000.000,-13686.117,-2263.588,50000.000,0
20551,-8486.588,1673.412,50000.000,-11788.588,22.412,50000.000,0
20601,-10653.058,948.765,50000.000,-11990.293,-1038.412,50000.000,0
20651,-8150.411,-874.059,50000.000,-12274.176,-5236.882,50000.000,0
20701,-7485.529,-2681.941,50000.000,-10884.646,-7687.235,50000.000,0
20751,-6589.059,-5348.941,50000.000,-11071.411,-9778.999,50000.000,0
20801,-5737.411,-7373.470,50000.000,-12348.882,-9143.999,50000.000,0
20851,-7500.470,-10421.470,50000.000,-12401.176,-4870.823,50000.000,0
20901,-7216.588,-8852.646,50000.000,-13387.293,-3623.235,50000.000,0
20951,-6999.941,-5386.294,50000.000,-12744.822,-1180.353,50000.000,0
21001,-9808.882,-6357.470,50000.000,-12117.293,358.588,50000.000,0
21051,-7186.706,-7380.941,50000.000,-13088.470,-306.294,50000.000,0
21101,-5214.470,-7059.706,50000.000,-13058.587,-1426.882,50000.000,0
21151,-7440.706,-10608.234,50000.000,-13028.705,-2024.529,50000.000,0
21201,-7201.646,-10234.705,50000.000,-14201.587,-4265.706,50000.000,0
21251,-7388.411,-9106.646,50000.000,-13798.176,-5767.294,50000.000,0
21301,-8396.940,-9577.294,50000.000,-13708.528,-881.529,50000.000,0
21351,-9831.293,-11116.234,50000.000,-14612.470,4355.353,50000.000,0
21401,-9711.764,-9801.411,50000.000,-15658.352,2457.823,50000.000,0
21451,-9666.940,-8755.529,50000.000,-16973.176,-321.235,50000.000,0
21501,-10130.117,-9241.117,50000.000,-17458.764,-2233.706,50000.000,0
21551,-8740.588,-9345.705,50000.000,-18437.410,-3436.470,50000.000,0
21601,-9861.176,-11766.176,50000.000,-18885.646,1494.118,50000.000,0
21651,-11616.764,-13215.470,50000.000,-19378.705,3257.176,50000.000,0
21701,-10346.764,-10884.646,50000.000,-19729.822,-1875.118,50000.000,0
21751,-10892.117,-11609.293,50000.000,-19416.057,-5617.882,50000.000,0
21801,-11228.293,-11833.411,50000.000,-19864.293,-5819.588,50000.000,0
21851,-10018.059,-9487.646,50000.000,-18631.646,425.823,50000.000,0
21901,-9069.294,-5879.353,50000.000,-16076.705,2405.529,50000.000,0
21951,-9061.823,-2838.823,50000.000,-14209.058,-2711.823,50000.000,0
22001,-7911.353,-1284.941,50000.000,-12371.293,-4258.235,50000.000,0
22051,-7866.529,-3234.764,50000.000,-10712.823,-2831.353,50000.000,0
22101,-6439.646,-4900.706,50000.000,-9868.646,-3324.412,50000.000,0
22151,-6088.529,-6850.529,50000.000,-10451.353,-4967.941,50000.000,0
22201,-5386.294,-7537.823,50000.000,-10085.293,-6013.823,50000.000,0
22251,-5871.882,-10421.470,50000.000,-10750.176,-4093.882,50000.000,0
22301,-6656.293,-10951.882,50000.000,-11639.176,732.118,50000.000,0
22351,-6350.000,-10040.470,50000.000,-12722.411,2689.412,50000.000,0
22401,-7141.882,-9816.353,50000.000,-12587.940,-1740.647,50000.000,0
22451,-6252.882,-9031.940,50000.000,-11923.058,-5475.941,50000.000,0
22501,-6484.470,-10443.882,50000.000,-11870.764,-6618.941,50000.000,0
22551,-6439.646,-10466.293,50000.000,-11728.822,-5610.412,50000.000,0
22601,-7463.117,-11004.176,50000.000,-12423.587,1277.470,50000.000,0
22651,-8142.940,-10339.293,50000.000,-12931.587,3593.353,50000.000,0
22701,-8060.764,-9778.999,50000.000,-12520.705,-3757.706,50000.000,0
22751,-6155.764,-7971.117,50000.000,-12901.705,-6686.176,50000.000,0
22801,-6364.941,-6820.646,50000.000,-12886.764,-4878.294,50000.000,0
22851,-7918.823,-7530.353,50000.000,-12789.646,-4945.529,50000.000,0
22901,-7672.293,-6611.470,50000.000,-13036.176,-2076.823,50000.000,0
22951,-8359.588,-2181.412,50000.000,-11474.822,2420.470,50000.000,0
23001,-8337.176,2487.706,50000.000,-8792.882,1247.588,50000.000,0
23051,-5827.059,2958.353,50000.000,-7014.882,-4504.764,50000.000,0
23101,-4325.470,493.059,50000.000,-6379.882,-9211.234,50000.000,0
23151,-3204.882,-2241.176,50000.000,-6790.764,-11900.646,50000.000,0
23201,-4011.706,-5782.235,50000.000,-6716.059,-7986.058,50000.000,0
23251,-4579.470,-8523.940,50000.000,-7582.646,-6125.882,50000.000,0
23301,-4011.706,-6559.176,50000.000,-8516.470,-3653.117,50000.000,0
23351,-5371.353,-6544.235,50000.000,-8591.176,-1090.706,50000.000,0
23401,-5154.706,-7343.588,50000.000,-8307.294,-201.706,50000.000,0
23451,-5468.470,-10309.411,50000.000,-8979.646,-336.176,50000.000,0
23501,-4997.823,-9599.705,50000.000,-8748.059,500.529,50000.000,0
23551,-5401.235,-11056.470,50000.000,-7739.529,2114.176,50000.000,0
23601,-5162.176,-10996.705,50000.000,-9323.294,-1382.059,50000.000,0
23651,-4340.412,-9308.353,50000.000,-9076.764,-4049.059,50000.000,0
23701,-4586.941,-10242.176,50000.000,-8785.411,-5304.117,50000.000,0
23751,-4191.000,-10159.999,50000.000,-9965.764,-5080.000,50000.000,0
23801,-6260.353,-12281.646,50000.000,-9846.234,59.765,50000.000,0
23851,-7149.353,-11571.940,50000.000,-11220.823,2173.941,50000.000,0
23901,-6454.588,-10436.411,50000.000,-12528.176,-1882.588,50000.000,0
23951,-6499.411,-10413.999,50000.000,-12348.882,-4908.176,50000.000,0
24001,-6977.529,-11332.882,50000.000,-12864.353,-5812.117,50000.000,0
24051,-7590.117,-12147.176,50000.000,-13626.352,-732.118,50000.000,0
24101,-9666.940,-14126.882,50000.000,-14164.234,2816.412,50000.000,0
24151,-8815.294,-10309.411,50000.000,-15912.352,14.941,50000.000,0
24201,-8210.176,-8128.000,50000.000,-15284.822,-2794.000,50000.000,0
24251,-9510.059,-7649.882,50000.000,-15523.881,-5393.764,50000.000,0
24301,-8546.353,-7059.706,50000.000,-14134.352,-3145.117,50000.000,0
24351,-8045.823,-8576.234,50000.000,-13245.352,-1419.412,50000.000,0
24401,-7216.588,-8053.293,50000.000,-13148.234,-2413.000,50000.000,0
24451,-6745.941,-4945.529,50000.000,-12498.293,-5894.294,50000.000,0
24501,-7283.823,-3824.941,50000.000,-11952.940,-6506.882,50000.000,0
24551,-7791.823,-4131.235,50000.000,-11840.882,-6409.764,50000.000,0
24601,-6813.176,-6708.588,50000.000,-11385.176,-6140.823,50000.000,0
24651,-4437.529,-5871.882,50000.000,-12154.646,-5909.235,50000.000,0
24701,-6372.411,-9099.176,50000.000,-12617.822,-2764.117,50000.000,0
24751,-7268.882,-12304.058,50000.000,-12625.293,-1232.647,50000.000,0
24801,-7141.882,-11698.940,50000.000,-12610.353,-4751.294,50000.000,0
24851,-6514.353,-9905.999,50000.000,-12812.058,-5505.823,50000.000,0
24901,-7268.882,-11863.293,50000.000,-12767.234,-5087.470,50000.000,0
24951,-8374.529,-14575.116,50000.000,-12961.470,-4340.412,50000.000,0
25001,-9091.705,-16039.352,50000.000,-13499.352,89.647,50000.000,0
25051,-9651.999,-16353.116,50000.000,-14500.411,-119.529,50000.000,0
25101,-7627.470,-13476.940,50000.000,-14881.411,-5289.176,50000.000,0
25151,-7672.293,-13760.822,50000.000,-14313.646,-7239.000,50000.000,0
25201,-6439.646,-11302.999,50000.000,-15277.352,-6364.941,50000.000,0
25251,-6342.529,-11004.176,50000.000,-14567.646,-903.941,50000.000,0
25301,-6536.764,-8964.705,50000.000,-15314.705,-1815.353,50000.000,0
25351,-6514.353,-6895.353,50000.000,-14052.176,-7649.882,50000.000,0
25401,-4997.823,-2136.588,50000.000,-11915.588,-8479.117,50000.000,0
25451,-7253.941,-89.647,50000.000,-9704.294,-7702.176,50000.000,0
25501,-6858.000,-2017.059,50000.000,-9188.823,-8800.353,50000.000,0
25551,-5789.706,-5326.529,50000.000,-10496.176,-12632.764,50000.000,0
25601,-3526.117,-5094.941,50000.000,-10077.823,-16076.705,50000.000,0
25651,-3742.764,-3346.823,50000.000,-9928.411,-16039.352,50000.000,0
25701,-2756.647,-627.529,50000.000,-8860.117,-14866.470,50000.000,0
25751,-2973.294,-4213.412,50000.000,-7507.940,-14829.116,50000.000,0
25801,-1964.765,-9876.117,50000.000,-9502.588,-18168.469,50000.000,0
25851,-1763.059,-10264.588,50000.000,-9412.940,-18250.646,50000.000,0
25901,-4011.706,-9823.823,50000.000,-8404.411,-11243.234,50000.000,0
25951,-4250.765,-10010.588,50000.000,-8807.823,-8389.470,50000.000,0
26001,-4855.882,-12543.117,50000.000,-9778.999,-6469.529,50000.000,0
26051,-5020.235,-15852.587,50000.000,-10712.823,-4594.412,50000.000,0
26101,-5005.294,-15583.646,50000.000,-11175.999,-6499.411,50000.000,0
26151,-2599.765,-10974.293,50000.000,-9016.999,-11093.823,50000.000,0
26201,-2017.059,-11370.234,50000.000,-8777.940,-12393.705,50000.000,0
26251,-2398.059,-9980.705,50000.000,-8479.117,-10533.528,50000.000,0
26301,-2398.059,-8576.234,50000.000,-6902.823,-11101.293,50000.000,0
26351,-2106.706,-5453.529,50000.000,-6305.176,-10959.353,50000.000,0
26401,-1172.882,403.412,50000.000,-3331.882,-9554.882,50000.000,0
26451,-545.353,784.412,50000.000,-1471.706,-9607.176,50000.000,0
26501,239.059,-4041.588,50000.000,-2032.000,-9861.176,50000.000,0
26551,351.118,-8710.705,50000.000,-3996.764,-11601.822,50000.000,0
26601,552.823,-11310.470,50000.000,-3877.235,-14365.940,50000.000,0
26651,373.529,-9009.528,50000.000,-4430.059,-16226.116,50000.000,0
26701,605.118,-4340.412,50000.000,-2188.882,-19005.176,50000.000,0
26751,1352.176,-4579.470,50000.000,-1352.176,-17981.705,50000.000,0
26801,2248.647,-7702.176,50000.000,-1509.059,-18101.234,50000.000,0
26851,3010.647,-7186.706,50000.000,-993.588,-18258.117,50000.000,0
26901,2734.235,-3974.353,50000.000,164.353,-16285.881,50000.000,0
26951,3458.882,-4086.411,50000.000,986.118,-16114.058,50000.000,0
27001,5221.941,-8800.353,50000.000,433.294,-14731.999,50000.000,0
27051,3421.529,-9681.882,50000.000,134.471,-14044.705,50000.000,0
27101,3899.647,-10040.470,50000.000,186.765,-12707.470,50000.000,0
27151,2554.941,-8374.529,50000.000,-97.118,-10854.764,50000.000,0
27201,2457.823,-10645.588,50000.000,-410.882,-9420.411,50000.000,0
27251,1531.470,-14336.058,50000.000,-1277.470,-4280.647,50000.000,0
27301,1135.529,-16196.234,50000.000,-2480.235,-5744.882,50000.000,0
27351,2547.470,-12169.588,50000.000,-1359.647,-10555.940,50000.000,0
27401,3145.117,-11751.234,50000.000,-612.588,-13237.882,50000.000,0
27451,3563.470,-11669.058,50000.000,-851.647,-11713.882,50000.000,0
27501,2906.059,-10115.176,50000.000,-164.353,-11168.528,50000.000,0
27551,3787.588,-8897.470,50000.000,59.765,-13738.411,50000.000,0
27601,3578.412,-3787.588,50000.000,1060.823,-16151.411,50000.000,0
27651,4235.823,-3331.882,50000.000,2271.059,-16106.587,50000.000,0
27701,5304.117,-7896.411,50000.000,1561.353,-16524.939,50000.000,0
27751,5969.000,-10159.999,50000.000,1135.529,-19438.469,50000.000,0
27801,4736.353,-7918.823,50000.000,702.235,-17481.176,50000.000,0
27851,3847.353,-6409.764,50000.000,388.471,-16495.059,50000.000,0
27901,2248.647,-9674.411,50000.000,-1426.882,-13768.293,50000.000,0
27951,485.588,-15366.999,50000.000,-4557.059,-11355.293,50000.000,0
28001,119.529,-16450.234,50000.000,-6290.235,-12035.117,50000.000,0
28051,-769.471,-13603.940,50000.000,-5871.882,-11198.411,50000.000,0
28101,-948.765,-14350.999,50000.000,-6872.941,-10077.823,50000.000,0
28151,-1598.706,-15120.470,50000.000,-7440.706,-6760.882,50000.000,0
28201,-1837.765,-17047.881,50000.000,-7859.058,-6947.646,50000.000,0
28251,-866.588,-16031.881,50000.000,-7821.706,-12543.117,50000.000,0
28301,-433.294,-16644.469,50000.000,-7597.588,-15755.470,50000.000,0
28351,-963.706,-15725.587,50000.000,-8150.411,-13066.058,50000.000,0
28401,-1001.059,-15800.293,50000.000,-7649.882,-12199.470,50000.000,0
28451,-799.353,-10466.293,50000.000,-7642.411,-13275.234,50000.000,0
28501,-739.588,-11168.528,50000.000,-5946.588,-15374.470,50000.000,0
28551,-328.706,-11855.822,50000.000,-6865.470,-14395.822,50000.000,0
28601,-493.059,-12453.470,50000.000,-6491.941,-15501.470,50000.000,0
28651,-179.294,-11848.353,50000.000,-6858.000,-17130.059,50000.000,0
28701,-351.118,-9539.940,50000.000,-6618.941,-16412.881,50000.000,0
28751,-1195.294,-11579.411,50000.000,-7537.823,-14246.411,50000.000,0
28801,-2353.235,-16368.058,50000.000,-9188.823,-9913.470,50000.000,0
28851,-2659.529,-16353.116,50000.000,-9980.705,-9674.411,50000.000,0
28901,-3309.470,-13447.058,50000.000,-9756.588,-9801.411,50000.000,0
28951,-4205.941,-14037.234,50000.000,-10324.353,-7724.588,50000.000,0
29001,-6521.823,-14933.705,50000.000,-11803.528,-3548.529,50000.000,0
29051,-7672.293,-16711.705,50000.000,-12117.293,-2442.882,50000.000,0
29101,-7037.293,-16808.822,50000.000,-12812.058,-8172.823,50000.000,0
29151,-6110.941,-17003.059,50000.000,-12453.470,-10959.353,50000.000,0
29201,-6223.000,-15277.352,50000.000,-13252.822,-8972.176,50000.000,0
29251,-6506.882,-15882.470,50000.000,-12505.764,-8322.234,50000.000,0
29301,-5842.000,-12670.117,50000.000,-12393.705,-11407.588,50000.000,0
29351,-5154.706,-11265.646,50000.000,-10877.176,-14291.234,50000.000,0
29401,-4855.882,-10630.646,50000.000,-11153.588,-12550.587,50000.000,0
29451,-3884.706,-9666.940,50000.000,-10481.234,-13559.117,50000.000,0
29501,-4243.294,-10361.705,50000.000,-10413.999,-14619.940,50000.000,0
29551,-3720.353,-6574.117,50000.000,-9524.999,-16016.940,50000.000,0
29601,-3675.529,-9181.353,50000.000,-9465.234,-17473.705,50000.000,0
29651,-3309.470,-12535.646,50000.000,-10182.411,-15411.822,50000.000,0
29701,-3316.941,-13387.293,50000.000,-10130.117,-13857.940,50000.000,0
29751,-5334.000,-11743.764,50000.000,-10399.059,-11026.588,50000.000,0
29801,-6058.646,-11556.999,50000.000,-10331.823,-9039.411,50000.000,0
29851,-6701.117,-13372.352,50000.000,-11624.234,-6604.000,50000.000,0
29901,-7007.411,-16270.940,50000.000,-12408.646,-4026.647,50000.000,0
29951,-6125.882,-14560.176,50000.000,-12064.999,-8523.940,50000.000,0
30001,-4078.941,-10727.764,50000.000,-10212.293,-11198.411,50000.000,0
30051,-4340.412,-10130.117,50000.000,-9427.882,-11034.058,50000.000,0
30101,-4549.588,-11325.411,50000.000,-9039.411,-8404.411,50000.000,0
30151,-3854.823,-12356.353,50000.000,-9091.705,-10570.882,50000.000,0
30201,-2607.235,-10488.705,50000.000,-9457.764,-14978.528,50000.000,0
30251,-1337.235,-8523.940,50000.000,-7866.529,-19797.057,50000.000,0
30301,-1023.471,-10309.411,50000.000,-7448.176,-20021.176,50000.000,0
30351,-1030.941,-12475.882,50000.000,-8867.588,-18661.527,50000.000,0
30401,-1389.529,-13237.882,50000.000,-9315.823,-18676.469,50000.000,0
30451,-3130.176,-10197.353,50000.000,-8882.529,-12677.587,50000.000,0
30501,-4542.117,-11616.764,50000.000,-9338.234,-9435.353,50000.000,0
30551,-5752.353,-16069.234,50000.000,-11243.234,-5356.412,50000.000,0
30601,-6820.646,-18863.234,50000.000,-12976.411,-4721.412,50000.000,0
30651,-6835.588,-17204.764,50000.000,-12229.353,-6387.353,50000.000,0
30701,-7410.823,-16091.646,50000.000,-12587.940,-5550.646,50000.000,0
30751,-7507.940,-15210.116,50000.000,-13051.117,-851.647,50000.000,0
30801,-8195.234,-16069.234,50000.000,-13163.176,582.706,50000.000,0
30851,-7448.176,-15777.881,50000.000,-12991.353,-5483.412,50000.000,0
30901,-6738.470,-15217.587,50000.000,-13155.705,-7186.706,50000.000,0
30951,-6656.293,-14179.176,50000.000,-13207.999,-5588.000,50000.000,0
31001,-6417.235,-13439.587,50000.000,-13155.705,-3623.235,50000.000,0
31051,-6790.764,-13066.058,50000.000,-14433.176,-7343.588,50000.000,0
31101,-6955.117,-15239.999,50000.000,-14463.058,-9031.940,50000.000,0
31151,-8023.411,-16241.058,50000.000,-15957.176,-7291.293,50000.000,0
31201,-7067.176,-15172.764,50000.000,-15994.528,-6686.176,50000.000,0
31251,-7433.235,-14223.999,50000.000,-15471.587,-10526.059,50000.000,0
31301,-7328.646,-15643.411,50000.000,-14769.352,-12072.470,50000.000,0
31351,-7821.706,-15142.881,50000.000,-15434.234,-10301.940,50000.000,1
31401,-7403.353,-14739.470,50000.000,-14179.176,-10944.411,50000.000,1
31451,-4938.059,-9928.411,50000.000,-13095.940,-15523.881,50000.000,0
31501,-3974.353,-7268.882,50000.000,-11295.528,-17271.998,50000.000,0
31551,-4452.470,-8553.823,50000.000,-10316.882,-13925.176,50000.000,0
31601,-4213.412,-9943.353,50000.000,-9764.059,-12587.940,50000.000,0
31651,-4967.941,-9435.353,50000.000,-10272.059,-11937.999,50000.000,0
31701,-5670.176,-6611.470,50000.000,-9943.353,-11713.882,50000.000,0
31751,-5356.412,-7134.411,50000.000,-10107.705,-12916.646,50000.000,0
31801,-5692.588,-12289.117,50000.000,-11205.882,-11332.882,50000.000,0
31851,-5894.294,-16181.293,50000.000,-11250.705,-9532.470,50000.000,0
31901,-6641.353,-13536.705,50000.000,-12311.528,-7709.646,50000.000,0
31951,-7515.411,-9958.293,50000.000,-11818.470,-6245.411,50000.000,0
32001,-7941.235,-10690.411,50000.000,-12162.117,-5520.764,50000.000,0
32051,-7642.411,-13260.293,50000.000,-12647.705,-2286.000,50000.000,0
32101,-9121.588,-16114.058,50000.000,-12363.822,1778.000,50000.000,0
32151,-9121.588,-15157.822,50000.000,-13999.882,-567.765,50000.000,0
32201,-7164.293,-13566.587,50000.000,-13372.352,-4811.059,50000.000,0
32251,-8120.529,-14769.352,50000.000,-13305.117,-5453.529,50000.000,0
32301,-7634.940,-13267.764,50000.000,-13798.176,-2950.882,50000.000,0
32351,-7851.588,-12259.234,50000.000,-12759.764,1045.882,50000.000,0
32401,-8553.823,-11721.353,50000.000,-14306.176,-2726.764,50000.000,0
32451,-6514.353,-11474.822,50000.000,-14253.882,-7747.000,50000.000,0
32501,-7313.706,-13327.528,50000.000,-13783.234,-7485.529,50000.000,0
32551,-7231.529,-11519.646,50000.000,-14448.116,-5087.470,50000.000,0
32601,-8628.529,-10780.058,50000.000,-12901.705,-1374.588,50000.000,0
32651,-9129.059,-9928.411,50000.000,-14746.940,-5483.412,50000.000,0
32701,-6342.529,-5744.882,50000.000,-12804.587,-9129.059,50000.000,0
32751,-7268.882,-3533.588,50000.000,-10346.764,-7941.235,50000.000,0
32801,-7448.176,-2069.353,50000.000,-10309.411,-7029.823,50000.000,0
32851,-8307.294,-4512.235,50000.000,-10682.940,-6887.882,50000.000,0
32901,-6932.706,-6312.646,50000.000,-11542.058,-7851.588,50000.000,0
32951,-6887.882,-8374.529,50000.000,-11175.999,-7956.176,50000.000,0
33001,-7470.588,-9285.940,50000.000,-11429.999,-6805.706,50000.000,0
33051,-7014.882,-6327.588,50000.000,-11654.117,-4967.941,50000.000,0
33101,-6648.823,-5356.412,50000.000,-10272.059,-2256.117,50000.000,0
33151,-6663.764,-6103.470,50000.000,-9950.823,-2256.117,50000.000,0
33201,-5998.882,-6731.000,50000.000,-9704.294,-3683.000,50000.000,0
33251,-5446.059,-7052.235,50000.000,-9517.528,-2599.765,50000.000,0
33301,-4803.588,-7268.882,50000.000,-8449.234,-515.471,50000.000,0
33351,-4385.235,-6223.000,50000.000,-8762.999,-2248.647,50000.000,0
33401,-3018.117,-3810.000,50000.000,-8643.470,-4280.647,50000.000,0
33451,-3556.000,-3302.000,50000.000,-7911.353,-5124.823,50000.000,0
33501,-3608.294,-2958.353,50000.000,-7336.117,-6193.117,50000.000,0
33551,-3638.176,-4400.176,50000.000,-7059.706,-7141.882,50000.000,0
33601,-3316.941,-6424.706,50000.000,-7336.117,-7343.588,50000.000,0
33651,-4004.235,-9091.705,50000.000,-8180.293,-5707.529,50000.000,0
33701,-3877.235,-11444.940,50000.000,-9106.646,-5229.412,50000.000,0
33751,-4108.823,-10219.764,50000.000,-10032.999,-5027.706,50000.000,0
33801,-4766.235,-7463.117,50000.000,-9233.646,-4445.000,50000.000,0
33851,-5490.882,-8486.588,50000.000,-9285.940,-4161.117,50000.000,0
33901,-5012.764,-10010.588,50000.000,-9495.117,-5834.529,50000.000,0
33951,-4915.646,-9868.646,50000.000,-9390.528,-3899.647,50000.000,0
34001,-4751.294,-7410.823,50000.000,-8329.705,-590.176,50000.000,0
34051,-4646.706,-5662.706,50000.000,-7642.411,-627.529,50000.000,0
34101,-4116.294,-2652.059,50000.000,-6716.059,-3832.412,50000.000,0
34151,-4220.882,508.000,50000.000,-6611.470,-2726.764,50000.000,0
34201,-5700.059,2577.353,50000.000,-5289.176,1135.529,50000.000,0
34251,-6305.176,859.118,50000.000,-5991.411,3025.588,50000.000,0
34301,-6096.000,-941.294,50000.000,-7343.588,1449.294,50000.000,0
34351,-5446.059,-1113.118,50000.000,-7470.588,-22.412,50000.000,0
34401,-5782.235,-1284.941,50000.000,-7537.823,-986.118,50000.000,0
34451,-6312.646,-2203.823,50000.000,-7784.353,-1561.353,50000.000,0
34501,-6036.235,-1509.059,50000.000,-7515.411,-1927.412,50000.000,0
34551,-4982.882,194.235,50000.000,-6506.882,-2958.353,50000.000,0
34601,-2973.294,104.588,50000.000,-5117.353,-5700.059,50000.000,0
34651,-1815.353,-433.294,50000.000,-4362.823,-7776.882,50000.000,0
34701,-1837.765,246.529,50000.000,-3160.059,-5677.646,50000.000,0
34751,-1367.118,-2173.941,50000.000,-2696.882,-7478.058,50000.000,0
34801,-52.294,-8815.294,50000.000,-3556.000,-9876.117,50000.000,0
34851,-194.235,-14612.470,50000.000,-3570.941,-9233.646,50000.000,0
34901,-440.765,-15912.352,50000.000,-4594.412,-8434.294,50000.000,0
34951,-1247.588,-13006.293,50000.000,-2853.764,-5109.882,50000.000,0
35001,-1636.059,-12804.587,50000.000,-5348.941,-7216.588,50000.000,0
35051,-784.412,-19453.410,50000.000,-6477.000,-5461.000,50000.000,0
35101,-82.176,-17839.764,50000.000,-7134.411,-6566.646,50000.000,0
35151,530.412,-18781.057,50000.000,-6491.941,-10115.176,50000.000,0
35201,-291.353,-19341.352,50000.000,-6036.235,-7597.588,50000.000,0
35251,-463.176,-17017.998,50000.000,-5617.882,-5132.294,50000.000,0
35301,-306.294,-19169.527,50000.000,-7112.000,-9412.940,50000.000,0
35351,-530.412,-20140.705,50000.000,-6641.353,-8889.999,50000.000,0
35401,-1382.059,-16644.469,50000.000,-6999.941,-7156.823,50000.000,0
35451,-1284.941,-16353.116,50000.000,-7448.176,-9472.705,50000.000,0
35501,-859.118,-15508.940,50000.000,-8195.234,-15553.764,50000.000,0
35551,-956.235,-13708.528,50000.000,-7926.293,-14507.882,50000.000,0
35601,-1165.412,-11377.705,50000.000,-6880.411,-11601.822,50000.000,0
35651,-747.059,-13409.705,50000.000,-6970.059,-14059.646,50000.000,0
35701,-478.118,-9943.353,50000.000,-7784.353,-17144.998,50000.000,0
35751,-508.000,-10399.059,50000.000,-5655.235,-16674.352,50000.000,0
35801,-963.706,-13364.882,50000.000,-7507.940,-11527.117,50000.000,0
35851,-1912.470,-15493.999,50000.000,-8142.940,-7500.470,50000.000,0
35901,-1665.941,-12132.234,50000.000,-8822.764,-10921.999,50000.000,0
35951,-687.294,-11205.882,50000.000,-7739.529,-14082.058,50000.000,0
36001,-1038.412,-11131.176,50000.000,-5109.882,-9614.646,50000.000,0
36051,-1509.059,-10533.528,50000.000,-4975.412,-8449.234,50000.000,0
36101,-1837.765,-11908.117,50000.000,-6387.353,-10115.176,50000.000,0
36151,-2913.529,-9517.528,50000.000,-7104.529,-8187.764,50000.000,0
36201,-4818.529,-9360.646,50000.000,-7440.706,-7291.293,50000.000,0
36251,-5916.706,-9502.588,50000.000,-9427.882,-3533.588,50000.000,0
36301,-6491.941,-7425.764,50000.000,-9218.705,1441.823,50000.000,0
36351,-7560.235,-5147.235,50000.000,-9039.411,2345.765,50000.000,0
36401,-7380.941,-3907.117,50000.000,-9308.353,-560.294,50000.000,0
36451,-6462.059,-1860.176,50000.000,-9106.646,-2450.353,50000.000,0
36501,-7336.117,-104.588,50000.000,-8949.764,-1606.176,50000.000,0
36551,-7620.000,67.235,50000.000,-8912.411,-268.941,50000.000,0
36601,-7627.470,-418.353,50000.000,-9129.059,-52.294,50000.000,0
36651,-6559.176,-1187.823,50000.000,-9539.940,-687.294,50000.000,0
36701,-6992.470,-1404.470,50000.000,-9666.940,-1367.118,50000.000,0
36751,-7134.411,-881.529,50000.000,-9510.059,-1195.294,50000.000,0
36801,-6790.764,-537.882,50000.000,-9173.882,-1202.765,50000.000,0
36851,-6409.764,-373.529,50000.000,-9009.528,-1135.529,50000.000,0
36901,-6656.293,-156.882,50000.000,-8359.588,-799.353,50000.000,0
36951,-6290.235,37.353,50000.000,-7485.529,-903.941,50000.000,0
37001,-4960.470,194.235,50000.000,-6760.882,-1075.765,50000.000,0
37051,-4034.117,-59.765,50000.000,-5259.294,-1822.823,50000.000,0
37101,-2614.706,-821.765,50000.000,-3922.059,-3018.117,50000.000,0
37151,-1098.176,-590.176,50000.000,-2681.941,-3324.412,50000.000,0
37201,-298.824,67.235,50000.000,-806.823,-2457.823,50000.000,0
37251,814.294,231.588,50000.000,844.176,-1979.706,50000.000,0
37301,948.765,-194.235,50000.000,993.588,-530.412,50000.000,0
37351,799.353,-127.000,50000.000,1098.176,351.118,50000.000,0
37401,941.294,97.118,50000.000,1419.412,313.765,50000.000,0
37451,1240.118,321.235,50000.000,1934.882,216.647,50000.000,0
37501,1546.412,537.882,50000.000,2338.294,448.235,50000.000,0
37551,1815.353,478.118,50000.000,2734.235,291.353,50000.000,0
37601,2435.412,224.118,50000.000,2988.235,-7.471,50000.000,0
37651,2525.059,209.176,50000.000,3137.647,403.412,50000.000,0
37701,2622.176,164.353,50000.000,3354.294,298.824,50000.000,0
37751,2659.529,239.059,50000.000,3429.000,306.294,50000.000,0
37801,2756.647,231.588,50000.000,3570.941,171.824,50000.000,0
37851,2569.882,224.118,50000.000,3675.529,186.765,50000.000,0
37901,2853.764,336.176,50000.000,3660.588,313.765,50000.000,0
37951,2988.235,283.882,50000.000,3690.470,268.941,50000.000,0
38001,2704.353,283.882,50000.000,3653.117,291.353,50000.000,0
38051,3003.176,254.000,50000.000,3638.176,0.000,50000.000,0
38101,2906.059,201.706,50000.000,3473.823,261.471,50000.000,0
38151,2868.706,224.118,50000.000,3376.706,179.294,50000.000,0
38201,2756.647,112.059,50000.000,3316.941,119.529,50000.000,0
38251,2248.647,82.176,50000.000,3249.706,201.706,50000.000,0
38301,2263.588,97.118,50000.000,3033.059,104.588,50000.000,0
38351,2368.176,156.882,50000.000,2876.176,67.235,50000.000,0
38401,2181.412,119.529,50000.000,2599.765,22.412,50000.000,0
38451,1897.529,179.294,50000.000,2353.235,29.882,50000.000,0
38501,1725.706,186.765,50000.000,2263.588,112.059,50000.000,0
38551,1426.882,82.176,50000.000,2076.823,89.647,50000.000,0
38601,1367.118,74.706,50000.000,1867.647,134.471,50000.000,0
38651,1479.176,44.824,50000.000,1688.353,7.471,50000.000,0
38701,1397.000,44.824,50000.000,1501.588,22.412,50000.000,0
38751,1157.941,134.471,50000.000,1397.000,127.000,50000.000,0
38801,1060.823,134.471,50000.000,1314.823,7.471,50000.000,0
38851,821.765,209.176,50000.000,1075.765,67.235,50000.000,0
38901,732.118,59.765,50000.000,874.059,-29.882,50000.000,0
38951,582.706,-44.824,50000.000,702.235,-29.882,50000.000,0
39001,403.412,52.294,50000.000,545.353,67.235,50000.000,0
39051,343.647,52.294,50000.000,440.765,7.471,50000.000,0
39101,239.059,37.353,50000.000,321.235,0.000,50000.000,0
39151,179.294,0.000,50000.000,216.647,-14.941,50000.000,0
39201,112.059,-119.529,50000.000,67.235,-14.941,50000.000,0
39251,14.941,-37.353,50000.000,0.000,52.294,50000.000,0
39301,0.000,0.000,50000.000,0.000,-7.471,50000.000,0
39351,22.412,14.941,50000.000,29.882,0.000,50000.000,0
39401,7.471,0.000,50000.000,14.941,-7.471,50000.000,0
39451,-22.412,-74.706,50000.000,-52.294,0.000,50000.000,0
39501,-67.235,-52.294,50000.000,-104.588,14.941,50000.000,0
39551,-7.471,0.000,50000.000,-29.882,0.000,50000.000,0
39601,37.353,14.941,50000.000,59.765,0.000,50000.000,0
39651,52.294,37.353,50000.000,119.529,0.000,50000.000,0
39701,14.941,-67.235,50000.000,0.000,7.471,50000.000,0
39751,-52.294,-59.765,50000.000,-89.647,14.941,50000.000,0
39801,-37.353,-29.882,50000.000,-37.353,0.000,50000.000,0
39851,0.000,0.000,50000.000,0.000,0.000,50000.000,0
39901,22.412,14.941,50000.000,52.294,-7.471,50000.000,0
39951,14.941,-52.294,50000.000,0.000,-7.471,50000.000,0
40001,-37.353,-59.765,50000.000,-74.706,7.471,50000.000,0
40051,-7.471,14.941,50000.000,-22.412,0.000,50000.000,0
40101,44.824,29.882,50000.000,74.706,14.941,50000.000,0
40151,67.235,29.882,50000.000,119.529,0.000,50000.000,0
40201,14.941,-37.353,50000.000,-14.941,0.000,50000.000,0
40251,-44.824,-44.824,50000.000,-74.706,14.941,50000.000,0
40301,-7.471,-7.471,50000.000,-14.941,-7.471,50000.000,0
40351,22.412,29.882,50000.000,22.412,0.000,50000.000,0
40401,52.294,22.412,50000.000,97.118,0.000,50000.000,0
40451,7.471,-29.882,50000.000,-14.941,7.471,50000.000,0
40501,-67.235,-67.235,50000.000,-112.059,0.000,50000.000,0
40551,-37.353,0.000,50000.000,-29.882,-7.471,50000.000,0
40601,44.824,37.353,50000.000,89.647,0.000,50000.000,0
40651,59.765,29.882,50000.000,104.588,0.000,50000.000,0
40701,-7.471,-37.353,50000.000,-37.353,7.471,50000.000,0
40751,-74.706,-29.882,50000.000,-104.588,-14.941,50000.000,0
40801,-22.412,-14.941,50000.000,-29.882,-7.471,50000.000,0
40851,14.941,7.471,50000.000,37.353,7.471,50000.000,0
40901,44.824,22.412,50000.000,67.235,0.000,50000.000,0
40951,0.000,-52.294,50000.000,-14.941,0.000,50000.000,0
41001,-67.235,-74.706,50000.000,-97.118,-7.471,50000.000,0
41051,-44.824,-14.941,50000.000,-44.824,-14.941,50000.000,0
41101,29.882,22.412,50000.000,59.765,7.471,50000.000,0
41151,67.235,67.235,50000.000,119.529,7.471,50000.000,0
41201,29.882,-14.941,50000.000,37.353,-7.471,50000.000,0
41251,-14.941,-37.353,50000.000,-59.765,14.941,50000.000,0
41301,-7.471,22.412,50000.000,-14.941,7.471,50000.000,0
41351,0.000,321.235,50000.000,59.765,343.647,50000.000,0
41401,-141.941,754.529,50000.000,141.941,1105.647,50000.000,0
41451,-127.000,522.941,50000.000,313.765,560.294,50000.000,0
41501,224.118,-410.882,50000.000,-14.941,-941.294,50000.000,0
41551,-22.412,-560.294,50000.000,-440.765,-582.706,50000.000,0
41601,-291.353,-246.529,50000.000,-373.529,-216.647,50000.000,0
41651,-52.294,-747.059,50000.000,-254.000,-1524.000,50000.000,0
41701,866.588,-1860.176,50000.000,-186.765,-4512.235,50000.000,0
41751,1419.412,-4019.176,50000.000,-328.706,-6058.646,50000.000,0
41801,866.588,-5767.294,50000.000,-1098.176,-6140.823,50000.000,0
41851,112.059,-5879.353,50000.000,-2353.235,-6633.882,50000.000,0
41901,-403.412,-6491.941,50000.000,-2554.941,-3406.588,50000.000,0
41951,-1374.588,-9674.411,50000.000,-4684.059,-1591.235,50000.000,0
42001,-2091.765,-11683.999,50000.000,-6133.353,-224.118,50000.000,0
42051,-3234.764,-11168.528,50000.000,-7171.764,-2032.000,50000.000,0
42101,-3824.941,-10944.411,50000.000,-7336.117,-2540.000,50000.000,0
42151,-4669.117,-11781.117,50000.000,-8979.646,-2801.470,50000.000,0
42201,-5543.176,-11616.764,50000.000,-9300.882,1718.235,50000.000,0
42251,-5595.470,-9308.353,50000.000,-10324.353,3951.941,50000.000,0
42301,-5244.353,-6394.823,50000.000,-10286.999,911.412,50000.000,0
42351,-7059.706,-6932.706,50000.000,-11235.764,-403.412,50000.000,0
42401,-7276.353,-5371.353,50000.000,-12632.764,-582.706,50000.000,0
42451,-8419.353,-4893.235,50000.000,-12513.234,1165.412,50000.000,0
42501,-10077.823,-3922.059,50000.000,-12572.999,4116.294,50000.000,0
42551,-8583.705,-1822.823,50000.000,-11624.234,2308.412,50000.000,0
42601,-9009.528,-2734.235,50000.000,-12177.058,-268.941,50000.000,0
42651,-10511.117,-4422.588,50000.000,-13588.999,515.471,50000.000,0
42701,-11041.528,-3556.000,50000.000,-13484.411,814.294,50000.000,0
42751,-11878.234,-2405.529,50000.000,-13641.293,-179.294,50000.000,0
42801,-11937.999,-3892.176,50000.000,-13902.764,-1822.823,50000.000,0
42851,-10921.999,-2405.529,50000.000,-13342.470,-3122.706,50000.000,0
42901,-9749.117,-127.000,50000.000,-11549.528,-4542.117,50000.000,0
42951,-8210.176,-425.823,50000.000,-9928.411,-6133.353,50000.000,0
43001,-5513.294,-1247.588,50000.000,-8635.999,-9151.470,50000.000,0
43051,-4123.765,-3122.706,50000.000,-7380.941,-11034.058,50000.000,0
43101,-4310.529,-5005.294,50000.000,-7403.353,-10645.588,50000.000,0
43151,-4034.117,-4654.176,50000.000,-8396.940,-11766.176,50000.000,0
43201,-4318.000,-6140.823,50000.000,-8135.470,-11601.822,50000.000,0
43251,-5050.117,-11116.234,50000.000,-8307.294,-9965.764,50000.000,0
43301,-4452.470,-13596.470,50000.000,-9823.823,-11161.058,50000.000,0
43351,-3690.470,-12453.470,50000.000,-9995.646,-9345.705,50000.000,0
43401,-4497.294,-11265.646,50000.000,-9599.705,-8531.411,50000.000,0
43451,-3824.941,-12961.470,50000.000,-10570.882,-8426.823,50000.000,0
43501,-5505.823,-16980.646,50000.000,-12221.882,-4303.059,50000.000,0
43551,-6663.764,-16554.822,50000.000,-12871.822,-4721.412,50000.000,0
43601,-4669.117,-13305.117,50000.000,-12572.999,-6536.764,50000.000,0
43651,-7224.058,-16226.116,50000.000,-13230.411,-3854.823,50000.000,0
43701,-9211.234,-17189.822,50000.000,-13917.705,-522.941,50000.000,0
43751,-10182.411,-16375.528,50000.000,-15015.881,-1001.059,50000.000,0
43801,-10137.588,-15419.293,50000.000,-15359.528,-1195.294,50000.000,0
43851,-10286.999,-13133.293,50000.000,-15658.352,1673.412,50000.000,0
43901,-11646.646,-13574.058,50000.000,-17294.410,2779.059,50000.000,0
43951,-11340.353,-15053.234,50000.000,-18795.998,-1695.823,50000.000,0
44001,-11295.528,-15897.411,50000.000,-19520.646,-3414.059,50000.000,0
44051,-12438.528,-16061.764,50000.000,-20088.410,321.235,50000.000,0
44101,-13327.528,-15591.116,50000.000,-21186.586,1875.118,50000.000,0
44151,-13200.528,-14634.882,50000.000,-21903.764,-313.765,50000.000,0
44201,-13977.470,-15441.705,50000.000,-22359.469,522.941,50000.000,0
44251,-14044.705,-17122.588,50000.000,-22867.469,3989.294,50000.000,0
44301,-12558.058,-16913.410,50000.000,-23890.939,-104.588,50000.000,0
44351,-12976.411,-18287.998,50000.000,-24286.881,-881.529,50000.000,0
44401,-12259.234,-16704.234,50000.000,-23330.645,440.765,50000.000,0
44451,-13551.646,-18385.117,50000.000,-21350.939,-4878.294,50000.000,0
44501,-11833.411,-18011.588,50000.000,-21194.057,-8374.529,50000.000,0
44551,-11930.528,-17443.822,50000.000,-20514.234,-6155.764,50000.000,0
44601,-14067.116,-20917.646,50000.000,-22643.352,-3690.470,50000.000,0
44651,-8718.176,-13835.528,50000.000,-23173.764,-6962.588,50000.000,0
44701,-10159.999,-15972.116,50000.000,-21724.469,-8553.823,50000.000,0
44751,-11893.176,-16965.705,50000.000,-22486.469,-5849.470,50000.000,0
44801,-10204.823,-13842.999,50000.000,-21044.646,-9315.823,50000.000,0
44851,-9771.528,-14500.411,50000.000,-19737.293,-13551.646,50000.000,0
44901,-9412.940,-13013.764,50000.000,-19938.998,-13364.882,50000.000,0
44951,-10630.646,-13439.587,50000.000,-19214.352,-14926.234,50000.000,0
45001,-9554.882,-11280.588,50000.000,-19513.176,-18512.117,50000.000,0
45051,-9054.353,-11736.293,50000.000,-18975.293,-21619.881,50000.000,0
45101,-7709.646,-10944.411,50000.000,-19535.588,-22172.705,50000.000,0
45151,-6753.411,-9427.882,50000.000,-19087.352,-20880.293,50000.000,0
45201,-7806.764,-10847.293,50000.000,-18840.822,-17085.234,50000.000,0
45251,-8598.646,-13880.352,50000.000,-19087.352,-16592.176,50000.000,0
45301,-7739.529,-14746.940,50000.000,-19117.234,-16001.999,50000.000,0
45351,-7276.353,-15239.999,50000.000,-19289.057,-19229.293,50000.000,0
45401,-8105.588,-15919.822,50000.000,-18549.469,-19378.705,50000.000,0
45451,-8165.353,-14851.528,50000.000,-17249.588,-15725.587,50000.000,0
45501,-8501.529,-15994.528,50000.000,-14463.058,-14918.764,50000.000,0
45551,-8508.999,-16076.705,50000.000,-12886.764,-16472.646,50000.000,0
45601,-6835.588,-14851.528,50000.000,-8949.764,-11960.411,50000.000,0
45651,-7575.176,-16188.764,50000.000,-12386.234,-15777.881,50000.000,0
45701,-7582.646,-14941.176,50000.000,-9293.411,-11721.353,50000.000,0
45751,-7500.470,-15516.411,50000.000,-13559.117,-16898.469,50000.000,0
45801,-5132.294,-12871.822,50000.000,-13372.352,-18482.234,50000.000,0
45851,-5102.412,-12094.882,50000.000,-12289.117,-17652.998,50000.000,0
45901,-6387.353,-14769.352,50000.000,-9876.117,-13842.999,50000.000,0
45951,-5356.412,-13940.117,50000.000,-12214.411,-16890.998,50000.000,0
46001,-4318.000,-11631.705,50000.000,-14082.058,-19229.293,50000.000,0
46051,-6551.706,-15897.411,50000.000,-14067.116,-18654.057,50000.000,0
46101,-5169.646,-14448.116,50000.000,-14903.822,-19655.117,50000.000,0
46151,-4415.117,-13312.587,50000.000,-15015.881,-20379.764,50000.000,0
46201,-6013.823,-13999.882,50000.000,-13895.293,-18915.527,50000.000,0
46251,-5797.176,-14672.234,50000.000,-15068.176,-17966.764,50000.000,0
46301,-4459.941,-14141.822,50000.000,-14754.411,-19595.352,50000.000,0
46351,-4594.412,-12677.587,50000.000,-13992.411,-19886.705,50000.000,0
46401,-4228.353,-12864.353,50000.000,-13708.528,-19079.881,50000.000,0
46451,-4639.235,-15105.528,50000.000,-14029.764,-18273.057,50000.000,0
46501,-5625.353,-14829.116,50000.000,-13805.646,-16599.646,50000.000,0
46551,-6454.588,-14993.470,50000.000,-13947.587,-15695.705,50000.000,0
46601,-7097.058,-16181.293,50000.000,-14941.176,-12348.882,50000.000,0
46651,-8523.940,-17070.293,50000.000,-14433.176,-10712.823,50000.000,0
46701,-8740.588,-16480.117,50000.000,-13006.293,-11923.058,50000.000,0
46751,-8172.823,-17899.527,50000.000,-12244.293,-11893.176,50000.000,0
46801,-8045.823,-18825.881,50000.000,-10929.470,-9383.059,50000.000,0
46851,-7806.764,-16278.411,50000.000,-11467.353,-9136.528,50000.000,0
46901,-9300.882,-17384.059,50000.000,-14007.352,-11825.940,50000.000,0
46951,-8359.588,-15591.116,50000.000,-14821.646,-9569.823,50000.000,0
47001,-7239.000,-11870.764,50000.000,-14941.176,-6110.941,50000.000,0
47051,-8284.882,-12565.528,50000.000,-15292.293,-8576.234,50000.000,0
47101,-8494.059,-15165.293,50000.000,-14149.293,-10921.999,50000.000,0
47151,-8195.234,-16054.293,50000.000,-15023.352,-10047.940,50000.000,0
47201,-8113.058,-17122.588,50000.000,-17144.998,-8912.411,50000.000,0
47251,-7761.940,-15180.234,50000.000,-16890.998,-10548.470,50000.000,0
47301,-9173.882,-16465.176,50000.000,-16121.528,-11250.705,50000.000,0
47351,-9749.117,-16390.469,50000.000,-17398.998,-9734.176,50000.000,0
47401,-9338.234,-15815.234,50000.000,-17257.059,-10750.176,50000.000,0
47451,-8576.234,-16726.646,50000.000,-17765.059,-15464.116,50000.000,0
47501,-8187.764,-16719.176,50000.000,-17906.998,-14724.528,50000.000,0
47551,-7702.176,-15314.705,50000.000,-17525.998,-11549.528,50000.000,0
47601,-7380.941,-13222.940,50000.000,-17809.881,-12348.882,50000.000,0
47651,-8516.470,-14694.646,50000.000,-17660.469,-13842.999,50000.000,0
47701,-8075.706,-14261.352,50000.000,-18078.822,-11086.353,50000.000,0
47751,-7433.235,-13551.646,50000.000,-17712.764,-10070.353,50000.000,0
47801,-8053.293,-13984.940,50000.000,-17354.176,-12431.058,50000.000,0
47851,-7903.882,-14261.352,50000.000,-17869.646,-12871.822,50000.000,0
47901,-8658.411,-15733.058,50000.000,-17667.939,-10189.882,50000.000,0
47951,-8837.705,-14627.411,50000.000,-16689.293,-9995.646,50000.000,0
48001,-9054.353,-14672.234,50000.000,-14216.528,-10032.999,50000.000,0
48051,-9278.470,-15523.881,50000.000,-13708.528,-8195.234,50000.000,0
48101,-8964.705,-15411.822,50000.000,-14829.116,-5505.823,50000.000,0
48151,-9368.117,-13633.822,50000.000,-16577.234,-6477.000,50000.000,0
48201,-9016.999,-12834.470,50000.000,-16039.352,-10092.764,50000.000,0
48251,-8307.294,-11960.411,50000.000,-15068.176,-10869.705,50000.000,0
48301,-6133.353,-9412.940,50000.000,-12348.882,-8725.646,50000.000,0
48351,-7239.000,-11146.117,50000.000,-14201.587,-9913.470,50000.000,0
48401,-6977.529,-9891.059,50000.000,-14492.940,-11392.646,50000.000,0
48451,-7926.293,-11086.353,50000.000,-14806.705,-13454.528,50000.000,0
48501,-7231.529,-11347.823,50000.000,-14283.764,-10615.705,50000.000,0
48551,-7888.940,-12976.411,50000.000,-14007.352,-10384.117,50000.000,0
48601,-6394.823,-10578.353,50000.000,-14014.822,-12513.234,50000.000,0
48651,-7642.411,-13290.176,50000.000,-14477.999,-14403.293,50000.000,0
48701,-8404.411,-16532.410,50000.000,-15957.176,-14485.470,50000.000,0
48751,-8755.529,-17458.764,50000.000,-16973.176,-14575.116,50000.000,0
48801,-8292.353,-14687.176,50000.000,-16368.058,-12124.764,50000.000,0
48851,-8822.764,-16136.470,50000.000,-16039.352,-10959.353,50000.000,0
48901,-7582.646,-15523.881,50000.000,-17623.117,-9741.646,50000.000,0
48951,-6424.706,-13663.705,50000.000,-17735.176,-10570.882,50000.000,0
49001,-7283.823,-13895.293,50000.000,-16711.705,-11288.058,50000.000,0
49051,-7597.588,-13006.293,50000.000,-17720.234,-9330.764,50000.000,0
49101,-8113.058,-13828.058,50000.000,-17032.939,-5042.646,50000.000,0
49151,-8441.764,-13245.352,50000.000,-17899.527,-6686.176,50000.000,0
49201,-7612.529,-11243.234,50000.000,-16696.764,-8247.529,50000.000,0
49251,-8613.588,-12221.882,50000.000,-17003.059,-8068.235,50000.000,0
49301,-8875.059,-14283.764,50000.000,-15337.116,-4011.706,50000.000,0
49351,-8815.294,-13267.764,50000.000,-15523.881,-6417.235,50000.000,0
49401,-7649.882,-11691.470,50000.000,-14477.999,-9218.705,50000.000,0
49451,-7500.470,-11310.470,50000.000,-14328.587,-8852.646,50000.000,0
49501,-7717.117,-11332.882,50000.000,-12318.999,-3847.353,50000.000,0
49551,-7418.293,-11048.999,50000.000,-12602.882,-3339.353,50000.000,0
49601,-6955.117,-7253.941,50000.000,-10750.176,-6379.882,50000.000,0
49651,-5939.117,-4758.764,50000.000,-9293.411,-9114.117,50000.000,0
49701,-4557.059,-2076.823,50000.000,-6992.470,-9024.470,50000.000,0
49751,-3720.353,-2868.706,50000.000,-6514.353,-10533.528,50000.000,0
49801,-2779.059,-5856.941,50000.000,-7754.470,-15180.234,50000.000,0
49851,-2465.294,-6469.529,50000.000,-7067.176,-13103.411,50000.000,0
49901,-3279.588,-3623.235,50000.000,-6163.235,-10376.646,50000.000,0
49951,-2652.059,-6208.059,50000.000,-7164.293,-14485.470,50000.000,0
50001,-1598.706,-12304.058,50000.000,-8128.000,-15800.293,50000.000,0
50051,-776.941,-7283.823,50000.000,-6947.646,-12102.353,50000.000,0
50101,-2883.647,-10473.764,50000.000,-7112.000,-7941.235,50000.000,0
50151,-3787.588,-12558.058,50000.000,-8927.353,-8299.823,50000.000,0
50201,-3152.588,-17765.059,50000.000,-10578.353,-7089.588,50000.000,0
50251,-2211.294,-15045.764,50000.000,-11063.940,-8419.353,50000.000,0
50301,-1606.176,-18175.939,50000.000,-9270.999,-11116.234,50000.000,0
50351,-1815.353,-17301.881,50000.000,-10294.470,-9659.470,50000.000,0
50401,-2002.118,-15747.999,50000.000,-9973.234,-10481.234,50000.000,0
50451,-1673.412,-18930.469,50000.000,-9808.882,-14619.940,50000.000,0
50501,-2368.176,-17899.527,50000.000,-10316.882,-13671.176,50000.000,0
50551,-2106.706,-17481.176,50000.000,-9659.470,-14373.411,50000.000,0
50601,-2009.588,-15508.940,50000.000,-10667.999,-16898.469,50000.000,0
50651,-1815.353,-14134.352,50000.000,-9861.176,-17921.939,50000.000,0
50701,-3421.529,-16995.588,50000.000,-11190.940,-13282.705,50000.000,0
50751,-3593.353,-15000.940,50000.000,-12206.940,-9427.882,50000.000,0
50801,-4243.294,-9988.176,50000.000,-11631.705,-8733.117,50002.000,0
50851,-5871.882,-12401.176,50000.000,-11736.293,-7799.293,50000.000,0
50901,-6738.470,-14328.587,50000.000,-12640.234,-4713.941,50000.000,0
50951,-7888.940,-16300.822,50000.000,-13245.352,-3242.235,50000.000,0
51001,-7709.646,-16121.528,50000.000,-12894.234,-6491.941,50000.000,0
51051,-7545.293,-16136.470,50000.000,-12879.293,-8045.823,50000.000,0
51101,-6940.176,-14627.411,50000.000,-12378.764,-6267.823,50000.000,0
51151,-7545.293,-14896.352,50000.000,-11497.234,-6462.059,50000.000,0
51201,-5386.294,-11347.823,50000.000,-9816.353,-9390.528,50000.000,0
51251,-4713.941,-10025.528,50000.000,-8053.293,-10354.234,50000.000,0
51301,-3526.117,-9457.764,50000.000,-7761.940,-10219.764,50000.000,0
51351,-3929.529,-8957.234,50000.000,-5991.411,-7881.470,50000.000,0
51401,-2861.235,-7403.353,50000.000,-6185.646,-10720.293,50000.000,0
51451,-2562.412,-5580.529,50000.000,-6484.470,-12072.470,50000.000,0
51501,-1568.823,-2061.882,50000.000,-4459.941,-14149.293,50000.000,0
51551,-978.647,-3488.764,50000.000,-4542.117,-15396.881,50000.000,0
51601,-455.706,-7784.353,50000.000,-5244.353,-17264.527,50000.000,0
51651,-388.471,-8680.823,50000.000,-4011.706,-12909.176,50000.000,0
51701,-2353.235,-8322.234,50000.000,-4295.588,-8785.411,50000.000,0
51751,-2577.353,-10451.353,50000.000,-5797.176,-7776.882,50000.000,0
51801,-2472.765,-13432.117,50000.000,-7866.529,-4601.882,50000.000,0
51851,-4011.706,-15344.587,50000.000,-9345.705,-4773.706,50000.000,0
51901,-2935.941,-12199.470,50000.000,-9330.764,-7993.529,50000.000,0
51951,-2816.412,-16241.058,50000.000,-9069.294,-9666.940,50000.000,0
52001,-2024.529,-11631.705,50000.000,-9846.234,-8508.999,50000.000,0
52051,-2166.470,-12595.411,50000.000,-8807.823,-6760.882,50000.000,0
52101,-2495.176,-13857.940,50000.000,-9256.059,-9016.999,50000.000,0
52151,-2233.706,-15150.352,50000.000,-9203.764,-10159.999,50000.000,0
52201,-3316.941,-13753.352,50000.000,-9726.705,-7620.000,50000.000,0
52251,-3937.000,-12983.882,50000.000,-9510.059,-7366.000,50000.000,0
52301,-3951.941,-11437.470,50000.000,-9831.293,-10742.705,50000.000,0
52351,-3436.470,-11467.353,50000.000,-9091.705,-11646.646,50000.000,0
52401,-4437.529,-12438.528,50000.000,-10473.764,-9188.823,50000.000,0
52451,-5386.294,-11900.646,50000.000,-11213.353,-5251.823,50000.000,0
52501,-6170.706,-11840.882,50000.000,-11825.940,-6514.353,50000.000,0
52551,-5057.588,-8815.294,50000.000,-10936.940,-10443.882,50000.000,0
52601,-4430.059,-7485.529,50000.000,-9696.823,-11429.999,50000.000,0
52651,-3877.235,-4093.882,50000.000,-8531.411,-7194.176,50000.000,0
52701,-2988.235,-508.000,50000.000,-4796.117,-1299.882,50000.000,0
52751,-1942.353,2554.941,50000.000,-2360.706,-918.882,50000.000,0
52801,-1001.059,4310.529,50000.000,-545.353,-5655.235,50000.000,0
52851,134.471,2988.235,50000.000,7.471,-8546.353,50000.000,0
52901,702.235,694.765,50000.000,291.353,-8441.764,50000.000,0
52951,1613.647,-1389.529,50000.000,664.882,-8531.411,50000.000,0
53001,3638.176,-4758.764,50000.000,1075.765,-13566.587,50000.000,0
53051,4549.588,-6125.882,50000.000,1546.412,-14238.940,50000.000,0
53101,3585.882,-5573.059,50000.000,1456.765,-9681.882,50000.000,0
53151,4161.117,-3443.941,50000.000,3257.176,-8912.411,50000.000,0
53201,5117.353,-3683.000,50000.000,4362.823,-9898.528,50000.000,0
53251,6379.882,-6223.000,50002.000,4713.941,-10809.940,50000.000,0
53301,7448.176,-8015.940,50000.000,5274.235,-11818.470,50000.000,0
53351,7784.353,-6499.411,49998.000,5192.059,-11101.293,49998.000,0
53401,8673.353,-4721.412,50000.000,6798.235,-11863.293,50000.000,0
53451,8897.470,-4982.882,50000.000,6626.411,-11474.822,50000.000,0
53501,8837.705,-6581.588,50000.000,6462.059,-11990.293,50000.000,0
53551,9637.059,-6260.353,50000.000,8837.705,-15531.352,50000.000,0
53601,10159.999,-2032.000,50000.000,9151.470,-15770.411,50000.000,0
53651,11840.882,-1710.765,50000.000,10892.117,-16031.881,50000.000,0
53701,11317.940,-8165.353,50000.000,8411.882,-16644.469,50000.000,0
53751,10705.353,-8919.882,50000.000,8576.234,-19154.588,50000.000,0
53801,10959.353,-5670.176,50000.000,9472.705,-17966.764,50000.000,0
53851,12289.117,-4534.647,50000.000,9405.470,-16487.588,50000.000,0
53901,11549.528,-7425.764,50000.000,9427.882,-14993.470,50000.000,0
53951,11437.470,-8957.234,50000.000,9166.411,-16861.117,50000.000,0
54001,10884.646,-7380.941,50000.000,9592.234,-15815.234,50000.000,0
54051,11997.764,-7567.706,50000.000,9801.411,-17242.117,50000.000,0
54101,11228.293,-8269.940,50000.000,6880.411,-11265.646,50000.000,0
54151,9532.470,-7485.529,50000.000,7545.293,-10802.470,50000.000,0
54201,10697.882,-4594.412,50000.000,7029.823,-8232.588,50000.000,0
54251,9136.528,2353.235,50000.000,7971.117,-7104.529,50000.000,0
54301,9442.823,3249.706,50000.000,9599.705,-7986.058,50000.000,0
54351,9263.528,-2614.706,50000.000,7874.000,-7433.235,50000.000,0
54401,7814.235,-4781.176,50000.000,6514.353,-6992.470,50000.000,0
54451,7022.353,-4676.588,50000.000,6514.353,-6327.588,50000.000,0
54501,6058.646,-4243.294,50000.000,5416.176,-3189.941,50000.000,0
54551,3787.588,-1800.412,50000.000,4243.294,-336.176,50000.000,0
54601,2420.470,149.412,50000.000,3623.235,806.823,50000.000,0
54651,1568.823,1733.176,50000.000,2323.353,1479.176,50000.000,0
54701,1367.118,1733.176,50000.000,2674.470,1942.353,50000.000,0
54751,1486.647,0.000,50000.000,2203.823,1075.765,50000.000,0
54801,1875.118,-1247.588,50000.000,1665.941,-874.059,50000.000,0
54851,1778.000,-986.118,50000.000,1695.823,-1359.647,50000.000,0
54901,1113.118,395.941,50000.000,1307.353,-74.706,50000.000,0
54951,612.588,1135.529,50000.000,1001.059,806.823,50000.000,0
55001,373.529,739.588,50000.000,814.294,1016.000,50000.000,0
55051,82.176,336.176,50000.000,283.882,754.529,50000.000,0
55101,-29.882,-254.000,50000.000,-44.824,268.941,50000.000,0
55151,-351.118,-672.353,50000.000,-597.647,0.000,50000.000,0
55201,-575.235,-918.882,50000.000,-1016.000,-52.294,50000.000,0
55251,-567.765,-597.647,50000.000,-986.118,-59.765,50000.000,0
55301,-425.823,-224.118,50000.000,-567.765,-127.000,50000.000,0
55351,-239.059,112.059,50000.000,-343.647,-171.824,50000.000,0
55401,-179.294,231.588,50000.000,-127.000,-119.529,50000.000,0
55451,-29.882,52.294,50000.000,-14.941,-358.588,50000.000,0
55501,-52.294,-67.235,50000.000,-216.647,-246.529,50000.000,0
55551,-104.588,-89.647,50000.000,-164.353,-37.353,50000.000,0
55601,-22.412,-67.235,50000.000,0.000,-67.235,50000.000,0
55651,-7.471,0.000,50000.000,-37.353,-14.941,50000.000,0
55701,7.471,37.353,50000.000,37.353,-74.706,50000.000,0
55751,22.412,22.412,50000.000,29.882,-112.059,50000.000,0
55801,-29.882,-74.706,50000.000,-97.118,-97.118,50000.000,0
55851,-59.765,-59.765,50000.000,-112.059,-29.882,50000.000,0
55901,-14.941,-37.353,50000.000,-44.824,-82.176,50000.000,0
55951,-14.941,-7.471,50000.000,-22.412,-22.412,50000.000,0
56001,0.000,0.000,50000.000,7.471,-52.294,50000.000,0
56051,14.941,0.000,50000.000,14.941,-44.824,50000.000,0
56101,0.000,-7.471,50000.000,-37.353,-52.294,50000.000,0
56151,-7.471,-74.706,50000.000,-74.706,-179.294,50000.000,0
56201,-67.235,-74.706,50000.000,-141.941,-89.647,50000.000,0
56251,-14.941,7.471,50000.000,-7.471,-29.882,50000.000,0
56301,14.941,29.882,50000.000,67.235,-67.235,50000.000,0
56351,0.000,0.000,50000.000,-7.471,-29.882,50000.000,0
56401,-22.412,-22.412,50000.000,-59.765,-44.824,50000.000,0
56451,-22.412,-14.941,50000.000,-37.353,-37.353,50000.000,0
56501,0.000,-59.765,50000.000,-44.824,-134.471,50000.000,0
56551,-22.412,-14.941,50000.000,-59.765,-59.765,50000.000,0
56601,29.882,37.353,50000.000,44.824,0.000,50000.000,0
56651,67.235,52.294,50000.000,112.059,0.000,50000.000,0
56701,0.000,0.000,50000.000,0.000,-22.412,50000.000,0
56751,-37.353,-89.647,50000.000,-127.000,-112.059,50000.000,0
56801,-37.353,-37.353,50000.000,-127.000,-44.824,50000.000,0
56851,7.471,44.824,50000.000,29.882,-22.412,50000.000,0
56901,44.824,37.353,50000.000,104.588,-7.471,50000.000,0
56951,0.000,0.000,50000.000,-14.941,-7.471,50000.000,0
57001,-29.882,-59.765,50000.000,-67.235,-44.824,50000.000,0
57051,-52.294,-89.647,50000.000,-104.588,-82.176,50000.000,0
57101,-29.882,-7.471,50000.000,-67.235,0.000,50000.000,0
57151,37.353,52.294,50000.000,82.176,-7.471,50000.000,0
57201,74.706,67.235,50000.000,97.118,14.941,50000.000,0
57251,7.471,7.471,50000.000,0.000,-14.941,50000.000,0
57301,-52.294,-97.118,50000.000,-112.059,-89.647,50000.000,0
57351,-29.882,-37.353,50000.000,-119.529,-14.941,50000.000,0
57401,52.294,82.176,50000.000,82.176,0.000,50000.000,0
57451,112.059,82.176,50000.000,179.294,7.471,50000.000,0
57501,37.353,0.000,50000.000,52.294,-22.412,50000.000,0
57551,-22.412,-104.588,50000.000,-82.176,-89.647,50000.000,0
57601,-67.235,-97.118,50000.000,-149.412,-37.353,50000.000,0
57651,-7.471,0.000,50000.000,0.000,-7.471,50000.000,0
57701,37.353,14.941,50000.000,74.706,-14.941,50000.000,0
57751,29.882,37.353,50000.000,37.353,-22.412,50000.000,0
57801,0.000,-22.412,50000.000,-14.941,-29.882,50000.000,0
57851,-52.294,-112.059,50000.000,-127.000,-97.118,50000.000,0
57901,-52.294,-37.353,50000.000,-97.118,-14.941,50000.000,0
57951,7.471,22.412,50000.000,67.235,-22.412,50000.000,0
58001,44.824,44.824,50000.000,89.647,7.471,50000.000,0
58051,0.000,0.000,50000.000,-7.471,-14.941,50000.000,0
58101,-44.824,-89.647,50000.000,-82.176,-52.294,50000.000,0
58151,-67.235,-89.647,50000.000,-134.471,-37.353,50000.000,0
58201,-7.471,14.941,50000.000,-14.941,0.000,50000.000,0
58251,59.765,59.765,50000.000,127.000,0.000,50000.000,0
58301,37.353,52.294,50000.000,67.235,0.000,50000.000,0
58351,-7.471,-7.471,50000.000,-29.882,-14.941,50000.000,0
58401,-52.294,-82.176,50000.000,-82.176,-44.824,50000.000,0
58451,-44.824,-59.765,50000.000,-67.235,-22.412,50000.000,0
58501,0.000,7.471,50000.000,-14.941,0.000,50000.000,0
58551,29.882,37.353,50000.000,89.647,-7.471,50000.000,0
58601,37.353,29.882,50000.000,74.706,0.000,50000.000,0
58651,0.000,-14.941,50000.000,-22.412,-37.353,50000.000,0
58701,-52.294,-97.118,50000.000,-112.059,-67.235,50000.000,0
58751,-52.294,-29.882,50000.000,-82.176,-7.471,50000.000,0
58801,29.882,37.353,50000.000,59.765,0.000,50000.000,0
58851,59.765,52.294,50000.000,104.588,-7.471,50000.000,0
58901,14.941,14.941,50000.000,14.941,-7.471,50000.000,0
58951,-14.941,-37.353,50000.000,-22.412,-37.353,50000.000,0
59001,-59.765,-67.235,50000.000,-82.176,-7.471,50000.000,0
59051,-7.471,-14.941,50000.000,-22.412,0.000,50000.000,0
59101,44.824,29.882,50000.000,82.176,-7.471,50000.000,0
59151,29.882,29.882,50000.000,44.824,0.000,50000.000,0
59201,0.000,-52.294,50000.000,-7.471,-59.765,50000.000,0
59251,-44.824,-97.118,50000.000,-112.059,-74.706,50000.000,0
59301,-29.882,-14.941,50000.000,-44.824,-7.471,50000.000,0
59351,37.353,37.353,50000.000,104.588,-7.471,50000.000,0
59401,97.118,67.235,50000.000,127.000,-52.294,50000.000,0
59451,59.765,-14.941,50000.000,22.412,-171.824,50000.000,0
59501,59.765,67.235,50000.000,37.353,-59.765,50000.000,0
59551,201.706,194.235,50000.000,276.412,-261.471,50000.000,0
59601,605.118,336.176,50000.000,635.000,-1030.941,50000.000,0
59651,1232.647,1830.294,50000.000,1725.706,-1658.470,50000.000,0
59701,2808.941,3092.823,50000.000,3817.470,-3765.176,50000.000,0
59751,4833.470,2794.000,50000.000,5214.470,-4579.470,50000.000,0
59801,6021.294,-889.000,50000.000,5490.882,-7126.941,50000.000,0
59851,5647.764,-4691.529,50000.000,4609.353,-8202.705,50000.000,0
59901,4676.588,-7560.235,50000.000,3003.176,-6245.411,50000.000,0
59951,4303.059,-9016.999,50000.000,2061.882,-5468.470,50000.000,0
