timestamp[ms],left_dx[um],left_dy[um],left_dt[us],right_dx[um],right_dy[um],right_dt[us],waterPin
0,,,50158.000,7.471,0.000,50155.000,0
51,,,50000.000,2338.294,0.000,50000.000,0
101,,,50000.000,1688.353,164.353,50000.000,0
151,,,50000.000,134.471,14.941,50000.000,0
201,,,50000.000,642.471,22.412,50000.000,0
251,,,50000.000,67.235,14.941,50000.000,0
301,,,50000.000,821.765,22.412,50000.000,0
351,,,50000.000,986.118,0.000,50000.000,0
401,,,50000.000,866.588,-127.000,50000.000,0
451,,,50000.000,291.353,74.706,50000.000,0
501,,,50000.000,537.882,164.353,50000.000,0
551,,,50000.000,59.765,-119.529,50000.000,0
601,,,50000.000,7.471,-291.353,50000.000,0
651,,,50000.000,-127.000,-22.412,50000.000,0
701,,,50000.000,-127.000,14.941,50000.000,0
751,,,50000.000,-575.235,-149.412,50000.000,0
801,,,50000.000,-545.353,-201.706,50000.000,0
851,,,50000.000,-239.059,67.235,50000.000,0
901,,,50000.000,-231.588,141.941,50000.000,0
951,,,50000.000,0.000,7.471,50000.000,0
1001,,,50000.000,-44.824,7.471,50000.000,0
1051,,,50000.000,-657.412,14.941,50000.000,0
1101,,,50000.000,-59.765,0.000,50000.000,0
1151,,,50000.000,0.000,0.000,50000.000,0
1201,,,50000.000,-590.176,37.353,50000.000,0
1251,,,50000.000,-844.176,470.647,50000.000,0
1301,,,50000.000,-59.765,52.294,50000.000,0
1351,,,50000.000,0.000,0.000,50000.000,0
1401,,,50000.000,-254.000,-74.706,50000.000,0
1451,,,50000.000,-709.706,22.412,50000.000,0
1501,,,50000.000,-1098.176,127.000,50000.000,0
1551,,,50000.000,0.000,0.000,50000.000,0
1601,,,50000.000,-171.824,-67.235,50000.000,0
1651,,,50000.000,-814.294,-448.235,50000.000,0
1701,,,50000.000,0.000,0.000,50000.000,0
1751,,,50000.000,-119.529,22.412,50000.000,0
1801,,,50000.000,-620.059,209.176,50000.000,0
1851,,,50000.000,-747.059,7.471,50000.000,0
1901,,,50000.000,-1337.235,-239.059,50000.000,0
1951,,,50000.000,0.000,0.000,50000.000,0
2001,,,50000.000,-82.176,97.118,50000.000,0
2051,,,50000.000,-866.588,194.235,50000.000,0
2101,,,50000.000,-351.118,14.941,50000.000,0
2151,,,50000.000,-2061.882,-493.059,50000.000,0
2201,,,50000.000,-1830.294,-508.000,50000.000,0
2251,,,50000.000,-7.471,0.000,50000.000,0
2301,,,50000.000,-239.059,-358.588,50000.000,0
2351,,,50000.000,-403.412,-762.000,50000.000,0
2401,,,50000.000,-14.941,-37.353,50000.000,0
2451,,,50000.000,-112.059,134.471,50000.000,0
2501,,,50000.000,-762.000,1016.000,50000.000,0
2551,,,50000.000,-231.588,799.353,50000.000,0
2601,,,50000.000,612.588,343.647,50000.000,0
2651,,,50000.000,866.588,-298.824,50000.000,0
2701,,,50000.000,59.765,-29.882,50000.000,0
2751,,,50000.000,67.235,7.471,50000.000,0
2801,,,50000.000,156.882,14.941,50000.000,0
2851,,,50000.000,119.529,14.941,50000.000,0
2901,,,50000.000,605.118,239.059,50000.000,0
2951,,,50000.000,732.118,194.235,50000.000,0
3001,,,50000.000,410.882,29.882,50000.000,0
3051,,,50000.000,59.765,7.471,50000.000,0
3101,,,50000.000,0.000,0.000,50000.000,0
3151,,,50000.000,0.000,0.000,50000.000,0
3201,,,50000.000,0.000,0.000,50000.000,0
3251,,,50000.000,0.000,0.000,50000.000,0
3301,,,50000.000,-104.588,29.882,50000.000,0
3351,,,50000.000,-986.118,328.706,50000.000,0
3401,,,50000.000,-351.118,97.118,50000.000,0
3451,,,50000.000,-672.353,112.059,50000.000,0
3501,,,50000.000,-709.706,37.353,50000.000,0
3551,,,50000.000,-3578.412,-515.471,50000.000,0
3601,,,50000.000,-2652.059,-732.118,50000.000,0
3651,,,50000.000,-22.412,14.941,50000.000,0
3701,,,50000.000,418.353,-67.235,50000.000,0
3751,,,50000.000,1172.882,-754.529,50000.000,0
3801,,,50000.000,1128.059,-769.471,50000.000,0
3851,,,50000.000,298.824,0.000,50000.000,0
3901,,,50000.000,605.118,37.353,50000.000,0
3951,,,50000.000,239.059,0.000,50000.000,0
4001,,,50000.000,2345.765,-567.765,50000.000,0
4051,,,50000.000,4803.588,-1038.412,50000.000,0
4101,,,50000.000,5901.764,-1449.294,50000.000,0
4151,,,50000.000,7037.293,-2510.117,50000.000,0
4201,,,50000.000,3406.588,-1180.353,50000.000,0
4251,,,50000.000,2644.588,-829.235,50000.000,0
4301,,,50000.000,2838.823,-620.059,50000.000,0
4351,,,50000.000,2592.294,590.176,50000.000,0
4401,,,50000.000,4661.647,1531.470,50000.000,0
4451,,,50000.000,5214.470,22.412,50000.000,0
4501,,,50000.000,5162.176,-1934.882,50000.000,0
4551,,,50000.000,3077.882,-2592.294,50000.000,0
4601,,,50000.000,2286.000,-1030.941,50000.000,0
4651,,,50000.000,1568.823,29.882,50000.000,0
4701,,,50000.000,1688.353,239.059,50000.000,0
4751,,,50000.000,1284.941,-1001.059,50000.000,0
4801,,,50000.000,2659.529,-5005.294,50000.000,0
4851,,,50000.000,2315.882,-4885.764,50000.000,0
4901,,,50000.000,2166.470,-4923.117,50000.000,0
4951,,,50000.000,1090.706,-3242.235,50000.000,0
5001,,,50000.000,276.412,-993.588,50000.000,0
5051,,,50000.000,739.588,-4250.765,50000.000,0
5101,,,50000.000,739.588,-7231.529,50000.000,0
5151,,,50000.000,37.353,-3623.235,50000.000,0
5201,,,50000.000,104.588,-2375.647,50000.000,0
5251,,,50000.000,-149.412,-440.765,50000.000,0
5301,,,50000.000,-1150.470,814.294,50000.000,0
5351,,,50000.000,-2935.941,1665.941,50000.000,0
5401,,,50000.000,-2218.765,672.353,50000.000,0
5451,,,50000.000,-3712.882,-134.471,50000.000,0
5501,,,50000.000,-2360.706,7.471,50000.000,0
5551,,,50000.000,-6297.706,1949.823,50000.000,0
5601,,,50000.000,-3107.764,1165.412,50000.000,0
5651,,,50000.000,-4967.941,1419.412,50000.000,0
5701,,,50000.000,-7097.058,1486.647,50000.000,0
5751,,,50000.000,-11497.234,-709.706,50000.000,0
5801,,,50000.000,-11228.293,-776.941,50000.000,0
5851,,,50000.000,-8650.940,-209.176,50000.000,0
5901,,,50000.000,-8897.470,-14.941,50000.000,0
5951,,,50000.000,-11026.588,-246.529,50000.000,0
6001,,,50000.000,-13110.882,-89.647,50000.000,0
6051,,,50000.000,-13484.411,395.941,50000.000,0
6101,,,50000.000,-21567.586,-709.706,50000.000,0
6151,,,50000.000,-25101.174,-3406.588,50000.000,0
6201,,,50000.000,-23636.939,-7126.941,50000.000,0
6251,,,50000.000,-20969.939,-8098.117,50000.000,0
6301,,,50000.000,-9935.882,-3899.647,50000.000,0
6351,,,50000.000,-6910.293,-2323.353,50000.000,0
6401,,,50000.000,-3712.882,-1322.294,50000.000,0
6451,,,50000.000,-10301.940,-2525.059,50000.000,0
6501,,,50000.000,-11310.470,-1023.471,50000.000,0
6551,,,50000.000,-9054.353,-799.353,50000.000,0
6601,,,50000.000,-8665.882,-1157.941,50000.000,0
6651,,,50000.000,-11758.705,-2084.294,50000.000,0
6701,,,50000.000,-7478.058,-1860.176,50000.000,0
6751,,,50000.000,-4997.823,-1344.706,50000.000,0
6801,,,50000.000,-4123.765,-993.588,50000.000,0
6851,,,50000.000,-4788.647,-1255.059,50000.000,0
6901,,,50000.000,-4863.353,-1202.765,50000.000,0
6951,,,50000.000,-5065.059,-1135.529,50000.000,0
7001,,,50000.000,-4422.588,-956.235,50000.000,0
7051,,,50000.000,-1404.470,373.529,50000.000,0
7101,,,50000.000,-2450.353,1202.765,50000.000,0
7151,,,50000.000,-493.059,552.823,50000.000,0
7201,,,50000.000,-2233.706,463.176,50000.000,0
7251,,,50000.000,-425.823,-179.294,50000.000,0
7301,,,50000.000,-7.471,-29.882,50000.000,0
7351,,,50000.000,537.882,-1322.294,50000.000,0
7401,,,50000.000,1284.941,-612.588,50000.000,0
7451,,,50000.000,1157.941,381.000,50000.000,0
7501,,,50000.000,1202.765,-7.471,50000.000,0
7551,,,50000.000,2024.529,-201.706,50000.000,0
7601,,,50000.000,4310.529,-89.647,50000.000,0
7651,,,50000.000,7179.235,918.882,50000.000,0
7701,,,50000.000,7642.411,1150.470,50000.000,0
7751,,,50000.000,5528.235,149.412,50000.000,0
7801,,,50000.000,7993.529,836.706,50000.000,0
7851,,,50000.000,8576.234,1456.765,50000.000,0
7901,,,50000.000,8471.646,3287.059,50000.000,0
7951,,,50000.000,7418.293,4273.176,50000.000,0
8001,,,50000.000,4766.235,3944.470,50000.000,0
8051,,,50000.000,5289.176,4019.176,50000.000,0
8101,,,50000.000,3645.647,2032.000,50000.000,0
8151,,,50000.000,784.412,-1890.059,50000.000,0
8201,,,50000.000,-1202.765,-1695.823,50000.000,0
8251,,,50000.000,-2562.412,-1023.471,50000.000,0
8301,,,50000.000,-6447.117,-1703.294,50000.000,0
8351,,,50000.000,-5998.882,-515.471,50000.000,0
8401,,,50000.000,-1688.353,-7.471,50000.000,0
8451,,,50000.000,-762.000,-59.765,50000.000,0
8501,,,50000.000,-552.823,-67.235,50000.000,0
8551,,,50000.000,-3578.412,-440.765,50000.000,0
8601,,,50000.000,-3048.000,-821.765,50000.000,0
8651,,,50000.000,-2831.353,-1643.529,50000.000,0
8701,,,50000.000,-3638.176,-3369.235,50000.000,0
8751,,,50000.000,-4504.764,-4781.176,50000.000,0
8801,,,50000.000,-6260.353,-4519.706,50000.000,0
8851,,,50000.000,-6178.176,-403.412,50000.000,0
8901,,,50000.000,-3197.412,-306.294,50000.000,0
8951,,,50000.000,-2218.765,-635.000,50000.000,0
9001,,,50000.000,298.824,-231.588,50000.000,0
9051,,,50000.000,1718.235,-1882.588,50000.000,0
9101,,,50000.000,1576.294,-2405.529,50000.000,0
9151,,,50000.000,1927.412,-1643.529,50000.000,0
9201,,,50000.000,4459.941,-2749.176,50000.000,0
9251,,,50000.000,7530.353,-3563.470,50000.000,0
9301,,,50000.000,5670.176,-2898.588,50000.000,0
9351,,,50000.000,5416.176,-5072.529,50000.000,0
9401,,,50000.000,5580.529,-3772.647,50000.000,0
9451,,,50000.000,12199.470,-4445.000,50000.000,0
9501,,,50000.000,7948.706,-1867.647,50000.000,0
9551,,,50000.000,12169.588,-1359.647,50000.000,0
9601,,,50000.000,10929.470,-1875.118,50000.000,0
9651,,,50000.000,8919.882,-3130.176,50000.000,0
9701,,,50000.000,10189.882,-5184.588,50000.000,0
9751,,,50000.000,7164.293,-4347.882,50000.000,0
9801,,,50000.000,6342.529,-3914.588,50000.000,0
9851,,,50000.000,2592.294,-1524.000,50000.000,0
9901,,,50000.000,2861.235,-1710.765,50000.000,0
9951,,,50000.000,3795.059,-1800.412,50000.000,0
10001,,,50000.000,4743.823,-1964.765,50000.000,0
10051,,,50000.000,8934.823,-2674.470,50000.000,0
10101,,,50000.000,16196.234,-500.529,50000.000,0
10151,,,50000.000,6947.646,-582.706,50000.000,0
10201,,,50000.000,8359.588,-3003.176,50000.000,0
10251,,,50000.000,9211.234,-4273.176,50000.000,0
10301,,,50000.000,4497.294,-2457.823,50000.000,0
10351,,,50000.000,7747.000,-3697.941,50000.000,0
10401,,,50000.000,11893.176,-3518.647,50000.000,0
10451,,,50000.000,12864.353,-2547.470,50000.000,0
10501,,,50000.000,7141.882,-1882.588,50000.000,0
10551,,,50000.000,12274.176,-4422.588,50000.000,0
10601,,,50000.000,14754.411,-4885.764,50000.000,0
10651,,,50000.000,10361.705,-4205.941,50000.000,0
10701,,,50000.000,8561.294,-3907.117,50000.000,0
10751,,,50000.000,11743.764,-6028.764,50000.000,0
10801,,,50000.000,10503.646,-5348.941,50000.000,0
10851,,,50000.000,4138.706,-1195.294,50000.000,0
10901,,,50000.000,6783.293,-1120.588,50000.000,0
10951,,,50000.000,9211.234,-2069.353,50000.000,0
11001,,,50000.000,12976.411,-4459.941,50000.000,0
11051,,,50000.000,13282.705,-5670.176,50000.000,0
11101,,,50000.000,17974.234,-7761.940,50000.000,0
11151,,,50000.000,11706.411,-5199.529,50000.000,0
11201,,,50000.000,12961.470,-4004.235,50000.000,0
11251,,,50000.000,18893.117,-4347.882,50000.000,0
11301,,,50000.000,13170.646,-2973.294,50000.000,0
11351,,,50000.000,7567.706,-1329.765,50000.000,0
11401,,,50000.000,16920.881,-1105.647,50000.000,0
11451,,,50000.000,18108.705,903.941,50000.000,0
11501,,,50000.000,15523.881,3712.882,50000.000,0
11551,,,50000.000,7328.646,2002.118,50000.000,0
11601,,,50000.000,3287.059,1157.941,50000.000,0
11651,,,50000.000,5894.294,1367.118,50000.000,0
11701,,,50000.000,10623.176,-522.941,50000.000,0
11751,,,50000.000,4019.176,-1344.706,50000.000,0
11801,,,50000.000,1284.941,-769.471,50000.000,0
11851,,,50000.000,-224.118,-291.353,50000.000,0
11901,,,50000.000,-4220.882,-1807.882,50000.000,0
11951,,,50000.000,-4489.823,-3189.941,50000.000,0
12001,,,50000.000,-3787.588,-2883.647,50000.000,0
12051,,,50000.000,-4370.294,-2719.294,50000.000,0
12101,,,50000.000,-5632.823,-2861.235,50000.000,0
12151,,,50000.000,-7851.588,-6835.588,50000.000,0
12201,,,50000.000,-6917.764,-7224.058,50000.000,0
12251,,,50000.000,-2965.823,-2360.706,50000.000,0
12301,,,50000.000,-6394.823,-2069.353,50000.000,0
12351,,,50000.000,-10615.705,-2659.529,50000.000,0
12401,,,50000.000,-13080.999,-7507.940,50000.000,0
12451,,,50000.000,-10608.234,-6783.293,50000.000,0
12501,,,50000.000,-7844.117,-4056.529,50000.000,0
12551,,,50000.000,-10533.528,-2457.823,50000.000,0
12601,,,50000.000,-6910.293,-657.412,50000.000,0
12651,,,50000.000,-11661.588,-4176.059,50000.000,0
12701,,,50000.000,-11870.764,-8202.705,50000.000,0
12751,,,50000.000,-9256.059,-8075.706,50000.000,0
12801,,,50000.000,-5558.117,-3556.000,50000.000,0
12851,,,50000.000,-5184.588,-1232.647,50000.000,0
12901,,,50000.000,-4243.294,-321.235,50000.000,0
12951,,,50000.000,-7029.823,-769.471,50000.000,0
13001,,,50000.000,-12602.882,-2808.941,50000.000,0
13051,,,50000.000,-6335.059,-874.059,50000.000,0
13101,,,50000.000,-5595.470,179.294,50000.000,0
13151,,,50000.000,-6693.646,709.706,50000.000,0
13201,,,50000.000,-10593.293,239.059,50000.000,0
13251,,,50000.000,-11362.764,-1180.353,50000.000,0
13301,,,50000.000,-12460.940,-2771.588,50000.000,0
13351,,,50000.000,-7440.706,-724.647,50000.000,0
13401,,,50000.000,-1942.353,-7.471,50000.000,0
13451,,,50000.000,-702.235,-134.471,50000.000,0
13501,,,50000.000,-926.353,-410.882,50000.000,0
13551,,,50000.000,-141.941,-97.118,50000.000,0
13601,,,50000.000,-7.471,-134.471,50000.000,0
13651,,,50000.000,373.529,-276.412,50000.000,0
13701,,,50000.000,605.118,-194.235,50000.000,0
13751,,,50000.000,7052.235,-351.118,50000.000,0
13801,,,50000.000,6985.000,-1606.176,50000.000,0
13851,,,50000.000,5154.706,-1860.176,50000.000,0
13901,,,50000.000,6237.941,-1561.353,50000.000,0
13951,,,50000.000,8202.705,-2084.294,50000.000,0
14001,,,50000.000,12221.882,-3085.353,50000.000,0
14051,,,50000.000,5916.706,-1352.176,50000.000,0
14101,,,50000.000,7366.000,-1434.353,50000.000,0
14151,,,50000.000,14851.528,-5371.353,50000.000,0
14201,,,50000.000,10653.058,-3242.235,50000.000,0
14251,,,50000.000,14694.646,-4340.412,50000.000,0
14301,,,50000.000,16539.881,-6596.529,50000.000,0
14351,,,50000.000,15366.999,-10705.353,50000.000,0
14401,,,50000.000,6402.293,-5490.882,50000.000,0
14451,,,50000.000,6544.235,-4153.647,50000.000,0
14501,,,50000.000,9465.234,-3772.647,50000.000,0
14551,,,50000.000,9002.059,-5139.764,50000.000,0
14601,,,50000.000,10107.705,-8008.470,50000.000,0
14651,,,50000.000,4766.235,-3339.353,50000.000,0
14701,,,50000.000,7410.823,-5050.117,50000.000,0
14751,,,50000.000,9771.528,-7037.293,50000.000,0
14801,,,50000.000,12296.588,-7814.235,50000.000,0
14851,,,50000.000,14463.058,-8553.823,50000.000,0
14901,,,50000.000,5326.529,-2054.412,50000.000,0
14951,,,50000.000,12333.940,-3496.235,50000.000,0
15001,,,50000.000,14246.411,-5595.470,50000.000,0
15051,,,50000.000,2734.235,-1098.176,50000.000,0
15101,,,50000.000,6962.588,-1748.118,50000.000,0
15151,,,50000.000,10720.293,-2330.823,50000.000,0
15201,,,50000.000,10354.234,-3115.235,50000.000,0
15251,,,50000.000,7440.706,-2457.823,50000.000,0
15301,,,50000.000,4183.529,-903.941,50000.000,0
15351,,,50000.000,4482.353,-231.588,50000.000,0
15401,,,50000.000,3287.059,-254.000,50000.000,0
15451,,,50000.000,1322.294,-37.353,50000.000,0
15501,,,50000.000,8307.294,-254.000,50000.000,0
15551,,,50000.000,3331.882,403.412,50000.000,0
15601,,,50000.000,5169.646,2487.706,50000.000,0
15651,,,50000.000,11923.058,7844.117,50000.000,0
15701,,,50000.000,11654.117,6955.117,50000.000,0
15751,,,50000.000,8337.176,896.471,50000.000,0
15801,,,50000.000,3481.294,-1755.588,50000.000,0
15851,,,50000.000,89.647,-246.529,50000.000,0
15901,,,50000.000,97.118,-1150.470,50000.000,0
15951,,,50000.000,-381.000,1202.765,50000.000,0
16001,,,50000.000,-3085.353,2368.176,50000.000,0
16051,,,50000.000,-6514.353,209.176,50000.000,0
16101,,,50000.000,-5475.941,-171.824,50000.000,0
16151,,,50000.000,-9980.705,-2495.176,50000.000,0
16201,,,50000.000,-6521.823,-6633.882,50000.000,0
16251,,,50000.000,-2091.765,-5266.764,50000.000,0
16301,,,50000.000,-941.294,-9786.470,50000.000,0
16351,,,50000.000,-620.059,-7366.000,50000.000,0
16401,,,50000.000,-283.882,-3309.470,50000.000,0
16451,,,50000.000,-343.647,-1800.412,50000.000,0
16501,,,50000.000,-664.882,-2861.235,50000.000,0
16551,,,50000.000,-52.294,-500.529,50000.000,0
16601,,,50000.000,-358.588,-2353.235,50000.000,0
16651,,,50000.000,-1023.471,-6551.706,50000.000,0
16701,,,50000.000,-500.529,-7037.293,50000.000,0
16751,,,50000.000,-209.176,-3951.941,50000.000,0
16801,,,50000.000,-246.529,-2592.294,50000.000,0
16851,,,50000.000,-926.353,-8523.940,50000.000,0
16901,,,50000.000,-911.412,-9502.588,50000.000,0
16951,,,50000.000,-1934.882,-5274.235,50000.000,0
17001,,,50000.000,-2091.765,-4011.706,50000.000,0
17051,,,50000.000,-2547.470,-5259.294,50000.000,0
17101,,,50000.000,-1060.823,-2151.529,50000.000,0
17151,,,50000.000,-941.294,-1172.882,50000.000,0
17201,,,50000.000,-1852.706,-836.706,50000.000,0
17251,,,50000.000,-1001.059,-508.000,50000.000,0
17301,,,50000.000,-552.823,-216.647,50000.000,0
17351,,,50000.000,-164.353,-29.882,50000.000,0
17401,,,50000.000,-1770.529,776.941,50000.000,0
17451,,,50000.000,-10361.705,3481.294,50000.000,0
17501,,,50000.000,-11900.646,1322.294,50000.000,0
17551,,,50000.000,-7605.058,336.176,50000.000,0
17601,,,50000.000,-9390.528,37.353,50000.000,0
17651,,,50000.000,-12005.234,-1680.882,50000.000,0
17701,,,50000.000,-5565.588,-829.235,50000.000,0
17751,,,50000.000,-6820.646,918.882,50000.000,0
17801,,,50000.000,-5864.411,933.823,50000.000,0
17851,,,50000.000,-3526.117,-141.941,50000.000,0
17901,,,50000.000,-5289.176,-418.353,50000.000,0
17951,,,50000.000,-4422.588,-508.000,50000.000,0
18001,,,50000.000,-11609.293,-4833.470,50000.000,0
18051,,,50000.000,-5475.941,-2756.647,50000.000,0
18101,,,50000.000,-575.235,-276.412,50000.000,0
18151,,,50000.000,-941.294,-433.294,50000.000,0
18201,,,50000.000,-3817.470,-1897.529,50000.000,0
18251,,,50000.000,-10765.117,-5468.470,50000.000,0
18301,,,50000.000,-13193.058,-5812.117,50000.000,0
18351,,,50000.000,-6925.235,-1942.353,50000.000,0
18401,,,50000.000,-10660.528,-2442.882,50000.000,0
18451,,,50000.000,-7791.823,-1524.000,50000.000,0
18501,,,50000.000,-5147.235,-635.000,50000.000,0
18551,,,50000.000,-3107.764,-82.176,50000.000,0
18601,,,50000.000,-5692.588,-455.706,50000.000,0
18651,,,50000.000,-8688.294,-1202.765,50000.000,0
18701,,,50000.000,-1927.412,-478.118,50000.000,0
18751,,,50000.000,-134.471,0.000,50000.000,0
18801,,,50000.000,-4504.764,119.529,50000.000,0
18851,,,50000.000,-14246.411,-1748.118,50000.000,0
18901,,,50000.000,-15987.058,-4684.059,50000.000,0
18951,,,50000.000,-6686.176,-1621.118,50000.000,0
19001,,,50000.000,-9943.353,-171.824,50000.000,0
19051,,,50000.000,-6731.000,-1568.823,50000.000,0
19101,,,50000.000,-6977.529,-3025.588,50000.000,0
19151,,,50000.000,-9651.999,-3264.647,50000.000,0
19201,,,50000.000,-6701.117,-560.294,50000.000,0
19251,,,50000.000,-5819.588,-679.823,50000.000,0
19301,,,50000.000,-3839.882,-1352.176,50000.000,0
19351,,,50000.000,-10772.588,-4064.000,50000.000,0
19401,,,50000.000,-9681.882,-1778.000,50000.000,0
19451,,,50000.000,-10421.470,-2241.176,50000.000,0
19501,,,50000.000,-7888.940,-2823.882,50000.000,0
19551,,,50000.000,-4288.117,-1494.118,50000.000,0
19601,,,50000.000,-1748.118,-194.235,50000.000,0
19651,,,50000.000,-5117.353,-620.059,50000.000,0
19701,,,50000.000,-13461.999,-4064.000,50000.000,0
19751,,,50000.000,-6125.882,-2599.765,50000.000,0
19801,,,50000.000,-6529.293,-2808.941,50000.000,0
19851,,,50000.000,-7194.176,-2039.470,50000.000,0
19901,,,50000.000,-6282.764,-672.353,50000.000,0
19951,,,50000.000,-9016.999,-1195.294,50000.000,0
20001,,,50000.000,-13947.587,-6043.706,50000.000,0
20051,,,50000.000,-8703.234,-5087.470,50000.000,0
20101,,,50000.000,-3907.117,-2554.941,50000.000,0
20151,,,50000.000,-2741.706,-2039.470,50000.000,0
20201,,,50000.000,-4482.353,-3122.706,50000.000,0
20251,,,50000.000,-3563.470,-2554.941,50000.000,0
20301,,,50000.000,-2009.588,-2136.588,50000.000,0
20351,,,50000.000,-1322.294,-2069.353,50000.000,0
20401,,,50000.000,-590.176,-1479.176,50000.000,0
20451,,,50000.000,-1359.647,-6663.764,50000.000,0
20501,,,50000.000,-425.823,-6073.588,50000.000,0
20551,,,50000.000,-455.706,-4445.000,50000.000,0
20601,,,50000.000,-702.235,-3130.176,50000.000,0
20651,,,50000.000,-403.412,-4572.000,50000.000,1
20701,,,50000.000,-321.235,-4459.941,50000.000,1
20751,,,50000.000,-14.941,-4609.353,50000.000,0
20801,,,50000.000,-343.647,-6626.411,50000.000,0
20851,,,50000.000,478.118,-5677.646,50000.000,0
20901,,,50000.000,724.647,-6932.706,50000.000,0
20951,,,50000.000,896.471,-3481.294,50000.000,0
21001,,,50000.000,2024.529,-2129.117,50000.000,0
21051,,,50000.000,1322.294,-276.412,50000.000,0
21101,,,50000.000,351.118,-29.882,50000.000,0
21151,,,50000.000,1919.941,-388.471,50000.000,0
21201,,,50000.000,1725.706,-762.000,50000.000,0
21251,,,50000.000,851.647,-732.118,50000.000,0
21301,,,50000.000,2510.117,-3010.647,50000.000,0
21351,,,50000.000,5946.588,-9905.999,50000.000,0
21401,,,50000.000,3361.764,-6170.706,50000.000,0
21451,,,50000.000,1247.588,-1531.470,50000.000,0
21501,,,50000.000,2405.529,-2622.176,50000.000,0
21551,,,50000.000,2121.647,-4572.000,50000.000,0
21601,,,50000.000,1964.765,-5969.000,50000.000,0
21651,,,50000.000,612.588,-3145.117,50000.000,0
21701,,,50000.000,1501.588,-5520.764,50000.000,0
21751,,,50000.000,866.588,-1957.294,50000.000,0
21801,,,50000.000,739.588,-1337.235,50000.000,0
21851,,,50000.000,620.059,-1157.941,50000.000,0
21901,,,50000.000,358.588,-694.765,50000.000,0
21951,,,50000.000,1583.765,-2980.764,50000.000,0
22001,,,50000.000,2965.823,-4549.588,50000.000,0
22051,,,50000.000,1972.235,-3892.176,50000.000,0
22101,,,50000.000,1352.176,-2868.706,50000.000,0
22151,,,50000.000,1770.529,-4489.823,50000.000,0
22201,,,50000.000,2248.647,-4347.882,50000.000,0
22251,,,50000.000,2420.470,-2547.470,50000.000,0
22301,,,50000.000,1524.000,-1703.294,50000.000,0
22351,,,50000.000,2577.353,-4833.470,50000.000,0
22401,,,50000.000,2151.529,-4071.470,50000.000,0
22451,,,50000.000,2353.235,-2950.882,50000.000,0
22501,,,50000.000,2674.470,-2674.470,50000.000,0
22551,,,50000.000,3212.353,-4967.941,50000.000,0
22601,,,50000.000,1553.882,-2704.353,50000.000,0
22651,,,50000.000,1090.706,-1979.706,50000.000,0
22701,,,50000.000,82.176,-149.412,50000.000,0
22751,,,50000.000,896.471,-1172.882,50000.000,0
22801,,,50000.000,1509.059,-5528.235,50000.000,0
22851,,,50000.000,1016.000,-9308.353,50000.000,0
22901,,,50000.000,470.647,-4721.412,50000.000,0
22951,,,50000.000,321.235,-2532.529,50000.000,0
23001,,,50000.000,0.000,-747.059,50000.000,0
23051,,,50000.000,164.353,-4908.176,50000.000,0
23101,,,50000.000,-336.176,-3115.235,50000.000,0
23151,,,50000.000,-1165.412,-2054.412,50000.000,0
23201,,,50000.000,-2002.118,-156.882,50000.000,0
23251,,,50000.000,-3033.059,141.941,50000.000,0
23301,,,50000.000,-1561.353,261.471,50000.000,0
23351,,,50000.000,-1919.941,582.706,50000.000,0
23401,,,50000.000,-373.529,-67.235,50000.000,0
23451,,,50000.000,-776.941,-224.118,50000.000,0
23501,,,50000.000,-59.765,0.000,50000.000,0
23551,,,50000.000,-351.118,52.294,50000.000,0
23601,,,50000.000,-3137.647,433.294,50000.000,0
23651,,,50000.000,-9584.764,-1187.823,50000.000,0
23701,,,50000.000,-12050.058,-6028.764,50000.000,0
23751,,,50000.000,-5229.412,-3451.412,50000.000,0
23801,,,50000.000,-986.118,-545.353,50000.000,0
23851,,,50000.000,-1001.059,82.176,50000.000,0
23901,,,50000.000,-6985.000,-328.706,50000.000,0
23951,,,50000.000,-13193.058,-4161.117,50000.000,0
24001,,,50000.000,-6051.176,-3137.647,50000.000,0
24051,,,50000.000,-2950.882,-1255.059,50000.000,0
24101,,,50000.000,-8232.588,-1053.353,50000.000,0
24151,,,50000.000,-15464.116,-5752.353,50000.000,0
24201,,,50000.000,-16524.939,-9584.764,50000.000,0
24251,,,50000.000,-14388.352,-7918.823,50000.000,0
24301,,,50000.000,-13813.117,-3742.764,50000.000,0
24351,,,50000.000,-17697.822,-6536.764,50000.000,0
24401,,,50000.000,-16778.939,-8195.234,50000.000,0
24451,,,50000.000,-14082.058,-5207.000,50000.000,0
24501,,,50000.000,-15426.764,-388.471,50000.000,0
24551,,,50000.000,-16689.293,-22.412,50000.000,0
24601,,,50000.000,-17638.059,-2711.823,50000.000,0
24651,,,50000.000,-16577.234,-6275.293,50000.000,0
24701,,,50000.000,-13790.705,-4093.882,50000.000,0
24751,,,50000.000,-13379.822,-2330.823,50000.000,0
24801,,,50000.000,-13312.587,-4235.823,50000.000,0
24851,,,50000.000,-10727.764,-4811.059,50000.000,0
24901,,,50000.000,-7956.176,-2928.470,50000.000,0
24951,,,50000.000,-7776.882,-2667.000,50000.000,0
25001,,,50000.000,-17077.764,-9435.353,50000.000,0
25051,,,50000.000,-7986.058,-4908.176,50000.000,0
25101,,,50000.000,-4318.000,-1673.412,50000.000,0
25151,,,50000.000,-17040.410,-9487.646,50000.000,0
25201,,,50000.000,-13574.058,-9203.764,50000.000,0
25251,,,50000.000,-14059.646,-5685.117,50000.000,0
25301,,,50000.000,-10832.353,-2831.353,50000.000,0
25351,,,50000.000,-15120.470,-5065.059,50000.000,0
25401,,,50000.000,-12274.176,-4288.117,50000.000,0
25451,,,50000.000,-11429.999,-3115.235,50000.000,0
25501,,,50000.000,-5513.294,-918.882,50000.000,0
25551,,,50000.000,-7373.470,-1695.823,50000.000,0
25601,,,50000.000,-6469.529,-2502.647,50000.000,0
25651,,,50000.000,-6394.823,-2442.882,50000.000,0
25701,,,50000.000,-8157.882,-1180.353,50000.000,0
25751,,,50000.000,-13372.352,-3548.529,50000.000,0
25801,,,50000.000,-15695.705,-8053.293,50000.000,0
25851,,,50000.000,-7903.882,-4579.470,50000.000,0
25901,,,50000.000,-4870.823,-1949.823,50000.000,0
25951,,,50000.000,-13603.940,-6454.588,50000.000,0
26001,,,50000.000,-14836.587,-10227.234,50000.000,0
26051,,,50000.000,-4773.706,-3697.941,50000.000,0
26101,,,50000.000,-4377.765,-2607.235,50000.000,0
26151,,,50000.000,-4355.353,-2525.059,50000.000,0
26201,,,50000.000,-4213.412,-2771.588,50000.000,0
26251,,,50000.000,-8987.117,-5969.000,50000.000,0
26301,,,50000.000,-10301.940,-6828.117,50000.000,0
26351,,,50000.000,-10839.823,-6245.411,50000.000,0
26401,,,50000.000,-5520.764,-2786.529,50000.000,0
26451,,,50000.000,-3563.470,-1852.706,50000.000,0
26501,,,50000.000,-3085.353,-1785.470,50000.000,0
26551,,,50000.000,-5812.117,-3331.882,50000.000,0
26601,,,50000.000,-7522.882,-3570.941,50000.000,0
26651,,,50000.000,-6887.882,-2831.353,50000.000,0
26701,,,50000.000,-5461.000,-2973.294,50000.000,0
26751,,,50000.000,-4459.941,-2853.764,50000.000,0
26801,,,50000.000,-5102.412,-3279.588,50000.000,0
26851,,,50000.000,-3212.353,-2046.941,50000.000,0
26901,,,50000.000,-7739.529,-3578.412,50000.000,0
26951,,,50000.000,-6103.470,-2263.588,50000.000,0
27001,,,50000.000,-1733.176,-799.353,50000.000,0
27051,,,50000.000,-4549.588,-3115.235,50000.000,0
27101,,,50000.000,-4609.353,-2913.529,50000.000,0
27151,,,50000.000,-4743.823,-2136.588,50000.000,0
27201,,,50000.000,-8456.705,-1606.176,50000.000,0
27251,,,50000.000,-4721.412,-194.235,50000.000,0
27301,,,50000.000,-4400.176,-373.529,50000.000,0
27351,,,50000.000,-5027.706,-821.765,50000.000,0
27401,,,50000.000,-5849.470,-493.059,50000.000,0
27451,,,50000.000,-4766.235,448.235,50000.000,0
27501,,,50000.000,-4938.059,67.235,50000.000,0
27551,,,50000.000,-2226.235,-321.235,50000.000,0
27601,,,50000.000,-1994.647,-433.294,50000.000,0
27651,,,50000.000,-776.941,-179.294,50000.000,0
27701,,,50000.000,-2345.765,-1150.470,50000.000,0
27751,,,50000.000,-1195.294,-388.471,50000.000,0
27801,,,50000.000,-2308.412,1240.118,50000.000,0
27851,,,50000.000,-1546.412,1068.294,50000.000,0
27901,,,50000.000,-2711.823,298.824,50000.000,0
27951,,,50000.000,-2129.117,-896.471,50000.000,0
28001,,,50000.000,-1957.294,-1172.882,50000.000,0
28051,,,50000.000,-1778.000,-403.412,50000.000,0
28101,,,50000.000,-829.235,-149.412,50000.000,0
28151,,,50000.000,-298.824,-104.588,50000.000,0
28201,,,50000.000,-418.353,-179.294,50000.000,0
28251,,,50000.000,-59.765,-82.176,50000.000,0
28301,,,50000.000,1008.529,664.882,50000.000,0
28351,,,50000.000,1957.294,1038.412,50000.000,0
28401,,,50000.000,5520.764,2413.000,50000.000,0
28451,,,50000.000,6237.941,1240.118,50000.000,0
28501,,,50000.000,5401.235,-1673.412,50000.000,0
28551,,,50000.000,8023.411,-3436.470,50000.000,0
28601,,,50000.000,6193.117,-1382.059,50000.000,0
28651,,,50000.000,9741.646,-5035.176,50000.000,0
28701,,,50000.000,12154.646,-9823.823,50000.000,0
28751,,,50000.000,5565.588,-5356.412,50000.000,0
28801,,,50000.000,2741.706,-1613.647,50000.000,0
28851,,,50000.000,5304.117,-2091.765,50000.000,0
28901,,,50000.000,12729.882,-6267.823,50000.000,0
28951,,,50000.000,5729.941,-3227.294,50000.000,0
29001,,,50000.000,4669.117,-1957.294,50000.000,0
29051,,,50000.000,6350.000,-2831.353,50000.000,0
29101,,,50000.000,4131.235,-3742.764,50000.000,0
29151,,,50000.000,4086.411,-3608.294,50000.000,0
29201,,,50000.000,4273.176,-1875.118,50000.000,0
29251,,,50000.000,3458.882,-1479.176,50000.000,0
29301,,,50000.000,3414.059,-3922.059,50000.000,0
29351,,,50000.000,1994.647,-2629.647,50000.000,0
29401,,,50000.000,2711.823,-1247.588,50000.000,0
29451,,,50000.000,5393.764,-3712.882,50000.000,0
29501,,,50000.000,4967.941,-6775.823,50000.000,0
29551,,,50000.000,2935.941,-5319.059,50000.000,0
29601,,,50000.000,2495.176,-2196.353,50000.000,0
29651,,,50000.000,1665.941,-3062.941,50000.000,0
29701,,,50000.000,1083.235,-4863.353,50000.000,0
29751,,,50000.000,52.294,-874.059,50000.000,0
29801,,,50000.000,448.235,-694.765,50000.000,0
29851,,,50000.000,717.176,-1494.118,50000.000,0
29901,,,50000.000,276.412,-4370.294,50000.000,0
29951,,,50000.000,194.235,-2061.882,50000.000,0
30001,,,50000.000,261.471,-1426.882,50000.000,0
30051,,,50000.000,52.294,-2203.823,50000.000,0
30101,,,50000.000,-44.824,-1860.176,50000.000,0
30151,,,50000.000,-52.294,-2973.294,50000.000,0
30201,,,50000.000,-59.765,-2151.529,50000.000,0
30251,,,50000.000,-649.941,-276.412,50000.000,0
30301,,,50000.000,-620.059,-956.235,50000.000,0
30351,,,50000.000,-1262.529,-2375.647,50000.000,0
30401,,,50000.000,-1404.470,-1710.765,50000.000,0
30451,,,50000.000,-3003.176,-1083.235,50000.000,0
30501,,,50000.000,-1374.588,515.471,50000.000,0
30551,,,50000.000,-1733.176,-1964.765,50000.000,0
30601,,,50000.000,-2674.470,-3727.823,50000.000,0
30651,,,50000.000,-313.765,-694.765,50000.000,0
30701,,,50000.000,-2091.765,-1912.470,50002.000,0
30751,,,50000.000,-2584.823,-1538.941,50000.000,0
30801,,,50000.000,-2607.235,-2211.294,50000.000,0
30851,,,50000.000,-2502.647,-2637.117,50000.000,0
30901,,,50000.000,-3705.412,-2913.529,50000.000,0
30951,,,50000.000,-4654.176,-119.529,50000.000,0
31001,,,50000.000,-4265.706,-104.588,50000.000,0
31051,,,50000.000,-5236.882,-1949.823,50000.000,0
31101,,,50000.000,-3234.764,-2644.588,50000.000,0
31151,,,50000.000,-4639.235,-2442.882,50000.000,0
31201,,,50000.000,-5871.882,-478.118,50000.000,0
31251,,,50000.000,-4586.941,-903.941,50000.000,0
31301,,,50000.000,-6828.117,-4512.235,50000.000,0
31351,,,50000.000,-3040.529,-2562.412,50000.000,0
31401,,,50000.000,-5184.588,-4191.000,50000.000,0
31451,,,50000.000,-5513.294,-2271.059,50000.000,0
31501,,,50000.000,-5304.117,-1568.823,50000.000,0
31551,,,50000.000,-3331.882,-2442.882,50000.000,0
31601,,,50000.000,-1172.882,-1374.588,50000.000,0
31651,,,50000.000,-717.176,-791.882,50000.000,0
31701,,,50000.000,-724.647,-403.412,50000.000,0
31751,,,50000.000,-2144.059,-1337.235,50000.000,0
31801,,,50000.000,-2046.941,-2017.059,50000.000,0
31851,,,50000.000,-1479.176,-1576.294,50000.000,0
31901,,,50000.000,-3884.706,-3145.117,50000.000,0
31951,,,50000.000,-3130.176,-2002.118,50000.000,0
32001,,,50000.000,-1568.823,-1090.706,50000.000,0
32051,,,50000.000,-3608.294,-4041.588,50000.000,0
32101,,,50000.000,-5991.411,-5065.059,50000.000,0
32151,,,50000.000,-4026.647,-1942.353,50000.000,0
32201,,,50000.000,-1546.412,-732.118,50000.000,0
32251,,,50000.000,-2046.941,-1905.000,50000.000,0
32301,,,50000.000,-1972.235,-2121.647,50000.000,0
32351,,,50000.000,-2039.470,-1665.941,50000.000,0
32401,,,50000.000,-3048.000,-1553.882,50000.000,0
32451,,,50000.000,-6887.882,-4273.176,50000.000,0
32501,,,50000.000,-4982.882,-4041.588,50000.000,0
32551,,,50000.000,-1524.000,-1329.765,50000.000,0
32601,,,50000.000,-1389.529,-388.471,50000.000,0
32651,,,50000.000,-672.353,-149.412,50000.000,0
32701,,,50000.000,-1613.647,-261.471,50000.000,0
32751,,,50000.000,-4243.294,-388.471,50000.000,0
32801,,,50000.000,-1613.647,82.176,50000.000,0
32851,,,50000.000,-500.529,29.882,50000.000,0
32901,,,50000.000,-4153.647,-918.882,50000.000,0
32951,,,50000.000,-4601.882,-2928.470,50000.000,0
33001,,,50000.000,-2794.000,-3160.059,50000.000,0
33051,,,50000.000,-1553.882,-3070.412,50000.000,0
33101,,,50000.000,-1710.765,-3712.882,50000.000,0
33151,,,50001.000,-1075.765,-4295.588,50000.000,0
33201,,,50000.000,-2151.529,-5991.411,49999.000,0
33251,,,49999.000,-2338.294,-4953.000,49999.000,0
33301,,,50000.000,-2749.176,-6701.117,50000.000,0
33351,,,50000.000,-2218.765,-4138.706,50000.000,0
33401,,,50000.000,-3660.588,-7433.235,50000.000,0
33451,,,50000.000,-1367.118,-2876.176,50000.000,0
33501,,,50000.000,-2017.059,-2861.235,50000.000,0
33551,,,50000.000,-2592.294,-4370.294,50000.000,0
33601,,,50000.000,-1576.294,-2622.176,50000.000,0
33651,,,50000.000,-3189.941,-3107.764,50000.000,0
33701,,,50000.000,-3690.470,-3122.706,50000.000,0
33751,,,50000.000,-5020.235,-6335.059,50000.000,0
33801,,,50000.000,-3443.941,-3697.941,50000.000,0
33851,,,50000.000,-2076.823,-1060.823,50000.000,0
33901,,,50000.000,-926.353,-381.000,50000.000,0
33951,,,50000.000,-5154.706,-4512.235,50000.000,0
34001,,,50000.000,-5804.646,-6118.411,50000.000,0
34051,,,50000.000,-3137.647,-2554.941,50000.000,0
34101,,,50000.000,-5334.000,-2540.000,50000.000,0
34151,,,50000.000,-10182.411,-8030.882,50000.000,0
34201,,,50000.000,-3556.000,-3526.117,50000.000,0
34251,,,50000.000,-1606.176,-1135.529,50000.000,0
34301,,,50000.000,-2614.706,-1172.882,50000.000,0
34351,,,50000.000,-6051.176,-4982.882,50000.000,0
34401,,,50000.000,-2779.059,-2614.706,50000.000,0
34451,,,50000.000,-5363.882,-3324.412,50000.000,0
34501,,,50000.000,-7888.940,-3750.235,50000.000,0
34551,,,50000.000,-3152.588,-2823.882,50000.000,0
34601,,,50000.000,-3623.235,-4101.353,50000.000,0
34651,,,50000.000,-4489.823,-3877.235,50000.000,0
34701,,,50000.000,-4549.588,-3324.412,50000.000,0
34751,,,50000.000,-2779.059,-2622.176,50000.000,0
34801,,,50000.000,-2980.764,-3712.882,50000.000,0
34851,,,50000.000,-3346.823,-3025.588,50000.000,0
34901,,,50000.000,-5715.000,-4519.706,50000.000,0
34951,,,50000.000,-3137.647,-2345.765,50000.000,0
35001,,,50000.000,-2517.588,-2330.823,50000.000,0
35051,,,50000.000,-2457.823,-1688.353,50000.000,0
35101,,,50000.000,-6043.706,-3115.235,50000.000,0
35151,,,50000.000,-4542.117,-2958.353,50000.000,0
35201,,,50000.000,-6581.588,-6013.823,50000.000,0
35251,,,50000.000,-4220.882,-3600.823,50000.000,0
35301,,,50000.000,-1270.000,-754.529,50000.000,0
35351,,,50000.000,-3384.176,-1673.412,50000.000,0
35401,,,50000.000,-3541.059,-2278.529,50000.000,0
35451,,,50000.000,-1382.059,-926.353,50000.000,0
35501,,,50000.000,-1143.000,-493.059,50000.000,0
35551,,,50000.000,-1770.529,-141.941,50000.000,0
35601,,,50000.000,-3279.588,-254.000,50000.000,0
35651,,,50000.000,-2599.765,-978.647,50000.000,0
35701,,,50000.000,-1098.176,-381.000,50000.000,0
35751,,,50000.000,-941.294,-156.882,50000.000,0
35801,,,50000.000,-3234.764,-156.882,50000.000,0
35851,,,50000.000,-1837.765,-702.235,50000.000,0
35901,,,50000.000,-1531.470,-1778.000,50000.000,0
35951,,,50000.000,-343.647,-2667.000,50000.000,0
36001,,,50000.000,351.118,-6760.882,50000.000,0
36051,,,50000.000,216.647,-7552.764,50000.000,0
36101,,,50000.000,283.882,-3690.470,50000.000,0
36151,,,50000.000,216.647,-5184.588,50000.000,0
36201,,,50000.000,201.706,-4452.470,50000.000,0
36251,,,50000.000,268.941,-2622.176,50000.000,0
36301,,,50000.000,254.000,-6058.646,50000.000,0
36351,,,50000.000,-67.235,-4445.000,50000.000,0
36401,,,50000.000,22.412,-4295.588,50000.000,0
36451,,,50000.000,-52.294,-3854.823,50000.000,0
36501,,,50000.000,-194.235,-3683.000,50000.000,0
36551,,,50000.000,-410.882,-3458.882,50000.000,0
36601,,,50000.000,-59.765,-1703.294,50000.000,0
36651,,,50000.000,254.000,-2271.059,50000.000,0
36701,,,50000.000,403.412,-2532.529,50000.000,0
36751,,,50000.000,44.824,-2173.941,50000.000,0
36801,,,50000.000,-112.059,-3227.294,50000.000,0
36851,,,50000.000,373.529,-4430.059,50000.000,0
36901,,,50000.000,-44.824,-4258.235,50000.000,0
36951,,,50000.000,-485.588,-2136.588,50000.000,0
37001,,,50000.000,-642.471,-1509.059,50000.000,0
37051,,,50000.000,-358.588,-956.235,50000.000,0
37101,,,50000.000,-478.118,-986.118,50000.000,0
37151,,,50000.000,-590.176,-373.529,50000.000,0
37201,,,50000.000,-575.235,-164.353,50000.000,0
37251,,,50000.000,-2233.706,-1613.647,50000.000,0
37301,,,50000.000,-1710.765,-1897.529,50000.000,0
37351,,,50000.000,-747.059,-1538.941,50000.000,0
37401,,,50000.000,-1232.647,-4601.882,50000.000,0
37451,,,50000.000,-1740.647,-4452.470,50000.000,0
37501,,,50000.000,-1561.353,-2734.235,50000.000,0
37551,,,50000.000,-2734.235,-8060.764,50000.000,0
37601,,,50000.000,-1531.470,-8830.234,50000.000,0
37651,,,50000.000,-298.824,-3526.117,50000.000,0
37701,,,50000.000,-694.765,-4519.706,50000.000,0
37751,,,50000.000,-552.823,-3937.000,50000.000,0
37801,,,50000.000,-694.765,-6125.882,50000.000,0
37851,,,50000.000,-455.706,-9270.999,50000.000,0
37901,,,50000.000,-239.059,-3518.647,50000.000,0
37951,,,50000.000,-149.412,-844.176,50000.000,0
38001,,,50000.000,-179.294,-814.294,50000.000,0
38051,,,50000.000,-22.412,-2248.647,50000.000,0
38101,,,50000.000,-478.118,-5124.823,50000.000,0
38151,,,50000.000,-657.412,-3839.882,50000.000,0
38201,,,50000.000,-224.118,-1830.294,50000.000,0
38251,,,50000.000,-470.647,-1957.294,50000.000,0
38301,,,50000.000,-388.471,-4639.235,50000.000,0
38351,,,50000.000,-649.941,-4930.588,50000.000,0
38401,,,50000.000,-754.529,-2950.882,50000.000,0
38451,,,50000.000,-582.706,-1538.941,50000.000,0
38501,,,50000.000,-575.235,-709.706,50000.000,0
38551,,,50000.000,-1501.588,-1225.176,50000.000,0
38601,,,50000.000,-1561.353,-2032.000,50000.000,0
38651,,,50000.000,-1979.706,-3697.941,50000.000,0
38701,,,50000.000,-1568.823,-2749.176,50000.000,0
38751,,,50000.000,-2517.588,-2144.059,50000.000,0
38801,,,50000.000,-1852.706,-1180.353,50000.000,0
38851,,,50000.000,-1561.353,-918.882,50000.000,0
38901,,,50000.000,-2084.294,-1778.000,50000.000,0
38951,,,50000.000,-776.941,-836.706,50000.000,0
39001,,,50000.000,-1382.059,-941.294,50000.000,0
39051,,,50000.000,-567.765,-29.882,50000.000,0
39101,,,50000.000,-993.588,-343.647,50000.000,0
39151,,,50000.000,-2099.235,-1329.765,50000.000,0
39201,,,50000.000,-762.000,-627.529,50000.000,0
39251,,,50000.000,-373.529,-351.118,50000.000,0
39301,,,50000.000,-179.294,-179.294,50000.000,0
39351,,,50000.000,-149.412,-97.118,50000.000,0
39401,,,50000.000,-433.294,-268.941,50000.000,0
39451,,,50000.000,-291.353,-44.824,50000.000,0
39501,,,50000.000,-448.235,149.412,50000.000,0
39551,,,50000.000,-739.588,201.706,50000.000,0
39601,,,50000.000,0.000,0.000,50000.000,0
39651,,,50000.000,52.294,-127.000,50000.000,0
39701,,,50000.000,1314.823,-2577.353,50000.000,0
39751,,,50000.000,1867.647,-3339.353,50000.000,0
39801,,,50000.000,1546.412,-2144.059,50000.000,0
39851,,,50000.000,1628.588,-2233.706,50000.000,0
39901,,,50000.000,4019.176,-7500.470,50000.000,0
39951,,,50000.000,3511.176,-7679.764,50000.000,0
40001,,,50000.000,1270.000,-2629.647,50000.000,0
40051,,,50000.000,2211.294,-3705.412,50000.000,0
40101,,,50000.000,1688.353,-3496.235,50000.000,0
40151,,,50000.000,1778.000,-4445.000,50000.000,0
40201,,,50000.000,1755.588,-4594.412,50000.000,0
40251,,,50000.000,3384.176,-8142.940,50000.000,0
40301,,,50000.000,3899.647,-10018.059,50000.000,0
40351,,,50000.000,2330.823,-5849.470,50000.000,0
40401,,,50000.000,3593.353,-10264.588,50000.000,0
40451,,,50000.000,2413.000,-8927.353,50000.000,0
40501,,,50000.000,1030.941,-5162.176,50000.000,0
40551,,,50000.000,657.412,-2965.823,50000.000,0
40601,,,50000.000,911.412,-7978.588,50000.000,0
40651,,,50000.000,418.353,-3354.294,50000.000,0
40701,,,50000.000,59.765,-343.647,50000.000,0
40751,,,50000.000,7.471,-194.235,50000.000,0
40801,,,50000.000,59.765,-1703.294,50000.000,0
40851,,,50000.000,-134.471,-1426.882,50000.000,0
40901,,,50000.000,-522.941,-1636.059,50000.000,0
40951,,,50000.000,-388.471,-321.235,50000.000,0
41001,,,50000.000,-657.412,-941.294,50000.000,0
41051,,,50000.000,-1524.000,-3660.588,50000.000,0
41101,,,50000.000,-956.235,-1987.176,50000.000,0
41151,,,50000.000,-1023.471,-1367.118,50000.000,0
41201,,,50000.000,-1023.471,134.471,50000.000,0
41251,,,50000.000,-1456.765,-1598.706,50000.000,0
41301,,,50000.000,-2181.412,-2950.882,50000.000,0
41351,,,50000.000,-612.588,-918.882,50000.000,0
41401,,,50000.000,-2286.000,-2435.412,50000.000,0
41451,,,50000.000,-2226.235,-1113.118,50000.000,0
41501,,,50000.000,-425.823,-582.706,50000.000,0
41551,,,50000.000,-806.823,-1583.765,50000.000,0
41601,,,50000.000,-2696.882,-4893.235,50000.000,0
41651,,,50000.000,-2980.764,-2861.235,50000.000,0
41701,,,50000.000,-1665.941,-1270.000,50000.000,0
41751,,,50000.000,-769.471,-911.412,50000.000,0
41801,,,50000.000,-1568.823,-2741.706,50000.000,0
41851,,,50000.000,-1546.412,-2263.588,50000.000,0
41901,,,50000.000,-2465.294,-2427.941,50000.000,0
41951,,,50000.000,-3697.941,-2308.412,50000.000,0
42001,,,50000.000,-2995.706,-2360.706,50000.000,0
42051,,,50000.000,-1509.059,-2525.059,50000.000,0
42101,,,50000.000,-1703.294,-3302.000,50000.000,0
42151,,,50000.000,-1023.471,-3234.764,50000.000,0
42201,,,50000.000,-1471.706,-4422.588,50000.000,0
42251,,,50000.000,-552.823,-2181.412,50000.000,0
42301,,,50000.000,-463.176,-3526.117,50000.000,0
42351,,,50000.000,-403.412,-1852.706,50000.000,0
42401,,,50000.000,-82.176,-201.706,50000.000,0
42451,,,50000.000,67.235,440.765,50000.000,0
42501,,,50000.000,-59.765,649.941,50000.000,0
42551,,,50000.000,-971.176,903.941,50000.000,0
42601,,,50000.000,-537.882,-156.882,50000.000,0
42651,,,50000.000,-1023.471,-791.882,50000.000,0
42701,,,50000.000,-186.765,-268.941,50000.000,0
42751,,,50000.000,620.059,-358.588,50000.000,0
42801,,,50000.000,956.235,-373.529,50000.000,0
42851,,,50000.000,1195.294,-552.823,50000.000,0
42901,,,50000.000,1135.529,-493.059,50000.000,0
42951,,,50000.000,3458.882,-515.471,50000.000,0
43001,,,50000.000,9099.176,-2681.941,50000.000,0
43051,,,50000.000,9076.764,-4377.765,50000.000,0
43101,,,50000.000,7844.117,-6155.764,50000.000,0
43151,,,50000.000,8606.117,-10600.764,50000.000,0
43201,,,50000.000,5296.646,-7552.764,50000.000,0
43251,,,50000.000,4213.412,-3175.000,50000.000,0
43301,,,50000.000,6215.529,-4684.059,50000.000,0
43351,,,50000.000,6021.294,-7679.764,50000.000,0
43401,,,50000.000,926.353,-1464.235,50000.000,0
43451,,,50000.000,1561.353,-2091.765,50000.000,0
43501,,,50000.000,2734.235,-4153.647,50000.000,0
43551,,,50000.000,2794.000,-4422.588,50000.000,0
43601,,,50000.000,1748.118,-2771.588,50000.000,0
43651,,,50000.000,1367.118,-2525.059,50000.000,0
43701,,,50000.000,3287.059,-5244.353,50000.000,0
43751,,,50000.000,2293.470,-3712.882,50000.000,0
43801,,,50000.000,829.235,-1277.470,50000.000,0
43851,,,50000.000,1740.647,-3354.294,50000.000,0
43901,,,50000.000,1628.588,-3152.588,50000.000,0
43951,,,50000.000,2353.235,-3884.706,50000.000,0
44001,,,50000.000,1337.235,-1964.765,50000.000,0
44051,,,50000.000,612.588,-971.176,50000.000,0
44101,,,50000.000,448.235,-814.294,50000.000,0
44151,,,50000.000,889.000,-1538.941,50000.000,0
44201,,,50000.000,560.294,-1157.941,50000.000,0
44251,,,50000.000,403.412,508.000,50000.000,0
44301,,,50000.000,351.118,1486.647,50000.000,0
44351,,,50000.000,164.353,702.235,50000.000,0
44401,,,50000.000,0.000,7.471,50000.000,0
44451,,,50000.000,-127.000,-433.294,50000.000,0
44501,,,50000.000,-1045.882,-2300.941,50000.000,0
44551,,,50000.000,-1210.235,-1538.941,50000.000,0
44601,,,50000.000,-1045.882,-649.941,50000.000,0
44651,,,50000.000,-306.294,119.529,50000.000,0
44701,,,50000.000,-1001.059,881.529,50000.000,0
44751,,,50000.000,-1905.000,-1464.235,50000.000,0
44801,,,50000.000,-1912.470,-4519.706,50000.000,0
44851,,,50000.000,-493.059,-4833.470,50000.000,0
44901,,,50000.000,-209.176,-2360.706,50000.000,0
44951,,,50000.000,-89.647,-2413.000,50000.000,0
45001,,,50000.000,-806.823,-5827.059,50000.000,0
45051,,,50000.000,-1202.765,-5475.941,50000.000,0
45101,,,50000.000,-709.706,-4026.647,50000.000,0
45151,,,50000.000,-246.529,-1113.118,50000.000,0
45201,,,50000.000,-1411.941,-3309.470,50000.000,0
45251,,,50000.000,-1105.647,-1695.823,50000.000,0
45301,,,50000.000,-3578.412,-4168.588,50000.000,0
45351,,,50000.000,-3929.529,-4220.882,50000.000,0
45401,,,50000.000,-3331.882,-2226.235,50000.000,0
45451,,,50000.000,-4056.529,-889.000,50000.000,0
45501,,,50000.000,-4407.647,216.647,50000.000,0
45551,,,50000.000,-8800.353,-1882.588,50000.000,0
45601,,,50000.000,-4482.353,-1972.235,50000.000,0
45651,,,50000.000,-29.882,-7.471,50000.000,0
45701,,,50000.000,-1688.353,224.118,50000.000,0
45751,,,50000.000,-9196.294,-2084.294,50000.000,0
45801,,,50000.000,-9681.882,-5199.529,50000.000,0
45851,,,50000.000,-5797.176,-3145.117,50000.000,0
45901,,,50000.000,-2674.470,-896.471,50000.000,0
45951,,,50000.000,-971.176,283.882,50000.000,0
46001,,,50000.000,-8404.411,1098.176,50000.000,0
46051,,,50000.000,-11990.293,-2196.353,50000.000,0
46101,,,50000.000,-9390.528,-3354.294,50000.000,0
46151,,,50000.000,-7186.706,-1150.470,50000.000,0
46201,,,50000.000,-7388.411,-82.176,50000.000,0
46251,,,50000.000,-5461.000,1060.823,50000.000,0
46301,,,50000.000,-3481.294,1202.765,50000.000,0
46351,,,50000.000,-5707.529,1875.118,50000.000,0
46401,,,50000.000,-5020.235,963.706,50000.000,0
46451,,,50000.000,-6350.000,343.647,50000.000,0
46501,,,50000.000,-11310.470,-7.471,50000.000,0
46551,,,50000.000,-9988.176,-186.765,50000.000,0
46601,,,50000.000,-7582.646,-254.000,50000.000,0
46651,,,50000.000,-2644.588,-82.176,50000.000,0
46701,,,50000.000,-4101.353,0.000,50000.000,0
46751,,,50000.000,-3660.588,-104.588,50000.000,0
46801,,,50000.000,-6088.529,664.882,50000.000,0
46851,,,50000.000,-3354.294,605.118,50000.000,0
46901,,,50000.000,-4601.882,-866.588,50000.000,0
46951,,,50000.000,-1195.294,-478.118,50000.000,0
47001,,,50000.000,-1030.941,97.118,50000.000,0
47051,,,50000.000,-605.118,97.118,50000.000,0
47101,,,50000.000,-239.059,-627.529,50000.000,0
47151,,,50000.000,171.824,-448.235,50000.000,0
47201,,,50000.000,74.706,-448.235,50000.000,0
47251,,,50000.000,254.000,-1875.118,50000.000,0
47301,,,50000.000,1792.941,-4400.176,50000.000,0
47351,,,50000.000,2883.647,-2525.059,50000.000,0
47401,,,50000.000,1292.412,-889.000,50000.000,0
47451,,,50000.000,575.235,-1128.059,50000.000,0
47501,,,50000.000,1486.647,-3981.823,50000.000,0
47551,,,50000.000,2540.000,-5423.646,50000.000,0
47601,,,50000.000,2099.235,-4258.235,50000.000,0
47651,,,50000.000,2861.235,-5983.941,50000.000,0
47701,,,50000.000,5558.117,-12072.470,50000.000,0
47751,,,50000.000,3638.176,-7784.353,50000.000,0
47801,,,50000.000,4004.235,-7911.353,50000.000,0
47851,,,50000.000,2891.117,-6066.117,50000.000,0
47901,,,50000.000,3981.823,-7478.058,50000.000,0
47951,,,50000.000,2502.647,-4512.235,50000.000,0
48001,,,50000.000,2472.765,-4669.117,50000.000,0
48051,,,50000.000,1486.647,-2891.117,50000.000,0
48101,,,50000.000,3092.823,-4631.764,50000.000,0
48151,,,50000.000,3077.882,-3772.647,50000.000,0
48201,,,50000.000,4101.353,-4564.529,50000.000,0
48251,,,50000.000,1830.294,-2136.588,50000.000,0
48301,,,50000.000,6514.353,-9368.117,50000.000,0
48351,,,50000.000,8464.176,-13230.411,50000.000,0
48401,,,50000.000,7201.646,-11250.705,50000.000,0
48451,,,50000.000,4938.059,-7814.235,50000.000,0
48501,,,50000.000,3795.059,-5446.059,50000.000,0
48551,,,50000.000,6484.470,-8531.411,50000.000,0
48601,,,50000.000,2950.882,-3981.823,50000.000,0
48651,,,50000.000,1531.470,-2525.059,50000.000,0
48701,,,50000.000,5251.823,-8957.234,50000.000,0
48751,,,50000.000,2771.588,-4086.411,50000.000,0
48801,,,50000.000,4407.647,-4803.588,50000.000,0
48851,,,50000.000,2562.412,-2883.647,50000.000,0
48901,,,50000.000,2263.588,-2532.529,50000.000,0
48951,,,50000.000,3331.882,-3630.706,50000.000,0
49001,,,50000.000,3712.882,-3795.059,50000.000,0
49051,,,50000.000,8994.588,-8374.529,50000.000,0
49101,,,50000.000,9674.411,-9256.059,50000.000,0
49151,,,50000.000,9778.999,-8635.999,50000.000,0
49201,,,50000.000,9741.646,-8015.940,50000.000,0
49251,,,50000.000,10167.470,-7806.764,50000.000,0
49301,,,50000.000,9420.411,-7410.823,50000.000,0
49351,,,50000.000,8329.705,-7844.117,50000.000,0
49401,,,50000.000,5169.646,-5289.176,50000.000,0
49451,,,50000.000,5789.706,-5214.470,50000.000,0
49501,,,50000.000,5894.294,-5401.235,50000.000,0
49551,,,50000.000,3376.706,-3354.294,50000.000,0
49601,,,50000.000,3264.647,-3593.353,50000.000,0
49651,,,50000.000,5961.529,-6342.529,50000.000,0
49701,,,50000.000,3742.764,-3944.470,50000.000,0
49751,,,50000.000,4878.294,-5550.646,50000.000,0
49801,,,50000.000,4213.412,-5102.412,50000.000,0
49851,,,50000.000,2525.059,-3287.059,50000.000,0
49901,,,50000.000,3772.647,-3772.647,50000.000,0
49951,,,50000.000,2256.117,-2360.706,50000.000,0
50001,,,50000.000,2002.118,-3130.176,50000.000,0
50051,,,50000.000,1030.941,-1568.823,50000.000,0
50101,,,50000.000,1217.706,-1509.059,50000.000,0
50151,,,50000.000,1972.235,-679.823,50000.000,0
50201,,,50000.000,1157.941,97.118,50000.000,0
50251,,,50000.000,918.882,836.706,50000.000,0
50301,,,50000.000,209.176,254.000,50000.000,0
50351,,,50000.000,0.000,-22.412,50000.000,0
50401,,,50000.000,-171.824,-388.471,50000.000,0
50451,,,50000.000,-1001.059,-440.765,50000.000,0
50501,,,50000.000,-791.882,37.353,50000.000,0
50551,,,50000.000,-298.824,216.647,50000.000,0
50601,,,50000.000,-948.765,-127.000,50000.000,0
50651,,,50000.000,-575.235,-448.235,50000.000,0
50701,,,50000.000,-388.471,-657.412,50000.000,0
50751,,,50000.000,-478.118,-776.941,50000.000,0
50801,,,50000.000,-1972.235,-1949.823,50000.000,0
50851,,,50000.000,-1135.529,-1038.412,50000.000,0
50901,,,50000.000,-844.176,-776.941,50000.000,0
50951,,,50000.000,-3130.176,-2517.588,50000.000,0
51001,,,50000.000,-1673.412,-1270.000,50000.000,0
51051,,,50000.000,-2353.235,-1621.118,50000.000,0
51101,,,50000.000,-3399.117,-1501.588,50000.000,0
51151,,,50000.000,-3324.412,-1927.412,50000.000,0
51201,,,50000.000,-4878.294,-4213.412,50000.000,0
51251,,,50000.000,-5296.646,-4616.823,50000.000,0
51301,,,50000.000,-6290.235,-3623.235,50000.000,0
51351,,,50000.000,-5423.646,-2241.176,50000.000,0
51401,,,50000.000,-10242.176,-6469.529,50000.000,0
51451,,,50000.000,-5109.882,-3712.882,50000.000,0
51501,,,50000.000,-1494.118,-859.118,50000.000,0
51551,,,50000.000,-874.059,-351.118,50000.000,0
51601,,,50000.000,-791.882,-366.059,50000.000,0
51651,,,50000.000,-620.059,-410.882,50000.000,0
51701,,,50000.000,-2823.882,-1322.294,50000.000,0
51751,,,50000.000,-4878.294,-1725.706,50000.000,0
51801,,,50000.000,-5035.176,-1195.294,50000.000,1
51851,,,50000.000,-2973.294,-1053.353,50000.000,1
51901,,,50000.000,-4332.941,-2256.117,50000.000,0
51951,,,50000.000,-6432.176,-3660.588,50000.000,0
52001,,,50000.000,-8673.353,-3832.412,50000.000,0
52051,,,50000.000,-10137.588,-2061.882,50000.000,0
52101,,,50000.000,-4086.411,-156.882,50000.000,0
52151,,,50000.000,-4415.117,-224.118,50000.000,0
52201,,,50000.000,-7425.764,-455.706,50000.000,0
52251,,,50000.000,-11728.822,-1240.118,50000.000,0
52301,,,50000.000,-13708.528,-2203.823,50000.000,0
52351,,,50000.000,-6925.235,-1449.294,50000.000,0
52401,,,50000.000,-5849.470,-1733.176,50000.000,0
52451,,,50000.000,-12946.528,-6013.823,50000.000,0
52501,,,50000.000,-9084.234,-5558.117,50000.000,0
52551,,,50000.000,-1322.294,-911.412,50000.000,0
52601,,,50000.000,-2629.647,-1621.118,50000.000,0
52651,,,50000.000,-4833.470,-2831.353,50000.000,0
52701,,,50000.000,-3526.117,-2442.882,50000.000,0
52751,,,50000.000,-1852.706,-1613.647,50000.000,0
52801,,,50000.000,-3922.059,-3100.294,50000.000,0
52851,,,50000.000,-4011.706,-3085.353,50000.000,0
52901,,,50000.000,-4161.117,-4101.353,50000.000,0
52951,,,50000.000,-6096.000,-6252.882,50000.000,0
53001,,,50000.000,-4093.882,-3585.882,50000.000,0
53051,,,50000.000,-3735.294,-2510.117,50000.000,0
53101,,,50000.000,-3847.353,-2435.412,50000.000,0
53151,,,50000.000,-1673.412,-1016.000,50000.000,0
53201,,,50000.000,-7104.529,-3578.412,50000.000,0
53251,,,50000.000,-7179.235,-2719.294,50000.000,0
53301,,,50000.000,-4676.588,-1389.529,50000.000,0
53351,,,50000.000,-3608.294,141.941,50000.000,0
53401,,,50000.000,-4385.235,1524.000,50000.000,0
53451,,,50000.000,-3981.823,1651.000,50000.000,0
53501,,,50000.000,-2667.000,1471.706,50000.000,0
53551,,,50000.000,-657.412,358.588,50000.000,0
53601,,,50000.000,0.000,0.000,50000.000,0
53651,,,50000.000,-22.412,7.471,50000.000,0
53701,,,50000.000,-470.647,67.235,50000.000,0
53751,,,50000.000,-762.000,22.412,50000.000,0
53801,,,50000.000,-1897.529,-67.235,50000.000,0
53851,,,50000.000,-1598.706,-14.941,50000.000,0
53901,,,50000.000,-485.588,-37.353,50000.000,0
53951,,,50000.000,-1651.000,-82.176,50000.000,0
54001,,,50000.000,-3100.294,-343.647,50000.000,0
54051,,,50000.000,-3294.529,-874.059,50000.000,0
54101,,,50000.000,-4123.765,-1053.353,50000.000,0
54151,,,50000.000,-3817.470,-1374.588,50000.000,0
54201,,,50000.000,-2144.059,-903.941,50000.000,0
54251,,,50000.000,-2315.882,-1143.000,50000.000,0
54301,,,50000.000,-1464.235,-687.294,50000.000,0
54351,,,50000.000,-1068.294,-612.588,50000.000,0
54401,,,50000.000,-37.353,-508.000,50000.000,0
54451,,,50000.000,268.941,-448.235,50000.000,0
54501,,,50000.000,239.059,-664.882,50000.000,0
54551,,,50000.000,896.471,-2442.882,50000.000,0
54601,,,50000.000,978.647,-2846.294,50000.000,0
54651,,,50000.000,1912.470,-3974.353,50000.000,0
54701,,,50000.000,1538.941,-762.000,50000.000,0
54751,,,50000.000,2420.470,-119.529,50000.000,0
54801,,,50000.000,1576.294,-582.706,50000.000,0
54851,,,50000.000,119.529,-971.176,50000.000,0
54901,,,50000.000,575.235,-1225.176,50000.000,0
54951,,,50000.000,186.765,-336.176,50000.000,0
55001,,,50000.000,-134.471,-508.000,50000.000,0
55051,,,50000.000,-97.118,-896.471,50000.000,0
55101,,,50000.000,-500.529,-1382.059,50000.000,0
55151,,,50000.000,-171.824,-440.765,50000.000,0
55201,,,50000.000,-620.059,321.235,50000.000,0
55251,,,50000.000,-1411.941,1688.353,50000.000,0
55301,,,50000.000,-1979.706,67.235,50000.000,0
55351,,,50000.000,-3981.823,-2099.235,50000.000,0
55401,,,50000.000,-2674.470,-1576.294,50000.000,0
55451,,,50000.000,-4392.706,-291.353,50000.000,0
55501,,,50000.000,-6081.059,2188.882,50000.000,0
55551,,,50000.000,-3929.529,1867.647,50000.000,0
55601,,,50000.000,-3429.000,687.294,50000.000,0
55651,,,50000.000,-2823.882,7.471,50000.000,0
55701,,,50000.000,-1763.059,-44.824,50000.000,0
55751,,,50000.000,-239.059,-127.000,50000.000,0
55801,,,50000.000,-4056.529,-1374.588,50000.000,0
55851,,,50000.000,-10944.411,-2084.294,50000.000,0
55901,,,50000.000,-5274.235,-194.235,50000.000,0
55951,,,50000.000,-2315.882,-186.765,50000.000,0
56001,,,50000.000,-1038.412,-209.176,50000.000,0
56051,,,50000.000,-5094.941,-1710.765,50000.000,0
56101,,,50000.000,-12304.058,-1972.235,50000.000,0
56151,,,50000.000,-12139.705,-1113.118,50000.000,0
56201,,,50000.000,-9203.764,-1703.294,50000.000,0
56251,,,50000.000,-11250.705,-4459.941,50000.000,0
56301,,,50000.000,-11504.705,-4430.059,50000.000,0
56351,,,50000.000,-3361.764,-141.941,50000.000,0
56401,,,50000.000,-7104.529,-156.882,50000.000,0
56451,,,50000.000,-14634.882,-866.588,50000.000,0
56501,,,50000.000,-8822.764,-1098.176,50000.000,0
56551,,,50000.000,-5386.294,-1045.882,50000.000,0
56601,,,50000.000,-1860.176,-59.765,50000.000,0
56651,,,50000.000,-5685.117,395.941,50000.000,0
56701,,,50000.000,-8269.940,-903.941,50000.000,0
56751,,,50000.000,-12401.176,-4004.235,50000.000,0
56801,,,50000.000,-10526.059,-3518.647,50000.000,0
56851,,,50000.000,-9592.234,-1128.059,50000.000,0
56901,,,50000.000,-1516.529,-7.471,50000.000,0
56951,,,50000.000,-2652.059,112.059,50000.000,0
57001,,,50000.000,-2345.765,44.824,50000.000,0
57051,,,50000.000,-1045.882,-74.706,50000.000,0
57101,,,50000.000,-3735.294,-791.882,50000.000,0
57151,,,50000.000,-1374.588,-336.176,50000.000,0
57201,,,50000.000,-1538.941,-814.294,50000.000,0
57251,,,50000.000,-2121.647,-2024.529,50000.000,0
57301,,,50000.000,-1494.118,-2166.470,50000.000,0
57351,,,50000.000,-127.000,-3974.353,50000.000,0
57401,,,50000.000,179.294,-2099.235,50000.000,0
57451,,,50000.000,37.353,-164.353,50000.000,0
57501,,,50000.000,306.294,-104.588,50000.000,0
57551,,,50000.000,3705.412,-4288.117,50000.000,0
57601,,,50000.000,2203.823,-5124.823,50000.000,0
57651,,,50000.000,119.529,-485.588,50000.000,0
57701,,,50000.000,141.941,-1576.294,50000.000,0
57751,,,50000.000,762.000,-4123.765,50000.000,0
57801,,,50000.000,545.353,-3100.294,50000.000,0
57851,,,50000.000,298.824,-1987.176,50000.000,0
57901,,,50000.000,239.059,-500.529,50000.000,0
57951,,,50000.000,82.176,-2248.647,50000.000,0
58001,,,50000.000,52.294,-3839.882,50000.000,0
58051,,,50000.000,-246.529,-1815.353,50000.000,0
58101,,,50000.000,-231.588,-455.706,50000.000,0
58151,,,50000.000,-179.294,171.824,50000.000,0
58201,,,50000.000,-448.235,-1882.588,50000.000,0
58251,,,50000.000,-784.412,-2510.117,50000.000,0
58301,,,50000.000,-859.118,-1875.118,50000.000,0
58351,,,50000.000,-1090.706,-485.588,50000.000,0
58401,,,50000.000,-1852.706,-3780.117,50000.000,0
58451,,,50000.000,-1284.941,-4908.176,50000.000,0
58501,,,50000.000,-1068.294,-4557.059,50000.000,0
58551,,,50000.000,-1606.176,-2644.588,50000.000,0
58601,,,50000.000,-2958.353,-1180.353,50000.000,0
58651,,,50000.000,-3227.294,-1852.706,50000.000,0
58701,,,50000.000,-2667.000,-2338.294,50000.000,0
58751,,,50000.000,-3548.529,-2241.176,50000.000,0
58801,,,50000.000,-6028.764,-567.765,50000.000,0
58851,,,50000.000,-5027.706,-209.176,50000.000,0
58901,,,50000.000,-4198.470,-2764.117,50000.000,0
58951,,,50000.000,-2652.059,-2913.529,50000.000,0
59001,,,50000.000,-3331.882,-3869.764,50000.000,0
59051,,,50000.000,-3287.059,-2794.000,50000.000,0
59101,,,50000.000,-4310.529,-2136.588,50000.000,0
59151,,,50000.000,-8508.999,-7582.646,50000.000,0
59201,,,50000.000,-5573.059,-7896.411,50000.000,0
59251,,,50000.000,-2562.412,-3981.823,50000.000,0
59301,,,50000.000,-2786.529,-4153.647,50000.000,0
59351,,,50000.000,-2988.235,-4713.941,50000.000,0
59401,,,50000.000,-717.176,-1113.118,50000.000,0
59451,,,50000.000,-321.235,-410.882,50000.000,0
59501,,,50000.000,-388.471,-373.529,50000.000,0
59551,,,50000.000,-425.823,-410.882,50000.000,0
59601,,,50000.000,-52.294,-246.529,50000.000,0
59651,,,50000.000,7.471,-97.118,50000.000,0
59701,,,50000.000,67.235,-127.000,50000.000,0
59751,,,50000.000,201.706,-141.941,50000.000,0
59801,,,50000.000,59.765,-37.353,50000.000,0
59851,,,50000.000,261.471,-134.471,50000.000,0
59901,,,50000.000,500.529,-201.706,50000.000,0
59951,,,50000.000,2256.117,-896.471,50000.000,0
