timestamp[ms],left_dx[um],left_dy[um],left_dt[us],right_dx[um],right_dy[um],right_dt[us],waterPin
0,0.000,-29.882,50153.000,-29.882,-44.824,50153.000,0
51,-2173.941,-11280.588,50000.000,-6372.411,-7425.764,50000.000,0
101,-2696.882,-13999.882,50000.000,-7724.588,-3847.353,50000.000,0
151,-3787.588,-14941.176,50000.000,-9218.705,-3257.176,50000.000,0
201,-2816.412,-13850.470,50000.000,-9046.882,-7380.941,50000.000,0
251,-2002.118,-15777.881,50000.000,-7014.882,-7679.764,50000.000,0
301,-2577.353,-15815.234,50000.000,-8277.411,-5700.059,50000.000,0
351,-3705.412,-14350.999,50000.000,-7268.882,-1949.823,50000.000,0
401,-5184.588,-15352.058,50000.000,-9943.353,-4534.647,50000.000,0
451,-4146.176,-17929.410,50000.000,-9898.528,-7403.353,50000.000,0
501,-5266.764,-17563.352,50000.000,-10511.117,-6305.176,50000.000,0
551,-6148.294,-15867.528,50000.000,-11676.528,-4908.176,50000.000,0
601,-5319.059,-15150.352,50000.000,-11093.823,-10301.940,50000.000,0
651,-3892.176,-15942.234,50000.000,-10750.176,-13506.822,50000.000,0
701,-5027.706,-13521.764,50000.000,-10458.823,-9480.176,50000.000,0
751,-4960.470,-12931.587,50000.000,-9846.234,-8957.234,50000.000,0
801,-4713.941,-10152.528,50000.000,-10458.823,-11885.705,50000.000,0
851,-3892.176,-6193.117,50000.000,-8561.294,-13080.999,50000.000,0
901,-3048.000,-4990.353,50000.000,-7732.058,-12020.176,50000.000,0
951,-3488.764,-6731.000,50000.000,-7761.940,-10951.882,50000.000,0
1001,-2360.706,-7044.764,50000.000,-7029.823,-13282.705,50000.000,0
1051,-2427.941,-6267.823,50000.000,-7209.117,-11676.528,50000.000,0
1101,-2256.117,-3533.588,50000.000,-5827.059,-11108.764,50000.000,0
1151,-1725.706,-4377.765,50000.000,-5162.176,-13282.705,50000.000,0
1201,-866.588,-7986.058,50000.000,-5311.588,-10996.705,50000.000,0
1251,-635.000,-10339.293,50000.000,-4691.529,-11474.822,50000.000,0
1301,-754.529,-8942.294,50000.000,-5729.941,-11415.058,50000.000,0
1351,-657.412,-4086.411,50000.000,-4594.412,-10981.764,50000.000,0
1401,-582.706,-4542.117,50000.000,-2950.882,-12296.588,50000.000,0
1451,455.706,-9950.823,50000.000,-4370.294,-13200.528,50000.000,0
1501,239.059,-10130.117,50000.000,-3996.764,-13499.352,50000.000,0
1551,-268.941,-9689.353,50000.000,-3869.764,-11325.411,50000.000,0
1601,-1157.941,-4064.000,50000.000,-4019.176,-7074.646,50000.000,0
1651,-874.059,-2988.235,50000.000,-3234.764,-6477.000,50000.000,0
1701,-388.471,-4258.235,50000.000,-2913.529,-7373.470,50000.000,0
1751,-298.824,-4445.000,50000.000,-2540.000,-5304.117,50000.000,0
1801,-149.412,-2816.412,50000.000,-1441.823,-4990.353,50000.000,0
1851,-44.824,-3608.294,50000.000,-1538.941,-4557.059,50000.000,0
1901,-941.294,-3242.235,50000.000,-2622.176,-3062.941,50000.000,0
1951,-918.882,-769.471,50000.000,-1673.412,-1389.529,50000.000,0
2001,-306.294,246.529,50000.000,-239.059,-164.353,50000.000,0
2051,141.941,-59.765,50000.000,351.118,-74.706,50000.000,0
2101,44.824,918.882,50000.000,-7.471,44.824,50000.000,0
2151,1905.000,1538.941,50000.000,2973.294,-1755.588,50000.000,0
2201,2480.235,-1524.000,50000.000,1912.470,-3115.235,50000.000,0
2251,410.882,-3638.176,50000.000,-343.647,-306.294,50000.000,0
2301,-2338.294,-6073.588,50000.000,-3668.059,1651.000,50000.000,0
2351,-4093.882,-5670.176,50000.000,-6648.823,2032.000,50000.000,0
2401,-3406.588,-4280.647,50000.000,-5348.941,1344.706,50000.000,0
2451,-2375.647,-2263.588,50000.000,-3488.764,358.588,50000.000,0
2501,-829.235,-186.765,50000.000,-1322.294,-1516.529,50000.000,0
2551,-29.882,-224.118,50000.000,-605.118,-5005.294,50000.000,0
2601,201.706,-1740.647,50000.000,-896.471,-6125.882,50000.000,0
2651,-179.294,-3488.764,50000.000,-1740.647,-3511.176,50000.000,0
2701,-679.823,-4721.412,50000.000,-2779.059,-3556.000,50000.000,0
2751,-963.706,-5655.235,50000.000,-3660.588,-4355.353,50000.000,0
2801,-1927.412,-6947.646,50000.000,-5169.646,-3339.353,50000.000,0
2851,-3189.941,-8553.823,50000.000,-6043.706,-2913.529,50000.000,0
2901,-2547.470,-7821.706,50000.000,-5632.823,-4146.176,50000.000,0
2951,-2069.353,-5408.706,50000.000,-5117.353,-5931.646,50000.000,0
3001,-1359.647,-2779.059,50000.000,-3653.117,-4848.412,50000.000,0
3051,-754.529,-791.882,50000.000,-2136.588,-5498.353,50000.000,0
3101,156.882,-1172.882,50000.000,-1038.412,-7948.706,50000.000,0
3151,127.000,-2689.412,50000.000,-1882.588,-9002.059,50000.000,0
3201,-82.176,-3421.529,50000.000,-2338.294,-7306.235,50000.000,0
3251,-1770.529,-2173.941,50000.000,-3160.059,-1785.470,50000.000,0
3301,-2323.353,-1180.353,50000.000,-3331.882,298.824,50000.000,0
3351,-2002.118,-3645.647,50000.000,-2935.941,590.176,50000.000,0
3401,-1434.353,-5602.941,50000.000,-4041.588,-560.294,50000.000,0
3451,-903.941,-4019.176,50000.000,-2906.059,-2450.353,50000.000,0
3501,-141.941,-433.294,50000.000,-829.235,-4863.353,50000.000,0
3551,1075.765,1210.235,50000.000,851.647,-7179.235,50000.000,0
3601,2308.412,-291.353,50000.000,1307.353,-7612.529,50000.000,0
3651,1763.059,-2211.294,50000.000,358.588,-5991.411,50000.000,0
3701,-52.294,-2226.235,50000.000,-605.118,-866.588,50000.000,0
3751,-1546.412,-2696.882,50000.000,-1807.882,2487.706,50000.000,0
3801,-1636.059,-4288.117,50000.000,-2577.353,1673.412,50000.000,0
3851,-1150.470,-4422.588,50000.000,-2592.294,-231.588,50000.000,0
3901,-283.882,-3511.176,50000.000,-1516.529,-1426.882,50000.000,0
3951,127.000,-2943.412,50000.000,-478.118,-1718.235,50000.000,0
4001,119.529,-2771.588,50000.000,-866.588,-941.294,50000.000,0
4051,-791.882,-3481.294,50000.000,-1598.706,306.294,50000.000,0
4101,-1613.647,-4056.529,50000.000,-2480.235,1284.941,50000.000,0
4151,-2577.353,-5221.941,50000.000,-2480.235,2681.941,50000.000,0
4201,-4198.470,-4310.529,50000.000,-3556.000,3802.529,50000.000,0
4251,-5035.176,-5035.176,50000.000,-5954.059,2622.176,50000.000,0
4301,-4811.059,-4736.353,50000.000,-7478.058,-201.706,50000.000,0
4351,-5274.235,-3966.882,50000.000,-7485.529,-2480.235,50000.000,0
4401,-5199.529,-4310.529,50000.000,-7642.411,-2906.059,50000.000,0
4451,-5386.294,-3488.764,50000.000,-8217.646,-2584.823,50000.000,0
4501,-4878.294,171.824,50000.000,-6387.353,-2241.176,50000.000,0
4551,-3899.647,1778.000,50000.000,-4370.294,-2980.764,50000.000,0
4601,-2935.941,-500.529,50000.000,-4198.470,-5341.470,50000.000,0
4651,-2958.353,-2995.706,50000.000,-5834.529,-5363.882,50000.000,0
4701,-3929.529,-5065.059,50000.000,-6305.176,-2532.529,50000.000,0
4751,-5012.764,-7911.353,50000.000,-7649.882,-545.353,50000.000,0
4801,-5035.176,-7433.235,50000.000,-9039.411,-1621.118,50000.000,0
4851,-4400.176,-5849.470,50000.000,-7851.588,-3630.706,50000.000,0
4901,-4572.000,-7612.529,50000.000,-6940.176,-2704.353,50000.000,0
4951,-4609.353,-7575.176,50000.000,-7283.823,-545.353,50000.000,0
5001,-4706.470,-7926.293,50000.000,-6768.353,493.059,50000.000,0
5051,-4945.529,-9905.999,50000.000,-7918.823,-328.706,50000.000,0
5101,-4519.706,-10742.705,50000.000,-8792.882,-4512.235,50000.000,0
5151,-4728.882,-11220.823,50000.000,-8710.705,-5505.823,50000.000,0
5201,-5162.176,-12229.353,50000.000,-9614.646,-5438.588,50000.000,0
5251,-4265.706,-12304.058,50000.000,-9995.646,-4766.235,50000.000,0
5301,-6282.764,-14276.293,50000.000,-10264.588,1038.412,50000.000,0
5351,-7201.646,-15225.058,50000.000,-12087.411,-747.059,50000.000,0
5401,-4116.294,-12483.353,50000.000,-10899.588,-7888.940,50000.000,0
5451,-3810.000,-11654.117,50000.000,-9480.176,-8180.293,50000.000,0
5501,-3944.470,-10824.882,50000.000,-9965.764,-7253.941,50000.000,0
5551,-4646.706,-11243.234,50000.000,-9674.411,-6992.470,50000.000,0
5601,-4840.941,-10907.058,50000.000,-10249.646,-9554.882,50000.000,0
5651,-4034.117,-9061.823,50000.000,-9607.176,-13372.352,50000.000,0
5701,-3996.764,-9196.294,50000.000,-7739.529,-13073.528,50000.000,0
5751,-5363.882,-12281.646,50000.000,-9457.764,-10966.823,50000.000,0
5801,-5274.235,-13940.117,50000.000,-10399.059,-10413.999,50000.000,0
5851,-6297.706,-12438.528,50000.000,-11616.764,-7515.411,50000.000,1
5901,-6484.470,-8225.117,50000.000,-12117.293,-3854.823,50000.000,1
5951,-7582.646,-9076.764,50000.000,-12565.528,-3242.235,50000.000,0
6001,-7380.941,-11093.823,50000.000,-13155.705,-1987.176,50000.000,0
6051,-9046.882,-15568.705,50000.000,-13394.764,1382.059,50000.000,0
6101,-8508.999,-15254.940,50000.000,-13753.352,-3683.000,50000.000,0
6151,-5812.117,-12610.353,50000.000,-11459.882,-10451.353,50000.000,0
6201,-4318.000,-10219.764,50000.000,-10892.117,-13133.293,50000.000,0
6251,-3944.470,-9270.999,50000.000,-9315.823,-11556.999,50000.000,0
6301,-4527.176,-10705.353,50000.000,-9666.940,-10286.999,50000.000,0
6351,-4101.353,-10339.293,50000.000,-9846.234,-8688.294,50000.000,0
6401,-5528.235,-8172.823,50000.000,-10981.764,-6379.882,50000.000,0
6451,-6641.353,-8120.529,50000.000,-11422.528,-5042.646,50000.000,0
6501,-7029.823,-8942.294,50000.000,-12535.646,-5326.529,50000.000,0
6551,-6783.293,-10189.882,50000.000,-12632.764,-2375.647,50000.000,0
6601,-8344.646,-13641.293,50000.000,-12864.353,-1045.882,50000.000,0
6651,-8142.940,-14380.882,50000.000,-13671.176,-6148.294,50000.000,0
6701,-7268.882,-13775.764,50000.000,-12445.999,-8083.176,50000.000,0
6751,-8718.176,-15620.999,50000.000,-12595.411,-8292.353,50000.000,0
6801,-7754.470,-13252.822,50000.000,-13760.822,-5961.529,50000.000,0
6851,-8441.764,-12737.353,50000.000,-13715.999,-3937.000,50000.000,0
6901,-7134.411,-9442.823,50000.000,-12625.293,-8508.999,50000.000,0
6951,-6633.882,-10122.646,50000.000,-11923.058,-12483.353,50000.000,0
7001,-6529.293,-11706.411,50000.000,-12617.822,-13051.117,50000.000,0
7051,-7149.353,-12483.353,50000.000,-13402.234,-9569.823,50000.000,0
7101,-7239.000,-11990.293,50000.000,-13521.764,-8023.411,50000.000,0
7151,-5610.412,-6663.764,50000.000,-13596.470,-8792.882,50000.000,0
7201,-5737.411,-3062.941,50000.000,-10959.353,-8904.940,50000.000,0
7251,-6716.059,-2637.117,50000.000,-10892.117,-8710.705,50000.000,0
7301,-6940.176,-4497.294,50000.000,-10563.411,-7567.706,50000.000,0
7351,-6805.706,-5573.059,50000.000,-11556.999,-5012.764,50000.000,0
7401,-7141.882,-4071.470,50000.000,-11385.176,-2136.588,50000.000,0
7451,-8180.293,-829.235,50000.000,-9801.411,-1277.470,50000.000,0
7501,-5461.000,664.882,50000.000,-7575.176,-4482.353,50000.000,0
7551,-2868.706,-82.176,50000.000,-6252.882,-6656.293,50000.000,0
7601,-3189.941,1023.471,50000.000,-5311.588,-2159.000,50000.000,0
7651,-4258.235,3130.176,50000.000,-2390.588,1105.647,50000.000,0
7701,-1763.059,1045.882,50000.000,-1905.000,-889.000,50000.000,0
7751,239.059,-1359.647,50000.000,-993.588,-4788.647,50000.000,0
7801,1807.882,-1636.059,50000.000,597.647,-9211.234,50000.000,0
7851,3003.176,-3055.470,50000.000,575.235,-7747.000,50000.000,0
7901,3182.470,-5490.882,50000.000,933.823,-5871.882,50000.000,0
7951,3436.470,-6760.882,50000.000,642.471,-3287.059,50000.000,0
8001,2024.529,-4818.529,50000.000,493.059,-1016.000,50000.000,0
8051,1942.353,-3922.059,50000.000,1329.765,-1128.059,50000.000,0
8101,2487.706,-3085.353,50000.000,1397.000,-1860.176,50000.000,0
8151,3040.529,-3727.823,50000.000,2166.470,-3033.059,50000.000,0
8201,2853.764,-4205.941,50000.000,1382.059,-1695.823,50000.000,0
8251,2166.470,-3802.529,50000.000,978.647,179.294,50000.000,0
8301,1053.353,-1397.000,50000.000,1486.647,2039.470,50000.000,0
8351,889.000,336.176,50000.000,1613.647,1927.412,50000.000,0
8401,1703.294,276.412,50000.000,2159.000,-276.412,50000.000,0
8451,2435.412,141.941,50000.000,1658.470,-1979.706,50000.000,0
8501,2420.470,-22.412,50000.000,2002.118,-1837.765,50000.000,0
8551,1576.294,268.941,50000.000,1852.706,-784.412,50000.000,0
8601,844.176,366.059,50000.000,1217.706,478.118,50000.000,0
8651,433.294,-59.765,50000.000,739.588,1135.529,50000.000,0
8701,-156.882,-1045.882,50000.000,-119.529,2838.823,50000.000,0
8751,-1665.941,-1284.941,50000.000,-1284.941,3944.470,50000.000,0
8801,-2502.647,-709.706,50000.000,-2173.941,3122.706,50000.000,0
8851,-1927.412,-239.059,50000.000,-1860.176,649.941,50000.000,0
8901,-717.176,246.529,50000.000,-1538.941,-2495.176,50000.000,0
8951,-440.765,605.118,50000.000,-1113.118,-3249.706,50000.000,0
9001,-1135.529,1001.059,50000.000,-1359.647,-2084.294,50000.000,0
9051,-2032.000,1187.823,50000.000,-1785.470,-717.176,50000.000,0
9101,-2726.764,313.765,50000.000,-2622.176,127.000,50000.000,0
9151,-3399.117,-1397.000,50000.000,-3735.294,605.118,50000.000,0
9201,-3705.412,-2345.765,50000.000,-4691.529,597.647,50000.000,0
9251,-3832.412,-1994.647,50000.000,-4407.647,381.000,50000.000,0
9301,-3451.412,-769.471,50000.000,-3780.117,44.824,50000.000,0
9351,-3018.117,134.471,50000.000,-3384.176,-590.176,50000.000,0
9401,-2390.588,403.412,50000.000,-2838.823,-1165.412,50000.000,0
9451,-2061.882,418.353,50000.000,-2913.529,-1068.294,50000.000,0
9501,-2525.059,239.059,50000.000,-3212.353,-358.588,50000.000,0
9551,-2891.117,-179.294,50000.000,-3563.470,-82.176,50000.000,0
9601,-2711.823,-844.176,50000.000,-3735.294,-141.941,50000.000,0
9651,-2980.764,-1023.471,50000.000,-3690.470,-127.000,50000.000,0
9701,-2980.764,-657.412,50000.000,-3272.117,-44.824,50000.000,0
9751,-2674.470,-74.706,50000.000,-3025.588,-209.176,50000.000,0
9801,-2569.882,-7.471,50000.000,-2749.176,-246.529,50000.000,0
9851,-2241.176,29.882,50000.000,-2667.000,-224.118,50000.000,0
9901,-2203.823,-127.000,50000.000,-2696.882,-216.647,50000.000,0
9951,-1703.294,-313.765,50000.000,-2554.941,-261.471,50000.000,0
10001,-1748.118,-291.353,50000.000,-2353.235,-186.765,50000.000,0
10051,-1905.000,-186.765,50000.000,-2076.823,-134.471,50000.000,0
10101,-1688.353,-7.471,50000.000,-1792.941,-156.882,50000.000,0
10151,-1352.176,14.941,50000.000,-1643.529,-246.529,50000.000,0
10201,-1247.588,0.000,50000.000,-1546.412,-89.647,50000.000,0
10251,-1098.176,-82.176,50000.000,-1374.588,-141.941,50000.000,0
10301,-851.647,-201.706,50000.000,-1195.294,-224.118,50000.000,0
10351,-762.000,-164.353,50000.000,-1030.941,-67.235,50000.000,0
10401,-620.059,-29.882,50000.000,-724.647,-67.235,50000.000,0
10451,-306.294,0.000,50000.000,-463.176,-52.294,50000.000,0
10501,-239.059,-22.412,50000.000,-246.529,-14.941,50000.000,0
10551,-112.059,-44.824,50000.000,-104.588,-14.941,50000.000,0
10601,52.294,-59.765,50000.000,44.824,-104.588,50000.000,0
10651,186.765,-7.471,50000.000,186.765,0.000,50000.000,0
10701,216.647,67.235,50000.000,351.118,52.294,50000.000,0
10751,425.823,82.176,50000.000,522.941,-7.471,50000.000,0
10801,560.294,14.941,50000.000,612.588,-7.471,50000.000,0
10851,664.882,0.000,50000.000,739.588,-67.235,50000.000,0
10901,642.471,37.353,50000.000,799.353,74.706,50000.000,0
10951,425.823,112.059,50000.000,896.471,74.706,50000.000,0
11001,732.118,67.235,50000.000,911.412,52.294,50000.000,0
11051,814.294,29.882,50000.000,903.941,0.000,50000.000,0
11101,747.059,82.176,50000.000,859.118,22.412,50000.000,0
11151,732.118,7.471,50000.000,978.647,7.471,50000.000,0
11201,911.412,14.941,50000.000,993.588,29.882,50000.000,0
11251,724.647,59.765,50000.000,1008.529,112.059,50000.000,0
11301,694.765,22.412,50000.000,1030.941,127.000,50000.000,0
11351,799.353,44.824,50000.000,829.235,37.353,50000.000,0
11401,866.588,0.000,50000.000,844.176,-67.235,50000.000,0
11451,717.176,52.294,50000.000,806.823,29.882,50000.000,0
11501,635.000,127.000,50000.000,844.176,97.118,50000.000,0
11551,664.882,89.647,50000.000,911.412,14.941,50000.000,0
11601,694.765,0.000,50000.000,672.353,44.824,50000.000,0
11651,545.353,-44.824,50000.000,605.118,-7.471,50000.000,0
11701,575.235,-44.824,50000.000,582.706,37.353,50000.000,0
11751,381.000,0.000,50000.000,508.000,119.529,50000.000,0
11801,328.706,14.941,50000.000,575.235,52.294,50000.000,0
11851,381.000,-14.941,50000.000,373.529,-29.882,50000.000,0
11901,336.176,-89.647,50000.000,291.353,-74.706,50000.000,0
11951,246.529,0.000,50000.000,254.000,29.882,50000.000,0
12001,89.647,22.412,50000.000,254.000,74.706,50000.000,0
12051,104.588,-14.941,50000.000,164.353,14.941,50000.000,0
12101,82.176,-59.765,50000.000,74.706,-44.824,50000.000,0
12151,59.765,-89.647,50000.000,7.471,-59.765,50000.000,0
12201,7.471,-14.941,50000.000,-14.941,0.000,50000.000,0
12251,-14.941,29.882,50000.000,7.471,22.412,50000.000,0
12301,-22.412,14.941,50000.000,-22.412,-7.471,50000.000,0
12351,-52.294,-44.824,50000.000,-97.118,-52.294,50000.000,0
12401,-52.294,-37.353,50000.000,-97.118,-59.765,50000.000,0
12451,-74.706,29.882,50000.000,-67.235,82.176,50000.000,0
12501,-74.706,37.353,50000.000,-37.353,14.941,50000.000,0
12551,-14.941,-29.882,50000.000,-29.882,-52.294,50000.000,0
12601,7.471,14.941,50000.000,-7.471,-52.294,50000.000,0
12651,201.706,194.235,50000.000,328.706,-298.824,50000.000,0
12701,866.588,0.000,50000.000,986.118,-1157.941,50000.000,0
12751,1919.941,-343.647,50000.000,1636.059,-2129.117,50000.000,0
12801,2868.706,-717.176,50000.000,2644.588,-2681.941,50000.000,0
12851,3615.764,-1157.941,50000.000,3414.059,-2950.882,50000.000,0
12901,4534.647,-1807.882,50000.000,4400.176,-3712.882,50000.000,0
12951,5505.823,-3578.412,50000.000,4713.941,-4579.470,50000.000,0
13001,5169.646,-6402.293,50000.000,3339.353,-4123.765,50000.000,0
13051,4706.470,-9973.234,50000.000,1509.059,-1449.294,50000.000,0
13101,3675.529,-10488.705,50000.000,537.882,-403.412,50000.000,0
13151,3443.941,-8994.588,50000.000,881.529,-3421.529,50000.000,0
13201,5117.353,-10018.059,50000.000,1419.412,-7179.235,50000.000,0
13251,5192.059,-11310.470,50000.000,881.529,-7776.882,50000.000,0
13301,4280.647,-12909.176,50000.000,657.412,-5177.117,50000.000,0
13351,3810.000,-13394.764,50000.000,141.941,-6872.941,50000.000,0
13401,5162.176,-13715.999,50000.000,963.706,-11250.705,50000.000,0
13451,5722.470,-14171.705,50000.000,784.412,-11825.940,50000.000,0
13501,5356.412,-11676.528,50000.000,896.471,-10511.117,50000.000,0
13551,6013.823,-11654.117,50000.000,1307.353,-8725.646,50000.000,0
13601,6133.353,-8232.588,50000.000,1748.118,-7784.353,50000.000,0
13651,6768.353,-4676.588,50000.000,4751.294,-10899.588,50002.000,0
13701,7440.706,-6424.706,50000.000,4960.470,-12244.293,50000.000,0
13751,6858.000,-8785.411,50000.000,4713.941,-14179.176,50000.000,0
13801,7112.000,-9808.882,50000.000,4527.176,-13058.587,50000.000,0
13851,5558.117,-7717.117,50000.000,4288.117,-13506.822,50000.000,0
13901,5595.470,-8322.234,50000.000,3780.117,-13887.822,50000.000,0
13951,5147.235,-8068.235,50000.000,3257.176,-12378.764,50000.000,0
14001,5289.176,-8494.059,50000.000,2398.059,-11631.705,50000.000,0
14051,4542.117,-5834.529,50000.000,2547.470,-11302.999,50000.000,0
14101,4893.235,-5080.000,50000.000,3443.941,-12580.470,50000.000,0
14151,5192.059,-7179.235,50000.000,3130.176,-12035.117,50000.000,0
14201,5939.117,-10854.764,50000.000,2442.882,-11519.646,50000.000,0
14251,3264.647,-8792.882,50000.000,649.941,-3959.411,50000.000,0
14301,1113.118,-8516.470,50000.000,-336.176,-1045.882,50000.000,0
14351,679.823,-9345.705,50000.000,-1770.529,-2823.882,50000.000,0
14401,657.412,-8531.411,50000.000,-1890.059,-3264.647,50000.000,0
14451,642.471,-8262.470,50000.000,-844.176,-2256.117,50000.000,0
14501,664.882,-6335.059,50000.000,-1277.470,-470.647,50000.000,0
14551,-1083.235,-5147.235,50000.000,-2293.470,1232.647,50000.000,0
14601,-2427.941,-5490.882,50000.000,-4243.294,1441.823,50000.000,0
14651,-2816.412,-5774.764,50000.000,-5864.411,-537.882,50000.000,0
14701,-3533.588,-6215.529,50000.000,-6252.882,-3085.353,50000.000,0
14751,-4385.235,-6828.117,50000.000,-7672.293,-1680.882,50000.000,0
14801,-5483.412,-5550.646,50000.000,-8516.470,2345.765,50000.000,0
14851,-7253.941,-5274.235,50000.000,-9248.588,2771.588,50000.000,0
14901,-7246.470,-5461.000,50000.000,-11101.293,-500.529,50000.000,0
14951,-6895.353,-6768.353,50000.000,-11325.411,-4796.117,50000.000,0
15001,-6133.353,-8344.646,50000.000,-11317.940,-6551.706,50000.000,0
15051,-6506.882,-10182.411,50000.000,-12102.353,-5169.646,50000.000,0
15101,-7388.411,-10309.411,50000.000,-12916.646,-298.824,50000.000,0
15151,-9106.646,-10600.764,50000.000,-13402.234,3152.588,50000.000,0
15201,-9562.353,-7903.882,50000.000,-14111.940,2353.235,50000.000,0
15251,-10257.117,-8262.470,50000.000,-14604.999,-14.941,50000.000,0
15301,-10899.588,-10466.293,50000.000,-15718.116,-881.529,50000.000,0
15351,-10466.293,-11004.176,50000.000,-15135.411,2203.823,50000.000,0
15401,-12027.646,-11123.705,50000.000,-17779.998,2338.294,50000.000,0
15451,-11422.528,-10421.470,50000.000,-18766.117,179.294,50000.000,0
15501,-12378.764,-10712.823,50000.000,-19236.764,-67.235,50000.000,0
15551,-12804.587,-11803.528,50000.000,-18601.764,3959.411,50000.000,0
15601,-13955.058,-13200.528,50000.000,-21328.527,3944.470,50000.000,1
15651,-12281.646,-11923.058,50000.000,-22957.115,1113.118,50000.000,1
15701,-14739.470,-14096.999,50000.000,-23226.057,-575.235,50000.000,0
15751,-15606.058,-15247.470,50000.000,-24354.115,1621.118,50000.000,0
15801,-16345.646,-17309.352,50000.000,-25489.645,3175.000,50000.000,0
15851,-16868.588,-18527.057,50000.000,-26274.057,-283.882,50000.000,0
15901,-16106.587,-18302.939,50000.000,-26214.293,-799.353,50000.000,0
15951,-16502.527,-18250.646,50000.000,-25011.527,2681.941,50000.000,0
16001,-17735.176,-19953.939,50000.000,-27021.115,1023.471,50000.000,0
16051,-14119.411,-17615.646,50000.000,-27783.115,-2278.529,50000.000,0
16101,-13170.646,-14963.587,50000.000,-27768.174,-1441.823,50000.000,0
16151,-12221.882,-13260.293,50002.000,-27469.352,1949.823,50000.000,0
16201,-13678.646,-15987.058,49998.000,-28948.527,-1277.470,49999.000,0
16251,-13088.470,-16031.881,50000.000,-30614.469,-3107.764,49999.000,0
16301,-14604.999,-15919.822,50000.000,-30039.232,-321.235,50000.000,0
16351,-16173.822,-15889.940,50000.000,-29381.822,-1807.882,50000.000,0
16401,-16263.470,-16838.705,50000.000,-26692.410,-5393.764,50000.000,0
16451,-15523.881,-15225.058,50000.000,-23039.293,-4430.059,50000.000,0
16501,-18250.646,-16054.293,50000.000,-29463.998,-918.882,50000.000,0
16551,-16681.822,-14059.646,50000.000,-31182.232,-2480.235,50000.000,0
16601,-14746.940,-13103.411,50000.000,-29434.115,-6992.470,50000.000,0
16651,-14627.411,-13603.940,50000.000,-30225.998,-8845.176,50000.000,0
16701,-14111.940,-13775.764,50000.000,-29426.645,-4325.470,50000.000,0
16751,-14029.764,-13207.999,50000.000,-30487.469,-5356.412,50000.000,0
16801,-16793.881,-15568.705,50000.000,-29770.293,-10376.646,50000.000,0
16851,-16584.705,-15523.881,50000.000,-29456.527,-10354.234,50000.000,0
16901,-16636.998,-14784.293,50000.000,-27125.703,-6394.823,50000.000,0
16951,-15942.234,-13574.058,50000.000,-28858.881,-10757.646,50000.000,0
17001,-14933.705,-12445.999,50000.000,-28761.764,-15643.411,50000.000,0
17051,-16517.469,-14111.940,50000.000,-28096.881,-14089.528,50000.000,0
17101,-14963.587,-14029.764,50000.000,-28253.764,-14552.705,50000.000,0
17151,-13439.587,-12177.058,50000.000,-28530.174,-13910.234,50000.000,0
17201,-14575.116,-11295.528,50000.000,-27290.057,-11131.176,50000.000,0
17251,-18258.117,-15919.822,50000.000,-27835.410,-9278.470,50000.000,0
17301,-18736.234,-20910.176,50000.000,-27394.645,-6036.235,50000.000,0
17351,-16143.940,-17339.234,50000.000,-27783.115,-7291.293,50000.000,0
17401,-17376.588,-16846.176,50000.000,-28141.703,-7859.058,50000.000,0
17451,-17652.998,-18377.646,50000.000,-29030.703,-5363.882,50000.000,0
17501,-17346.705,-19804.527,50000.000,-30539.762,-5341.470,50000.000,0
17551,-13080.999,-16128.999,50000.000,-28089.410,-10018.059,50000.000,0
17601,-11997.764,-13364.882,50000.000,-27387.174,-10809.940,50000.000,0
17651,-13536.705,-15411.822,50000.000,-25893.057,-8247.529,50000.000,0
17701,-14238.940,-16136.470,50000.000,-27192.939,-11512.176,50000.000,0
17751,-13895.293,-15658.352,50000.000,-25295.410,-13663.705,50000.000,0
17801,-15777.881,-15860.058,50000.000,-20491.822,-9397.999,50000.000,0
17851,-16121.528,-15665.822,50000.000,-22658.293,-9009.528,50000.000,0
17901,-14328.587,-12468.411,50000.000,-21918.705,-11429.999,50000.000,0
17951,-14672.234,-13461.999,50000.000,-22187.646,-13275.234,50000.000,0
18001,-15210.116,-16196.234,50000.000,-22874.939,-12625.293,50000.000,0
18051,-14089.528,-17212.234,50000.000,-22912.293,-11810.999,50000.000,0
18101,-12079.940,-13245.352,50000.000,-23465.115,-10204.823,50000.000,0
18151,-12416.117,-12774.705,50000.000,-22456.586,-9995.646,50000.000,0
18201,-15269.881,-17047.881,50000.000,-24010.469,-7806.764,50000.000,0
18251,-15217.587,-18571.881,50000.000,-25123.586,-6379.882,50000.000,0
18301,-15090.587,-17473.705,50000.000,-21664.705,-11093.823,50000.000,0
18351,-13641.293,-15471.587,50000.000,-20110.822,-12401.176,50000.000,0
18401,-11908.117,-13715.999,50000.000,-18982.764,-11205.882,50000.000,0
18451,-12595.411,-14380.882,50000.000,-20439.527,-13506.822,50000.000,0
18501,-11034.058,-10750.176,50000.000,-20783.176,-16330.705,50000.000,0
18551,-13021.234,-12416.117,50000.000,-21089.469,-16539.881,50000.000,0
18601,-11444.940,-11975.353,50000.000,-21104.410,-16390.469,50000.000,0
18651,-10286.999,-10585.823,50000.000,-19132.176,-13701.058,50000.000,0
18701,-11429.999,-9644.528,50000.000,-19094.822,-9442.823,50000.000,0
18751,-11048.999,-9076.764,50000.000,-19184.469,-9383.059,50000.000,0
18801,-11220.823,-11063.940,50000.000,-19274.117,-6230.470,50000.000,0
18851,-13028.705,-13125.822,50000.000,-20080.939,-4318.000,50000.000,0
18901,-11990.293,-8837.705,50000.000,-19341.352,-8075.706,50000.000,0
18951,-11280.588,-5027.706,50000.000,-16973.176,-9188.823,50000.000,0
19001,-11937.999,-4168.588,50000.000,-15284.822,-9173.882,50000.000,0
19051,-12565.528,-8157.882,50000.000,-16741.588,-9838.764,50000.000,0
19101,-10780.058,-10578.353,50000.000,-17331.764,-11579.411,50000.000,0
19151,-10324.353,-9891.059,50000.000,-17548.410,-11048.999,50000.000,0
19201,-10100.234,-8598.646,50000.000,-17100.176,-9629.588,50000.000,0
19251,-10286.999,-10040.470,50000.000,-16958.234,-10018.059,50000.000,0
19301,-10242.176,-14492.940,50000.000,-18101.234,-8381.999,50000.000,0
19351,-8725.646,-13969.999,50000.000,-19244.234,-7268.882,50000.000,0
19401,-7971.117,-12737.353,50000.000,-18601.764,-8912.411,50000.000,0
19451,-8479.117,-13633.822,50000.000,-18228.234,-9016.999,50000.000,0
19501,-8792.882,-13663.705,50000.000,-18795.998,-5124.823,50000.000,0
19551,-9323.294,-14343.528,50000.000,-17847.234,-694.765,50000.000,0
19601,-9188.823,-13581.528,50000.000,-17742.646,-2838.823,50000.000,0
19651,-8635.999,-12438.528,50000.000,-17735.176,-5558.117,50000.000,0
19701,-9442.823,-13559.117,50000.000,-17174.881,-2816.412,50000.000,0
19751,-9958.293,-14873.940,50000.000,-17100.176,-2218.765,50000.000,0
19801,-9973.234,-14873.940,50000.000,-18631.646,-5662.706,50000.000,0
19851,-9002.059,-13618.882,50000.000,-17921.939,-5595.470,50000.000,0
19901,-9651.999,-13648.764,50000.000,-18407.527,-2256.117,50000.000,0
19951,-9756.588,-11848.353,50000.000,-18676.469,605.118,50000.000,0
20001,-10750.176,-11900.646,50000.000,-19109.764,-2398.059,50000.000,0
20051,-10511.117,-12169.588,50000.000,-18945.410,-5871.882,50000.000,0
20101,-9345.705,-9898.528,50000.000,-18795.998,-5109.882,50000.000,0
20151,-10212.293,-10451.353,50000.000,-18893.117,186.765,50000.000,0
20201,-12804.587,-13252.822,50000.000,-20342.410,-784.412,50000.000,0
20251,-10892.117,-10847.293,50000.000,-19834.410,-4108.823,50000.000,0
20301,-12707.470,-11034.058,50000.000,-19169.527,-6820.646,50000.000,0
20351,-12005.234,-11288.058,50000.000,-20267.705,-6439.646,50000.000,0
20401,-13626.352,-15083.116,50000.000,-20962.469,-4340.412,50000.000,0
20451,-14044.705,-14052.176,50000.000,-22322.115,-3115.235,50000.000,0
20501,-14059.646,-13357.411,50000.000,-22015.822,-3720.353,50000.000,0
20551,-15374.470,-15815.234,50000.000,-22673.234,-978.647,50000.000,0
20601,-13902.764,-17578.293,50000.000,-23943.234,717.176,50000.000,0
20651,-13230.411,-15508.940,50000.000,-24092.645,-971.176,50000.000,0
20701,-15060.705,-17271.998,50000.000,-23487.527,-1606.176,50000.000,0
20751,-14709.587,-16016.940,50000.000,-24264.469,127.000,50000.000,0
20801,-12670.117,-14216.528,50000.000,-22777.822,3623.235,50000.000,0
20851,-14664.764,-17032.939,50000.000,-24764.998,-239.059,50000.000,0
20901,-13409.705,-16592.176,50000.000,-25340.234,-2375.647,50000.000,0
20951,-13596.470,-15695.705,50000.000,-24615.586,-7.471,50000.000,0
21001,-12812.058,-15665.822,50000.000,-23607.057,1494.118,50000.000,0
21051,-13514.293,-16248.528,50000.000,-25519.527,-2129.117,50000.000,0
21101,-12797.117,-15434.234,50000.000,-25825.822,-2689.412,50000.000,0
21151,-10413.999,-10817.411,50000.000,-25541.939,1098.176,50000.000,0
21201,-12767.234,-11781.117,50000.000,-24899.469,2233.706,50000.000,0
21251,-14888.881,-14403.293,50000.000,-25810.881,-3100.294,50000.000,0
21301,-12655.176,-12393.705,50000.000,-24877.057,-5139.764,50000.000,0
21351,-14612.470,-13312.587,50000.000,-25459.764,-2032.000,50000.000,0
21401,-15606.058,-14074.587,50000.000,-26625.174,1613.647,50000.000,0
21451,-14821.646,-12572.999,50000.000,-26789.527,-776.941,50000.000,0
21501,-13730.940,-10720.293,50000.000,-26139.586,-2114.176,50000.000,0
21551,-14261.352,-9517.528,50000.000,-25795.939,-4071.470,50000.000,0
21601,-14029.764,-9383.059,50000.000,-25788.469,-4243.294,50000.000,0
21651,-13633.822,-9435.353,50000.000,-25982.705,-1284.941,50000.000,0
21701,-14029.764,-9315.823,50000.000,-26356.234,-186.765,50000.000,0
21751,-14134.352,-7620.000,50000.000,-25922.939,-3496.235,50000.000,0
21801,-14365.940,-6738.470,50000.000,-24413.881,-7104.529,50000.000,0
21851,-15284.822,-8352.117,50000.000,-23427.764,-9091.705,50000.000,0
21901,-14560.176,-11250.705,50000.000,-24481.115,-7620.000,50000.000,0
21951,-15508.940,-14806.705,50000.000,-25945.352,-5341.470,50000.000,0
22001,-13999.882,-12490.822,50000.000,-27245.234,-3503.706,50000.000,0
22051,-12453.470,-8150.411,50000.000,-26811.939,-2144.059,50000.000,0
22101,-15068.176,-9659.470,50000.000,-26393.586,-1411.941,50000.000,0
22151,-15083.116,-11908.117,50000.000,-27200.410,1030.941,50000.000,1
22201,-16315.764,-14627.411,50000.000,-26580.352,3242.235,50000.000,1
22251,-15292.293,-12729.882,50000.000,-27290.057,-254.000,50000.000,0
22301,-14268.822,-11698.940,50000.000,-26580.352,-2196.353,50000.000,0
22351,-14567.646,-11893.176,50000.000,-26879.174,-1247.588,50000.000,0
22401,-15157.822,-12909.176,50000.000,-26894.115,2622.176,50000.000,0
22451,-15994.528,-13297.646,50000.000,-27431.998,1583.765,50000.000,0
22501,-13895.293,-11736.293,50000.000,-26834.352,-4086.411,50000.000,0
22551,-14141.822,-10936.940,50000.000,-26206.822,-8232.588,50000.000,0
22601,-14171.705,-8912.411,50000.000,-25033.939,-7956.176,50000.000,0
22651,-13641.293,-9554.882,50000.000,-25377.586,-4220.882,50000.000,0
22701,-13999.882,-11556.999,50000.000,-26259.115,-2136.588,50000.000,0
22751,-13999.882,-10757.646,50000.000,-26333.822,-2345.765,50000.000,0
22801,-11415.058,-6424.706,50000.000,-26049.939,-3645.647,50000.000,0
22851,-13887.822,-7597.588,50000.000,-25116.115,-3937.000,50000.000,0
22901,-15822.705,-11751.234,50000.000,-26296.469,-2547.470,50000.000,0
22951,-15927.293,-14971.058,50000.000,-26460.822,-388.471,50000.000,0
23001,-14418.234,-13551.646,50000.000,-26333.822,769.471,50000.000,0
23051,-14829.116,-11474.822,50000.000,-26460.822,-552.823,50000.000,0
23101,-16076.705,-9465.234,50000.000,-25907.998,-672.353,50000.000,0
23151,-16166.352,-8389.470,50000.000,-25907.998,52.294,50000.000,0
23201,-16099.116,-8979.646,50000.000,-25272.998,2345.765,50000.000,0
23251,-14604.999,-7560.235,50000.000,-24182.293,5946.588,50000.000,0
23301,-16793.881,-8396.940,50000.000,-24652.939,3765.176,50000.000,0
23351,-16487.588,-7403.353,50000.000,-25459.764,-1299.882,50000.000,0
23401,-14896.352,-6783.293,50000.000,-24219.645,-5543.176,50000.000,0
23451,-14022.293,-8359.588,50000.000,-20551.586,-3996.764,50000.000,0
23501,-14261.352,-10653.058,50000.000,-23748.998,-1165.412,50000.000,0
23551,-15232.528,-12079.940,50000.000,-24466.176,1419.412,50000.000,0
23601,-15090.587,-11975.353,50000.000,-25990.174,1359.647,50000.000,0
23651,-14306.176,-9965.764,50000.000,-26535.527,-29.882,50000.000,0
23701,-16121.528,-9838.764,50000.000,-25997.645,-1284.941,50000.000,0
23751,-17436.352,-12617.822,50000.000,-26288.998,-679.823,50000.000,0
23801,-16950.764,-15643.411,50000.000,-26595.293,844.176,50000.000,0
23851,-16412.881,-16495.059,50000.000,-26513.115,-239.059,50000.000,0
23901,-15038.293,-14410.764,50000.000,-26408.527,-2241.176,50000.000,0
23951,-15172.764,-14373.411,50000.000,-26542.998,-2375.647,50000.000,0
24001,-14545.234,-14156.764,50000.000,-25698.822,2061.882,50000.000,0
24051,-13409.705,-14223.999,50000.000,-24540.881,4609.353,50000.000,0
24101,-10264.588,-11437.470,50000.000,-26027.527,-724.647,50000.000,0
24151,-12953.999,-15142.881,50000.000,-25706.293,-3839.882,50000.000,0
24201,-15247.470,-16114.058,50000.000,-25250.586,-2144.059,50000.000,0
24251,-15628.470,-15239.999,50000.000,-23853.586,2271.059,50000.000,0
24301,-15523.881,-14724.528,50000.000,-24234.586,679.823,50000.000,0
24351,-12647.705,-10765.117,50000.000,-22919.764,-2637.117,50000.000,0
24401,-11579.411,-6454.588,50000.000,-21029.705,-5423.646,50000.000,0
24451,-11833.411,-5602.941,50000.000,-19550.527,-6305.176,50000.000,0
24501,-13222.940,-7239.000,50000.000,-19318.939,-5498.353,50000.000,0
24551,-10929.470,-7216.588,50000.000,-19490.764,-5580.529,50000.000,0
24601,-8516.470,-6215.529,50000.000,-18639.117,-5080.000,50000.000,0
24651,-10324.353,-5961.529,50000.000,-18646.588,-6686.176,50000.000,0
24701,-10018.059,-3488.764,50000.000,-16666.881,-6678.706,50000.000,0
24751,-10951.882,-2629.647,50000.000,-14784.293,-5356.412,50000.000,0
24801,-11310.470,-5244.353,50000.000,-15860.058,-4803.588,50000.000,0
24851,-11422.528,-6738.470,50000.000,-16756.527,-2599.765,50000.000,0
24901,-11198.411,-6947.646,50000.000,-15538.822,216.647,50000.000,0
24951,-12326.470,-7351.058,50000.000,-16136.470,1807.882,50000.000,0
25001,-11429.999,-7179.235,50000.000,-17017.998,814.294,50000.000,0
25051,-11086.353,-8142.940,50000.000,-16816.293,-1008.529,50000.000,0
25101,-11048.999,-7119.470,50000.000,-16771.469,-1509.059,50000.000,0
25151,-11026.588,-5266.764,50000.000,-15344.587,-515.471,50000.000,0
25201,-13357.411,-6626.411,50000.000,-16046.822,1187.823,50000.000,0
25251,-11235.764,-7089.588,50000.000,-17092.705,575.235,50000.000,0
25301,-10092.764,-7664.823,50000.000,-17062.822,-627.529,50000.000,0
25351,-12296.588,-9592.234,50000.000,-17503.588,-373.529,50000.000,0
25401,-12782.176,-10055.411,50000.000,-17787.469,0.000,50000.000,0
25451,-12871.822,-8247.529,50000.000,-17040.410,597.647,50000.000,0
25501,-14223.999,-7896.411,50000.000,-16831.234,1651.000,50000.000,0
25551,-13932.646,-9965.764,50000.000,-17929.410,1479.176,50000.000,0
25601,-12632.764,-11990.293,50000.000,-18908.057,-941.294,50000.000,0
25651,-11549.528,-13618.882,50000.000,-19371.234,-4265.706,50000.000,0
25701,-10122.646,-12871.822,50000.000,-19722.352,-5954.059,50000.000,0
25751,-10473.764,-12849.411,50000.000,-18952.881,635.000,50000.000,0
25801,-10862.234,-12416.117,50000.000,-18922.998,3578.412,50000.000,0
25851,-11243.234,-10219.764,50000.000,-19670.057,1748.118,50000.000,0
25901,-12625.293,-9046.882,50000.000,-19557.998,1501.588,50000.000,0
25951,-11198.411,-8606.117,50000.000,-19617.764,1882.588,50000.000,0
26001,-10824.882,-10384.117,50000.000,-19087.352,6043.706,50000.000,0
26051,-10533.528,-10638.117,50000.000,-19244.234,6200.588,50000.000,0
26101,-10115.176,-8807.823,50000.000,-19924.057,2943.412,50000.000,0
26151,-11392.646,-10122.646,50000.000,-19849.352,455.706,50000.000,0
26201,-11833.411,-11288.058,50000.000,-20715.939,1531.470,50000.000,0
26251,-11990.293,-12162.117,50000.000,-19931.527,6738.470,50000.000,0
26301,-12744.822,-12894.234,50000.000,-20439.527,4833.470,50000.000,0
26351,-12528.176,-12886.764,50000.000,-21455.527,1486.647,50000.000,0
26401,-14149.293,-14470.528,50000.000,-22224.998,582.706,50000.000,0
26451,-14096.999,-13402.234,50000.000,-21119.352,5057.588,50000.000,0
26501,-15262.411,-13880.352,50000.000,-21926.176,7313.706,50000.000,0
26551,-14694.646,-14119.411,50000.000,-24593.176,2383.117,50000.000,0
26601,-15030.822,-14776.822,50000.000,-25280.469,-104.588,50000.000,0
26651,-14679.705,-13753.352,50000.000,-24974.174,3570.941,50000.000,0
26701,-17398.998,-16128.999,50000.000,-25205.764,4631.764,50000.000,0
26751,-18280.527,-16607.117,50000.000,-27207.881,112.059,50000.000,0
26801,-17585.764,-16622.059,50000.000,-27080.881,-1934.882,50000.000,0
26851,-16517.469,-16450.234,50000.000,-26819.410,582.706,50000.000,0
26901,-16726.646,-18198.352,50000.000,-26759.645,1008.529,50000.000,0
26951,-15568.705,-16711.705,50000.000,-27939.998,-1314.823,50000.000,0
27001,-14941.176,-15269.881,50000.000,-27992.293,-1658.470,50000.000,0
27051,-14014.822,-14410.764,50000.000,-27125.703,2465.294,50000.000,0
27101,-13424.646,-13140.764,50000.000,-26333.822,3697.941,50000.000,0
27151,-14231.470,-12670.117,50000.000,-26744.703,343.647,50000.000,0
27201,-15620.999,-14440.646,50000.000,-27290.057,-1038.412,50000.000,0
27251,-14209.058,-14888.881,50000.000,-26752.174,1352.176,50000.000,0
27301,-13775.764,-15860.058,50000.000,-26326.352,1576.294,50000.000,0
27351,-12438.528,-14186.646,50000.000,-26923.998,-1680.882,50000.000,0
27401,-14971.058,-17316.822,50000.000,-27065.939,-2816.412,50000.000,0
27451,-14425.705,-15508.940,50000.000,-26796.998,1867.647,50000.000,0
27501,-15120.470,-14388.352,50000.000,-27319.939,3429.000,50000.000,0
27551,-15650.881,-14918.764,50000.000,-27850.352,89.647,50000.000,0
27601,-15546.293,-13678.646,50000.000,-27050.998,-657.412,50000.000,0
27651,-15800.293,-13626.352,50000.000,-27304.998,3025.588,50000.000,0
27701,-18146.057,-15538.822,50000.000,-30823.645,1897.529,50000.000,0
27751,-16069.234,-14365.940,50000.000,-31742.527,-1113.118,50000.000,0
27801,-19020.117,-16121.528,50000.000,-31630.469,-657.412,50000.000,0
27851,-16607.117,-16786.410,50000.000,-31652.881,1426.882,50000.000,0
27901,-15075.646,-15090.587,50000.000,-32997.586,-1897.529,50000.000,0
27951,-12991.353,-13842.999,50000.000,-33460.762,-3324.412,50000.000,0
28001,-12206.940,-12983.882,50000.000,-32646.469,552.823,50000.000,0
28051,-11004.176,-12826.999,50000.000,-32407.410,1643.529,50000.000,0
28101,-11721.353,-13633.822,50000.000,-33632.586,-1509.059,50000.000,0
28151,-13364.882,-15359.528,50000.000,-33505.586,-1740.647,50000.000,0
28201,-13738.411,-17197.293,50000.000,-32101.115,859.118,50000.000,0
28251,-12453.470,-15366.999,50000.000,-32280.410,-1882.588,50000.000,0
28301,-14500.411,-17144.998,50000.000,-32362.586,-3772.647,50000.000,0
28351,-12558.058,-13798.176,50000.000,-32003.998,-410.882,50000.000,0
28401,-13999.882,-14664.764,50000.000,-32511.998,-1277.470,50000.000,0
28451,-13312.587,-13828.058,50000.000,-32302.822,-4422.588,50000.000,0
28501,-11609.293,-8897.470,50000.000,-30054.174,-3100.294,50000.000,0
28551,-13409.705,-4721.412,50000.000,-27342.352,440.765,50000.000,0
28601,-14365.940,-2106.706,50000.000,-25840.764,276.412,50000.000,0
28651,-16801.352,-3780.117,50000.000,-23502.469,-4467.412,50000.000,0
28701,-13095.940,-2756.647,50000.000,-21246.352,-9285.940,50000.000,0
28751,-14067.116,948.765,50000.000,-19027.588,-8008.470,50000.000,0
28801,-14298.705,2323.353,50000.000,-17107.646,-2794.000,50000.000,0
28851,-15053.234,-2129.117,50000.000,-17316.822,-3182.470,50000.000,0
28901,-9495.117,-5334.000,50000.000,-15247.470,-9383.059,50000.000,0
28951,-6768.353,-6081.059,50000.000,-11497.234,-11639.176,50000.000,0
29001,-6454.588,-8374.529,50000.000,-11213.353,-12714.940,50000.000,0
29051,-4773.706,-7620.000,50000.000,-10077.823,-9711.764,50000.000,0
29101,-5475.941,-3645.647,50000.000,-8852.646,-6208.059,50000.000,0
29151,-5969.000,-3421.529,50000.000,-7933.764,-4512.235,50000.000,0
29201,-5229.412,-8254.999,50000.000,-8546.353,-5266.764,50000.000,0
29251,-4198.470,-11930.528,50000.000,-9495.117,-6992.470,50000.000,0
29301,-4093.882,-13887.822,50000.000,-10257.117,-6820.646,50000.000,0
29351,-3511.176,-13947.587,50000.000,-11347.823,-6917.764,50000.000,0
29401,-2659.529,-10720.293,50000.000,-10324.353,-7829.176,50000.000,0
29451,-3189.941,-11661.588,50000.000,-9278.470,-7261.411,50000.000,0
29501,-4183.529,-13857.940,50000.000,-11056.470,-2891.117,50000.000,0
29551,-5909.235,-16390.469,50000.000,-11788.588,-1292.412,50000.000,0
29601,-4661.647,-14657.293,50000.000,-11773.646,-4624.294,50000.000,0
29651,-4034.117,-13409.705,50000.000,-10526.059,-6364.941,50000.000,0
29701,-4796.117,-12251.764,50000.000,-10944.411,-4235.823,50000.000,0
29751,-5677.646,-12393.705,50000.000,-11422.528,-1172.882,50000.000,0
29801,-6028.764,-12311.528,50000.000,-12460.940,-3369.235,50000.000,0
29851,-6611.470,-13043.646,50000.000,-12535.646,-5184.588,50000.000,0
29901,-7769.411,-13402.234,50000.000,-13409.705,-4258.235,50000.000,0
29951,-7395.882,-11840.882,50000.000,-13917.705,1075.765,50000.000,0
30001,-7754.470,-10615.705,50000.000,-14463.058,2076.823,50000.000,0
30051,-8665.882,-10010.588,50000.000,-15628.470,-351.118,50000.000,0
30101,-8613.588,-10077.823,50000.000,-14776.822,-1195.294,50000.000,0
30151,-8322.234,-10115.176,50000.000,-15501.470,-1770.529,50000.000,0
30201,-8254.999,-11781.117,50000.000,-15045.764,1187.823,50000.000,0
30251,-8576.234,-12378.764,50000.000,-14799.234,3077.882,50000.000,0
30301,-9383.059,-11370.234,50000.000,-15964.646,268.941,50000.000,0
30351,-9995.646,-11131.176,50000.000,-15867.528,-552.823,50000.000,0
30401,-10794.999,-11429.999,50000.000,-16741.588,-941.294,50000.000,0
30451,-10413.999,-11019.117,50000.000,-16988.117,3339.353,50000.000,0
30501,-11258.176,-10555.940,50000.000,-17346.705,6200.588,50000.000,0
30551,-11056.470,-10130.117,50000.000,-18325.352,1703.294,50000.000,0
30601,-8762.999,-8576.234,50000.000,-18654.057,-1255.059,50000.000,0
30651,-10391.588,-9524.999,50000.000,-18825.881,-2853.764,50000.000,0
30701,-10376.646,-8449.234,50000.000,-19020.117,298.824,50000.000,0
30751,-14321.116,-10077.823,50000.000,-18855.764,4997.823,50000.000,0
30801,-15172.764,-8770.470,50000.000,-20118.293,3675.529,50000.000,0
30851,-14403.293,-8135.470,50000.000,-20200.469,-605.118,50000.000,0
30901,-13977.470,-8486.588,50000.000,-20073.469,-4661.647,50000.000,0
30951,-13491.882,-8060.764,50000.000,-20402.176,-5588.000,50000.000,0
31001,-15023.352,-9203.764,50000.000,-19595.352,-2181.412,50000.000,0
31051,-14746.940,-9143.999,50000.000,-21201.527,784.412,50000.000,0
31101,-15314.705,-8531.411,50000.000,-20835.469,149.412,50000.000,0
31151,-15366.999,-6454.588,50000.000,-19886.705,-5834.529,50000.000,0
31201,-12535.646,-2144.059,50000.000,-18997.705,-8919.882,50000.000,0
31251,-12326.470,89.647,50000.000,-17645.527,-7463.117,50000.000,0
31301,-10742.705,-1531.470,50000.000,-16853.646,-7321.176,50000.000,0
31351,-9995.646,-3981.823,50000.000,-17436.352,-9778.999,50000.000,0
31401,-8665.882,-4422.588,50000.000,-15464.116,-11220.823,50000.000,0
31451,-8307.294,-6125.882,50000.000,-15232.528,-13215.470,50000.000,0
31501,-6551.706,-7104.529,50000.000,-15837.646,-12117.293,50000.000,0
31551,-7134.411,-6648.823,50000.000,-15434.234,-6693.646,50000.000,0
31601,-8837.705,-6805.706,50000.000,-14029.764,-1897.529,50000.000,0
31651,-9405.470,-7911.353,50000.000,-13850.470,-1001.059,50000.000,1
31701,-7836.646,-8105.588,50000.000,-13611.411,-2704.353,50000.000,1
31751,-6970.059,-7500.470,50000.000,-13148.234,-4631.764,50000.000,0
31801,-7014.882,-8897.470,50000.000,-11781.117,-5677.646,50000.000,0
31851,-6036.235,-8957.234,50000.000,-11758.705,-6902.823,50000.000,0
31901,-5558.117,-6962.588,50000.000,-11243.234,-8904.940,50000.000,0
31951,-5363.882,-4900.706,50000.000,-9891.059,-8703.234,50000.000,0
32001,-6013.823,-6125.882,50000.000,-10167.470,-5505.823,50000.000,0
32051,-6327.588,-7448.176,50000.000,-10458.823,-1531.470,50000.000,0
32101,-6424.706,-9136.528,50000.000,-10675.470,918.882,50000.000,0
32151,-6865.470,-11168.528,50000.000,-11870.764,2084.294,50000.000,0
32201,-6155.764,-8830.234,50000.000,-12124.764,-1270.000,50000.000,0
32251,-5438.588,-7642.411,50000.000,-10466.293,-4811.059,50000.000,0
32301,-5797.176,-7709.646,50000.000,-10518.588,-5931.646,50000.000,0
32351,-3832.412,-5386.294,50000.000,-10376.646,-4288.117,50000.000,0
32401,-5057.588,-4228.353,50000.000,-9674.411,-1897.529,50000.000,0
32451,-5072.529,-2495.176,50000.000,-9233.646,-2928.470,50000.000,0
32501,-5311.588,-3899.647,50000.000,-8665.882,-4967.941,50000.000,0
32551,-5461.000,-8494.059,50000.000,-9196.294,-6731.000,50000.000,0
32601,-5446.059,-10854.764,50000.000,-9876.117,-7590.117,50000.000,0
32651,-5072.529,-8523.940,50000.000,-10712.823,-6910.293,50000.000,0
32701,-6155.764,-9898.528,50000.000,-10974.293,-5983.941,50000.000,0
32751,-6417.235,-10294.470,50000.000,-12154.646,-6237.941,50000.000,0
32801,-7224.058,-14380.882,50000.000,-13110.882,-1763.059,50000.000,0
32851,-8740.588,-15568.705,50000.000,-13932.646,933.823,50000.000,0
32901,-7567.706,-14074.587,50000.000,-14246.411,-2457.823,50000.000,0
32951,-6865.470,-12378.764,50000.000,-13992.411,-4026.647,50000.000,0
33001,-7455.646,-11355.293,50000.000,-14477.999,-2271.059,50000.000,0
33051,-8777.940,-9039.411,50000.000,-14463.058,3160.059,50000.000,0
33101,-10361.705,-7149.353,50000.000,-14403.293,5498.353,50000.000,0
33151,-10376.646,-6611.470,50000.000,-15703.176,1314.823,50000.000,0
33201,-10720.293,-7097.058,50000.000,-16995.588,-1987.176,50000.000,0
33251,-10877.176,-6484.470,50000.000,-17309.352,-4803.588,50000.000,0
33301,-11459.882,-6058.646,50000.000,-17421.410,-3959.411,50000.000,0
33351,-10451.353,-5229.412,50000.000,-18146.057,179.294,50000.000,0
33401,-12289.117,-4930.588,50000.000,-18385.117,3989.294,50000.000,0
33451,-12625.293,-3152.588,50000.000,-18280.527,2144.059,50000.000,0
33501,-11639.176,-1045.882,50000.000,-17264.527,-2181.412,50000.000,0
33551,-11332.882,-612.588,50000.000,-15837.646,-7029.823,50000.000,0
33601,-8777.940,-134.471,50000.000,-14313.646,-8755.529,50000.000,0
33651,-4893.235,1643.529,50000.000,-12543.117,-5961.529,50000.000,0
33701,-8979.646,2861.235,50000.000,-9950.823,-3085.353,50000.000,0
33751,-7067.176,-1770.529,50000.000,-9375.588,-7246.470,50000.000,0
33801,-4288.117,-3922.059,50000.000,-8501.529,-10839.823,50000.000,0
33851,-3944.470,-6701.117,50000.000,-7298.764,-12423.587,50000.000,0
33901,-2838.823,-9764.059,50000.000,-7239.000,-12445.999,50000.000,0
33951,-3414.059,-10413.999,50000.000,-6858.000,-7485.529,50000.000,0
34001,-4967.941,-9091.705,50000.000,-8434.294,-4676.588,50000.000,0
34051,-5595.470,-8792.882,50000.000,-9002.059,-3705.412,50000.000,0
34101,-4788.647,-10675.470,50000.000,-9039.411,-4026.647,50000.000,0
34151,-4527.176,-16771.469,50000.000,-9689.353,-1464.235,50000.000,0
34201,-5020.235,-15934.764,50000.000,-10787.528,-2345.765,50000.000,0
34251,-3473.823,-13013.764,50000.000,-9547.411,-4616.823,50000.000,0
34301,-4512.235,-13857.940,50000.000,-9935.882,-2823.882,50000.000,0
34351,-4310.529,-9397.999,50000.000,-10279.528,1150.470,50000.000,0
34401,-5782.235,-8142.940,50000.000,-9495.117,5229.412,50000.000,0
34451,-7597.588,-8292.353,50000.000,-11048.999,2114.176,50000.000,0
34501,-6999.941,-8673.353,50000.000,-12191.999,-1232.647,50000.000,0
34551,-7126.941,-7911.353,50000.000,-12535.646,-4639.235,50000.000,0
34601,-7074.646,-6409.764,50000.000,-12289.117,-3944.470,50000.000,0
34651,-8195.234,-5670.176,50000.000,-11168.528,-739.588,50000.000,0
34701,-10481.234,-5789.706,50000.000,-12475.882,2577.353,50000.000,0
34751,-12199.470,-5281.706,50000.000,-13715.999,2674.470,50000.000,0
34801,-12072.470,-4362.823,50000.000,-14821.646,2263.588,50000.000,0
34851,-11474.822,-3055.470,50000.000,-16285.881,-171.824,50000.000,0
34901,-10981.764,-3204.882,50000.000,-16188.764,-2988.235,50000.000,0
34951,-10974.293,-4101.353,50000.000,-16226.116,-3473.823,50000.000,0
35001,-11870.764,-4168.588,50000.000,-16935.822,-3249.706,50000.000,0
35051,-9502.588,-2121.647,50000.000,-15441.705,-3780.117,50000.000,0
35101,-10428.940,-1524.000,50000.000,-14134.352,-5012.764,50000.000,0
35151,-10533.528,-2726.764,50000.000,-14410.764,-5535.706,50000.000,0
35201,-10018.059,-2973.294,50000.000,-14156.764,-5588.000,50000.000,0
35251,-9241.117,-2883.647,50000.000,-12849.411,-6775.823,50000.000,0
35301,-8680.823,-881.529,50000.000,-12572.999,-5901.764,50000.000,0
35351,-8762.999,986.118,50000.000,-10548.470,-2599.765,50000.000,0
35401,-7380.941,-1561.353,50000.000,-8807.823,-4310.529,50000.000,0
35451,-4609.353,-5117.353,50000.000,-8733.117,-7709.646,50000.000,0
35501,-3092.823,-7500.470,50000.000,-7844.117,-11198.411,50000.000,0
35551,-1628.588,-9719.234,50000.000,-7642.411,-14694.646,50000.000,0
35601,-1568.823,-9338.234,50000.000,-7425.764,-11975.353,50000.000,0
35651,-1411.941,-8561.294,50000.000,-5834.529,-11923.058,50000.000,0
35701,-687.294,-9256.059,50000.000,-5827.059,-13461.999,50000.000,0
35751,-814.294,-11175.999,50000.000,-6581.588,-11743.764,50000.000,0
35801,-971.176,-14380.882,50000.000,-7119.470,-11370.234,50000.000,0
35851,-1030.941,-11190.940,50000.000,-7634.940,-11728.822,50000.000,0
35901,-776.941,-11878.234,50000.000,-6118.411,-12259.234,50000.000,0
35951,-1038.412,-15314.705,50000.000,-7859.058,-11415.058,50000.000,0
36001,-1695.823,-13641.293,50000.000,-9009.528,-8165.353,50000.000,0
36051,-2502.647,-13424.646,50000.000,-9592.234,-8994.588,50000.000,0
36101,-2286.000,-12692.528,50000.000,-9136.528,-10174.940,50000.000,0
36151,-2950.882,-15008.411,50000.000,-9958.293,-8546.353,50000.000,0
36201,-4766.235,-15441.705,50000.000,-11796.058,-5416.176,50000.000,0
36251,-5319.059,-15135.411,50000.000,-11377.705,-8165.353,50000.000,0
36301,-3272.117,-12617.822,50000.000,-10257.117,-12326.470,50000.000,0
36351,-4078.941,-12236.822,50000.000,-9928.411,-11280.588,50000.000,0
36401,-4415.117,-11288.058,50000.000,-9061.823,-9427.882,50000.000,0
36451,-3503.706,-11190.940,50000.000,-9681.882,-10376.646,50000.000,0
36501,-3653.117,-10705.353,50000.000,-9181.353,-10772.588,50000.000,0
36551,-3518.647,-9442.823,50000.000,-8845.176,-11646.646,50000.000,0
36601,-3085.353,-8523.940,50000.000,-7493.000,-9980.705,50000.000,0
36651,-1471.706,-8830.234,50000.000,-6402.293,-11258.176,50000.000,0
36701,-642.471,-7037.293,50000.000,-5692.588,-11960.411,50000.000,0
36751,-351.118,-3167.529,50000.000,-2667.000,-11086.353,50000.000,0
36801,649.941,-2308.412,50000.000,-1240.118,-13200.528,50000.000,0
36851,1770.529,-5326.529,50000.000,-433.294,-13887.822,50000.000,1
36901,1456.765,-9002.059,50000.000,-1501.588,-13865.411,50000.000,1
36951,1426.882,-11093.823,50000.000,-2569.882,-14403.293,50000.000,0
37001,74.706,-10787.528,50000.000,-4034.117,-11220.823,50000.000,0
37051,-134.471,-11594.353,50000.000,-4295.588,-12124.764,50000.000,0
37101,-747.059,-11997.764,50000.000,-6223.000,-10727.764,50000.000,0
37151,-1875.118,-10884.646,50000.000,-6506.882,-6641.353,50000.000,0
37201,-2196.353,-11385.176,50000.000,-6865.470,-8142.940,50000.000,0
37251,-776.941,-9218.705,50000.000,-5109.882,-13267.764,50000.000,0
37301,425.823,-7530.353,50000.000,-3496.235,-15277.352,50000.000,0
37351,702.235,-8441.764,50000.000,-2614.706,-13559.117,50000.000,0
37401,358.588,-11302.999,50000.000,-3727.823,-13163.176,50000.000,0
37451,597.647,-11982.822,50000.000,-3302.000,-12737.353,50000.000,0
37501,22.412,-8015.940,50000.000,-2891.117,-10877.176,50000.000,0
37551,22.412,-8523.940,50000.000,-2823.882,-12221.882,50000.000,0
37601,-82.176,-10854.764,50000.000,-4370.294,-9487.646,50000.000,0
37651,-1314.823,-12856.882,50000.000,-4609.353,-5326.529,50000.000,0
37701,-1546.412,-14918.764,50000.000,-6275.293,-6096.000,50000.000,0
37751,-1568.823,-11796.058,50000.000,-6902.823,-8680.823,50000.000,0
37801,-1815.353,-14037.234,50000.000,-7164.293,-10227.234,50000.000,0
37851,-2061.882,-15127.940,50000.000,-9158.940,-8441.764,50000.000,0
37901,-3585.882,-14261.352,50000.000,-9263.528,-4183.529,50000.000,0
37951,-3384.176,-11392.646,50000.000,-9749.117,-6850.529,50000.000,0
38001,-1591.235,-10130.117,50000.000,-8471.646,-11183.470,50000.000,0
38051,-1763.059,-11437.470,50000.000,-8075.706,-12326.470,50000.000,0
38101,-1023.471,-9353.176,50000.000,-7478.058,-12236.822,50000.000,0
38151,-836.706,-10242.176,50000.000,-6850.529,-14358.470,50000.000,0
38201,-418.353,-8314.764,50000.000,-7605.058,-18534.527,50000.000,0
38251,-231.588,-8113.058,50000.000,-5356.412,-19797.057,50000.000,0
38301,-216.647,-10884.646,50000.000,-7029.823,-19169.527,50000.000,0
38351,7.471,-12714.940,50000.000,-7903.882,-20402.176,50000.000,0
38401,-918.882,-10309.411,50000.000,-7799.293,-16465.176,50000.000,0
38451,-829.235,-10563.411,50000.000,-8583.705,-16024.411,50000.000,0
38501,-2076.823,-14059.646,50000.000,-9226.176,-12460.940,50000.000,0
38551,-2024.529,-14769.352,50000.000,-9928.411,-13753.352,50000.000,0
38601,-1860.176,-15411.822,50000.000,-9480.176,-15972.116,50000.000,0
38651,-956.235,-13925.176,50000.000,-9293.411,-15389.411,50000.000,0
38701,-1262.529,-13200.528,50000.000,-7754.470,-11669.058,50000.000,0
38751,-620.059,-13125.822,50000.000,-5849.470,-13140.764,50000.000,0
38801,814.294,-10137.588,50000.000,-3668.059,-18213.293,50000.000,0
38851,1486.647,-10884.646,50000.000,-2965.823,-17869.646,50000.000,0
38901,1322.294,-12894.234,50000.000,-3160.059,-19087.352,50000.000,0
38951,1621.118,-12378.764,50000.000,-4616.823,-19834.410,50000.000,0
39001,1030.941,-11960.411,50000.000,-3496.235,-19572.939,50000.000,0
39051,1075.765,-14948.646,50000.000,-4452.470,-17496.117,50000.000,0
39101,179.294,-12416.117,50000.000,-2958.353,-8389.470,50000.000,0
39151,-769.471,-2017.059,50000.000,-1583.765,-3048.000,50000.000,0
39201,-1075.765,3727.823,50000.000,-149.412,1255.059,50000.000,0
39251,-732.118,6596.529,50000.000,1105.647,1957.294,50000.000,0
39301,627.529,6835.588,50000.000,2420.470,-612.588,50000.000,0
39351,3683.000,4467.412,50000.000,3944.470,-6394.823,50000.000,0
39401,6790.764,1322.294,50000.000,5326.529,-11108.764,50000.000,0
39451,8486.588,-1023.471,50000.000,5027.706,-10428.940,50000.000,0
39501,10025.528,-3824.941,50000.000,6574.117,-14298.705,50000.000,0
39551,12147.176,-4168.588,50000.000,8643.470,-20865.352,50000.000,0
39601,12655.176,-343.647,50000.000,10854.764,-18243.176,50000.000,0
39651,15105.528,-6491.941,50000.000,11243.234,-20603.881,50000.000,0
39701,14388.352,-10301.940,50000.000,9338.234,-21956.057,50000.000,0
39751,15105.528,-8875.059,50000.000,10361.705,-20282.646,50000.000,0
39801,16704.234,-12946.528,50000.000,8718.176,-19625.234,50000.000,0
39851,15860.058,-13499.352,50000.000,7366.000,-18287.998,50000.000,0
39901,15142.881,-11332.882,50000.000,13999.882,-29030.703,50000.000,0
39951,16778.939,-14291.234,50000.000,15852.587,-34028.527,50000.000,0
40001,17376.588,-14672.234,50000.000,15718.116,-34222.762,50000.000,0
40051,19513.176,-16502.527,50000.000,13618.882,-30599.527,50000.000,0
40101,19729.822,-17630.588,50000.000,15830.176,-37666.703,50000.000,0
40151,18355.234,-16031.881,50000.000,17989.176,-42410.527,50000.000,0
40201,16980.646,-14642.352,50000.000,18751.176,-42193.879,50000.000,0
40251,15852.587,-12871.822,50000.000,17906.998,-43419.055,50000.000,0
40301,16099.116,-12625.293,50000.000,18848.293,-42873.703,50000.000,0
40351,18407.527,-13686.117,50000.000,14866.470,-31047.762,50000.000,0
40401,19640.176,-15060.705,50000.000,7463.117,-17017.998,50000.000,0
40451,20499.293,-15217.587,50000.000,16868.588,-31413.822,50000.000,0
40501,17981.705,-11213.353,50000.000,15934.764,-24249.527,50000.000,0
40551,16943.293,-11855.822,50000.000,12341.411,-16808.822,50000.000,0
40601,16203.705,-7366.000,50000.000,11818.470,-11362.764,50000.000,0
40651,16965.705,-545.353,50000.000,15284.822,-11803.528,50000.000,0
40701,18265.588,-1038.412,50000.000,16853.646,-11063.940,50000.000,0
40751,15635.940,-2853.764,50000.000,16457.705,-7164.293,50000.000,0
40801,13984.940,-3316.941,50000.000,17189.822,-5050.117,50000.000,0
40851,14455.587,-3757.706,50000.000,16480.117,-6783.293,50000.000,0
40901,14612.470,-239.059,50000.000,16128.999,-9711.764,50000.000,0
40951,15755.470,2943.412,50000.000,17690.352,-11407.588,50000.000,0
41001,17443.822,-1090.706,50000.000,16495.059,-11175.999,50000.000,0
41051,16039.352,-6529.293,50000.000,11967.882,-9226.176,50000.000,0
41101,15180.234,-8635.999,50000.000,12401.176,-9554.882,50000.000,0
41151,16771.469,-8359.588,50000.000,13977.470,-14814.176,50000.000,0
41201,15927.293,-5147.235,50000.000,12587.940,-14634.882,50000.000,0
41251,16920.881,-2480.235,50000.000,13783.234,-13222.940,50000.000,0
41301,17047.881,-119.529,50000.000,14365.940,-12311.528,50000.000,0
41351,18153.527,2853.764,50000.000,18310.410,-16577.234,50000.000,0
41401,19348.822,-1792.941,50000.000,18019.057,-17391.527,50000.000,0
41451,17615.646,-7104.529,50000.000,17279.469,-20857.881,50000.000,0
41501,17974.234,-5729.941,50000.000,18198.352,-19767.176,50000.000,0
41551,19430.998,-4332.941,50000.000,18541.998,-20648.705,50000.000,0
41601,19102.293,-9203.764,50000.000,17204.764,-22337.057,50000.000,0
41651,17593.234,-10204.823,50000.000,16166.352,-20700.998,50000.000,0
41701,18661.527,-8718.176,50000.000,16151.411,-18407.527,50000.000,0
41751,18131.117,-9868.646,50000.000,12670.117,-13925.176,50000.000,0
41801,15493.999,-10503.646,50000.000,9427.882,-9629.588,50000.000,0
41851,16622.059,-9412.940,50000.000,14664.764,-14029.764,50000.000,0
41901,17929.410,-7336.117,50000.000,16786.410,-15583.646,50000.000,0
41951,17832.293,-7672.293,50000.000,15576.176,-12879.293,50000.000,0
42001,15322.176,-8860.117,50000.000,13850.470,-11444.940,50000.000,0
42051,12677.587,-6775.823,50000.000,12819.528,-9913.470,50000.000,0
42101,10107.705,-261.471,50000.000,12475.882,-7844.117,50000.000,0
42151,11482.293,3010.647,50000.000,14492.940,-9778.999,50000.000,0
42201,12468.411,44.824,50000.000,13671.176,-10040.470,50000.000,0
42251,12094.882,-1613.647,50000.000,12640.234,-9143.999,50000.000,0
42301,12886.764,-1187.823,50000.000,13641.293,-8972.176,50000.000,0
42351,12677.587,-560.294,50000.000,13581.528,-6148.294,50000.000,0
42401,12050.058,-649.941,50000.000,13432.117,-3294.529,50000.000,0
42451,11542.058,1875.118,50000.000,13693.587,-1665.941,50000.000,0
42501,11915.588,6245.411,50000.000,14418.234,-231.588,50000.000,0
42551,12617.822,5617.882,50000.000,15733.058,179.294,50000.000,0
42601,13865.411,2166.470,50000.000,16532.410,-485.588,50000.000,0
42651,14724.528,582.706,50000.000,17092.705,-1240.118,50000.000,0
42701,14731.999,1568.823,50000.000,18825.881,-776.941,50000.000,0
42751,16674.352,1389.529,50000.000,19079.881,97.118,50000.000,0
42801,15486.528,134.471,50000.000,17436.352,1695.823,50000.000,0
42851,14171.705,-635.000,50000.000,17473.705,4325.470,50000.000,0
42901,13715.999,-478.118,50000.000,17017.998,4661.647,50000.000,0
42951,13080.999,552.823,50000.000,16890.998,545.353,50000.000,0
43001,12789.646,1150.470,50000.000,16039.352,-179.294,50000.000,0
43051,11781.117,1441.823,50000.000,14507.882,545.353,50000.000,0
43101,10040.470,1299.882,50000.000,13133.293,2562.412,50000.000,0
43151,7507.940,612.588,50000.000,10765.117,3122.706,50000.000,0
43201,6021.294,1098.176,50000.000,9046.882,1912.470,50000.000,0
43251,4982.882,1486.647,50000.000,7082.117,1135.529,50000.000,0
43301,3436.470,433.294,50000.000,4191.000,224.118,50000.000,0
43351,1949.823,-22.412,50000.000,1882.588,-612.588,50000.000,0
43401,7.471,-74.706,50000.000,67.235,-224.118,50000.000,0
43451,-1486.647,134.471,50000.000,-1882.588,-119.529,50000.000,0
43501,-2704.353,59.765,50000.000,-3077.882,-224.118,50000.000,0
43551,-3847.353,-313.765,50000.000,-4691.529,-179.294,50000.000,1
43601,-4557.059,-97.118,50000.000,-5573.059,-291.353,50000.000,1
43651,-5625.353,0.000,50000.000,-6551.706,-239.059,50000.000,0
43701,-6260.353,-179.294,50000.000,-7425.764,-201.706,50000.000,0
43751,-7112.000,-127.000,50000.000,-8015.940,-201.706,50000.000,0
43801,-7313.706,-343.647,50000.000,-8598.646,-373.529,50000.000,0
43851,-7545.293,-366.059,50000.000,-8957.234,-657.412,50000.000,0
43901,-7709.646,-343.647,50000.000,-9173.882,-866.588,50000.000,0
43951,-8277.411,-351.118,50000.000,-9502.588,-963.706,50000.000,0
44001,-8322.234,-410.882,50000.000,-9764.059,-762.000,50000.000,0
44051,-8464.176,-112.059,50000.000,-9928.411,-605.118,50000.000,0
44101,-8994.588,-14.941,50000.000,-10100.234,-874.059,50000.000,0
44151,-9114.117,-328.706,50000.000,-10608.234,-821.765,50000.000,0
44201,-9420.411,-403.412,50000.000,-10899.588,-717.176,50000.000,0
44251,-9517.528,-134.471,50000.000,-11034.058,-911.412,50000.000,0
44301,-9263.528,-851.647,50000.000,-11474.822,-903.941,50000.000,0
44351,-9614.646,-627.529,50000.000,-11661.588,-836.706,50000.000,0
44401,-9958.293,-679.823,50000.000,-11512.176,-859.118,50000.000,0
44451,-9749.117,-732.118,50000.000,-11654.117,-1068.294,50000.000,0
44501,-9114.117,-463.176,50000.000,-10585.823,-963.706,50000.000,0
44551,-8822.764,-508.000,50000.000,-9883.588,-1195.294,50000.000,0
44601,-8142.940,-440.765,50000.000,-9629.588,-993.588,50000.000,0
44651,-7948.706,-440.765,50000.000,-8762.999,-298.824,50000.000,0
44701,-6940.176,-762.000,50000.000,-8157.882,-672.353,50000.000,0
44751,-5991.411,-911.412,50000.000,-7246.470,-806.823,50000.000,0
44801,-5431.117,-605.118,50000.000,-6290.235,-381.000,50000.000,0
44851,-4631.764,-425.823,50000.000,-5490.882,-209.176,50000.000,0
44901,-3167.529,-627.529,50000.000,-4437.529,-687.294,50000.000,0
44951,-2166.470,-493.059,50000.000,-3503.706,-635.000,50000.000,0
45001,-2061.882,-291.353,50000.000,-2569.882,-261.471,50000.000,0
45051,-1202.765,-171.824,50000.000,-1621.118,-82.176,50000.000,0
45101,-552.823,-186.765,50000.000,-754.529,-291.353,50000.000,0
45151,127.000,-74.706,50000.000,59.765,-321.235,50000.000,0
45201,545.353,59.765,50000.000,821.765,29.882,50000.000,0
45251,1030.941,156.882,50000.000,1456.765,164.353,50000.000,0
45301,1688.353,186.765,50000.000,2017.059,97.118,50000.000,0
45351,2136.588,164.353,50000.000,2510.117,97.118,50000.000,0
45401,2398.059,246.529,50000.000,2898.588,194.235,50000.000,0
45451,2644.588,209.176,50000.000,3189.941,239.059,50000.000,0
45501,3055.470,291.353,50000.000,3526.117,112.059,50000.000,0
45551,3175.000,261.471,50000.000,3757.706,104.588,50000.000,0
45601,3152.588,179.294,50000.000,3899.647,343.647,50000.000,0
45651,3279.588,321.235,50000.000,4026.647,373.529,50000.000,0
45701,3414.059,246.529,50000.000,4086.411,112.059,50000.000,0
45751,3429.000,313.765,50000.000,4235.823,82.176,50000.000,0
45801,3481.294,381.000,50000.000,4303.059,276.412,50000.000,0
45851,3892.176,328.706,50000.000,4347.882,231.588,50000.000,0
45901,3556.000,403.412,50000.000,4146.176,358.588,50000.000,0
45951,3025.588,508.000,50000.000,4078.941,567.765,50000.000,0
46001,3272.117,201.706,50000.000,3712.882,141.941,50000.000,0
46051,2749.176,403.412,50000.000,3346.823,298.824,50000.000,0
46101,2144.059,620.059,50000.000,3062.941,440.765,50000.000,0
46151,2032.000,29.882,50000.000,2061.882,59.765,50000.000,0
46201,889.000,306.294,50000.000,1538.941,508.000,50000.000,0
46251,395.941,-164.353,50000.000,605.118,0.000,50000.000,0
46301,44.824,-82.176,50000.000,-209.176,52.294,50000.000,0
46351,-769.471,-425.823,50000.000,-679.823,-186.765,50000.000,0
46401,-918.882,-104.588,50000.000,-1658.470,-52.294,50000.000,0
46451,-1792.941,127.000,50000.000,-1546.412,-14.941,50000.000,0
46501,-1815.353,-351.118,50000.000,-2510.117,-418.353,50000.000,0
46551,-2278.529,-261.471,50000.000,-2831.353,-156.882,50000.000,0
46601,-2794.000,-67.235,50000.000,-2876.176,-97.118,50000.000,0
46651,-2338.294,-515.471,50000.000,-3443.941,-582.706,50000.000,0
46701,-2794.000,-343.647,50000.000,-3384.176,-395.941,50000.000,0
46751,-3040.529,-141.941,50000.000,-3414.059,-127.000,50000.000,0
46801,-2794.000,-298.824,50000.000,-3541.059,-351.118,50000.000,0
46851,-2704.353,-291.353,50000.000,-3399.117,-366.059,50000.000,0
46901,-2711.823,-186.765,50000.000,-3361.764,-186.765,50000.000,0
46951,-2786.529,-149.412,50000.000,-3279.588,-141.941,50000.000,0
47001,-2345.765,-179.294,50000.000,-3077.882,-254.000,50000.000,0
47051,-2151.529,-149.412,50000.000,-2898.588,-209.176,50000.000,0
47101,-2368.176,-164.353,50000.000,-2786.529,-82.176,50000.000,0
47151,-2181.412,-179.294,50000.000,-2614.706,-268.941,50000.000,0
47201,-1912.470,-448.235,50000.000,-2517.588,-440.765,50000.000,0
47251,-1845.235,-239.059,50000.000,-2315.882,-149.412,50000.000,0
47301,-1606.176,-82.176,50000.000,-1957.294,-89.647,50000.000,0
47351,-1120.588,-67.235,50000.000,-1770.529,-254.000,50000.000,0
47401,-1090.706,-194.235,50000.000,-1479.176,-104.588,50000.000,0
47451,-1075.765,-112.059,50000.000,-1210.235,-59.765,50000.000,0
47501,-747.059,-186.765,50000.000,-933.823,-179.294,50000.000,0
47551,-560.294,-283.882,50000.000,-747.059,-104.588,50000.000,0
47601,-381.000,-14.941,50000.000,-321.235,14.941,50000.000,0
47651,-67.235,52.294,50000.000,-44.824,-29.882,50002.000,0
47701,127.000,-22.412,50000.000,104.588,-44.824,50000.000,0
47751,313.765,-67.235,50000.000,283.882,-44.824,50000.000,0
47801,425.823,0.000,50000.000,552.823,-14.941,50000.000,0
47851,605.118,179.294,50000.000,776.941,74.706,50000.000,0
47901,709.706,97.118,50000.000,889.000,104.588,50000.000,0
47951,747.059,-29.882,50000.000,948.765,59.765,50000.000,0
48001,754.529,-37.353,50000.000,1016.000,7.471,50000.000,0
48051,702.235,0.000,50000.000,1105.647,67.235,50000.000,0
48101,799.353,171.824,50000.000,1105.647,67.235,50000.000,0
48151,881.529,37.353,50000.000,1016.000,37.353,50000.000,0
48201,694.765,22.412,50000.000,1023.471,59.765,50000.000,0
48251,836.706,44.824,50000.000,1001.059,7.471,50000.000,0
48301,866.588,67.235,50000.000,889.000,7.471,50000.000,0
48351,657.412,127.000,50000.000,941.294,119.529,50000.000,0
48401,664.882,119.529,50000.000,918.882,74.706,50000.000,0
48451,687.294,44.824,50000.000,776.941,22.412,50000.000,0
48501,545.353,7.471,50000.000,709.706,22.412,50000.000,0
48551,560.294,29.882,50000.000,657.412,-22.412,50000.000,0
48601,388.471,0.000,50000.000,567.765,37.353,50000.000,0
48651,343.647,74.706,50000.000,545.353,82.176,50000.000,0
48701,395.941,44.824,50000.000,440.765,44.824,50000.000,0
48751,298.824,-7.471,50000.000,358.588,22.412,50000.000,0
48801,276.412,-37.353,50000.000,268.941,-59.765,50000.000,1
48851,239.059,-29.882,50000.000,201.706,-29.882,50000.000,1
48901,119.529,67.235,50000.000,201.706,44.824,50000.000,0
48951,119.529,52.294,50000.000,134.471,29.882,50000.000,0
49001,74.706,-22.412,50000.000,37.353,-22.412,50000.000,0
49051,0.000,-29.882,50000.000,0.000,-7.471,50000.000,0
49101,0.000,-29.882,50000.000,-67.235,-67.235,50000.000,0
49151,-74.706,7.471,50000.000,-82.176,-14.941,50000.000,0
49201,-89.647,52.294,50000.000,-44.824,14.941,50000.000,0
49251,-67.235,-37.353,50000.000,-127.000,-37.353,50000.000,0
49301,-74.706,-127.000,50000.000,-171.824,-112.059,50000.000,0
49351,-127.000,14.941,50000.000,-112.059,14.941,50000.000,0
49401,-112.059,67.235,50000.000,-74.706,22.412,50000.000,0
49451,-82.176,-22.412,50000.000,-119.529,-44.824,50000.000,0
49501,-89.647,-59.765,50000.000,-112.059,-14.941,50000.000,0
49551,-59.765,-82.176,50000.000,-74.706,-59.765,50000.000,0
49601,-37.353,0.000,50000.000,-44.824,-22.412,50000.000,0
49651,-67.235,67.235,50000.000,0.000,59.765,50000.000,0
49701,0.000,-7.471,50000.000,-7.471,7.471,50000.000,0
49751,52.294,-74.706,50000.000,7.471,-104.588,50000.000,0
49801,44.824,-59.765,50000.000,44.824,-29.882,50000.000,0
49851,59.765,119.529,50000.000,127.000,37.353,50000.000,0
49901,134.471,37.353,50000.000,141.941,-7.471,50000.000,0
49951,149.412,0.000,50000.000,127.000,0.000,50000.000,0
50001,119.529,-7.471,50000.000,149.412,7.471,50000.000,0
50051,186.765,-29.882,50000.000,149.412,-52.294,50000.000,0
50101,164.353,37.353,50002.000,201.706,7.471,50000.000,0
50151,119.529,59.765,49999.000,231.588,52.294,49999.000,0
50201,134.471,22.412,49999.000,171.824,0.000,49999.000,0
50251,134.471,-59.765,50000.000,141.941,-44.824,50000.000,0
50301,134.471,14.941,50000.000,127.000,14.941,50000.000,0
50351,89.647,97.118,50000.000,164.353,22.412,50000.000,0
50401,119.529,-22.412,50000.000,112.059,-44.824,50000.000,0
50451,149.412,-112.059,50000.000,67.235,-112.059,50000.000,0
50501,74.706,97.118,50000.000,156.882,89.647,50000.000,0
50551,127.000,52.294,50000.000,239.059,0.000,50000.000,0
50601,268.941,-97.118,50000.000,119.529,-134.471,50000.000,0
50651,141.941,112.059,50000.000,298.824,216.647,50000.000,0
50701,261.471,-37.353,50000.000,403.412,-67.235,50000.000,0
50751,425.823,-44.824,50000.000,351.118,0.000,50000.000,0
50801,298.824,119.529,50000.000,739.588,336.176,50000.000,0
50851,814.294,82.176,50000.000,948.765,-82.176,50000.000,0
50901,1113.118,201.706,50000.000,1135.529,-59.765,50000.000,0
50951,941.294,201.706,50000.000,1337.235,209.176,50000.000,0
51001,1098.176,-134.471,50000.000,1180.353,-127.000,50000.000,0
51051,1150.470,-29.882,50000.000,1367.118,-37.353,50000.000,0
51101,1030.941,321.235,50000.000,1628.588,291.353,50000.000,0
51151,1344.706,239.059,50000.000,1546.412,14.941,50000.000,0
51201,1359.647,29.882,50000.000,1411.941,-44.824,50000.000,0
51251,836.706,37.353,50000.000,1337.235,201.706,50000.000,0
51301,918.882,112.059,50000.000,1270.000,164.353,50000.000,0
51351,1038.412,59.765,50000.000,1113.118,0.000,50000.000,0
51401,896.471,-14.941,50000.000,948.765,0.000,50000.000,0
51451,694.765,52.294,50000.000,836.706,119.529,50000.000,0
51501,537.882,119.529,50000.000,799.353,104.588,50000.000,0
51551,522.941,44.824,50000.000,590.176,-7.471,50000.000,0
51601,381.000,-22.412,50000.000,463.176,-14.941,50000.000,0
51651,291.353,74.706,50000.000,261.471,74.706,50000.000,0
51701,127.000,-29.882,50000.000,171.824,-29.882,50000.000,0
51751,89.647,-7.471,50000.000,22.412,-29.882,50000.000,0
51801,-82.176,134.471,50000.000,22.412,37.353,50000.000,0
51851,-104.588,37.353,50000.000,-112.059,7.471,50000.000,0
51901,-179.294,-134.471,50000.000,-283.882,-141.941,50000.000,0
51951,-276.412,14.941,50000.000,-298.824,22.412,50000.000,0
52001,-321.235,164.353,50000.000,-254.000,14.941,50000.000,0
52051,-201.706,418.353,50000.000,-246.529,-149.412,50000.000,0
52101,209.176,1905.000,50000.000,903.941,-874.059,50000.000,0
52151,1546.412,3354.294,50000.000,2218.765,-1718.235,50000.000,0
52201,1053.353,2271.059,50000.000,1509.059,194.235,50000.000,0
52251,164.353,1016.000,50000.000,1060.823,1628.588,50000.000,0
52301,1583.765,545.353,50000.000,1800.412,-649.941,50000.000,0
52351,3966.882,2166.470,50000.000,3981.823,-3488.764,50000.000,0
52401,6357.470,4093.882,50000.000,7328.646,-4385.235,50000.000,0
52451,8792.882,2958.353,50000.000,8770.470,-5535.706,50000.000,0
52501,9831.293,1755.588,50000.000,10533.528,-5954.059,50000.000,0
52551,11639.176,597.647,50000.000,12042.588,-7186.706,50000.000,0
52601,14096.999,-74.706,50000.000,12460.940,-9151.470,50000.000,0
52651,15225.058,-1636.059,50000.000,13588.999,-11728.822,50000.000,0
52701,17757.588,-7156.823,50000.000,14500.411,-16935.822,50000.000,0
52751,16330.705,-6835.588,50000.000,12767.234,-13207.999,50000.000,0
52801,13364.882,-1068.294,50000.000,14418.234,-10339.293,50000.000,0
52851,14746.940,-373.529,50000.000,15157.822,-11093.823,50000.000,0
52901,15964.646,-1822.823,50000.000,15733.058,-12871.822,50000.000,0
52951,16704.234,-4220.882,50000.000,16816.293,-14074.587,50000.000,0
53001,16435.293,-2988.235,50000.000,16315.764,-16808.822,50000.000,0
53051,16084.176,-1337.235,50000.000,16539.881,-18571.881,50000.000,0
53101,18452.352,-7037.293,50000.000,16442.764,-21433.115,50000.000,0
53151,16734.117,-8740.588,50000.000,14373.411,-20215.410,50000.000,0
53201,16562.293,-6327.588,50000.000,14702.116,-15733.058,50000.000,0
53251,17204.764,-8822.764,50000.000,13372.352,-14567.646,50000.000,0
53301,12789.646,-8830.234,50000.000,7582.646,-10040.470,50000.000,0
53351,12849.411,-7739.529,50000.000,9734.176,-11078.882,50000.000,0
53401,15927.293,-8755.529,50000.000,15942.234,-18175.939,50000.000,0
53451,15090.587,-9315.823,50000.000,15650.881,-18878.176,50000.000,0
53501,13693.587,-9076.764,50000.000,15658.352,-18661.527,50000.000,0
53551,16704.234,-7455.646,50000.000,16158.881,-19176.998,50000.000,0
53601,18646.588,-8695.764,50000.000,17122.588,-19184.469,50000.000,0
53651,17877.117,-11519.646,50000.000,15987.058,-20753.293,50000.000,0
53701,17555.881,-9637.059,50000.000,16435.293,-17914.469,50000.000,0
53751,18527.057,-7522.882,50000.000,16614.588,-17585.764,50000.000,0
53801,18190.881,-9188.823,50000.000,13447.058,-13596.470,50000.000,0
53851,15897.411,-10316.882,50000.000,13962.528,-13887.822,50000.000,0
53901,16943.293,-10189.882,50000.000,12864.353,-12983.882,50000.000,0
53951,17212.234,-10062.882,50000.000,14619.940,-16853.646,50000.000,0
54001,15277.352,-9465.234,50000.000,13327.528,-16360.587,50000.000,0
54051,14903.822,-8718.176,50000.000,13895.293,-16711.705,50000.000,0
54101,15352.058,-3175.000,50000.000,14814.176,-16054.293,50000.000,0
54151,15150.352,-239.059,50000.000,15747.999,-14268.822,50000.000,0
54201,15090.587,-4549.588,50000.000,15337.116,-14657.293,50000.000,0
54251,15501.470,-7351.058,50000.000,14575.116,-14149.293,50000.000,0
54301,13447.058,-4661.647,50000.000,15374.470,-10496.176,50000.000,0
54351,14492.940,-2786.529,50000.000,15434.234,-10892.117,50000.000,0
54401,16659.410,-1292.412,50000.000,16599.646,-10757.646,50000.000,0
54451,17428.881,-2181.412,50000.000,17570.822,-9442.823,50000.000,0
54501,15105.528,-2614.706,50000.000,16607.117,-4826.000,50000.000,0
54551,13895.293,-2472.765,50000.000,16547.352,-2330.823,50000.000,0
54601,13312.587,-1546.412,50000.000,15598.587,-52.294,50000.000,0
54651,13514.293,-522.941,50000.000,15202.646,963.706,50000.000,0
54701,13499.352,425.823,50000.000,16622.059,478.118,50000.000,0
54751,12513.234,612.588,50000.000,16509.998,747.059,50000.000,0
54801,11467.353,-343.647,50000.000,15792.822,2465.294,50000.000,0
54851,11093.823,164.353,50000.000,14866.470,6290.235,50000.000,0
54901,8718.176,500.529,50000.000,13357.411,5976.470,50000.000,0
54951,8240.059,1083.235,50000.000,12057.528,4609.353,50000.000,0
55001,4766.235,791.882,50000.000,9719.234,3227.294,50000.000,0
55051,4534.647,889.000,50000.000,6985.000,1128.059,50000.000,0
55101,2652.059,82.176,50000.000,2622.176,-552.823,50000.000,0
55151,-1225.176,-1471.706,50000.000,-1897.529,-89.647,50000.000,0
55201,-2607.235,-2457.823,50000.000,-4557.059,-2659.529,50000.000,0
55251,-2398.059,-1688.353,50000.000,-5147.235,-5461.000,50000.000,0
55301,-2525.059,-2084.294,50000.000,-5117.353,-7052.235,50000.000,0
55351,-2390.588,-5640.294,50000.000,-6223.000,-8232.588,50000.000,0
55401,-2719.294,-7268.882,50000.000,-7515.411,-6760.882,50000.000,0
55451,-4437.529,-6327.588,50000.000,-7126.941,-1426.882,50000.000,0
55501,-5520.764,-7253.941,50000.000,-8621.059,-22.412,50000.000,0
55551,-6379.882,-9764.059,50000.000,-11646.646,-179.294,50000.000,0
55601,-7134.411,-8919.882,50000.000,-12244.293,-575.235,50000.000,0
55651,-8105.588,-10025.528,50000.000,-12632.764,2510.117,50000.000,0
55701,-7642.411,-9607.176,50000.000,-13334.999,6716.059,50000.000,0
55751,-7784.353,-9980.705,50000.000,-13200.528,3100.294,50000.000,0
55801,-7261.411,-11736.293,50000.000,-14186.646,-903.941,50000.000,0
55851,-8635.999,-12797.117,50000.000,-13193.058,478.118,50000.000,0
55901,-9592.234,-12266.705,50000.000,-15000.940,4953.000,50000.000,0
55951,-10025.528,-11781.117,50000.000,-18265.588,2435.412,50000.000,0
56001,-9816.353,-12027.646,50000.000,-18661.527,-522.941,50000.000,0
56051,-11676.528,-14104.470,50000.000,-18952.881,171.824,50000.000,0
56101,-13200.528,-16091.646,50000.000,-20013.705,2375.647,50000.000,0
56151,-12983.882,-14171.705,50000.000,-21462.998,1987.176,50000.000,0
56201,-14358.470,-14052.176,50000.000,-21433.115,2315.882,50000.000,0
56251,-14963.587,-15860.058,50000.000,-21216.469,4243.294,50000.000,1
56301,-13745.882,-16509.998,50000.000,-23113.998,1606.176,50000.000,1
56351,-10219.764,-12401.176,50000.000,-23435.234,-2300.941,50000.000,0
56401,-12595.411,-15882.470,50000.000,-23136.410,-4332.941,50000.000,0
56451,-10593.293,-13910.234,50000.000,-23420.293,164.353,50000.000,0
56501,-11071.411,-14171.705,50000.000,-23607.057,-1113.118,50000.000,0
56551,-12856.882,-16965.705,50000.000,-23756.469,-3705.412,50000.000,0
56601,-13947.587,-17481.176,50000.000,-24182.293,-1016.000,50000.000,0
56651,-13775.764,-17062.822,50000.000,-22889.881,1352.176,50000.000,0
56701,-13775.764,-17540.939,50000.000,-24017.939,-2457.823,50000.000,0
56751,-12191.999,-16084.176,50000.000,-24010.469,-3077.882,50000.000,0
56801,-11392.646,-13230.411,50000.000,-24264.469,1262.529,50000.000,0
56851,-14261.352,-15456.646,50000.000,-24667.881,1157.941,50000.000,0
56901,-16330.705,-17219.705,50000.000,-25698.822,-1613.647,50000.000,0
56951,-13417.176,-13701.058,50000.000,-25347.705,-201.706,50000.000,0
57001,-12759.764,-11751.234,50000.000,-24608.115,2315.882,50000.000,0
57051,-15000.940,-13955.058,50000.000,-26565.410,-1157.941,50000.000,0
57101,-14283.764,-14731.999,50000.000,-24137.469,-3824.941,50000.000,0
57151,-13678.646,-16427.822,50000.000,-27215.352,-1695.823,50000.000,0
57201,-14858.999,-17638.059,50000.000,-31294.293,-1606.176,50000.000,0
57251,-13327.528,-14933.705,50000.000,-32048.822,-3810.000,50000.000,0
57301,-16203.705,-19333.881,50000.000,-32213.174,-2741.706,50000.000,0
57351,-16255.999,-22180.176,50000.000,-34917.527,-5969.000,50000.000,0
57401,-12961.470,-19393.646,50000.000,-34812.938,-9973.234,50000.000,0
57451,-13439.587,-19983.822,50000.000,-34006.117,-6178.176,50000.000,0
57501,-14537.764,-21806.646,50000.000,-33610.176,-8202.705,50000.000,0
57551,-16517.469,-24914.410,50000.000,-33722.234,-14156.764,50000.000,0
57601,-14918.764,-22493.939,50000.000,-31899.410,-11773.646,50000.000,0
57651,-15673.293,-24002.998,50000.000,-32295.352,-14881.411,50000.000,0
57701,-14194.116,-21687.115,50000.000,-33184.352,-18370.176,50000.000,0
57751,-15210.116,-22695.646,50000.000,-31451.174,-14313.646,50000.000,0
57801,-13447.058,-20148.176,50000.000,-31735.057,-15546.293,50000.000,0
57851,-13566.587,-18773.588,50000.000,-30636.881,-17130.059,50000.000,0
57901,-12386.234,-16427.822,50000.000,-25810.881,-11116.234,50000.000,0
57951,-11444.940,-12005.234,50000.000,-28649.703,-6477.000,50000.000,0
58001,-12027.646,-6477.000,50000.000,-30674.232,-1382.059,50000.000,0
58051,-16980.646,-3436.470,50000.000,-31473.586,328.706,50000.000,0
58101,-21664.705,-3331.882,50000.000,-32399.939,358.588,50000.000,0
58151,-21089.469,-4855.882,50000.000,-31458.645,-1008.529,50000.000,0
58201,-18736.234,-5401.235,50000.000,-30323.115,-7313.706,50000.000,0
58251,-16711.705,-2734.235,50000.000,-28574.998,-12558.058,50000.000,0
58301,-18138.588,283.882,50000.000,-23950.705,-10667.999,50000.000,0
58351,-20999.822,-2532.529,50000.000,-24959.234,-11616.764,50000.000,0
58401,-18026.527,-9039.411,50000.000,-29837.527,-16532.410,50000.000,0
58451,-15120.470,-11116.234,50000.000,-27827.939,-14634.882,50000.000,0
58501,-14985.999,-10242.176,50000.000,-26729.764,-8337.176,50000.000,0
58551,-12655.176,-6798.235,50000.000,-25736.174,-4728.882,50000.000,0
58601,-14642.352,-10122.646,50000.000,-26490.703,-3040.529,50000.000,0
58651,-17339.234,-14985.999,50000.000,-28657.174,-3443.941,50000.000,0
58701,-12236.822,-11138.646,50000.000,-26363.703,-3160.059,50000.000,0
58751,-15740.528,-12341.411,50000.000,-25512.057,-1479.176,50000.000,0
58801,-16465.176,-12841.940,50000.000,-27566.469,-717.176,50000.000,0
58851,-14761.882,-11415.058,50000.000,-27417.057,-22.412,50000.000,0
58901,-15867.528,-12162.117,50000.000,-27678.527,739.588,50000.000,0
58951,-15904.881,-11489.764,50000.000,-29000.822,-119.529,50000.000,0
59001,-14851.528,-8337.176,50000.000,-27880.234,1568.823,50000.000,0
59051,-17227.176,-9143.999,50000.000,-27439.469,3436.470,50000.000,0
59101,-17847.234,-10481.234,50000.000,-30196.115,1411.941,50000.000,0
59151,-15583.646,-10212.293,50000.000,-31339.115,590.176,50000.000,0
59201,-14111.940,-7642.411,50000.000,-30935.703,-67.235,50000.000,0
59251,-15247.470,-4938.059,50000.000,-30061.645,-582.706,50000.000,0
59301,-19557.998,-4803.588,50000.000,-28941.057,194.235,50000.000,0
59351,-21702.057,-5722.470,50000.000,-29389.293,1068.294,50000.000,0
59401,-22008.352,-7171.764,50000.000,-30890.881,963.706,50000.000,0
59451,-20432.057,-8695.764,50000.000,-31279.352,-1292.412,50000.000,0
59501,-17466.234,-8090.646,50000.000,-30748.939,-3884.706,50000.000,0
59551,-16106.587,-3727.823,50000.000,-26363.703,-3077.882,50000.000,0
59601,-16554.822,-844.176,50000.000,-24891.998,-2009.588,50000.000,0
59651,-20723.410,-3429.000,50000.000,-24891.998,-5296.646,50000.000,0
59701,-16293.352,-7291.293,50000.000,-26490.703,-9517.528,50000.000,0
59751,-14209.058,-8486.588,50000.000,-23255.939,-8987.117,50000.000,0
59801,-16263.470,-9853.705,50000.000,-20275.176,-9233.646,50000.000,0
59851,-14171.705,-5647.764,50000.000,-14134.352,-5782.235,50000.000,0
59901,-14313.646,-3937.000,50000.000,-12191.999,-2263.588,50000.000,0
59951,-15307.234,-9308.353,50000.000,-19236.764,-4318.000,50000.000,0
