timestamp[ms],left_dx[um],left_dy[um],left_dt[us],right_dx[um],right_dy[um],right_dt[us],waterPin
0,0.000,0.000,50153.000,22.412,-14.941,50153.000,0
51,8105.588,-6170.706,50001.000,8882.529,-5094.941,50000.000,0
101,7537.823,-7022.353,49999.000,6820.646,-3974.353,50000.000,0
151,4945.529,-3578.412,50000.000,6790.764,-1060.823,50000.000,0
201,3481.294,-2413.000,50000.000,5610.412,2667.000,50000.000,0
251,1905.000,-1770.529,50000.000,3055.470,4811.059,50000.000,0
301,1113.118,-1890.059,50000.000,2442.882,2510.117,50000.000,0
351,1337.235,-4362.823,50000.000,127.000,-1202.765,50000.000,0
401,89.647,-4415.117,50000.000,-2076.823,-2465.294,50000.000,0
451,-769.471,-4392.706,50000.000,-3249.706,-4482.353,50000.000,0
501,-1060.823,-2330.823,50000.000,-3802.529,-4885.764,50000.000,0
551,-2241.176,7.471,50000.000,-2816.412,-2308.412,50000.000,0
601,-3062.941,1628.588,50000.000,-3197.412,-993.588,50000.000,0
651,-3585.882,1128.059,50000.000,-4497.294,1038.412,50000.000,0
701,-5617.882,-791.882,50000.000,-5386.294,3324.412,50000.000,0
751,-6148.294,-2988.235,50000.000,-7605.058,3324.412,50000.000,0
801,-5236.882,-2233.706,50000.000,-9143.999,2667.000,50000.000,0
851,-8292.353,-702.235,50000.000,-9390.528,1763.059,50000.000,0
901,-8934.823,-37.353,50001.000,-9988.176,-336.176,50000.000,0
951,-7806.764,82.176,50000.000,-10391.588,-1060.823,50000.000,0
1001,-9524.999,149.412,49999.000,-11310.470,-545.353,50000.000,0
1051,-11302.999,-986.118,50000.000,-12894.234,-635.000,50000.000,0
1101,-10548.470,-1665.941,50000.000,-13902.764,-971.176,50000.000,0
1151,-11669.058,-1120.588,50001.000,-13783.234,-620.059,50000.000,0
1201,-12707.470,-829.235,49999.000,-13962.528,-440.765,50000.000,0
1251,-12005.234,-635.000,50000.000,-13865.411,-724.647,50000.000,0
1301,-12154.646,-351.118,50001.000,-13521.764,-1098.176,50000.000,0
1351,-11900.646,-276.412,49999.000,-13506.822,-1314.823,50000.000,0
1401,-11288.058,-911.412,50000.000,-12998.822,-1359.647,50000.000,0
1451,-10092.764,-978.647,50000.000,-12348.882,-1001.059,50000.000,0
1501,-8875.059,-978.647,50000.000,-11863.293,-709.706,50000.000,0
1551,-8934.823,-896.471,50001.000,-10944.411,-1008.529,50000.000,0
1601,-8591.176,-418.353,50000.000,-9913.470,-806.823,50000.000,0
1651,-8060.764,-97.118,49999.000,-9009.528,-575.235,50000.000,0
1701,-7104.529,-418.353,50000.000,-8053.293,-313.765,50000.000,0
1751,-5729.941,-724.647,50000.000,-7380.941,-776.941,50000.000,0
1801,-5027.706,-851.647,50000.000,-6260.353,-687.294,50000.000,0
1851,-3981.823,-627.529,50000.000,-5192.059,-530.412,50000.000,0
1901,-2861.235,-470.647,50000.000,-3929.529,-508.000,50000.000,0
1951,-2188.882,-276.412,50000.000,-2689.412,-403.412,50000.000,0
2001,-1195.294,-104.588,50000.000,-1770.529,-709.706,50000.000,0
2051,-381.000,-171.824,50000.000,-687.294,-448.235,50000.000,0
2101,171.824,-246.529,50000.000,283.882,-52.294,50000.000,0
2151,1165.412,-261.471,50000.000,1546.412,-261.471,50000.000,0
2201,2525.059,149.412,50001.000,2868.706,-321.235,50000.000,0
2251,3092.823,522.941,49999.000,3966.882,388.471,50000.000,0
2301,3556.000,582.706,50000.000,4654.176,836.706,50000.000,0
2351,4422.588,552.823,50000.000,5378.823,620.059,50000.000,0
2401,5304.117,433.294,50001.000,6133.353,410.882,50000.000,0
2451,5894.294,358.588,50000.000,6663.764,522.941,50000.000,0
2501,6066.117,171.824,50000.000,7029.823,493.059,50000.000,0
2551,6312.646,373.529,49999.000,7530.353,388.471,50000.000,0
2601,6745.941,485.588,50000.000,7993.529,366.059,50000.000,0
2651,6962.588,642.471,50000.000,8464.176,500.529,50000.000,0
2701,7291.293,694.765,50001.000,8635.999,672.353,50000.000,0
2751,7366.000,642.471,49999.000,8964.705,612.588,50000.000,0
2801,7672.293,448.235,50000.000,9181.353,582.706,50000.000,0
2851,7634.940,343.647,50000.000,9099.176,388.471,50000.000,0
2901,7724.588,366.059,50001.000,9211.234,343.647,50000.000,0
2951,7747.000,366.059,49999.000,9233.646,635.000,50000.000,0
3001,7679.764,276.412,50000.000,9203.764,478.118,50000.000,0
3051,8008.470,254.000,50000.000,9166.411,388.471,50000.000,0
3101,8001.000,254.000,50000.000,9061.823,306.294,50000.000,0
3151,7642.411,59.765,50000.000,8957.234,141.941,50000.000,0
3201,7470.588,37.353,50000.000,9002.059,194.235,50000.000,0
3251,6992.470,97.118,50000.000,8748.059,522.941,50000.000,0
3301,6820.646,171.824,50000.000,7963.646,881.529,50000.000,0
3351,6148.294,560.294,50000.000,7291.293,1763.059,50000.000,0
3401,4273.176,791.882,50000.000,6529.293,3279.588,50000.000,0
3451,2622.176,-179.294,50000.000,4586.941,2831.353,50000.000,0
3501,1979.706,-1397.000,50000.000,2144.059,2024.529,50000.000,0
3551,-127.000,-2218.765,50000.000,-89.647,2188.882,50000.000,0
3601,-1337.235,-2017.059,50000.000,-2427.941,1008.529,50000.000,0
3651,-2061.882,-1404.470,50000.000,-3212.353,-1628.588,50000.000,0
3701,-3585.882,-1546.412,50000.000,-5065.059,-3443.941,50000.000,0
3751,-2771.588,-470.647,50000.000,-5924.176,-2913.529,50000.000,0
3801,-5401.235,328.706,50000.000,-4855.882,291.353,50000.000,0
3851,-7141.882,-732.118,50001.000,-7141.882,1748.118,50000.000,0
3901,-7612.529,-1352.176,49999.000,-9622.117,1389.529,50000.000,0
3951,-8643.470,-874.059,50000.000,-9151.470,1464.235,50000.000,0
4001,-10301.940,-941.294,50000.000,-11332.882,1860.176,50000.000,0
4051,-9965.764,-1479.176,50000.000,-12946.528,37.353,50000.000,0
4101,-9704.294,-582.706,50000.000,-12348.882,-1516.529,50000.000,0
4151,-10854.764,89.647,50000.000,-12311.528,-1449.294,50000.000,0
4201,-10653.058,-194.235,50000.000,-12304.058,-1023.471,50000.000,0
4251,-10369.176,-866.588,50000.000,-12326.470,-1001.059,50000.000,0
4301,-10062.882,-1053.353,50001.000,-11855.822,-1210.235,50000.000,0
4351,-9495.117,-739.588,50000.000,-10481.234,-1322.294,50000.000,0
4401,-8919.882,-769.471,49999.000,-9831.293,-1344.706,50000.000,0
4451,-7575.176,-7.471,50000.000,-8494.059,-268.941,50000.000,0
4501,-5774.764,2808.941,50000.000,-5087.470,298.824,50000.000,0
4551,-3167.529,4542.117,50001.000,-1748.118,313.765,50000.000,0
4601,-440.765,4430.059,50000.000,530.412,709.706,50000.000,0
4651,3025.588,2741.706,49999.000,4467.412,485.588,50000.000,0
4701,7343.588,-836.706,50000.000,7918.823,-358.588,50000.000,0
4751,9734.176,-1919.941,50000.000,10660.528,-866.588,50000.000,0
4801,10884.646,1509.059,50000.000,13641.293,44.824,50000.000,0
4851,13305.117,2607.235,50000.000,16808.822,-791.882,50000.000,0
4901,16390.469,313.765,50000.000,16973.176,-3257.176,50000.000,0
4951,16487.588,-866.588,50000.000,18175.939,-7306.235,50000.000,0
5001,17959.293,-2502.647,50000.000,17921.939,-9375.588,50000.000,0
5051,18265.588,-4938.059,50000.000,14814.176,-8232.588,50000.000,0
5101,16778.939,-6230.470,50000.000,15613.528,-7104.529,50000.000,0
5151,17906.998,-7679.764,50001.000,14552.705,-4430.059,50000.000,0
5201,16524.939,-2935.941,49999.000,16248.528,-1688.353,50000.000,0
5251,18041.469,-14.941,50000.000,19901.646,-2495.176,50000.000,0
5301,18691.410,1576.294,50000.000,20207.939,-5244.353,50000.000,0
5351,18086.293,1815.353,50000.000,20222.881,-5461.000,50000.000,0
5401,15972.116,186.765,50000.000,18385.117,1277.470,50000.000,0
5451,11280.588,-754.529,50001.000,14089.528,7119.470,50000.000,0
5501,6282.764,-388.471,49999.000,12236.822,8023.411,50000.000,0
5551,6678.706,-2779.059,50000.000,9704.294,5229.412,50000.000,0
5601,5535.706,-4064.000,50000.000,6409.764,2248.647,50000.000,0
5651,4639.235,-4885.764,50000.000,5864.411,-769.471,50000.000,0
5701,4721.412,-4534.647,50001.000,3996.764,-3354.294,50000.000,0
5751,3533.588,-2644.588,49999.000,3346.823,-6043.706,50000.000,0
5801,4564.529,-709.706,50000.000,4310.529,-7306.235,50000.000,0
5851,4049.059,642.471,50001.000,3735.294,-5147.235,50000.000,0
5901,2569.882,1426.882,50000.000,3249.706,-1890.059,50000.000,0
5951,2061.882,254.000,49999.000,2958.353,-3033.059,50000.000,0
6001,2599.765,-2622.176,50000.000,1359.647,-5401.235,50000.000,0
6051,2532.529,-4407.647,50000.000,605.118,-4542.117,50000.000,0
6101,1740.647,-3316.941,50000.000,717.176,-2958.353,50000.000,0
6151,844.176,-1509.059,50000.000,298.824,-2808.941,50000.000,0
6201,1897.529,283.882,50000.000,1524.000,-3750.235,50000.000,0
6251,2271.059,433.294,50000.000,2510.117,-4788.647,50000.000,0
6301,2614.706,-1815.353,50000.000,1374.588,-4900.706,50000.000,0
6351,2637.117,-2360.706,50000.000,1807.882,-2480.235,50000.000,0
6401,3152.588,-2368.176,50000.000,3040.529,-2719.294,50000.000,0
6451,4826.000,-2891.117,50000.000,3877.235,-6999.941,50000.000,0
6501,6163.235,-3369.235,50000.000,4557.059,-8949.764,50000.000,0
6551,5266.764,-171.824,50001.000,4108.823,-6745.941,50000.000,0
6601,6133.353,1919.941,49999.000,5371.353,-6118.411,50000.000,0
6651,6887.882,-403.412,50000.000,5550.646,-5722.470,50000.000,0
6701,7089.588,-1957.294,50000.000,5326.529,-5647.764,50000.000,0
6751,7366.000,-4041.588,50000.000,6066.117,-4609.353,50000.000,0
6801,6148.294,-4833.470,50001.000,5647.764,-3810.000,50000.000,0
6851,7373.470,-3877.235,49999.000,6125.882,-5602.941,50000.000,0
6901,8508.999,1538.941,50000.000,8426.823,-7582.646,50000.000,0
6951,8292.353,5767.294,50000.000,10092.764,-7582.646,50000.000,0
7001,9285.940,-1143.000,50001.000,11161.058,-6805.706,50000.000,0
7051,9547.411,-186.765,50000.000,10085.293,-5625.353,50000.000,0
7101,8531.411,-2681.941,49999.000,7978.588,-3511.176,50000.000,0
7151,7261.411,-1919.941,50000.000,8889.999,-231.588,50000.000,0
7201,6723.529,-1987.176,50001.000,8344.646,478.118,50000.000,0
7251,7044.764,-2741.706,49999.000,7201.646,-672.353,50000.000,0
7301,7433.235,-3354.294,50000.000,7896.411,-1763.059,50000.000,0
7351,7141.882,-3697.941,50000.000,6760.882,-351.118,50000.000,0
7401,5035.176,-2181.412,50001.000,5087.470,1397.000,50000.000,0
7451,3376.706,-403.412,49999.000,4340.412,3570.941,50000.000,0
7501,1568.823,-156.882,50000.000,2973.294,4056.529,50000.000,0
7551,814.294,-1546.412,50000.000,986.118,3907.117,50000.000,0
7601,-388.471,-1583.765,50000.000,-179.294,4870.823,50000.000,0
7651,-2338.294,545.353,50000.000,-1135.529,4743.823,50000.000,0
7701,-3242.235,67.235,50000.000,-3204.882,724.647,50000.000,0
7751,-3824.941,-2024.529,50000.000,-5931.646,-791.882,50000.000,0
7801,-5931.646,-2681.941,50000.000,-6940.176,-500.529,50000.000,0
7851,-7104.529,-2644.588,50000.000,-8479.117,-388.471,50000.000,0
7901,-7268.882,-1845.235,50000.000,-9637.059,-1016.000,50000.000,0
7951,-8531.411,-231.588,50000.000,-9457.764,-1016.000,50000.000,0
8001,-10025.528,-508.000,50000.000,-10757.646,-410.882,50000.000,0
8051,-10324.353,-1576.294,50000.000,-12558.058,-881.529,50000.000,0
8101,-10473.764,-1568.823,50001.000,-12976.411,-956.235,50000.000,0
8151,-11616.764,-1486.647,50000.000,-13402.234,-493.059,50000.000,0
8201,-11967.882,-1426.882,49999.000,-13723.470,-246.529,50000.000,0
8251,-11661.588,-694.765,50000.000,-13521.764,-791.882,50000.000,0
8301,-11273.117,-403.412,50000.000,-13461.999,-1501.588,50000.000,0
8351,-11452.411,-560.294,50000.000,-13506.822,-1262.529,50000.000,0
8401,-11265.646,-283.882,50000.000,-13402.234,-918.882,50000.000,0
8451,-10794.999,-687.294,50000.000,-13327.528,-1113.118,50000.000,0
8501,-9457.764,-687.294,50000.000,-13207.999,-1232.647,50000.000,0
8551,-9390.528,-679.823,50000.000,-12804.587,-903.941,50000.000,0
8601,-10010.588,-455.706,50000.000,-11975.353,-635.000,50000.000,0
8651,-9405.470,74.706,50000.000,-10720.293,149.412,50000.000,0
8701,-8471.646,1464.235,50000.000,-8912.411,3309.470,50000.000,0
8751,-7261.411,3384.176,50000.000,-6290.235,5087.470,50000.000,0
8801,-4915.646,2906.059,50000.000,-3810.000,4758.764,50000.000,0
8851,-1815.353,859.118,50000.000,-1479.176,4265.706,50000.000,0
8901,1949.823,-343.647,50000.000,2838.823,1658.470,50000.000,0
8951,7194.176,104.588,50000.000,7537.823,-1740.647,50000.000,0
9001,9054.353,2300.941,50000.000,12348.882,2159.000,50000.000,0
9051,12244.293,2353.235,50000.000,16061.764,2129.117,50000.000,0
9101,15987.058,239.059,50000.000,18579.352,2114.176,50000.000,0
9151,15919.822,2517.588,50000.000,23330.645,1165.412,50000.000,0
9201,17667.939,6447.117,50000.000,27887.703,2749.176,50000.000,0
9251,16487.588,5819.588,50000.000,27021.115,6895.353,50000.000,0
9301,19229.293,3346.823,50000.000,28126.764,4579.470,50000.000,0
9351,24212.176,2584.823,50000.000,29434.115,1441.823,50000.000,0
9401,25512.057,2330.823,50000.000,28156.645,1053.353,50000.000,0
9451,24503.527,321.235,50000.000,26662.527,1785.470,50000.000,0
9501,21926.176,-74.706,50000.000,22957.115,6081.059,50000.000,0
9551,16808.822,687.294,50000.000,20095.881,10003.117,50000.000,0
9601,16360.587,597.647,50000.000,20327.469,9913.470,50000.000,0
9651,15396.881,776.941,50000.000,19378.705,7410.823,50000.000,0
9701,12094.882,1538.941,50000.000,19117.234,3219.823,50000.000,0
9751,12438.528,141.941,50000.000,15501.470,-851.647,50000.000,0
9801,9084.234,-2076.823,50000.000,9129.059,-1299.882,50000.000,0
9851,3100.294,-1516.529,50000.000,4504.764,1045.882,50000.000,0
9901,395.941,-1822.823,50000.000,0.000,545.353,50000.000,0
9951,-1860.176,-799.353,50000.000,-2480.235,1591.235,50000.000,0
10001,-3451.412,321.235,50000.000,-3249.706,-52.294,50000.000,0
10051,-4392.706,-1441.823,50000.000,-6701.117,-3578.412,50000.000,0
10101,-4564.529,-2039.470,50000.000,-7903.882,-5759.823,50000.000,0
10151,-4071.470,-635.000,50000.000,-7059.706,-6424.706,50002.000,0
10201,-2487.706,336.176,50000.000,-6783.293,-6992.470,50000.000,0
10251,-2599.765,1165.412,50000.000,-6155.764,-6917.764,50000.000,0
10301,-3249.706,2054.412,50000.000,-5042.646,-6320.117,50000.000,0
10351,-3167.529,941.294,50000.000,-4960.470,-7007.411,50000.000,0
10401,-2046.941,-1636.059,50001.000,-5072.529,-8830.234,50000.000,0
10451,-1016.000,-5199.529,49999.000,-4370.294,-9084.234,50000.000,0
10501,-821.765,-6656.293,50000.000,-3914.588,-9958.293,50000.000,0
10551,-134.471,-5453.529,50000.000,-1673.412,-8942.294,50000.000,0
10601,373.529,-4870.823,50000.000,-1292.412,-9599.705,50000.000,0
10651,395.941,-2129.117,50000.000,-1464.235,-9838.764,50000.000,0
10701,687.294,-717.176,50000.000,-127.000,-9883.588,50000.000,0
10751,1837.765,-2196.353,50000.000,194.235,-10623.176,50000.000,0
10801,2950.882,-8501.529,50000.000,-194.235,-10264.588,50000.000,0
10851,2973.294,-12968.940,50001.000,-1262.529,-10645.588,50000.000,0
10901,1337.235,-12953.999,49999.000,-2151.529,-8269.940,50000.000,0
10951,679.823,-10413.999,50000.000,-2338.294,-9211.234,50000.000,0
11001,762.000,-10047.940,50000.000,-2196.353,-10025.528,50000.000,0
11051,112.059,-10488.705,50000.000,-3025.588,-6805.706,50000.000,0
11101,-545.353,-11654.117,50001.000,-3600.823,-1837.765,50000.000,0
11151,-1128.059,-11116.234,49999.000,-4347.882,-2442.882,50000.000,0
11201,-500.529,-9233.646,50000.000,-4220.882,-6245.411,50000.000,0
11251,-1180.353,-8142.940,50000.000,-4250.765,-6118.411,50000.000,0
11301,-1128.059,-7149.353,50000.000,-4990.353,-4900.706,50000.000,0
11351,-3048.000,-5311.588,50000.000,-4601.882,2166.470,50000.000,0
11401,-6193.117,-3324.412,50000.000,-6036.235,8479.117,50000.000,0
11451,-7171.764,-3264.647,50000.000,-6970.059,6170.706,50000.000,0
11501,-7470.588,-4691.529,50000.000,-9024.470,2816.412,50000.000,0
11551,-7276.353,-5744.882,50001.000,-10279.528,-418.353,50000.000,0
11601,-5229.412,-4474.882,49999.000,-10802.470,-4265.706,50000.000,0
11651,-6790.764,-4990.353,50000.000,-11900.646,-4146.176,50000.000,0
11701,-8927.353,-5311.588,50000.000,-12079.940,1404.470,50000.000,0
11751,-11317.940,-4908.176,50000.000,-12259.234,5797.176,50000.000,0
11801,-11019.117,-4258.235,50000.000,-12692.528,6738.470,50000.000,0
11851,-10286.999,-5236.882,50001.000,-12871.822,1143.000,50000.000,0
11901,-6805.706,-4699.000,49999.000,-12012.705,-4594.412,50000.000,0
11951,-4669.117,-2913.529,50000.000,-9091.705,-7806.764,50000.000,0
12001,-3369.235,-1150.470,50000.000,-7575.176,-8396.940,50000.000,0
12051,-2540.000,-1897.529,50000.000,-6828.117,-8441.764,50000.000,0
12101,-3055.470,-4489.823,50000.000,-7388.411,-8606.117,50000.000,0
12151,-4161.117,-8456.705,50000.000,-7896.411,-8299.823,50000.000,0
12201,-4452.470,-10921.999,50001.000,-8516.470,-8755.529,50000.000,0
12251,-4310.529,-10047.940,49999.000,-8501.529,-9173.882,50000.000,0
12301,-4728.882,-10720.293,50000.000,-7739.529,-9390.528,50000.000,0
12351,-4377.765,-10361.705,50000.000,-8172.823,-7478.058,50000.000,0
12401,-5722.470,-12221.882,50001.000,-8523.940,-2226.235,50000.000,0
12451,-7694.706,-15030.822,49999.000,-10354.234,1277.470,50000.000,0
12501,-6731.000,-12737.353,50000.000,-11736.293,254.000,50000.000,0
12551,-6985.000,-13275.234,50000.000,-11213.353,-1195.294,50000.000,0
12601,-7732.058,-14829.116,50002.000,-12789.646,-2136.588,49999.000,0
12651,-7515.411,-14552.705,49999.000,-12393.705,1845.235,49999.000,0
12701,-8867.588,-16001.999,49999.000,-13036.176,1404.470,50000.000,0
12751,-7164.293,-17047.881,50000.000,-12707.470,-6013.823,50000.000,0
12801,-5931.646,-16674.352,50001.000,-12236.822,-6895.353,50000.000,0
12851,-6477.000,-12565.528,49999.000,-12759.764,-1606.176,50000.000,0
12901,-8187.764,-15015.881,50000.000,-13656.234,-2696.882,50000.000,0
12951,-7336.117,-17869.646,50000.000,-14500.411,-8837.705,50000.000,0
13001,-8135.470,-16778.939,50000.000,-11243.234,-5647.764,50000.000,0
13051,-10040.470,-15038.293,50000.000,-14037.234,-1860.176,50000.000,0
13101,-10257.117,-14590.058,50000.000,-16487.588,-4422.588,50000.000,0
13151,-9248.588,-14918.764,50000.000,-16898.469,-8262.470,50000.000,0
13201,-9547.411,-15471.587,50000.000,-16763.998,-8486.588,50000.000,0
13251,-9420.411,-13536.705,50000.000,-17197.293,-2681.941,50000.000,0
13301,-10369.176,-13693.587,50001.000,-17294.410,1255.059,50000.000,0
13351,-10003.117,-13917.705,49999.000,-18280.527,-4736.353,50000.000,0
13401,-10010.588,-16995.588,50000.000,-17832.293,-9524.999,50000.000,0
13451,-8001.000,-13417.176,50000.000,-18385.117,-7754.470,50000.000,0
13501,-7903.882,-12528.176,50001.000,-16928.352,-3832.412,50000.000,0
13551,-8456.705,-13200.528,50000.000,-17921.939,-8904.940,50000.000,0
13601,-7351.058,-13305.117,49999.000,-17062.822,-12976.411,50000.000,0
13651,-7776.882,-12191.999,50000.000,-16599.646,-8934.823,50000.000,0
13701,-8576.234,-12714.940,50001.000,-15874.999,-3436.470,50000.000,0
13751,-9435.353,-14223.999,49999.000,-16397.939,-7268.882,50000.000,0
13801,-9091.705,-17040.410,50000.000,-15486.528,-13170.646,50000.000,1
13851,-8142.940,-16913.410,50000.000,-12916.646,-11467.353,50000.000,1
13901,-8957.234,-17279.469,50001.000,-12206.940,-8367.059,50000.000,0
13951,-9241.117,-17772.527,49999.000,-15889.940,-12094.882,50000.000,0
14001,-7776.882,-16353.116,50000.000,-14276.293,-14634.882,50000.000,0
14051,-8187.764,-15897.411,50000.000,-13947.587,-12789.646,50000.000,0
14101,-7358.529,-13798.176,50000.000,-12744.822,-8718.176,50000.000,0
14151,-8262.470,-15613.528,50001.000,-14515.352,-9681.882,50000.000,0
14201,-6731.000,-11788.588,49999.000,-13230.411,-9876.117,50000.000,0
14251,-6604.000,-10817.411,50000.000,-10780.058,-8792.882,50000.000,0
14301,-7784.353,-13514.293,50000.000,-12027.646,-8060.764,50000.000,0
14351,-8494.059,-13379.822,50000.000,-13626.352,-4176.059,50000.000,0
14401,-8337.176,-10847.293,50000.000,-13984.940,-3115.235,50000.000,0
14451,-8710.705,-8456.705,50000.000,-14440.646,-5991.411,50000.000,0
14501,-7239.000,-5969.000,50000.000,-13566.587,-8045.823,50000.000,0
14551,-7814.235,-4728.882,50000.000,-13641.293,-8299.823,50000.000,0
14601,-9607.176,-5304.117,50000.000,-13297.646,-4557.059,50000.000,0
14651,-11295.528,-5954.059,50000.000,-13850.470,-724.647,50000.000,0
14701,-11788.588,-6103.470,50000.000,-14373.411,762.000,50000.000,0
14751,-11691.470,-5401.235,50000.000,-14111.940,-1688.353,50000.000,0
14801,-9607.176,-5894.294,50000.000,-12774.705,-7500.470,50000.000,0
14851,-7209.117,-4900.706,50000.000,-12699.999,-11138.646,50000.000,0
14901,-5461.000,-22.412,50000.000,-10227.234,-10062.882,50000.000,0
14951,-5072.529,2263.588,50000.000,-7567.706,-7821.706,50000.000,0
15001,-3847.353,-1128.059,50000.000,-6910.293,-9816.353,50000.000,0
15051,-2607.235,-6581.588,50001.000,-8113.058,-12804.587,50000.000,0
15101,-2420.470,-10279.528,50000.000,-8897.470,-14268.822,50000.000,0
15151,-3316.941,-10204.823,49999.000,-9965.764,-10458.823,50000.000,0
15201,-5640.294,-9420.411,50000.000,-10750.176,-4586.941,50000.000,0
15251,-6372.411,-8546.353,50000.000,-9973.234,-1202.765,50000.000,0
15301,-5281.706,-7433.235,50001.000,-10197.353,-956.235,50000.000,0
15351,-5401.235,-8441.764,49999.000,-10145.059,567.765,50000.000,0
15401,-5752.353,-9973.234,50000.000,-9891.059,2928.470,50000.000,0
15451,-5461.000,-8531.411,50000.000,-9988.176,1075.765,50000.000,0
15501,-5670.176,-7134.411,50001.000,-10204.823,-216.647,50000.000,0
15551,-6858.000,-8202.705,49999.000,-10712.823,-1867.647,50000.000,0
15601,-7029.823,-9173.882,50000.000,-12378.764,-1875.118,50000.000,0
15651,-7717.117,-10615.705,50000.000,-12939.058,2398.059,50000.000,0
15701,-8777.940,-11467.353,50000.000,-13603.940,2368.176,50000.000,0
15751,-8860.117,-12953.999,50001.000,-14395.822,-2517.588,50000.000,0
15801,-9233.646,-16016.940,49999.000,-16442.764,-6290.235,50000.000,0
15851,-8777.940,-14298.705,50000.000,-16711.705,-2801.470,50000.000,0
15901,-8367.059,-10989.234,50000.000,-15897.411,2980.764,50000.000,0
15951,-8135.470,-10563.411,50000.000,-17548.410,-2390.588,50000.000,0
16001,-7433.235,-12849.411,50000.000,-17951.822,-8269.940,50000.000,0
16051,-8284.882,-13163.176,50000.000,-18048.939,-6237.941,50000.000,0
16101,-8449.234,-12737.353,50000.000,-18571.881,-22.412,50000.000,0
16151,-10413.999,-15202.646,50000.000,-19460.881,-3697.941,50000.000,0
16201,-8755.529,-14866.470,50000.000,-18975.293,-8568.764,50000.000,0
16251,-9308.353,-15172.764,50000.000,-19251.705,-7418.293,50000.000,0
16301,-10212.293,-15299.764,50000.000,-19692.469,-2569.882,50000.000,0
16351,-10167.470,-15501.470,50000.000,-19894.176,-6454.588,50000.000,0
16401,-8568.764,-14410.764,50000.000,-19326.410,-9330.764,50000.000,0
16451,-9226.176,-13469.470,50000.000,-20163.117,-6320.117,50000.000,0
16501,-12012.705,-15606.058,50000.000,-20476.881,209.176,50000.000,0
16551,-11452.411,-15008.411,50000.000,-20648.705,-4855.882,50000.000,0
16601,-9771.528,-14209.058,50000.000,-19251.705,-9711.764,50000.000,0
16651,-9233.646,-10189.882,50000.000,-18840.822,-8979.646,50000.000,0
16701,-9412.940,-6738.470,50000.000,-16181.293,-3914.588,50000.000,0
16751,-10227.234,-6596.529,50000.000,-13828.058,-4161.117,50000.000,0
16801,-8494.059,-5767.294,50000.000,-13409.705,-6902.823,50000.000,0
16851,-7358.529,-2315.882,50000.000,-12162.117,-10085.293,50000.000,0
16901,-5677.646,2159.000,50001.000,-9786.470,-10085.293,50000.000,0
16951,-5849.470,1419.412,49999.000,-7844.117,-9405.470,50000.000,0
17001,-4990.353,-5378.823,50000.000,-8381.999,-11317.940,50000.000,0
17051,-4773.706,-11243.234,50000.000,-9330.764,-12199.470,50000.000,0
17101,-5184.588,-14433.176,50000.000,-9808.882,-11146.117,50000.000,0
17151,-5879.353,-13618.882,50000.000,-10809.940,-8688.294,50000.000,0
17201,-6865.470,-10309.411,50000.000,-10929.470,-5767.294,50000.000,0
17251,-7380.941,-10316.882,50000.000,-11400.117,-5498.353,50000.000,0
17301,-7485.529,-12677.587,50000.000,-11034.058,-3466.353,50000.000,0
17351,-8142.940,-16293.352,50000.000,-11736.293,-2764.117,50000.000,0
17401,-6955.117,-15882.470,50000.000,-12505.764,-7126.941,50000.000,0
17451,-4011.706,-10884.646,50000.000,-11086.353,-9248.588,50000.000,0
17501,-5998.882,-13574.058,50000.000,-10772.588,-8665.882,50000.000,0
17551,-5819.588,-13103.411,50000.000,-12647.705,-5334.000,50000.000,0
17601,-5752.353,-13715.999,50001.000,-14119.411,-4609.353,50000.000,0
17651,-5647.764,-14604.999,49999.000,-15299.764,-9816.353,50000.000,0
17701,-7171.764,-17398.998,50001.000,-12744.822,-10653.058,50000.000,0
17751,-7971.117,-17593.234,49999.000,-14298.705,-9121.588,50000.000,0
17801,-8023.411,-16950.764,50000.000,-13320.058,-9614.646,50000.000,0
17851,-7186.706,-14515.352,50000.000,-12819.528,-13551.646,50000.000,0
17901,-6506.882,-13230.411,50000.000,-12558.058,-14134.352,50000.000,0
17951,-7634.940,-15172.764,50000.000,-12819.528,-11205.882,50000.000,0
18001,-7709.646,-16203.705,50000.000,-13969.999,-11504.705,50000.000,0
18051,-7605.058,-12886.764,50001.000,-14582.587,-10294.470,50000.000,0
18101,-7567.706,-11205.882,49999.000,-13402.234,-10077.823,50000.000,0
18151,-7709.646,-12879.293,50000.000,-15538.822,-8157.882,50000.000,0
18201,-7366.000,-14433.176,50000.000,-15874.999,-3085.353,50000.000,0
18251,-7552.764,-15568.705,50001.000,-17010.527,-6462.059,50000.000,0
18301,-5894.294,-15688.234,49999.000,-16435.293,-10667.999,50000.000,0
18351,-5565.588,-14791.764,50000.000,-16726.646,-10316.882,50000.000,0
18401,-7463.117,-14933.705,50000.000,-17301.881,-4624.294,50000.000,0
18451,-8068.235,-14477.999,50001.000,-17555.881,-6551.706,50000.000,0
18501,-8172.823,-16016.940,49999.000,-15957.176,-12311.528,50000.000,0
18551,-9061.823,-17854.705,50000.000,-13745.882,-11497.234,50000.000,0
18601,-9181.353,-18175.939,50000.000,-14590.058,-9935.882,50000.000,0
18651,-7515.411,-16487.588,50001.000,-15112.999,-11370.234,50000.000,0
18701,-8568.764,-17585.764,49999.000,-11198.411,-10832.353,50000.000,0
18751,-9002.059,-17122.588,50000.000,-12191.999,-10854.764,50000.000,0
18801,-7664.823,-14515.352,50000.000,-15075.646,-9973.234,50000.000,0
18851,-5640.294,-11810.999,50000.000,-15852.587,-11908.117,50000.000,0
18901,-6223.000,-12356.353,50000.000,-14283.764,-12647.705,50000.000,0
18951,-6424.706,-12558.058,50000.000,-15254.940,-11967.882,50000.000,0
19001,-5378.823,-11161.058,50000.000,-17137.527,-10309.411,50000.000,0
19051,-6641.353,-12707.470,50000.000,-17824.822,-13529.234,50000.000,0
19101,-6955.117,-12812.058,50000.000,-17877.117,-15254.940,50000.000,0
19151,-7276.353,-10003.117,50000.000,-17667.939,-11198.411,50000.000,0
19201,-8307.294,-11168.528,50000.000,-17204.764,-8598.646,50000.000,0
19251,-8553.823,-11026.588,50000.000,-17219.705,-10010.588,50000.000,0
19301,-8098.117,-10286.999,50000.000,-16651.939,-11713.882,50000.000,0
19351,-8142.940,-10780.058,50001.000,-17339.234,-12431.058,50000.000,0
19401,-8979.646,-13372.352,49999.000,-18302.939,-9420.411,50000.000,0
19451,-9256.059,-14306.176,50000.000,-18639.117,-8359.588,50000.000,0
19501,-7642.411,-11474.822,50000.000,-16853.646,-12214.411,50000.000,0
19551,-7612.529,-11833.411,50001.000,-16278.411,-14634.882,50000.000,0
19601,-8322.234,-13955.058,49999.000,-16636.998,-10959.353,50000.000,0
19651,-8957.234,-15232.528,50000.000,-16890.998,-4684.059,50000.000,0
19701,-8157.882,-12304.058,50000.000,-17645.527,-3847.353,50000.000,0
19751,-9771.528,-10085.293,50000.000,-16181.293,-2816.412,50000.000,0
19801,-10107.705,-9069.294,50000.000,-15217.587,-2017.059,50000.000,0
19851,-9524.999,-8464.176,50000.000,-15606.058,-1128.059,50000.000,0
19901,-7896.411,-6775.823,50000.000,-13775.764,1688.353,50000.000,0
19951,-10989.234,-6925.235,50000.000,-12834.470,4713.941,50000.000,0
20001,-11250.705,-5550.646,50000.000,-13476.940,2614.706,50000.000,0
20051,-10570.882,-5214.470,50000.000,-13955.058,1344.706,50000.000,0
20101,-9016.999,-2599.765,50000.000,-14044.705,1807.882,50000.000,0
20151,-11900.646,-2816.412,50000.000,-14821.646,1217.706,50000.000,0
20201,-11930.528,-6656.293,50000.000,-16338.176,-896.471,50000.000,0
20251,-10750.176,-9607.176,50000.000,-17921.939,-3989.294,50000.000,0
20301,-8972.176,-9293.411,50001.000,-17376.588,-6133.353,50000.000,0
20351,-8777.940,-10316.882,49999.000,-17623.117,-5640.294,50000.000,0
20401,-9009.528,-8912.411,50000.000,-18467.293,-3937.000,50000.000,0
20451,-8725.646,-6379.882,50000.000,-17862.176,-3944.470,50000.000,0
20501,-11146.117,-7112.000,50000.000,-17279.469,-3145.117,50000.000,0
20551,-10750.176,-8374.529,50000.000,-18385.117,-1845.235,50000.000,0
20601,-12886.764,-12528.176,50000.000,-18571.881,1471.706,50000.000,0
20651,-14806.705,-15210.116,50000.000,-19468.352,2637.117,50000.000,0
20701,-12953.999,-14388.352,50000.000,-19602.822,-3302.000,50000.000,0
20751,-10219.764,-13955.058,50000.000,-19087.352,-8703.234,50000.000,0
20801,-9368.117,-12109.822,50000.000,-18459.822,-8904.940,50000.000,0
20851,-10257.117,-11661.588,50001.000,-17862.176,-3189.941,50000.000,0
20901,-11437.470,-13641.293,49999.000,-18990.234,-2928.470,50000.000,0
20951,-9831.293,-11997.764,50000.000,-19468.352,-6775.823,50000.000,0
21001,-10720.293,-12744.822,50000.000,-18990.234,-6618.941,50000.000,0
21051,-11161.058,-13588.999,50000.000,-19625.234,-4004.235,50000.000,0
21101,-9046.882,-12102.353,50000.000,-18818.410,2794.000,50000.000,0
21151,-9651.999,-12856.882,50000.000,-19064.939,-44.824,50000.000,0
21201,-8606.117,-13394.764,50001.000,-19259.176,-4721.412,50000.000,0
21251,-8471.646,-12916.646,49999.000,-19684.998,-5453.529,50000.000,0
21301,-8254.999,-11676.528,50000.000,-18668.998,-1516.529,50000.000,0
21351,-10249.646,-14388.352,50000.000,-17682.881,-1060.823,50000.000,0
21401,-10660.528,-15254.940,50001.000,-18825.881,-6230.470,50000.000,0
21451,-9061.823,-14164.234,49999.000,-18736.234,-7134.411,50000.000,0
21501,-9659.470,-13805.646,50000.000,-17264.527,-3040.529,50000.000,0
21551,-8972.176,-12849.411,50000.000,-15733.058,-552.823,50000.000,0
21601,-10047.940,-12647.705,50000.000,-17563.352,-3563.470,50000.000,0
21651,-9143.999,-11878.234,50001.000,-17869.646,-6454.588,50000.000,0
21701,-9592.234,-12445.999,49999.000,-18631.646,-7582.646,50000.000,0
21751,-8949.764,-11400.117,50000.000,-14627.411,-2764.117,50000.000,0
21801,-9547.411,-11736.293,50001.000,-17705.293,-956.235,50000.000,0
21851,-9891.059,-12939.058,49999.000,-18639.117,-7470.588,50000.000,0
21901,-8703.234,-12625.293,50000.000,-15165.293,-9480.176,50000.000,0
21951,-8875.059,-12079.940,50000.000,-16315.764,-9622.117,50000.000,0
22001,-9905.999,-13544.176,50000.000,-18706.352,-6820.646,50000.000,0
22051,-11400.117,-14858.999,50000.000,-19087.352,-4975.412,50000.000,0
22101,-10765.117,-13170.646,50000.000,-18527.057,-9472.705,50000.000,0
22151,-10189.882,-13551.646,50000.000,-17458.764,-11751.234,50000.000,0
22201,-10227.234,-13648.764,50000.000,-17779.998,-11302.999,50000.000,0
22251,-10667.999,-15322.176,50000.000,-18474.764,-8501.529,50000.000,0
22301,-9749.117,-14851.528,50000.000,-18601.764,-8979.646,50000.000,0
22351,-8404.411,-12154.646,50000.000,-17817.352,-11586.882,50000.000,0
22401,-8195.234,-11340.353,50000.000,-17092.705,-12124.764,50000.000,0
22451,-7948.706,-12348.882,50000.000,-17234.646,-10862.234,50000.000,0
22501,-8098.117,-13021.234,50000.000,-17324.293,-8165.353,50000.000,0
22551,-9674.411,-16151.411,50001.000,-16838.705,-8389.470,50000.000,0
22601,-8083.176,-12670.117,49999.000,-16315.764,-11078.882,50000.000,0
22651,-7605.058,-10167.470,50000.000,-14881.411,-11706.411,50000.000,0
22701,-7986.058,-11997.764,50000.000,-14941.176,-10623.176,50000.000,0
22751,-8904.940,-16375.528,50001.000,-14433.176,-7896.411,50000.000,0
22801,-9495.117,-17892.057,49999.000,-14268.822,-7874.000,50000.000,0
22851,-7522.882,-13730.940,50000.000,-11952.940,-9129.059,50000.000,0
22901,-7739.529,-13820.587,50000.000,-9293.411,-8792.882,50000.000,0
22951,-7806.764,-15366.999,50001.000,-10921.999,-9188.823,50000.000,0
23001,-8038.353,-15434.234,50000.000,-11870.764,-6178.176,50000.000,0
23051,-8486.588,-15112.999,49999.000,-13454.528,-7044.764,50000.000,0
23101,-6932.706,-9681.882,50000.000,-14358.470,-9547.411,50000.000,0
23151,-6723.529,-8845.176,50001.000,-8972.176,-7209.117,50000.000,0
23201,-6723.529,-10122.646,50000.000,-11474.822,-8329.705,50000.000,0
23251,-7298.764,-12692.528,49999.000,-13036.176,-4123.765,50000.000,0
23301,-7261.411,-11930.528,50000.000,-14873.940,-1464.235,50000.000,0
23351,-7463.117,-10593.293,50000.000,-16756.527,-6028.764,50000.000,0
23401,-6589.059,-8591.176,50000.000,-14448.116,-9599.705,50000.000,0
23451,-7493.000,-9226.176,50000.000,-13775.764,-9480.176,50000.000,0
23501,-7597.588,-9928.411,50000.000,-13588.999,-6043.706,50000.000,0
23551,-8142.940,-9861.176,50000.000,-13364.882,-3772.647,50000.000,0
23601,-8456.705,-11870.764,50000.000,-14321.116,-5610.412,50000.000,0
23651,-7597.588,-10115.176,50001.000,-15187.705,-9823.823,50000.000,0
23701,-6828.117,-7582.646,49999.000,-13088.470,-11302.999,50000.000,0
23751,-6581.588,-6611.470,50000.000,-12744.822,-12804.587,50000.000,0
23801,-6843.059,-9270.999,50000.000,-11945.470,-10712.823,50000.000,0
23851,-6305.176,-11766.176,50000.000,-11885.705,-11250.705,50000.000,0
23901,-5259.294,-10989.234,50000.000,-12079.940,-11915.588,50000.000,0
23951,-6589.059,-7717.117,50000.000,-12363.822,-8456.705,50000.000,0
24001,-7149.353,-6312.646,50000.000,-11332.882,-5954.059,50000.000,0
24051,-6828.117,-6432.176,50001.000,-11766.176,-6118.411,50000.000,0
24101,-5498.353,-6155.764,50000.000,-11556.999,-3899.647,50000.000,0
24151,-6260.353,-7433.235,49999.000,-10630.646,-814.294,50000.000,0
24201,-5864.411,-7388.411,50000.000,-10018.059,1322.294,50000.000,0
24251,-6589.059,-7776.882,50000.000,-10122.646,-186.765,50000.000,0
24301,-6589.059,-6611.470,50001.000,-10354.234,-1673.412,50000.000,0
24351,-7082.117,-5221.941,49999.000,-9659.470,-732.118,50000.000,0
24401,-7493.000,-3526.117,50000.000,-9547.411,-455.706,50000.000,0
24451,-8075.706,-3548.529,50000.000,-9532.470,-104.588,50000.000,0
24501,-8546.353,-4415.117,50000.000,-10488.705,635.000,50000.000,0
24551,-9285.940,-2883.647,50001.000,-12244.293,2510.117,50000.000,0
24601,-12281.646,-889.000,49999.000,-13185.587,4736.353,50000.000,0
24651,-13596.470,-829.235,50000.000,-15030.822,3316.941,50000.000,0
24701,-12460.940,-679.823,50000.000,-16397.939,-687.294,50000.000,0
24751,-11945.470,1217.706,50000.000,-14373.411,-3787.588,50000.000,0
24801,-11280.588,4646.706,50000.000,-11810.999,-5326.529,50000.000,0
24851,-9771.528,4781.176,50000.000,-10100.234,-5035.176,50000.000,0
24901,-10757.646,2846.294,50000.000,-10675.470,-605.118,50000.000,0
24951,-12468.411,-620.059,50000.000,-12587.940,1957.294,50000.000,0
25001,-11026.588,-3660.588,50000.000,-13095.940,-1598.706,50000.000,0
25051,-9592.234,-4990.353,50000.000,-12042.588,-1217.706,50000.000,0
25101,-9375.588,-5266.764,50000.000,-10936.940,478.118,50000.000,0
25151,-8710.705,-4900.706,50000.000,-10399.059,52.294,50000.000,0
25201,-7522.882,-3369.235,50000.000,-9293.411,-134.471,50000.000,0
25251,-6880.411,-1225.176,50001.000,-8329.705,-246.529,50000.000,0
25301,-6723.529,-769.471,49999.000,-7806.764,-575.235,50000.000,0
25351,-6223.000,-672.353,50000.000,-7507.940,-784.412,50000.000,0
25401,-5819.588,-649.941,50000.000,-7089.588,-769.471,50000.000,0
25451,-5378.823,-403.412,50001.000,-6686.176,-664.882,50000.000,0
25501,-5147.235,-306.294,49999.000,-6267.823,-657.412,50000.000,0
25551,-4848.412,-328.706,50000.000,-5909.235,-881.529,50000.000,0
25601,-4243.294,-343.647,50000.000,-5580.529,-1098.176,50000.000,0
25651,-3929.529,-231.588,50000.000,-5109.882,-769.471,50000.000,0
25701,-3623.235,-74.706,50001.000,-4288.117,-515.471,50000.000,0
25751,-2794.000,-201.706,49999.000,-3705.412,-381.000,50000.000,0
25801,-2188.882,-141.941,50000.000,-3040.529,-508.000,50000.000,0
25851,-1494.118,14.941,50000.000,-2136.588,-328.706,50000.000,0
25901,-933.823,709.706,50000.000,-1045.882,-14.941,50000.000,0
25951,-14.941,836.706,50001.000,328.706,52.294,50000.000,0
26001,836.706,948.765,49999.000,1778.000,164.353,50000.000,0
26051,2667.000,2233.706,50000.000,4116.294,-127.000,50000.000,0
26101,3742.764,4146.176,50000.000,6462.059,1934.882,50000.000,0
26151,4489.823,4071.470,50000.000,8449.234,4527.176,50000.000,0
26201,8113.058,1404.470,50001.000,10040.470,2046.941,50000.000,0
26251,11205.882,-74.706,49999.000,12998.822,-1733.176,50000.000,0
26301,14350.999,-732.118,50000.000,15352.058,-6021.294,50000.000,0
26351,16338.176,-2480.235,50000.000,16121.528,-9218.705,50000.000,0
26401,16554.822,-4325.470,50000.000,16741.588,-8606.117,50000.000,0
26451,17354.176,-6409.764,50000.000,15949.705,-8456.705,50000.000,0
26501,16554.822,-4183.529,50000.000,16375.528,-8949.764,50000.000,0
26551,16763.998,-1030.941,50000.000,16554.822,-7149.353,50000.000,0
26601,18295.469,-657.412,50001.000,18086.293,-7209.117,50000.000,0
26651,18220.764,-5214.470,49999.000,19311.469,-8703.234,50000.000,0
26701,16793.881,-8538.882,50000.000,18250.646,-7485.529,50000.000,0
26751,14941.176,-9323.294,50000.000,18414.998,-5961.529,50000.000,0
26801,12266.705,-8404.411,50000.000,15688.234,-4661.647,50000.000,0
26851,11855.822,-9427.882,50000.000,16412.881,-4601.882,50000.000,0
26901,13267.764,-11429.999,50000.000,14844.058,-2980.764,50000.000,0
26951,11691.470,-8277.411,50000.000,14044.705,-112.059,50000.000,0
27001,10742.705,-6237.941,50000.000,14186.646,1322.294,50000.000,0
27051,11019.117,-7851.588,50000.000,12386.234,-2300.941,50000.000,0
27101,13163.176,-13103.411,50000.000,10720.293,-5759.823,50000.000,0
27151,11527.117,-13872.882,50000.000,8957.234,-4101.353,50000.000,0
27201,8105.588,-8583.705,50000.000,8897.470,-74.706,50000.000,0
27251,7089.588,-6499.411,50001.000,7418.293,2308.412,50000.000,0
27301,6506.882,-6237.941,49999.000,6798.235,-1217.706,50000.000,0
27351,7209.117,-8523.940,50000.000,4997.823,-3907.117,50000.000,0
27401,6394.823,-11736.293,50001.000,3167.529,-4078.941,50000.000,0
27451,5386.294,-11004.176,49999.000,1718.235,-2898.588,50000.000,0
27501,2099.235,-8553.823,50001.000,620.059,485.588,50000.000,0
27551,664.882,-6589.059,50000.000,-104.588,963.706,50000.000,0
27601,59.765,-7851.588,49999.000,-1703.294,-1800.412,50000.000,0
27651,112.059,-7649.882,50001.000,-2345.765,-2898.588,50000.000,0
27701,-209.176,-6999.941,49999.000,-2853.764,-3929.529,50000.000,0
27751,-425.823,-5834.529,50001.000,-2502.647,-2943.412,50000.000,0
27801,-2315.882,-6462.059,49999.000,-3548.529,321.235,50000.000,0
27851,-2958.353,-4840.941,50000.000,-4908.176,2726.764,50000.000,0
27901,-3623.235,-4161.117,50001.000,-5588.000,2540.000,50000.000,0
27951,-4616.823,-7418.293,49999.000,-7246.470,-784.412,50000.000,0
28001,-3720.353,-8090.646,50000.000,-8852.646,-3010.647,50000.000,0
28051,-4235.823,-9547.411,50000.000,-8202.705,-4938.059,50000.000,0
28101,-4445.000,-10458.823,50000.000,-8815.294,-4840.941,50000.000,0
28151,-5304.117,-8172.823,50000.000,-9412.940,597.647,50000.000,0
28201,-6327.588,-6208.059,50000.000,-9846.234,3085.353,50000.000,0
28251,-7134.411,-6544.235,50000.000,-10705.353,-874.059,50000.000,0
28301,-6813.176,-6491.941,50000.000,-11086.353,-2375.647,50000.000,0
28351,-7313.706,-6514.353,50000.000,-11019.117,-3533.588,50000.000,0
28401,-6305.176,-5991.411,50000.000,-11063.940,-3839.882,50000.000,0
28451,-7321.176,-6559.176,50000.000,-11870.764,-567.765,50000.000,0
28501,-9256.059,-4385.235,50000.000,-11923.058,2995.706,50000.000,0
28551,-9764.059,-119.529,50000.000,-10675.470,2674.470,50000.000,0
28601,-7485.529,2734.235,50000.000,-9457.764,-605.118,50000.000,0
28651,-6282.764,3914.588,50000.000,-8381.999,-1090.706,50000.000,0
28701,-7560.235,4362.823,50000.000,-7672.293,-1023.471,50000.000,0
28751,-7224.058,2054.412,50000.000,-9427.882,-1494.118,50000.000,0
28801,-8202.705,209.176,50000.000,-10159.999,-3697.941,50000.000,0
28851,-6081.059,-500.529,50000.000,-9920.940,-6439.646,50000.000,0
28901,-6215.529,-1030.941,50001.000,-9614.646,-3279.588,50000.000,0
28951,-8748.059,-2166.470,49999.000,-9554.882,1972.235,50000.000,0
29001,-8374.529,-3264.647,50000.000,-9943.353,709.706,50000.000,0
29051,-5685.117,-2181.412,50000.000,-9031.940,-2868.706,50000.000,0
29101,-4915.646,844.176,50001.000,-6618.941,-4034.117,50000.000,0
29151,-2741.706,3182.470,49999.000,-3496.235,-4250.765,50000.000,0
29201,-866.588,3481.294,50000.000,-1075.765,-4990.353,50000.000,0
29251,-799.353,2345.765,50000.000,-679.823,-1703.294,50000.000,0
29301,-246.529,-590.176,50001.000,-141.941,-1255.059,50000.000,0
29351,2935.941,-2375.647,50000.000,1001.059,-7298.764,50000.000,0
29401,5080.000,-2480.235,49999.000,4041.588,-13334.999,50000.000,0
29451,6491.941,-4086.411,50000.000,3623.235,-17219.705,50000.000,0
29501,5827.059,-5461.000,50001.000,3429.000,-12782.176,50000.000,0
29551,3608.294,-5468.470,49999.000,2973.294,-5438.588,50000.000,0
29601,3033.059,-7470.588,50000.000,933.823,-4146.176,50000.000,0
29651,2465.294,-8322.234,50000.000,-149.412,-6469.529,50000.000,0
29701,1382.059,-10234.705,50000.000,-762.000,-5991.411,50000.000,0
29751,956.235,-13402.234,50000.000,-2973.294,-5281.706,50000.000,0
29801,470.647,-13051.117,50000.000,-4041.588,-6305.176,50000.000,0
29851,171.824,-13574.058,50000.000,-4161.117,-6850.529,50000.000,0
29901,-918.882,-12953.999,50000.000,-6768.353,-5789.706,50000.000,0
29951,-3062.941,-10839.823,50000.000,-8725.646,-1479.176,50000.000,0
30001,-3526.117,-10959.353,50000.000,-10085.293,-3585.882,50000.000,0
30051,-2622.176,-11220.823,50000.000,-9383.059,-8329.705,50000.000,0
30101,-2338.294,-12804.587,50000.000,-9465.234,-9517.528,50000.000,0
30151,-3189.941,-10533.528,50000.000,-9838.764,-6790.764,50000.000,0
30201,-4691.529,-10421.470,50001.000,-9248.588,-2921.000,50000.000,0
30251,-3966.882,-9323.294,50000.000,-9323.294,-5259.294,50000.000,0
30301,-2510.117,-6327.588,49999.000,-8150.411,-7791.823,50000.000,0
30351,-2256.117,-4713.941,50000.000,-7478.058,-8695.764,50000.000,0
30401,-2681.941,-3989.294,50000.000,-7082.117,-5602.941,50000.000,0
30451,-2988.235,-2256.117,50000.000,-5416.176,-1479.176,50000.000,0
30501,-2442.882,-22.412,50001.000,-3376.706,-2764.117,50000.000,0
30551,-1277.470,784.412,49999.000,-2442.882,-2271.059,50000.000,0
30601,-1680.882,2652.059,50000.000,-1374.588,2368.176,50000.000,0
30651,-1225.176,2816.412,50001.000,291.353,1105.647,50000.000,0
30701,-141.941,2121.647,49999.000,134.471,-37.353,50000.000,0
30751,7.471,134.471,50000.000,-724.647,-1830.294,50000.000,0
30801,22.412,0.000,50000.000,-74.706,-3608.294,50000.000,0
30851,1023.471,-814.294,50000.000,127.000,-7014.882,50000.000,0
30901,2487.706,-4370.294,50000.000,268.941,-10413.999,50000.000,0
30951,2659.529,-7082.117,50000.000,-134.471,-11691.470,50000.000,0
31001,1247.588,-10130.117,50000.000,-1598.706,-8591.176,50000.000,0
31051,739.588,-10286.999,50000.000,-3443.941,-7126.941,50000.000,0
31101,254.000,-10645.588,50000.000,-3070.412,-7552.764,50000.000,0
31151,-14.941,-11497.234,50000.000,-4138.706,-8180.293,50000.000,0
31201,-343.647,-12797.117,50000.000,-4945.529,-4228.353,50000.000,0
31251,-1143.000,-11078.882,50000.000,-5132.294,-1867.647,50000.000,0
31301,-1404.470,-9129.059,50000.000,-5341.470,-2614.706,50000.000,0
31351,-2099.235,-9711.764,50001.000,-5475.941,-2353.235,50000.000,0
31401,-2368.176,-8344.646,49999.000,-6155.764,-2547.470,50000.000,0
31451,-3563.470,-6350.000,50000.000,-5924.176,597.647,50000.000,0
31501,-4826.000,-3533.588,50000.000,-5401.235,4273.176,50000.000,0
31551,-6305.176,-642.471,50000.000,-6185.646,4437.529,50000.000,0
31601,-6521.823,933.823,50000.000,-7246.470,2248.647,50000.000,0
31651,-6753.411,1763.059,50000.000,-7463.117,493.059,50000.000,0
31701,-6999.941,395.941,50000.000,-7717.117,-530.412,50000.000,0
31751,-6656.293,-1561.353,50001.000,-8688.294,-2637.117,50000.000,0
31801,-6200.588,-1352.176,49999.000,-8949.764,-3772.647,50000.000,0
31851,-6678.706,97.118,50000.000,-8105.588,-3055.470,50000.000,0
31901,-6148.294,1030.941,50000.000,-7358.529,-2435.412,50000.000,0
31951,-5565.588,963.706,50000.000,-6753.411,-1964.765,50000.000,0
32001,-4967.941,1172.882,50000.000,-6103.470,-1763.059,50000.000,0
32051,-3862.294,1322.294,50000.000,-5192.059,-2046.941,50000.000,0
32101,-2950.882,1419.412,50000.000,-3847.353,-2532.529,50000.000,0
32151,-1494.118,1128.059,50000.000,-2248.647,-3234.764,50000.000,0
32201,-328.706,1501.588,50000.000,-545.353,-3675.529,50000.000,0
32251,1270.000,859.118,50000.000,1068.294,-4982.882,50000.000,0
32301,3645.647,-2375.647,50000.000,2106.706,-9383.059,50000.000,0
32351,5057.588,-5662.706,50000.000,1994.647,-12460.940,50000.000,0
32401,5072.529,-8120.529,50000.000,1905.000,-10742.705,50000.000,0
32451,4385.235,-8456.705,50001.000,806.823,-6581.588,50000.000,0
32501,2988.235,-6858.000,49999.000,1337.235,-4161.117,50000.000,0
32551,2644.588,-5371.353,50000.000,1240.118,-4945.529,50000.000,0
32601,3189.941,-5924.176,50000.000,1187.823,-4915.646,50000.000,1
32651,2076.823,-5834.529,50000.000,799.353,-1255.059,50000.000,1
32701,1426.882,-4676.588,50000.000,283.882,1800.412,50000.000,0
32751,410.882,-2779.059,50000.000,410.882,918.882,50000.000,0
32801,1120.588,-2151.529,50000.000,829.235,-2248.647,50000.000,0
32851,2054.412,-1411.941,50001.000,1389.529,-5281.706,50000.000,0
32901,1703.294,2696.882,49999.000,2637.117,-2271.059,50000.000,0
32951,933.823,3877.235,50000.000,3720.353,1725.706,50000.000,0
33001,776.941,2711.823,50000.000,2353.235,2151.529,50000.000,0
33051,261.471,-276.412,50000.000,-119.529,1725.706,50000.000,0
33101,-881.529,-291.353,50000.000,-134.471,2442.882,50000.000,0
33151,-1419.412,-343.647,50000.000,-1045.882,1314.823,50000.000,0
33201,-1165.412,-515.471,50000.000,-2129.117,-37.353,50000.000,0
33251,-1419.412,321.235,50000.000,-2009.588,-343.647,50000.000,0
33301,-2652.059,418.353,50000.000,-3414.059,-149.412,50000.000,0
33351,-3414.059,-612.588,50001.000,-4766.235,-321.235,50000.000,0
33401,-4706.470,-127.000,49999.000,-5498.353,-82.176,50000.000,0
33451,-5393.764,171.824,50000.000,-6081.059,-231.588,50000.000,0
33501,-5610.412,-89.647,50000.000,-7059.706,-582.706,50000.000,0
33551,-6230.470,-283.882,50001.000,-7732.058,-657.412,50000.000,0
33601,-6671.235,-448.235,49999.000,-8396.940,-440.765,50000.000,0
33651,-7239.000,-418.353,50000.000,-9046.882,-425.823,50000.000,0
33701,-7918.823,-418.353,50000.000,-9360.646,-851.647,50000.000,0
33751,-7993.529,-605.118,50000.000,-9577.294,-1068.294,50000.000,0
33801,-7702.176,-440.765,50001.000,-9248.588,-971.176,50000.000,0
33851,-7791.823,-7.471,49999.000,-9039.411,-1284.941,50000.000,0
33901,-7343.588,246.529,50000.000,-8807.823,-1434.353,50000.000,0
33951,-6454.588,224.118,50001.000,-8195.234,-1800.412,50000.000,0
34001,-5192.059,590.176,49999.000,-7074.646,-2009.588,50000.000,0
34051,-3533.588,2032.000,50000.000,-4146.176,-2114.176,50000.000,0
34101,-1538.941,3033.059,50000.000,-1382.059,-2330.823,50000.000,0
34151,567.765,2547.470,50000.000,776.941,-2256.117,50000.000,0
34201,2988.235,328.706,50000.000,2853.764,-3697.941,50000.000,0
34251,4908.176,44.824,50000.000,4183.529,-4997.823,50000.000,0
34301,6604.000,1583.765,50000.000,6872.941,-6723.529,50000.000,0
34351,8934.823,560.294,50000.000,8621.059,-8486.588,50000.000,0
34401,9375.588,-2144.059,50000.000,7776.882,-7074.646,50000.000,0
34451,10503.646,-4781.176,50000.000,9203.764,-6611.470,50000.000,0
34501,10100.234,-3608.294,50000.000,8501.529,-6155.764,50000.000,0
34551,9868.646,-1822.823,50000.000,10145.059,-7463.117,50000.000,0
34601,11564.470,-3092.823,50000.000,10548.470,-9353.176,50000.000,0
34651,11706.411,-6633.882,50000.000,10174.940,-11444.940,50000.000,0
34701,11362.764,-8284.882,50001.000,10324.353,-12483.353,50000.000,0
34751,11676.528,-6917.764,49999.000,10794.999,-11400.117,50000.000,0
34801,12094.882,-5543.176,50000.000,12408.646,-12961.470,50000.000,0
34851,12886.764,-6574.117,50000.000,11228.293,-12498.293,50000.000,0
34901,9577.294,-7179.235,50001.000,10234.705,-11661.588,50000.000,0
34951,10802.470,-9891.059,49999.000,9816.353,-11825.940,50000.000,0
35001,10413.999,-8389.470,50000.000,9368.117,-10428.940,50000.000,0
35051,10578.353,-7971.117,50000.000,9510.059,-10511.117,50000.000,0
35101,10010.588,-8441.764,50001.000,8591.176,-9368.117,50000.000,0
35151,8949.764,-10272.059,49999.000,8277.411,-7380.941,50000.000,0
35201,9539.940,-12079.940,50000.000,6865.470,-7224.058,50000.000,0
35251,7933.764,-9853.705,50000.000,7044.764,-8344.646,50000.000,0
35301,8688.294,-10272.059,50001.000,7448.176,-9211.234,50000.000,0
35351,6223.000,-6790.764,49999.000,5446.059,-5610.412,50000.000,0
35401,4161.117,0.000,50000.000,6327.588,567.765,50000.000,0
35451,4019.176,3623.235,50000.000,6514.353,1172.882,50000.000,0
35501,4728.882,3668.059,50000.000,6417.235,-1486.647,50000.000,0
35551,5005.294,1651.000,50000.000,5535.706,-2330.823,50000.000,0
35601,3824.941,306.294,50000.000,3929.529,-821.765,50000.000,0
35651,1897.529,522.941,50000.000,2398.059,993.588,50000.000,0
35701,313.765,-836.706,50000.000,664.882,1098.176,50000.000,0
35751,37.353,-2203.823,50000.000,-724.647,14.941,50000.000,0
35801,-119.529,-1524.000,50000.000,-694.765,-515.471,50000.000,0
35851,-171.824,-351.118,50000.000,-201.706,-425.823,50000.000,0
35901,-381.000,-306.294,50000.000,-515.471,-739.588,50000.000,0
35951,-754.529,-127.000,50001.000,-1128.059,-500.529,50000.000,0
36001,-1195.294,-141.941,49999.000,-1247.588,-134.471,50000.000,0
36051,-1187.823,-313.765,50000.000,-1830.294,119.529,50000.000,0
36101,-1606.176,-395.941,50000.000,-2069.353,179.294,50000.000,0
36151,-1807.882,-246.529,50000.000,-1882.588,-104.588,50000.000,0
36201,-1748.118,-246.529,50001.000,-2263.588,-127.000,50000.000,0
36251,-2196.353,-134.471,49999.000,-2719.294,1068.294,50000.000,0
36301,-3369.235,918.882,50000.000,-3092.823,2360.706,50000.000,0
36351,-4721.412,1404.470,50000.000,-4056.529,2838.823,50000.000,0
36401,-6447.117,-791.882,50000.000,-6006.353,2988.235,50000.000,0
36451,-7694.706,-2323.353,50001.000,-9517.528,2607.235,50000.000,0
36501,-10406.528,-3264.647,49999.000,-12475.882,2375.647,50000.000,0
36551,-12057.528,-3981.823,50000.000,-14171.705,-1045.882,50000.000,0
36601,-11915.588,-4250.765,50000.000,-15038.293,-2719.294,50000.000,0
36651,-11713.882,-3167.529,50001.000,-16061.764,-709.706,50000.000,0
36701,-12625.293,-2704.353,49999.000,-18220.764,276.412,50000.000,0
36751,-13633.822,-1494.118,50000.000,-18482.234,-1277.470,50000.000,0
36801,-13439.587,-918.882,50000.000,-17518.527,-3996.764,50000.000,0
36851,-11392.646,336.176,50000.000,-17092.705,-3989.294,50000.000,0
36901,-7971.117,2129.117,50000.000,-14425.705,-1680.882,50000.000,0
36951,-10346.764,4482.353,50000.000,-12528.176,-702.235,50000.000,0
37001,-9256.059,2935.941,50000.000,-11153.588,575.235,50000.000,0
37051,-7059.706,239.059,50000.000,-8912.411,-2457.823,50000.000,0
37101,-3219.823,-2181.412,50000.000,-4967.941,-7597.588,50000.000,0
37151,-2667.000,-5528.235,50000.000,-5229.412,-6880.411,50000.000,0
37201,-3324.412,-6663.764,50000.000,-5027.706,-3518.647,50000.000,0
37251,-2906.059,-4669.117,50000.000,-4826.000,-2935.941,50000.000,0
37301,-963.706,-1501.588,50000.000,-2151.529,-4101.353,50000.000,0
37351,328.706,3272.117,50000.000,687.294,-3892.176,50000.000,0
37401,1583.765,6013.823,50000.000,3951.941,-2353.235,50000.000,0
37451,4826.000,3421.529,50000.000,5588.000,-4407.647,50000.000,0
37501,8359.588,-508.000,50000.000,6589.059,-11489.764,50000.000,0
37551,9711.764,-2480.235,50000.000,7687.235,-14306.176,50000.000,0
37601,8710.705,-2801.470,50000.000,6686.176,-10092.764,50000.000,0
37651,7971.117,-224.118,50000.000,7358.529,-6043.706,50000.000,0
37701,7993.529,1800.412,50000.000,9009.528,-4938.059,50000.000,0
37751,9465.234,-1419.412,50000.000,9203.764,-7806.764,50000.000,0
37801,10301.940,-5446.059,50001.000,8733.117,-11131.176,50000.000,0
37851,9778.999,-7926.293,49999.000,9256.059,-13745.882,50000.000,0
37901,10257.117,-8292.353,50000.000,7963.646,-11639.176,50000.000,0
37951,10189.882,-4482.353,50000.000,7799.293,-8314.764,50000.000,0
38001,11579.411,-2218.765,50001.000,9793.940,-9106.646,50000.000,0
38051,12550.587,-2614.706,50000.000,10040.470,-9980.705,50000.000,0
38101,11967.882,-3929.529,49999.000,9861.176,-8098.117,50000.000,0
38151,11631.705,-5573.059,50000.000,9397.999,-7440.706,50000.000,0
38201,11564.470,-6544.235,50000.000,9637.059,-7037.293,50000.000,0
38251,11347.823,-4542.117,50000.000,9226.176,-8337.176,50000.000,0
38301,11512.176,-971.176,50001.000,10062.882,-10884.646,50000.000,0
38351,12580.470,-664.882,49999.000,10511.117,-12012.705,50000.000,0
38401,12670.117,-4609.353,50000.000,9270.999,-9188.823,50000.000,0
38451,11990.293,-6237.941,50000.000,9241.117,-9651.999,50000.000,0
38501,11489.764,-6118.411,50000.000,10040.470,-9801.411,50000.000,0
38551,12535.646,-1621.118,50000.000,8845.176,-8621.059,50000.000,0
38601,12124.764,2487.706,50000.000,11370.234,-11317.940,50000.000,0
38651,12789.646,-186.765,50000.000,12819.528,-10690.411,50000.000,0
38701,12998.822,-5042.646,50000.000,12147.176,-11400.117,50000.000,0
38751,13297.646,-6880.411,50000.000,11758.705,-12909.176,50000.000,0
38801,12991.353,-4093.882,50000.000,12341.411,-11407.588,50000.000,0
38851,12864.353,1329.765,50001.000,13529.234,-11071.411,50000.000,0
38901,13372.352,2562.412,50000.000,14306.176,-10496.176,50000.000,0
38951,12819.528,-2398.059,49999.000,13222.940,-9233.646,50000.000,0
39001,12953.999,-5341.470,50000.000,12326.470,-10630.646,50000.000,0
39051,11781.117,-4474.882,50000.000,12266.705,-8725.646,50000.000,0
39101,10802.470,201.706,50000.000,12625.293,-4452.470,50000.000,0
39151,8247.529,5438.588,50001.000,12722.411,470.647,50000.000,0
39201,7283.823,5692.588,49999.000,12042.588,3316.941,50000.000,0
39251,7097.058,784.412,50000.000,9442.823,1725.706,50000.000,0
39301,7493.000,-2771.588,50001.000,9076.764,-1240.118,50000.000,0
39351,9233.646,-1905.000,50000.000,9674.411,-4183.529,50000.000,0
39401,11288.058,732.118,50000.000,11683.999,-6140.823,50000.000,0
39451,12401.176,1165.412,49999.000,12707.470,-6858.000,50000.000,0
39501,12386.234,-44.824,50000.000,12856.882,-5162.176,50000.000,0
39551,12169.588,-1232.647,50001.000,12774.705,-2891.117,50000.000,0
39601,11310.470,-1621.118,49999.000,12729.882,-2913.529,50000.000,0
39651,12064.999,-933.823,50000.000,12064.999,-1695.823,50000.000,0
39701,8381.999,1434.353,50000.000,11833.411,246.529,50000.000,0
39751,8210.176,3346.823,50000.000,11885.705,1845.235,50000.000,0
39801,7642.411,1524.000,50000.000,10697.882,4071.470,50000.000,0
39851,7171.764,-291.353,50000.000,8157.882,4728.882,50000.000,0
39901,5244.353,-1180.353,50000.000,7918.823,5094.941,50000.000,0
39951,5520.764,-2084.294,50000.000,7410.823,3160.059,50000.000,0
40001,6013.823,-2831.353,50000.000,6529.293,-127.000,50000.000,0
40051,5341.470,-3152.588,50000.000,5177.117,-1538.941,50000.000,0
40101,2943.412,-2734.235,50000.000,3137.647,-1060.823,50000.000,0
40151,1098.176,-3354.294,50000.000,612.588,1680.882,50000.000,0
40201,-702.235,-1927.412,50000.000,-1098.176,4422.588,50000.000,0
40251,-2271.059,485.588,50000.000,-2203.823,3600.823,50000.000,0
40301,-3683.000,381.000,50001.000,-4609.353,1262.529,50000.000,0
40351,-6716.059,-2405.529,49999.000,-7918.823,1680.882,50000.000,0
40401,-8576.234,-3668.059,50000.000,-9741.646,1553.882,50000.000,0
40451,-8583.705,-3623.235,50000.000,-10892.117,-1247.588,50000.000,0
40501,-8508.999,-3443.941,50000.000,-11332.882,-3481.294,50000.000,0
40551,-7747.000,-2166.470,50000.000,-11728.822,-3003.176,50000.000,0
40601,-8710.705,-1270.000,50000.000,-12393.705,-1703.294,50000.000,0
40651,-10675.470,29.882,50000.000,-12416.117,-672.353,50000.000,0
40701,-9808.882,754.529,50001.000,-11900.646,-814.294,50000.000,0
40751,-9211.234,179.294,49999.000,-11579.411,-612.588,50000.000,0
40801,-7463.117,433.294,50000.000,-11258.176,-597.647,50000.000,0
40851,-9338.234,1143.000,50000.000,-9868.646,-635.000,50000.000,0
40901,-8538.882,-343.647,50000.000,-10047.940,-2345.765,50000.000,0
40951,-6693.646,-1927.412,50000.000,-9831.293,-3600.823,50000.000,0
41001,-7119.470,-2935.941,50000.000,-9539.940,-3257.176,50000.000,0
41051,-5976.470,-2898.588,50000.000,-8815.294,-4146.176,50000.000,0
41101,-4205.941,-1404.470,50001.000,-6013.823,-4101.353,50000.000,0
41151,-2838.823,343.647,50000.000,-4250.765,-4489.823,50000.000,0
41201,-1419.412,776.941,49999.000,-2562.412,-4116.294,50000.000,0
41251,-321.235,-522.941,50000.000,-724.647,-5162.176,50000.000,0
41301,1299.882,-2413.000,50000.000,-224.118,-9450.294,50000.000,0
41351,2921.000,-5251.823,50000.000,448.235,-14209.058,50000.000,0
41401,3914.588,-6925.235,50001.000,283.882,-14814.176,50000.000,0
41451,2808.941,-5498.353,49999.000,575.235,-10854.764,50000.000,0
41501,2988.235,-5334.000,50000.000,1710.765,-11975.353,50000.000,0
41551,4445.000,-7642.411,50000.000,425.823,-13051.117,50000.000,0
41601,2995.706,-9995.646,50000.000,7.471,-8419.353,50000.000,0
41651,1426.882,-11385.176,50000.000,-1725.706,-4915.646,50000.000,0
41701,717.176,-11923.058,50000.000,-3145.117,-5162.176,50000.000,0
41751,112.059,-11982.822,50000.000,-2823.882,-4945.529,50000.000,0
41801,-605.118,-12528.176,50000.000,-4855.882,-4056.529,50000.000,0
41851,-3227.294,-11781.117,50000.000,-6701.117,1217.706,50000.000,0
41901,-5535.706,-10742.705,50000.000,-8434.294,4624.294,50000.000,0
41951,-6297.706,-7605.058,50000.000,-9569.823,3436.470,50000.000,0
42001,-6641.353,-6775.823,50000.000,-9950.823,470.647,50000.000,0
42051,-6693.646,-6237.941,50000.000,-11198.411,-1755.588,50000.000,0
42101,-6828.117,-6051.176,50000.000,-10608.234,702.235,50000.000,0
42151,-6544.235,-5386.294,50000.000,-9577.294,3309.470,50000.000,0
42201,-7037.293,-4086.411,50000.000,-8516.470,2144.059,50000.000,0
42251,-7037.293,-3996.764,50000.000,-9084.234,-1120.588,50000.000,0
42301,-6237.941,-5259.294,50000.000,-9846.234,-1329.765,50000.000,0
42351,-5356.412,-4549.588,50000.000,-9061.823,-1822.823,50000.000,0
42401,-5251.823,-3503.706,50000.000,-8994.588,-2898.588,50000.000,0
42451,-5162.176,-2853.764,50000.000,-7963.646,-3249.706,50000.000,0
42501,-4078.941,-2159.000,50000.000,-6828.117,-2076.823,50000.000,0
42551,-2353.235,-381.000,50000.000,-5027.706,-1105.647,50000.000,0
42601,-2278.529,485.588,50000.000,-3033.059,-933.823,50000.000,0
42651,-1075.765,425.823,50000.000,-2069.353,-1060.823,50000.000,0
42701,-1098.176,216.647,50000.000,-1568.823,-1143.000,50000.000,0
42751,-836.706,-104.588,50000.000,-1202.765,-672.353,50000.000,0
42801,-373.529,-209.176,50000.000,-515.471,-127.000,50000.000,0
42851,127.000,127.000,50000.000,268.941,59.765,50000.000,0
42901,164.353,156.882,50000.000,298.824,37.353,50000.000,0
42951,-37.353,-7.471,50000.000,-119.529,-7.471,50000.000,0
43001,-112.059,37.353,50000.000,-268.941,7.471,50000.000,0
43051,74.706,82.176,50000.000,112.059,37.353,50000.000,0
43101,156.882,186.765,50000.000,276.412,97.118,50000.000,0
43151,149.412,246.529,50000.000,209.176,156.882,50000.000,0
43201,14.941,82.176,50000.000,201.706,590.176,50000.000,0
43251,-82.176,254.000,50000.000,194.235,2166.470,50000.000,0
43301,-358.588,-119.529,50000.000,-22.412,3092.823,50000.000,0
43351,-806.823,-769.471,50000.000,-1120.588,1613.647,50000.000,0
43401,-537.882,-67.235,50000.000,-941.294,373.529,50000.000,0
43451,209.176,216.647,50000.000,1105.647,-29.882,50000.000,0
43501,724.647,545.353,50000.000,1367.118,14.941,50000.000,0
43551,67.235,-37.353,50000.000,7.471,-52.294,50000.000,0
43601,-500.529,-732.118,50000.000,-874.059,-246.529,50000.000,0
43651,-769.471,-1030.941,50000.000,-1120.588,-134.471,50000.000,0
43701,-642.471,-597.647,50000.000,-978.647,37.353,50000.000,0
43751,-328.706,-366.059,50000.000,-395.941,-7.471,50000.000,0
43801,-74.706,-22.412,50000.000,-112.059,29.882,50000.000,0
43851,74.706,141.941,50000.000,194.235,14.941,50000.000,0
43901,171.824,179.294,50000.000,351.118,44.824,50001.000,0
43951,-22.412,-112.059,50000.000,0.000,-14.941,50001.000,0
44001,-231.588,-119.529,50000.000,-373.529,-7.471,50000.000,0
44051,-44.824,-59.765,50000.000,-74.706,-29.882,50000.000,0
44101,37.353,29.882,50000.000,89.647,7.471,50000.000,0
44151,0.000,-7.471,50000.000,7.471,0.000,50000.000,0
44201,-44.824,-89.647,50000.000,-127.000,-29.882,50000.000,0
44251,-89.647,-74.706,50000.000,-89.647,-29.882,50000.000,0
44301,0.000,-37.353,50001.000,22.412,-7.471,50000.000,0
44351,-14.941,-37.353,49999.000,-7.471,-7.471,50000.000,0
44401,-44.824,-44.824,50000.000,-82.176,-22.412,50000.000,0
44451,-14.941,-44.824,50000.000,-52.294,-22.412,50000.000,0
44501,-29.882,-67.235,50001.000,-104.588,-59.765,50000.000,0
44551,-29.882,-7.471,50000.000,-59.765,-37.353,50000.000,0
44601,0.000,-7.471,49999.000,29.882,-7.471,50000.000,0
44651,0.000,0.000,50000.000,0.000,0.000,50000.000,0
44701,0.000,7.471,50001.000,-7.471,-7.471,50000.000,0
44751,7.471,7.471,50000.000,37.353,-22.412,50000.000,0
44801,22.412,52.294,49999.000,0.000,-44.824,50000.000,0
44851,22.412,59.765,50000.000,14.941,-14.941,50000.000,0
44901,7.471,14.941,50001.000,29.882,-22.412,50000.000,0
44951,0.000,0.000,49999.000,-14.941,-7.471,50000.000,0
45001,-37.353,-37.353,50000.000,-82.176,-14.941,50000.000,0
45051,-29.882,-52.294,50000.000,-67.235,-156.882,50000.000,0
45101,-74.706,-37.353,50000.000,-134.471,-59.765,50000.000,0
45151,-7.471,-7.471,50000.000,-14.941,0.000,50000.000,0
45201,29.882,29.882,50000.000,67.235,0.000,50000.000,0
45251,14.941,37.353,50000.000,14.941,7.471,50000.000,0
45301,-14.941,-44.824,50000.000,-22.412,-29.882,50000.000,0
45351,-74.706,-67.235,50000.000,-104.588,-52.294,50000.000,0
45401,-14.941,0.000,50001.000,-29.882,0.000,50000.000,0
45451,29.882,22.412,49999.000,59.765,7.471,50000.000,0
45501,0.000,0.000,50000.000,14.941,-7.471,50000.000,0
45551,-37.353,-67.235,50000.000,-119.529,-44.824,50000.000,0
45601,-29.882,0.000,50001.000,-67.235,0.000,50000.000,0
45651,22.412,7.471,49999.000,59.765,7.471,50000.000,0
45701,7.471,14.941,50000.000,29.882,0.000,50000.000,0
45751,0.000,-7.471,50000.000,-29.882,0.000,50000.000,0
45801,-14.941,-44.824,50001.000,-22.412,-14.941,50000.000,0
45851,-44.824,-59.765,50000.000,-74.706,-37.353,50000.000,0
45901,-22.412,0.000,49999.000,-67.235,0.000,50000.000,0
45951,22.412,29.882,50000.000,52.294,7.471,50000.000,0
46001,14.941,14.941,50000.000,22.412,7.471,50000.000,0
46051,-7.471,-7.471,50000.000,-14.941,7.471,50000.000,0
46101,-7.471,-14.941,50000.000,-7.471,0.000,50000.000,0
46151,-14.941,-44.824,50000.000,-29.882,-44.824,50000.000,0
46201,-29.882,0.000,50001.000,-82.176,-7.471,50000.000,0
46251,0.000,7.471,49999.000,14.941,0.000,50000.000,0
46301,7.471,14.941,50000.000,44.824,0.000,50000.000,0
46351,0.000,0.000,50002.000,-14.941,0.000,49999.000,0
46401,-14.941,-29.882,49999.000,-14.941,-14.941,49999.000,0
46451,-59.765,-59.765,49999.000,-74.706,-44.824,50000.000,0
46501,-22.412,0.000,50000.000,-44.824,-7.471,50000.000,0
46551,14.941,14.941,50000.000,52.294,0.000,50000.000,0
46601,0.000,0.000,50000.000,37.353,0.000,50000.000,0
46651,0.000,-14.941,50000.000,-14.941,0.000,50000.000,0
46701,-44.824,-82.176,50000.000,-67.235,-119.529,50000.000,0
46751,-74.706,-44.824,50000.000,-164.353,-156.882,50000.000,0
46801,-37.353,22.412,50000.000,-59.765,-22.412,50000.000,0
46851,44.824,44.824,50000.000,104.588,0.000,50000.000,0
46901,44.824,44.824,50000.000,59.765,14.941,50000.000,0
46951,-14.941,-22.412,50000.000,-14.941,-14.941,50000.000,0
47001,-97.118,-112.059,50000.000,-134.471,-52.294,50000.000,0
47051,-37.353,-14.941,50000.000,-59.765,0.000,50000.000,0
47101,37.353,14.941,50000.000,89.647,0.000,50000.000,0
47151,44.824,37.353,50000.000,67.235,14.941,50000.000,0
47201,0.000,0.000,50001.000,-14.941,0.000,50000.000,0
47251,-37.353,-67.235,49999.000,-37.353,-14.941,50000.000,0
47301,-59.765,-112.059,50000.000,-82.176,-52.294,50000.000,0
47351,-37.353,-7.471,50001.000,-59.765,-14.941,50000.000,0
47401,29.882,29.882,49999.000,59.765,7.471,50000.000,0
47451,37.353,29.882,50000.000,67.235,22.412,50000.000,0
47501,0.000,0.000,50000.000,0.000,0.000,50000.000,0
47551,0.000,-14.941,50000.000,-22.412,-7.471,50000.000,0
47601,-44.824,-74.706,50000.000,-52.294,-29.882,50000.000,0
47651,-14.941,-7.471,50000.000,-52.294,-7.471,50000.000,0
47701,22.412,29.882,50000.000,37.353,0.000,50000.000,0
47751,37.353,14.941,50000.000,59.765,7.471,50000.000,0
47801,0.000,0.000,50001.000,0.000,0.000,50000.000,0
47851,-29.882,-67.235,49999.000,-52.294,-37.353,50000.000,0
47901,-67.235,-82.176,50000.000,-112.059,-37.353,50000.000,0
47951,-22.412,0.000,50000.000,-59.765,-7.471,50000.000,0
48001,37.353,29.882,50000.000,82.176,0.000,50000.000,0
48051,22.412,14.941,50000.000,67.235,0.000,50000.000,0
48101,-7.471,0.000,50000.000,-7.471,7.471,50000.000,0
48151,-29.882,-37.353,50000.000,-37.353,0.000,50000.000,0
48201,-52.294,-82.176,50000.000,-44.824,-29.882,50000.000,0
48251,-7.471,0.000,50000.000,-37.353,0.000,50000.000,0
48301,37.353,29.882,50000.000,52.294,14.941,50000.000,0
48351,22.412,22.412,50000.000,52.294,22.412,50000.000,0
48401,-22.412,-67.235,50000.000,-37.353,-29.882,50000.000,0
48451,-59.765,-37.353,50001.000,-127.000,-14.941,50000.000,0
48501,7.471,22.412,49999.000,0.000,0.000,50000.000,0
48551,59.765,67.235,50000.000,112.059,29.882,50000.000,0
48601,0.000,-37.353,50000.000,0.000,-44.824,50000.000,0
48651,-82.176,-22.412,50000.000,-156.882,-14.941,50000.000,0
48701,14.941,59.765,50000.000,7.471,14.941,50000.000,0
48751,246.529,425.823,50000.000,373.529,67.235,50000.000,0
48801,291.353,381.000,50000.000,694.765,89.647,50000.000,0
48851,171.824,291.353,50000.000,276.412,97.118,50000.000,0
48901,-37.353,97.118,50001.000,-119.529,-29.882,50000.000,0
48951,-44.824,-112.059,50000.000,-44.824,0.000,50000.000,0
49001,209.176,620.059,49999.000,336.176,-112.059,50000.000,0
49051,918.882,1397.000,50000.000,1456.765,-866.588,50000.000,0
49101,2121.647,2891.117,50000.000,2652.059,-1553.882,50000.000,0
49151,2921.000,3810.000,50001.000,4034.117,-2069.353,50000.000,0
49201,4796.117,3907.117,49999.000,6006.353,-4818.529,50000.000,0
49251,7209.117,2584.823,50000.000,7545.293,-6379.882,50000.000,0
49301,8658.411,395.941,50000.000,8464.176,-7888.940,50000.000,0
49351,10257.117,-1695.823,50000.000,9196.294,-10100.234,50000.000,0
49401,10787.528,-6013.823,50001.000,9420.411,-13163.176,50000.000,0
49451,9360.646,-8210.176,49999.000,8553.823,-10780.058,50000.000,0
49501,8449.234,-5020.235,50000.000,9383.059,-9965.764,50000.000,0
49551,10219.764,-1187.823,50000.000,11325.411,-10600.764,50000.000,0
49601,12774.705,-2315.882,50000.000,12005.234,-12707.470,50000.000,0
49651,13140.764,-8352.117,50000.000,10697.882,-13245.352,50000.000,0
49701,11676.528,-8897.470,50000.000,10152.528,-11952.940,50000.000,0
49751,13021.234,-7956.176,50000.000,10914.528,-12871.822,50000.000,0
49801,14343.528,-8150.411,50000.000,11489.764,-14911.293,50000.000,0
49851,13372.352,-9226.176,50001.000,7216.588,-10384.117,50000.000,0
49901,12968.940,-9233.646,49999.000,8053.293,-10697.882,50000.000,0
49951,13469.470,-7605.058,50000.000,12281.646,-15038.293,50000.000,0
50001,14821.646,-9076.764,50001.000,13364.882,-16151.411,50000.000,0
50051,13006.293,-11168.528,49999.000,11482.293,-16330.705,50000.000,0
50101,12625.293,-11362.764,50000.000,10780.058,-14836.587,50000.000,0
50151,11497.234,-9323.294,50000.000,10309.411,-14119.411,50000.000,0
50201,11661.588,-10772.588,50000.000,9353.176,-12042.588,50000.000,0
50251,10458.823,-12699.999,50001.000,8225.117,-11183.470,50000.000,0
50301,10406.528,-12587.940,49999.000,8113.058,-10675.470,50000.000,0
50351,9838.764,-11676.528,50000.000,8045.823,-9943.353,50000.000,0
50401,9427.882,-11288.058,50001.000,6551.706,-8501.529,50000.000,0
50451,9099.176,-10892.117,50000.000,5505.823,-6252.882,50000.000,0
50501,8486.588,-7104.529,50000.000,7216.588,-7634.940,50000.000,0
50551,9666.940,-4452.470,49999.000,8591.176,-10018.059,50000.000,1
50601,10473.764,-2315.882,50000.000,8934.823,-10040.470,50000.000,1
50651,8994.588,-2166.470,50001.000,9054.353,-7366.000,50000.000,0
50701,8277.411,-4915.646,49999.000,8367.059,-7993.529,50000.000,0
50751,8225.117,-7097.058,50000.000,7507.940,-10294.470,50000.000,0
50801,6357.470,-5199.529,50000.000,7395.882,-10944.411,50000.000,0
50851,7821.706,-5886.823,50000.000,7552.764,-12117.293,50000.000,0
50901,6805.706,-7336.117,50001.000,6372.411,-10951.882,50000.000,0
50951,5969.000,-10346.764,49999.000,4138.706,-8904.940,50000.000,0
51001,5154.706,-11556.999,50000.000,1972.235,-9121.588,50000.000,0
51051,6028.764,-12475.882,50000.000,702.235,-11078.882,50000.000,0
51101,2808.941,-11519.646,50000.000,-276.412,-11034.058,50000.000,0
51151,881.529,-12685.058,50000.000,-2338.294,-5207.000,50000.000,0
51201,-470.647,-13842.999,50000.000,-4407.647,224.118,50000.000,0
51251,-1001.059,-13521.764,50000.000,-5251.823,-2749.176,50000.000,0
51301,-254.000,-16099.116,50000.000,-5281.706,-6208.059,50000.000,0
51351,-358.588,-14246.411,50000.000,-6447.117,-5326.529,50000.000,0
51401,-1374.588,-9928.411,50000.000,-6342.529,597.647,50000.000,0
51451,-2144.059,-10981.764,50000.000,-7104.529,-52.294,50000.000,0
51501,-1912.470,-11519.646,50000.000,-7246.470,-3570.941,50000.000,0
51551,-2106.706,-12543.117,50001.000,-7612.529,-4684.059,50000.000,0
51601,-3563.470,-10443.882,49999.000,-7545.293,-1524.000,50000.000,0
51651,-5139.764,-9659.470,50000.000,-7500.470,2315.882,50000.000,0
51701,-5169.646,-5341.470,50000.000,-7507.940,620.059,50000.000,0
51751,-5117.353,156.882,50001.000,-5969.000,-1389.529,50000.000,0
51801,-3653.117,2218.765,49999.000,-4362.823,-2121.647,50000.000,0
51851,-3354.294,1725.706,50001.000,-4631.764,-597.647,50000.000,0
51901,-4392.706,1247.588,49999.000,-4669.117,1695.823,50000.000,0
51951,-5961.529,806.823,50001.000,-6036.235,2808.941,50000.000,0
52001,-6402.293,-485.588,50000.000,-7097.058,709.706,50000.000,0
52051,-5856.941,-582.706,49999.000,-7545.293,-455.706,50000.000,0
52101,-6716.059,-119.529,50000.000,-7171.764,-388.471,50000.000,0
52151,-6477.000,171.824,50000.000,-7485.529,-261.471,50000.000,0
52201,-6574.117,141.941,50000.000,-7470.588,-620.059,50000.000,0
52251,-6865.470,-231.588,50000.000,-7844.117,-478.118,50000.000,0
52301,-7194.176,-537.882,50000.000,-8113.058,-433.294,50000.000,0
52351,-6843.059,-478.118,50000.000,-8113.058,-493.059,50000.000,0
52401,-7007.411,-381.000,50000.000,-8180.293,-635.000,50000.000,0
52451,-7433.235,-522.941,50001.000,-8718.176,-694.765,50000.000,0
52501,-7433.235,-679.823,49999.000,-8912.411,-709.706,50000.000,0
52551,-7425.764,-769.471,50000.000,-9016.999,-1240.118,50000.000,0
52601,-7291.293,-216.647,50000.000,-8815.294,-1680.882,50000.000,0
52651,-6484.470,903.941,50000.000,-7605.058,-2786.529,50000.000,0
52701,-4945.529,2263.588,50000.000,-6036.235,-3757.706,50000.000,0
52751,-3421.529,2106.706,50000.000,-4362.823,-4467.412,50000.000,0
52801,-1740.647,537.882,50000.000,-2995.706,-5177.117,50000.000,0
52851,-470.647,-836.706,50000.000,-1710.765,-6469.529,50000.000,0
52901,1359.647,-1187.823,50000.000,-37.353,-11273.117,50000.000,0
52951,2965.823,-2286.000,50000.000,425.823,-13760.822,50000.000,0
53001,3212.353,-3414.059,50000.000,1135.529,-8897.470,50000.000,0
53051,2398.059,-3070.412,50000.000,1113.118,-4430.059,50000.000,0
53101,2838.823,-3862.294,50000.000,2054.412,-4041.588,50000.000,0
53151,3376.706,-4676.588,50000.000,1740.647,-6335.059,50000.000,0
53201,4422.588,-5752.353,50000.000,2106.706,-7821.706,50000.000,0
53251,4138.706,-7097.058,50000.000,1382.059,-5229.412,50000.000,0
53301,3966.882,-8785.411,50000.000,926.353,-5012.764,50000.000,0
53351,3638.176,-8523.940,50001.000,635.000,-3966.882,50000.000,0
53401,3847.353,-7201.646,49999.000,1322.294,-6753.411,50000.000,0
53451,5371.353,-10585.823,50000.000,1740.647,-9674.411,50000.000,0
53501,4699.000,-9816.353,50000.000,522.941,-10384.117,50000.000,0
53551,3548.529,-8591.176,50000.000,889.000,-6843.059,50000.000,0
53601,4542.117,-10286.999,50001.000,1643.529,-8150.411,50000.000,0
53651,4826.000,-7515.411,49999.000,1830.294,-10907.058,50000.000,0
53701,5737.411,-3974.353,50000.000,5274.235,-12782.176,50000.000,0
53751,7560.235,-2696.882,50001.000,5588.000,-14029.764,50000.000,0
53801,6798.235,-3996.764,49999.000,6058.646,-13536.705,50000.000,0
53851,6872.941,-5565.588,50000.000,5565.588,-15150.352,50000.000,0
53901,7112.000,-5461.000,50000.000,5266.764,-13805.646,50000.000,0
53951,6880.411,-2345.765,50001.000,5610.412,-13910.234,50000.000,0
54001,6663.764,-3421.529,49999.000,5505.823,-13895.293,50000.000,0
54051,6536.764,-7224.058,50000.000,3556.000,-13895.293,50000.000,0
54101,6887.882,-8688.294,50000.000,3892.176,-17481.176,50000.000,0
54151,6693.646,-7029.823,50000.000,3765.176,-16270.940,50000.000,0
54201,7112.000,-3847.353,50000.000,5849.470,-17159.939,50000.000,0
54251,8120.529,-3541.059,50000.000,6633.882,-16158.881,50000.000,0
54301,7298.764,-5700.059,50000.000,5408.706,-14911.293,50000.000,0
54351,7336.117,-5707.529,50000.000,5924.176,-13902.764,50000.000,0
54401,5842.000,-806.823,50000.000,6036.235,-7022.353,50000.000,0
54451,4900.706,3810.000,50000.000,7014.882,-1785.470,50000.000,0
54501,3824.941,3003.176,50000.000,7119.470,2764.117,50000.000,0
54551,3219.823,-261.471,50000.000,4407.647,3085.353,50000.000,0
54601,2823.882,-1725.706,50000.000,2652.059,2173.941,50000.000,0
54651,1800.412,-2293.470,50000.000,2652.059,2375.647,50000.000,0
54701,1740.647,-1322.294,50000.000,2024.529,1344.706,50000.000,0
54751,2704.353,1210.235,50000.000,3055.470,-687.294,50000.000,0
54801,3892.176,3608.294,50000.000,5132.294,-3615.764,50000.000,0
54851,6364.941,5102.412,50001.000,7283.823,-7821.706,50000.000,0
54901,9241.117,2129.117,49999.000,8284.882,-11004.176,50000.000,0
54951,9778.999,-3085.353,50000.000,7993.529,-14052.176,50000.000,0
55001,10331.823,-6432.176,50000.000,7074.646,-16442.764,50000.000,0
55051,9666.940,-8576.234,50000.000,7044.764,-18317.881,50000.000,0
55101,8703.234,-7866.529,50000.000,7082.117,-17040.410,50000.000,0
55151,8434.294,-5640.294,50000.000,7732.058,-16786.410,50000.000,0
55201,8232.588,-8628.529,50000.000,6656.293,-17369.117,50000.000,0
55251,7694.706,-10257.117,50000.000,4766.235,-18810.939,50000.000,0
55301,6506.882,-8770.470,50000.000,5117.353,-14201.587,50000.000,0
55351,7044.764,-9569.823,50000.000,4930.588,-15635.940,50000.000,0
55401,6155.764,-10451.353,50000.000,3055.470,-13110.882,50000.000,0
55451,5715.000,-11571.940,50000.000,2390.588,-12759.764,50000.000,0
55501,4811.059,-10413.999,50000.000,1359.647,-10174.940,50000.000,0
55551,3996.764,-8822.764,50000.000,1912.470,-8987.117,50000.000,0
55601,3944.470,-10623.176,50000.000,156.882,-10578.353,50000.000,0
55651,1673.412,-11265.646,50000.000,-620.059,-3197.412,50000.000,0
55701,216.647,-11063.940,50000.000,-2771.588,1770.529,50000.000,0
55751,-1053.353,-6985.000,50000.000,-3877.235,1464.235,50000.000,0
55801,-2039.470,-6798.235,50000.000,-4161.117,-276.412,50000.000,0
55851,-2495.176,-5386.294,50000.000,-5505.823,-463.176,50000.000,0
55901,-3862.294,-6081.059,50001.000,-6148.294,1008.529,50000.000,0
55951,-4684.059,-3937.000,49999.000,-7074.646,4004.235,50000.000,0
56001,-6140.823,-1733.176,50000.000,-6484.470,4332.941,50000.000,0
56051,-6985.000,-1890.059,50000.000,-7776.882,1561.353,50000.000,0
56101,-7881.470,-2801.470,50000.000,-10309.411,1053.353,50000.000,0
56151,-8792.882,-2599.765,50000.000,-10555.940,-448.235,50000.000,0
56201,-8613.588,-3130.176,50000.000,-11093.823,-2689.412,50000.000,0
56251,-7859.058,-1703.294,50000.000,-11332.882,-2465.294,50000.000,0
56301,-9054.353,463.176,50000.000,-10219.764,-1800.412,50000.000,0
56351,-8725.646,1045.882,50000.000,-10406.528,-1897.529,50000.000,0
56401,-8531.411,1008.529,50001.000,-10384.117,-2390.588,50000.000,0
56451,-8807.823,425.823,49999.000,-10391.588,-2487.706,50000.000,0
56501,-9397.999,-7.471,50000.000,-10361.705,-1292.412,50000.000,0
56551,-9562.353,201.706,50000.000,-9988.176,-209.176,50000.000,0
56601,-8822.764,231.588,50000.000,-9383.059,-1120.588,50000.000,0
56651,-6058.646,-89.647,50000.000,-8128.000,-5199.529,50000.000,0
56701,-3541.059,-89.647,50000.000,-5976.470,-8344.646,50000.000,0
56751,-2203.823,-971.176,50000.000,-4878.294,-8284.882,50000.000,0
56801,-1949.823,-3092.823,50000.000,-4228.353,-7253.941,50000.000,0
56851,-806.823,-1195.294,50000.000,-2577.353,-7261.411,50000.000,0
56901,381.000,2046.941,50000.000,52.294,-6671.235,50000.000,0
56951,2039.470,2958.353,50000.000,2450.353,-6066.117,50000.000,0
57001,4549.588,1778.000,50001.000,4796.117,-9853.705,50000.000,0
57051,7814.235,-179.294,49999.000,6686.176,-16173.822,50000.000,0
57101,8875.059,-1509.059,50000.000,6432.176,-13469.470,50000.000,0
57151,8030.882,2853.764,50000.000,6081.059,-8411.882,50000.000,0
57201,9793.940,1621.118,50000.000,7149.353,-8628.529,50000.000,0
57251,11908.117,-4601.882,50000.000,8486.588,-14321.116,50000.000,0
57301,13566.587,-8015.940,50000.000,8247.529,-15800.293,50000.000,0
57351,13260.293,-6731.000,50000.000,5774.764,-9726.705,50000.000,0
57401,13940.117,-5461.000,50000.000,9771.528,-15919.822,50000.000,0
57451,13932.646,-7276.353,50000.000,8254.999,-13715.999,50000.000,0
57501,13357.411,-8247.529,50000.000,9778.999,-17667.939,50000.000,0
57551,13327.528,-6439.646,50000.000,10765.117,-17809.881,50000.000,0
57601,12909.176,-5057.588,50000.000,11325.411,-17652.998,50000.000,0
57651,12879.293,-5528.235,50000.000,11377.705,-16166.352,50000.000,0
57701,13387.293,-6506.882,50001.000,12416.117,-17115.117,50000.000,0
57751,13566.587,-3511.176,49999.000,12505.764,-16636.998,50000.000,0
57801,12498.293,-687.294,50000.000,13835.528,-16861.117,50000.000,0
57851,12214.411,-2644.588,50000.000,13663.705,-14978.528,50000.000,0
57901,12595.411,-5707.529,50001.000,12124.764,-16016.940,50000.000,0
57951,13447.058,-6118.411,49999.000,12132.234,-15486.528,50000.000,0
58001,12759.764,-4489.823,50000.000,12259.234,-14231.470,50000.000,0
58051,13544.176,-4572.000,50000.000,8785.411,-10301.940,50000.000,0
58101,11639.176,-4960.470,50001.000,9614.646,-9016.999,50000.000,0
58151,11833.411,-6484.470,49999.000,11213.353,-11796.058,50000.000,0
58201,11698.940,-5229.412,50000.000,9816.353,-9584.764,50000.000,0
58251,10780.058,1613.647,50000.000,11915.588,-8411.882,50000.000,0
58301,12050.058,3645.647,50001.000,13723.470,-9061.823,50000.000,0
58351,12289.117,-2136.588,49999.000,11556.999,-7926.293,50000.000,0
58401,11198.411,-5236.882,50000.000,11026.588,-7799.293,50000.000,0
58451,12304.058,-7313.706,50000.000,12132.234,-9129.059,50000.000,0
58501,11340.353,-5983.941,50000.000,9838.764,-9285.940,50000.000,0
58551,12647.705,-3033.059,50000.000,12864.353,-12632.764,50000.000,0
58601,15441.705,-1867.647,50000.000,13432.117,-13170.646,50000.000,0
58651,15366.999,-4684.059,50000.000,11915.588,-11258.176,50000.000,0
58701,16801.352,-6544.235,50000.000,13708.528,-11646.646,50000.000,0
58751,17070.293,-3055.470,50000.000,13514.293,-11019.117,50000.000,0
58801,17301.881,328.706,50000.000,14754.411,-14029.764,50000.000,0
58851,18235.705,-1307.353,50000.000,12595.411,-10959.353,50000.000,0
58901,18078.822,-7530.353,50000.000,12804.587,-11467.353,50000.000,0
58951,16241.058,-7358.529,50001.000,13618.882,-10533.528,50000.000,0
59001,14776.822,-590.176,49999.000,15030.822,-7986.058,50000.000,0
59051,14799.234,2002.118,50000.000,16495.059,-8479.117,50000.000,0
59101,16749.059,-59.765,50000.000,17271.998,-8299.823,50000.000,0
59151,16554.822,-5856.941,50000.000,14933.705,-6305.176,50000.000,0
59201,15210.116,-7784.353,50000.000,13902.764,-4975.412,50000.000,0
59251,13148.234,-5438.588,50000.000,13955.058,-4295.588,50000.000,0
59301,11751.234,-3175.000,50000.000,14037.234,-4751.294,50000.000,0
59351,11952.940,-2017.059,50000.000,14537.764,-4407.647,50000.000,0
59401,12558.058,-1157.941,50000.000,14119.411,-4445.000,50000.000,0
59451,12677.587,-1494.118,50000.000,14022.293,-3735.294,50000.000,0
59501,10563.411,-1314.823,50000.000,13469.470,791.882,50000.000,0
59551,7537.823,141.941,50000.000,12311.528,5722.470,50000.000,0
59601,6731.000,1225.176,50000.000,10929.470,6693.646,50000.000,0
59651,6424.706,306.294,50001.000,9143.999,4923.117,50000.000,0
59701,5886.823,-739.588,49999.000,7149.353,2032.000,50000.000,0
59751,4377.765,-664.882,50000.000,4967.941,-201.706,50000.000,0
59801,2315.882,224.118,50000.000,2816.412,-537.882,50000.000,0
59851,545.353,373.529,50000.000,933.823,418.353,50000.000,0
59901,-866.588,-201.706,50000.000,-1143.000,358.588,50000.000,0
59951,-1770.529,1695.823,50000.000,-1972.235,1329.765,50000.000,0
