timestamp[us],left_dx[um],left_dy[um],left_dt[us],right_dx[um],right_dy[um],right_dt[us]
1,0.000,0.000,50160.000,0.000,0.000,50153.000
50539,7.471,-22.412,50000.000,22.412,0.000,50000.000
100651,29.882,-44.824,50000.000,22.412,0.000,50000.000
150674,44.824,-52.294,50000.000,29.882,0.000,50000.000
200677,37.353,-89.647,50000.000,14.941,0.000,50000.000
250678,59.765,-74.706,50000.000,37.353,7.471,50000.000
300712,44.824,-74.706,50000.000,29.882,7.471,50000.000
350714,52.294,-89.647,50000.000,44.824,0.000,50000.000
400678,52.294,-82.176,50000.000,29.882,0.000,50000.000
450680,89.647,-67.235,50000.000,44.824,7.471,50000.000
500720,52.294,-104.588,50000.000,37.353,0.000,50000.000
550681,59.765,-112.059,50000.000,52.294,7.471,50000.000
600720,59.765,-82.176,50000.000,37.353,7.471,50000.000
650717,104.588,-112.059,50000.000,59.765,7.471,50000.000
700724,59.765,-97.118,50000.000,44.824,0.000,50000.000
750671,67.235,-104.588,50000.000,59.765,7.471,50000.000
800723,0.000,-164.353,50000.000,52.294,7.471,50000.000
850663,37.353,-104.588,50000.000,52.294,7.471,50000.000
900723,52.294,-97.118,50000.000,52.294,7.471,50000.000
950720,67.235,-89.647,50000.000,52.294,0.000,50000.000
1000681,67.235,-119.529,50000.000,59.765,0.000,50000.000
1050684,82.176,-104.588,50000.000,44.824,7.471,50000.000
1100724,74.706,-119.529,50000.000,59.765,0.000,50000.000
1150679,89.647,-119.529,50000.000,44.824,7.471,50000.000
1200726,67.235,-112.059,50000.000,59.765,7.471,50000.000
1250721,67.235,-97.118,50000.000,44.824,7.471,50000.000
1300717,44.824,-59.765,50000.000,44.824,0.000,50000.000
1350672,52.294,-59.765,50000.000,44.824,0.000,50000.000
1400675,82.176,-104.588,50000.000,44.824,0.000,50000.000
1450682,52.294,-89.647,50000.000,37.353,7.471,50000.000
1500721,52.294,-89.647,50000.000,44.824,7.471,50000.000
1550720,59.765,-59.765,50000.000,29.882,0.000,50000.000
1600674,37.353,-52.294,50000.000,37.353,7.471,50000.000
1650718,37.353,-59.765,50000.000,22.412,0.000,50000.000
1700671,29.882,-44.824,50000.000,37.353,7.471,50000.000
1750717,29.882,-44.824,50000.000,14.941,7.471,50000.000
1800720,29.882,-22.412,50000.000,29.882,0.000,50000.000
1850676,14.941,-14.941,50000.000,14.941,0.000,50000.000
1900681,14.941,-37.353,50000.000,14.941,0.000,50000.000
1950679,7.471,-14.941,50000.000,7.471,0.000,50000.000
2000639,22.412,-22.412,50000.000,0.000,0.000,50000.000
2050611,0.000,-7.471,50000.000,7.471,0.000,50000.000
2100576,0.000,0.000,50000.000,7.471,0.000,50000.000
2150532,0.000,0.000,50000.000,0.000,0.000,50000.000
2200489,0.000,0.000,50000.000,0.000,0.000,50000.000
2250489,5737.411,7.471,50000.000,0.000,0.000,50000.000
2300607,-7.471,7.471,50000.000,-7.471,0.000,50000.000
2350620,-22.412,37.353,50000.000,-7.471,0.000,50000.000
2400655,-29.882,37.353,50000.000,-14.941,0.000,50000.000
2450681,-14.941,29.882,50000.000,-22.412,0.000,50000.000
2500679,-37.353,37.353,50000.000,-14.941,-7.471,50000.000
2550722,-44.824,29.882,50000.000,-29.882,0.000,50000.000
2600680,-29.882,52.294,50000.000,-14.941,0.000,50000.000
2650684,-29.882,59.765,50000.000,-44.824,0.000,50000.000
2700677,-52.294,74.706,50000.000,-29.882,-7.471,50000.000
2750722,-52.294,82.176,50000.000,-29.882,0.000,50000.000
2800683,-52.294,74.706,50000.000,-37.353,-7.471,50000.000
2850719,-44.824,89.647,50000.000,-52.294,-7.471,50000.000
2900725,-74.706,104.588,50000.000,-29.882,0.000,50000.000
2950681,-37.353,67.235,50000.000,-52.294,-7.471,50000.000
3000724,-59.765,112.059,50000.000,-44.824,0.000,50000.000
3050678,-67.235,97.118,50000.000,-52.294,-7.471,50000.000
3100724,-44.824,89.647,50000.000,-37.353,0.000,50000.000
3150678,-89.647,149.412,50000.000,-59.765,-7.471,50000.000
3200727,-74.706,112.059,50000.000,-52.294,0.000,50000.000
3250679,-37.353,59.765,50000.000,-52.294,0.000,50000.000
3300678,-52.294,74.706,50000.000,-44.824,0.000,50000.000
3350676,-44.824,82.176,50000.000,-59.765,-7.471,50000.000
3400721,-52.294,97.118,50000.000,-44.824,0.000,50000.000
3450678,-52.294,82.176,50000.000,-52.294,-7.471,50000.000
3500727,-59.765,74.706,50000.000,-44.824,-7.471,50000.000
3550716,-44.824,74.706,50000.000,-59.765,-7.471,50000.000
3600716,-52.294,67.235,50000.000,-37.353,0.000,50000.000
3650681,-74.706,97.118,50000.000,-59.765,-7.471,50000.000
3700716,-89.647,89.647,50000.000,-44.824,0.000,50000.000
3750681,-67.235,97.118,50000.000,-44.824,0.000,50000.000
3800677,-44.824,67.235,50000.000,-37.353,-7.471,50000.000
3850721,-74.706,67.235,50000.000,-44.824,-7.471,50000.000
3900719,-37.353,74.706,50000.000,-29.882,0.000,50000.000
3950675,-52.294,82.176,50000.000,-37.353,0.000,50000.000
4000681,-74.706,59.765,50000.000,-29.882,-7.471,50000.000
4050718,-44.824,52.294,50000.000,-37.353,-7.471,50000.000
4100721,-22.412,52.294,50000.000,-14.941,0.000,50000.000
4150680,-37.353,52.294,50000.000,-29.882,0.000,50000.000
4200681,-37.353,52.294,50000.000,-14.941,0.000,50000.000
4250681,-29.882,22.412,50000.000,-22.412,0.000,50000.000
4300676,-14.941,29.882,50000.000,-14.941,-7.471,50000.000
4350727,-37.353,37.353,50000.000,-7.471,0.000,50000.000
4400656,-7.471,22.412,50000.000,-14.941,-7.471,50000.000
4450702,0.000,14.941,50000.000,-7.471,0.000,50000.000
4500597,0.000,7.471,50000.000,0.000,-7.471,50000.000
4550575,0.000,7.471,50000.000,-7.471,0.000,50000.000
4600575,0.000,0.000,50000.000,0.000,0.000,50000.000
4650489,0.000,-7.471,50000.000,0.000,0.000,50000.000
4700533,0.000,-22.412,50000.000,0.000,0.000,50000.000
4750551,7.471,-14.941,50000.000,0.000,0.000,50000.000
4800597,22.412,-14.941,50000.000,0.000,0.000,50002.000
4850629,22.412,-37.353,50000.000,14.941,0.000,50000.000
4900675,14.941,-44.824,50000.000,0.000,0.000,50000.000
4950616,14.941,-44.824,50000.000,7.471,0.000,50000.000
5000658,37.353,-52.294,50000.000,22.412,0.000,50000.000
5050675,29.882,-44.824,50000.000,14.941,0.000,50000.000
5100678,37.353,-59.765,50000.000,22.412,0.000,50000.000
5150672,37.353,-37.353,50000.000,22.412,0.000,50000.000
5200672,22.412,-59.765,50000.000,22.412,0.000,50000.000
5250671,44.824,-59.765,50000.000,37.353,0.000,50000.000
5300672,59.765,-74.706,50000.000,29.882,0.000,50000.000
5350673,37.353,-82.176,50000.000,37.353,7.471,50000.000
5400718,29.882,-74.706,50000.000,29.882,0.000,50000.000
5450675,59.765,-89.647,50000.000,44.824,0.000,50000.000
5500676,59.765,-104.588,50000.000,29.882,7.471,50000.000
5550724,29.882,-52.294,50000.000,44.824,0.000,50000.000
5600678,59.765,-67.235,50000.000,29.882,7.471,50000.000
5650720,37.353,-52.294,50000.000,59.765,7.471,50000.000
5700718,74.706,-82.176,50000.000,37.353,0.000,50000.000
5750674,52.294,-44.824,50000.000,44.824,7.471,50000.000
5800718,52.294,-44.824,50000.000,44.824,7.471,50000.000
5850717,52.294,-82.176,50000.000,44.824,7.471,50000.000
5900720,59.765,-89.647,50000.000,52.294,7.471,50000.000
5950721,59.765,-74.706,50000.000,44.824,7.471,50000.000
6000712,74.706,-104.588,50000.000,44.824,0.000,50000.000
6050678,59.765,-112.059,50000.000,44.824,0.000,50000.000
6100676,52.294,-127.000,50000.000,52.294,7.471,50000.000
6150727,59.765,-112.059,50000.000,37.353,0.000,50000.000
6200677,82.176,-89.647,50000.000,52.294,7.471,50000.000
6250724,52.294,-74.706,50000.000,37.353,0.000,50000.000
6300674,52.294,-74.706,50000.000,37.353,0.000,50000.000
6350674,44.824,-67.235,50000.000,37.353,0.000,50000.000
6400675,52.294,-74.706,50000.000,37.353,7.471,50000.000
6450716,29.882,-224.118,50000.000,7.471,-52.294,50000.000
6500727,560.294,-4131.235,50000.000,-381.000,-2271.059,50000.000
6550773,754.529,-7276.353,50000.000,-2241.176,-4474.882,50000.000
6600788,1083.235,-7612.529,50000.000,-1576.294,-6103.470,50000.000
6650790,918.882,-8650.940,50000.000,-3466.353,-11631.705,50000.000
6700790,343.647,-10705.353,50000.000,-6096.000,-19042.527,50000.000
6750791,776.941,-14298.705,50000.000,-6551.706,-19894.176,50000.000
6800795,1187.823,-15673.293,50000.000,-7373.470,-18414.998,50000.000
6850806,1045.882,-15038.293,50000.000,-6813.176,-18362.705,50000.000
6900798,1262.529,-15359.528,50000.000,-6409.764,-17742.646,50000.000
6950809,1299.882,-15396.881,50000.000,-6544.235,-17286.939,50000.000
7000803,1210.235,-15053.234,50000.000,-6148.294,-16920.881,50000.000
7050796,1695.823,-14612.470,50000.000,-5797.176,-16853.646,50000.000
7100808,1748.118,-14231.470,50000.000,-5326.529,-16255.999,50000.000
7150802,1434.353,-13499.352,50000.000,-5147.235,-16248.528,50000.000
7200802,1419.412,-12767.234,50000.000,-4915.646,-15852.587,50000.000
7250805,1434.353,-12483.353,50000.000,-4848.412,-15747.999,50000.000
7300803,1337.235,-12587.940,50000.000,-4676.588,-15740.528,50000.000
7350804,1621.118,-12774.705,50000.000,-4542.117,-15762.940,50000.000
7400803,1583.765,-12296.588,50002.000,-4183.529,-15762.940,50000.000
7450817,1553.882,-12191.999,50000.000,-4131.235,-16592.176,50000.000
7500804,1314.823,-12027.646,49998.000,-4362.823,-17570.822,49998.000
7550857,2106.706,-12968.940,50000.000,-4332.941,-18116.176,50000.000
7600791,1964.765,-12281.646,50000.000,-4818.529,-18683.939,50000.000
7650806,1673.412,-11713.882,50000.000,-4340.412,-17189.822,50000.000
7700797,2188.882,-11908.117,50000.000,-4923.117,-18370.176,50000.000
7750801,1875.118,-11302.999,50000.000,-5416.176,-19303.998,50000.000
7800802,1621.118,-11564.470,50000.000,-5072.529,-19139.646,50000.000
7850801,2121.647,-12558.058,50000.000,-5169.646,-19109.764,50000.000
7900796,1389.529,-11004.176,50000.000,-5132.294,-19064.939,50000.000
7950797,1098.176,-10802.470,50000.000,-5326.529,-18840.822,50000.000
8000795,1628.588,-12154.646,50000.000,-5266.764,-18370.176,50000.000
8050804,1247.588,-12304.058,50000.000,-5124.823,-17787.469,50000.000
8100799,1314.823,-12767.234,50000.000,-5139.764,-17585.764,50000.000
8150807,1098.176,-12453.470,50000.000,-5139.764,-17010.527,50000.000
8200800,1210.235,-13394.764,50000.000,-5139.764,-16674.352,50000.000
8250802,1367.118,-13917.705,50000.000,-5162.176,-16054.293,50000.000
8300799,1247.588,-13469.470,50000.000,-5139.764,-15127.940,50000.000
8350805,1464.235,-13514.293,50000.000,-4997.823,-14336.058,50000.000
8400802,1479.176,-12901.705,50000.000,-4878.294,-13790.705,50000.000
8450798,1479.176,-12602.882,50000.000,-4721.412,-13260.293,50000.000
8500796,1397.000,-12685.058,50000.000,-4474.882,-12714.940,50000.000
8550796,1419.412,-12064.999,50000.000,-4213.412,-12318.999,50000.000
8600801,1479.176,-11908.117,50000.000,-3937.000,-12094.882,50000.000
8650799,1434.353,-11571.940,50000.000,-3847.353,-11840.882,50000.000
8700796,1359.647,-10809.940,50000.000,-3630.706,-11258.176,50000.000
8750790,1516.529,-10892.117,50000.000,-3346.823,-11340.353,50000.000
8800801,1247.588,-11228.293,50000.000,-3287.059,-10869.705,50000.000
8850797,1075.765,-10548.470,50000.000,-3287.059,-11288.058,50000.000
8900788,1165.412,-10257.117,50000.000,-3234.764,-11131.176,50000.000
8950801,1441.823,-10384.117,50000.000,-3107.764,-11594.353,50000.000
9000802,1299.882,-10100.234,50000.000,-3033.059,-12229.353,50000.000
9050792,1337.235,-10264.588,50000.000,-3287.059,-12707.470,50000.000
9100794,1307.353,-10384.117,50000.000,-3660.588,-13095.940,50000.000
9150792,829.235,-9651.999,50000.000,-3608.294,-13170.646,50000.000
9200790,1270.000,-10130.117,50000.000,-3705.412,-13439.587,50000.000
9250793,1725.706,-11093.823,50000.000,-3720.353,-13775.764,50000.000
9300794,1434.353,-11422.528,50000.000,-3899.647,-14769.352,50000.000
9350800,1270.000,-10413.999,50000.000,-4123.765,-15337.116,50000.000
9400802,1426.882,-9524.999,50000.000,-3996.764,-15523.881,50000.000
9450799,1643.529,-10563.411,50000.000,-3966.882,-15075.646,50000.000
9500805,1815.353,-11669.058,50000.000,-4004.235,-15202.646,50000.000
9550794,1240.118,-11773.646,50000.000,-4168.588,-15620.999,50000.000
9600799,986.118,-11534.588,50000.000,-4318.000,-15404.352,50000.000
9650783,1105.647,-12587.940,50000.000,-4273.176,-14522.822,50000.000
9700803,1030.941,-12177.058,50000.000,-4392.706,-13925.176,50000.000
9750792,1509.059,-12431.058,50000.000,-4415.117,-13693.587,50000.000
9800793,1606.176,-13476.940,50000.000,-4512.235,-13387.293,50000.000
9850799,1232.647,-13506.822,50000.000,-4609.353,-12647.705,50000.000
9900792,1553.882,-13686.117,50000.000,-4542.117,-12401.176,50000.000
9950803,1397.000,-13940.117,50000.000,-4489.823,-11743.764,50000.000
10000801,1337.235,-13544.176,50000.000,-4437.529,-11116.234,50000.000
10050807,1262.529,-13297.646,50000.000,-4168.588,-10563.411,50000.000
10100805,1225.176,-12916.646,50000.000,-3862.294,-9920.940,50000.000
10150797,1382.059,-12632.764,50000.000,-3727.823,-9315.823,50000.000
10200796,1516.529,-12341.411,50000.000,-3645.647,-9121.588,50000.000
10250797,1262.529,-12050.058,50000.000,-3458.882,-8553.823,50000.000
10300795,1023.471,-11265.646,50000.000,-3264.647,-8210.176,50000.000
10350789,1210.235,-10690.411,50000.000,-3175.000,-7963.646,50000.000
10400795,874.059,-10451.353,50000.000,-2973.294,-7590.117,50000.000
10450783,956.235,-10092.764,50000.000,-2756.647,-7126.941,50000.000
10500783,1001.059,-9681.882,50000.000,-2644.588,-6940.176,50000.000
10550780,926.353,-9764.059,50000.000,-2510.117,-6708.588,50000.000
10600777,1105.647,-9577.294,50000.000,-2383.117,-6604.000,50000.000
10650785,859.118,-9076.764,50000.000,-2300.941,-6648.823,50000.000
10700775,1045.882,-9084.234,50000.000,-2345.765,-6813.176,50000.000
10750787,986.118,-9300.882,50000.000,-2315.882,-6902.823,50000.000
10800775,1397.000,-8598.646,50000.000,-1957.294,-6260.353,50000.000
10850787,1538.941,-8703.234,50000.000,-1367.118,-4960.470,50000.000
10900788,2278.529,-8800.353,50000.000,-552.823,-4191.000,50000.000
10950780,2614.706,-7866.529,50000.000,321.235,-3481.294,50000.000
11000779,3033.059,-7911.353,50000.000,948.765,-2980.764,50000.000
11050775,3391.647,-8090.646,50000.000,1180.353,-2756.647,50000.000
11100781,3018.117,-7126.941,50000.000,1314.823,-2629.647,50000.000
11150786,3287.059,-7582.646,50000.000,1404.470,-2510.117,50000.000
11200784,3914.588,-8987.117,50000.000,1389.529,-2749.176,50000.000
11250793,3817.470,-9607.176,50000.000,1277.470,-2831.353,50000.000
11300784,3787.588,-10272.059,50000.000,1143.000,-2756.647,50000.000
11350786,3615.764,-10040.470,50000.000,1075.765,-2749.176,50000.000
11400787,4168.588,-10981.764,50000.000,978.647,-2689.412,50000.000
11450781,4108.823,-11504.705,50000.000,829.235,-2510.117,50000.000
11500788,3996.764,-12132.234,50000.000,709.706,-2323.353,50000.000
11550786,3899.647,-12109.822,50000.000,620.059,-2091.765,50000.000
11600779,4049.059,-12886.764,50000.000,478.118,-1837.765,50000.000
11650779,3899.647,-13193.058,50000.000,298.824,-1561.353,50000.000
11700782,3974.353,-13110.882,50000.000,246.529,-1180.353,50000.000
11750778,3473.823,-13305.117,50000.000,97.118,-806.823,50000.000
11800777,2771.588,-12117.293,50000.000,-22.412,-381.000,50000.000
11850774,2584.823,-12229.353,50000.000,-7.471,59.765,50000.000
11900747,2652.059,-11945.470,50000.000,29.882,605.118,50000.000
11950764,2667.000,-12087.411,50000.000,-127.000,1090.706,50000.000
12000780,2487.706,-12655.176,50000.000,-268.941,1531.470,50000.000
12050785,2495.176,-11967.882,50000.000,-351.118,1905.000,50000.000
12100784,1516.529,-11317.940,50000.000,-134.471,2330.823,50000.000
12150786,1785.470,-11631.705,50000.000,-22.412,2808.941,50000.000
12200774,2218.765,-11467.353,50000.000,-67.235,3316.941,50000.000
12250779,2271.059,-11646.646,50000.000,156.882,3795.059,50000.000
12300784,2472.765,-11302.999,50000.000,216.647,4295.588,50000.000
12350787,2338.294,-10839.823,50000.000,328.706,4631.764,50000.000
12400784,2510.117,-10384.117,50000.000,657.412,4960.470,50000.000
12450782,2480.235,-9853.705,50000.000,799.353,5192.059,50000.000
12500776,2607.235,-9577.294,50000.000,911.412,5371.353,50000.000
12550778,2502.647,-8860.117,50000.000,1113.118,5513.294,50000.000
12600781,2510.117,-8322.234,50000.000,1359.647,5393.764,50000.000
12650790,2599.765,-7754.470,50000.000,1449.294,5259.294,50000.000
12700787,2495.176,-7493.000,50000.000,1464.235,5027.706,50000.000
12750785,2390.588,-6940.176,50000.000,1583.765,5050.117,50000.000
12800778,2293.470,-6282.764,50000.000,1673.412,4826.000,50000.000
12850786,2241.176,-5856.941,50000.000,1763.059,4938.059,50000.000
12900779,2338.294,-5416.176,50000.000,1845.235,4721.412,50000.000
12950789,2203.823,-4975.412,50000.000,1927.412,4728.882,50000.000
13000778,2054.412,-4400.176,50000.000,1942.353,4669.117,50000.000
13050781,2114.176,-3929.529,50000.000,2099.235,4512.235,50000.000
13100790,2144.059,-3884.706,50000.000,2173.941,4445.000,50000.000
13150776,2129.117,-3257.176,50000.000,2278.529,4205.941,50000.000
13200787,2009.588,-2823.882,50000.000,2330.823,3966.882,50000.000
13250789,2106.706,-2398.059,50000.000,2278.529,3727.823,50000.000
13300782,2218.765,-2166.470,50000.000,2383.117,3503.706,50000.000
13350782,2196.353,-1837.765,50000.000,2353.235,3227.294,50000.000
13400786,2203.823,-1426.882,50000.000,2465.294,3040.529,50000.000
13450785,2188.882,-1143.000,50000.000,2554.941,2868.706,50000.000
13500782,2136.588,-829.235,50000.000,2674.470,2771.588,50000.000
13550787,1972.235,-612.588,50000.000,2689.412,2652.059,50000.000
13600781,1352.176,-351.118,50000.000,2644.588,2547.470,50000.000
13650784,1606.176,-216.647,50000.000,2771.588,2435.412,50000.000
13700783,1845.235,74.706,50000.000,2771.588,2166.470,50000.000
13750769,1628.588,358.588,50000.000,2876.176,2196.353,50000.000
13800779,1807.882,612.588,50000.000,2973.294,2091.765,50000.000
13850773,1972.235,672.353,50000.000,2988.235,2054.412,50000.000
13900775,1509.059,724.647,50000.000,2988.235,1905.000,50000.000
13950771,1606.176,1322.294,50000.000,2891.117,1852.706,50000.000
14000785,1434.353,1471.706,50000.000,2808.941,1695.823,50000.000
14050777,1606.176,1763.059,50000.000,2756.647,1561.353,50000.000
14100779,971.176,1352.176,50000.000,2719.294,1471.706,50000.000
14150775,1270.000,2368.176,50000.000,2704.353,1367.118,50000.000
14200782,1344.706,2764.117,50000.000,2681.941,1262.529,50000.000
14250782,1135.529,2629.647,50000.000,2674.470,1202.765,50000.000
14300782,948.765,2592.294,50000.000,2704.353,1128.059,50000.000
14350767,1225.176,3451.412,50000.000,2764.117,1105.647,50000.000
14400785,1195.294,3966.882,50000.000,2749.176,1016.000,50000.000
14450788,1135.529,4400.176,50000.000,2816.412,978.647,50000.000
14500771,1202.765,4728.882,50000.000,2906.059,941.294,50000.000
14550760,1255.059,5378.823,50000.000,2958.353,903.941,50000.000
14600773,1329.765,5939.117,50000.000,2995.706,896.471,50000.000
14650768,1314.823,6432.176,50000.000,3115.235,791.882,50000.000
14700776,1165.412,7014.882,50000.000,3219.823,732.118,50000.000
14750770,963.706,7560.235,50000.000,3175.000,762.000,50000.000
14800761,702.235,8060.764,50000.000,3062.941,732.118,50000.000
14850760,627.529,8621.059,50000.000,3048.000,747.059,50000.000
14900762,455.706,9256.059,50000.000,3070.412,649.941,50000.000
14950759,522.941,9846.234,50000.000,3227.294,567.765,50000.000
15000771,455.706,10376.646,50000.000,3272.117,403.412,50000.000
15050769,209.176,10996.705,50000.000,3354.294,291.353,50000.000
15100770,410.882,11803.528,50000.000,3600.823,216.647,50000.000
15150773,418.353,12259.234,50000.000,3765.176,134.471,50000.000
15200773,336.176,12953.999,50000.000,3959.411,29.882,50000.000
15250776,493.059,12894.234,50000.000,4004.235,-59.765,50000.000
15300760,649.941,13506.822,50000.000,4131.235,-134.471,50000.000
15350779,687.294,13506.822,50000.000,4183.529,-239.059,50000.000
15400782,769.471,13940.117,50000.000,4303.059,-254.000,50000.000
15450771,836.706,13880.352,50000.000,4445.000,-313.765,50000.000
15500772,903.941,13693.587,50000.000,4392.706,-291.353,50000.000
15550776,1016.000,13110.882,50000.000,4430.059,-201.706,50000.000
15600769,814.294,12744.822,50000.000,4392.706,-67.235,50000.000
15650774,649.941,12147.176,50000.000,4303.059,97.118,50000.000
15700763,941.294,12117.293,50000.000,4205.941,186.765,50000.000
15750770,806.823,11377.705,50000.000,4138.706,268.941,50000.000
15800773,97.118,9950.823,50000.000,3989.294,515.471,50000.000
15850757,321.235,9285.940,50000.000,3810.000,679.823,50000.000
15900770,709.706,10481.234,50000.000,3757.706,791.882,50000.000
15950762,754.529,10189.882,50000.000,3683.000,933.823,50000.000
16000777,829.235,9547.411,50000.000,3608.294,1075.765,50000.000
16050775,739.588,9666.940,50000.000,3548.529,1165.412,50000.000
16100780,425.823,9278.470,50000.000,3436.470,1247.588,50000.000
16150780,687.294,8613.588,50000.000,3436.470,1382.059,50000.000
16200775,463.176,7903.882,50000.000,3354.294,1479.176,50000.000
16250776,575.235,7933.764,50000.000,3279.588,1598.706,50000.000
16300780,508.000,7672.293,50000.000,3227.294,1688.353,50000.000
16350774,679.823,7268.882,50000.000,3137.647,1725.706,50000.000
16400774,896.471,6902.823,50000.000,2995.706,1792.941,50000.000
16450773,948.765,6305.176,50000.000,2861.235,1778.000,50000.000
16500771,776.941,6051.176,50000.000,2764.117,1830.294,50000.000
16550777,806.823,5550.646,50000.000,2644.588,1934.882,50000.000
16600781,806.823,5117.353,50000.000,2562.412,2046.941,50000.000
16650775,903.941,4796.117,50000.000,2420.470,2144.059,50000.000
16700773,829.235,4534.647,50000.000,2330.823,2271.059,50000.000
16750775,821.765,4161.117,50000.000,2203.823,2368.176,50000.000
16800779,829.235,3832.412,50000.000,2151.529,2472.765,50000.000
16850778,829.235,3526.117,50000.000,2121.647,2741.706,50000.000
16900776,799.353,3257.176,50000.000,2024.529,2935.941,50000.000
16950774,769.471,2973.294,50000.000,2046.941,3160.059,50000.000
17000767,739.588,2614.706,50000.000,1994.647,3369.235,50000.000
17050777,762.000,2487.706,50000.000,1994.647,3720.353,50000.000
17100769,709.706,2241.176,50000.000,1919.941,3966.882,50000.000
17150778,679.823,1994.647,50000.000,1867.647,4205.941,50000.000
17200772,642.471,1718.235,50000.000,1875.118,4497.294,50000.000
17250774,605.118,1456.765,50000.000,1890.059,4788.647,50000.000
17300766,582.706,1232.647,50000.000,1875.118,5042.646,50000.000
17350772,567.765,993.588,50000.000,1919.941,5386.294,50000.000
17400773,567.765,724.647,50000.000,1994.647,5729.941,50000.000
17450768,575.235,440.765,50000.000,1964.765,6066.117,50000.000
17500768,567.765,209.176,50000.000,1942.353,6499.411,50000.000
17550770,515.471,-22.412,50000.000,2002.118,7059.706,50000.000
17600751,500.529,-239.059,50000.000,1919.941,7709.646,50000.000
17650768,433.294,-463.176,50000.000,1912.470,8105.588,50000.000
17700772,321.235,-702.235,50000.000,1972.235,8434.294,50000.000
17750776,321.235,-859.118,50000.000,1897.529,9196.294,50000.000
17800774,291.353,-978.647,50000.000,1875.118,9883.588,50000.000
17850768,268.941,-1210.235,50000.000,1792.941,10473.764,50000.000
17900789,179.294,-1397.000,50000.000,1643.529,10921.999,50000.000
17950791,-22.412,-1568.823,50000.000,1621.118,11415.058,50000.000
18000780,-134.471,-1658.470,50000.000,1680.882,12184.528,50000.000
18050788,-283.882,-1703.294,50000.000,1591.235,13596.470,50000.000
18100789,-463.176,-1807.882,50000.000,1501.588,14776.822,50000.000
18150793,-485.588,-1875.118,50000.000,1568.823,15456.646,50000.000
18200795,-649.941,-1964.765,50000.000,1471.706,15837.646,50000.000
18250787,-672.353,-1875.118,50000.000,1471.706,15987.058,50000.000
18300782,-754.529,-1822.823,50000.000,1411.941,16031.881,50000.000
18350791,-821.765,-1792.941,50000.000,1299.882,15807.764,50000.000
18400790,-971.176,-1673.412,50000.000,1240.118,15606.058,50000.000
18450782,-918.882,-1329.765,50000.000,1187.823,15254.940,50000.000
18500793,-941.294,-1128.059,50000.000,1165.412,15187.705,50000.000
18550788,-1060.823,-844.176,50000.000,1284.941,14941.176,50000.000
18600792,-1105.647,-657.412,50000.000,1329.765,14858.999,50000.000
18650788,-1105.647,-433.294,50000.000,1329.765,14425.705,50000.000
18700788,-1068.294,-179.294,50000.000,1165.412,14814.176,50000.000
18750790,-993.588,164.353,50000.000,1217.706,13880.352,50000.000
18800777,-941.294,343.647,50000.000,1501.588,13245.352,50000.000
18850785,-903.941,522.941,50000.000,1538.941,12304.058,50000.000
18900782,-829.235,732.118,50000.000,1665.941,11669.058,50000.000
18950783,-709.706,956.235,50000.000,1591.235,11429.999,50000.000
19000784,-627.529,1135.529,50000.000,1651.000,11161.058,50000.000
19050786,-485.588,1180.353,50000.000,1658.470,10832.353,50000.000
19100783,-500.529,1329.765,50000.000,1778.000,10436.411,50000.000
19150778,-403.412,1299.882,50000.000,1703.294,9786.470,50000.000
19200776,-321.235,1344.706,50000.000,1748.118,9241.117,50000.000
19250781,-186.765,1352.176,50000.000,1912.470,8897.470,50000.000
19300782,-44.824,1337.235,50000.000,1867.647,8396.940,50000.000
19350773,112.059,1352.176,50000.000,1852.706,7911.353,50000.000
19400772,231.588,1337.235,50000.000,1882.588,7313.706,50000.000
19450780,313.765,1307.353,50000.000,1822.823,6663.764,50000.000
19500777,395.941,1247.588,50000.000,1837.765,6163.235,50000.000
19550772,455.706,1165.412,50000.000,1830.294,5565.588,50000.000
19600767,478.118,1098.176,50000.000,1740.647,4967.941,50000.000
19650769,433.294,1045.882,50000.000,1628.588,4310.529,50000.000
19700781,672.353,1023.471,50000.000,1568.823,3899.647,50000.000
19750772,754.529,889.000,50000.000,1546.412,3436.470,50000.000
19800766,859.118,851.647,50000.000,1524.000,2988.235,50000.000
19850769,926.353,739.588,50000.000,1494.118,2427.941,50000.000
19900768,1045.882,627.529,50000.000,1434.353,1897.529,50000.000
19950780,1075.765,537.882,50000.000,1441.823,1397.000,50000.000
20000776,1038.412,448.235,50000.000,1471.706,986.118,50000.000
20050760,1068.294,358.588,50000.000,1426.882,597.647,50000.000
20100777,1105.647,328.706,50000.000,1359.647,231.588,50000.000
20150765,1150.470,239.059,50000.000,1299.882,-209.176,50000.000
20200768,1187.823,59.765,50000.000,1322.294,-545.353,50000.000
20250769,1262.529,-134.471,50000.000,1255.059,-926.353,50000.000
20300773,1337.235,-209.176,50000.000,1157.941,-1277.470,50000.000
20350788,1404.470,-381.000,50000.000,1113.118,-1755.588,50000.000
20400779,1374.588,-470.647,50000.000,1083.235,-2151.529,50000.000
20450787,1434.353,-560.294,50000.000,1023.471,-2525.059,50000.000
20500774,1576.294,-694.765,50000.000,1045.882,-2906.059,50000.000
20550779,1665.941,-806.823,50000.000,1068.294,-3249.706,50000.000
20600783,1643.529,-933.823,50000.000,1090.706,-3705.412,50000.000
20650777,1800.412,-1165.412,50000.000,1045.882,-4116.294,50000.000
20700782,2024.529,-1337.235,50000.000,1016.000,-4489.823,50000.000
20750791,1964.765,-1471.706,50000.000,1038.412,-5005.294,50000.000
20800778,2002.118,-1598.706,50000.000,956.235,-5498.353,50000.000
20850776,2061.882,-1748.118,50000.000,889.000,-5886.823,50000.000
20900779,2136.588,-2002.118,50000.000,859.118,-6305.176,50000.000
20950779,2226.235,-2286.000,50000.000,799.353,-6753.411,50000.000
21000787,2338.294,-2427.941,50000.000,694.765,-7351.058,50000.000
21050779,2413.000,-2562.412,50000.000,597.647,-7851.588,50000.000
21100784,2495.176,-2846.294,50000.000,664.882,-8232.588,50000.000
21150787,2711.823,-3130.176,50000.000,679.823,-8665.882,50000.000
21200787,2622.176,-3152.588,50000.000,679.823,-9196.294,50000.000
21250789,2420.470,-2704.353,50000.000,679.823,-9995.646,50000.000
21300784,2711.823,-3227.294,50000.000,395.941,-10324.353,50000.000
21350784,2816.412,-3541.059,50000.000,395.941,-10623.176,50000.000
21400778,2868.706,-3511.176,50000.000,343.647,-11004.176,50000.000
21450785,2906.059,-3503.706,50000.000,410.882,-11228.293,50000.000
21500777,2816.412,-3443.941,50000.000,291.353,-11213.353,50000.000
21550784,2868.706,-4011.706,50000.000,530.412,-11332.882,50000.000
21600777,3234.764,-4168.588,50000.000,679.823,-11833.411,50000.000
21650796,3137.647,-4213.412,50000.000,620.059,-12035.117,50000.000
21700782,3040.529,-4258.235,50000.000,679.823,-12550.587,50000.000
21750786,3137.647,-4310.529,50000.000,552.823,-13312.587,50000.000
21800791,3070.412,-4228.353,50000.000,455.706,-13686.117,50000.000
21850782,2935.941,-4205.941,50000.000,403.412,-13850.470,50000.000
21900775,2838.823,-4049.059,50000.000,209.176,-13663.705,50000.000
21950787,2786.529,-4183.529,50000.000,179.294,-13267.764,50000.000
22000795,2853.764,-4273.176,50000.000,104.588,-13424.646,50000.000
22050797,2704.353,-4258.235,50000.000,-29.882,-12998.822,50000.000
22100786,2622.176,-4086.411,50000.000,37.353,-12386.234,50000.000
22150788,2562.412,-4101.353,50000.000,0.000,-11833.411,50000.000
22200722,2398.059,-3944.470,50000.000,-97.118,-11549.528,50000.000
22250784,2233.706,-3780.117,50000.000,59.765,-11243.234,50000.000
22300782,2129.117,-3742.764,50000.000,29.882,-10884.646,50000.000
22350791,2084.294,-3802.529,50000.000,-82.176,-10324.353,50000.000
22400782,1927.412,-3750.235,50000.000,-134.471,-9472.705,50000.000
22450781,1919.941,-3690.470,50000.000,14.941,-8703.234,50000.000
22500780,1710.765,-3466.353,50000.000,67.235,-7986.058,50000.000
22550776,1695.823,-3287.059,50000.000,74.706,-7268.882,50000.000
22600773,1583.765,-3167.529,50000.000,44.824,-6529.293,50000.000
22650780,1464.235,-2995.706,50000.000,209.176,-5782.235,50000.000
22700782,1456.765,-2876.176,50000.000,328.706,-5147.235,50000.000
22750781,1419.412,-2771.588,50000.000,328.706,-4542.117,50000.000
22800783,1314.823,-2719.294,50000.000,351.118,-3735.294,50000.000
22850783,1240.118,-2547.470,50000.000,478.118,-3025.588,50000.000
22900779,1120.588,-2375.647,50000.000,493.059,-2360.706,50000.000
22950770,1120.588,-2353.235,50000.000,493.059,-1643.529,50000.000
23000780,1068.294,-2241.176,50000.000,485.588,-889.000,50000.000
23050777,1128.059,-2032.000,50000.000,687.294,-164.353,50000.000
23100774,1120.588,-1688.353,50000.000,926.353,425.823,50000.000
23150771,1172.882,-1531.470,50000.000,1060.823,933.823,50000.000
23200785,1128.059,-1359.647,50000.000,1113.118,1538.941,50000.000
23250786,986.118,-1187.823,50000.000,1135.529,2129.117,50000.000
23300783,993.588,-1068.294,50000.000,1157.941,2577.353,50000.000
23350787,844.176,-881.529,50000.000,1187.823,2988.235,50000.000
23400781,672.353,-597.647,50000.000,1232.647,3384.176,50000.000
23450775,635.000,-493.059,50000.000,1337.235,3765.176,50000.000
23500768,642.471,-336.176,50000.000,1419.412,4138.706,50000.000
23550767,552.823,-134.471,50000.000,1441.823,4572.000,50000.000
23600773,455.706,52.294,50000.000,1531.470,4938.059,50000.000
23650759,403.412,231.588,50000.000,1538.941,5326.529,50000.000
23700770,328.706,537.882,50000.000,1651.000,5759.823,50000.000
23750768,268.941,687.294,50000.000,1755.588,6342.529,50000.000
23800775,89.647,941.294,50000.000,1733.176,6686.176,50000.000
23850769,89.647,1210.235,50000.000,1890.059,7224.058,50000.000
23900767,37.353,1471.706,50000.000,1979.706,7620.000,50000.000
23950762,-14.941,1733.176,50000.000,1815.353,8210.176,50000.000
24000772,-224.118,1994.647,50000.000,1763.059,8531.411,50000.000
24050779,-328.706,2427.941,50000.000,1957.294,9196.294,50000.000
24100773,-448.235,2689.412,50000.000,1912.470,9599.705,50000.000
24150783,-478.118,2980.764,50000.000,1860.176,10085.293,50000.000
24200781,-739.588,2980.764,50000.000,1972.235,10511.117,50000.000
24250792,-1030.941,3526.117,50000.000,2024.529,10772.588,50000.000
24300791,-903.941,3623.235,50000.000,1987.176,10862.234,50000.000
24350792,-911.412,4153.647,50000.000,1927.412,10907.058,50000.000
24400777,-948.765,4340.412,50000.000,2009.588,10862.234,50000.000
24450781,-1120.588,4721.412,50000.000,2091.765,10653.058,50000.000
24500785,-1247.588,5132.294,50000.000,2129.117,10473.764,50000.000
24550795,-1374.588,5431.117,50000.000,2256.117,10428.940,50000.000
24600798,-1240.118,5707.529,50000.000,2330.823,10384.117,50000.000
24650787,-1172.882,5931.646,50000.000,2383.117,10227.234,50000.000
24700800,-1090.706,6051.176,50000.000,2435.412,10077.823,50000.000
24750784,-1075.765,6223.000,50000.000,2517.588,9928.411,50000.000
24800788,-1090.706,6267.823,50000.000,2540.000,9659.470,50000.000
24850781,-1105.647,6275.293,50000.000,2592.294,9330.764,50000.000
24900784,-948.765,6043.706,50000.000,2652.059,8919.882,50000.000
24950771,-926.353,5924.176,50000.000,2465.294,8471.646,50000.000
25000785,-762.000,5759.823,50000.000,2435.412,8157.882,50000.000
25050781,-874.059,5767.294,50000.000,2345.765,7806.764,50000.000
25100778,-537.882,5617.882,50000.000,2248.647,7366.000,50000.000
25150782,-448.235,5221.941,50000.000,2188.882,6962.588,50000.000
25200782,-537.882,5042.646,50000.000,2084.294,6529.293,50000.000
25250784,-463.176,4915.646,50000.000,1987.176,5961.529,50000.000
25300787,-463.176,4631.764,50000.000,1897.529,5528.235,50000.000
25350787,-239.059,4235.823,50000.000,1830.294,5162.176,50000.000
25400780,-141.941,3817.470,50000.000,1733.176,4661.647,50000.000
25450785,-37.353,3533.588,50000.000,1591.235,4176.059,50000.000
25500768,156.882,3033.059,50000.000,1531.470,3750.235,50000.000
25550773,186.765,2689.412,50000.000,1441.823,3443.941,50000.000
25600774,231.588,2353.235,50000.000,1292.412,2980.764,50000.000
25650780,261.471,1994.647,50000.000,1240.118,2607.235,50000.000
25700769,343.647,1621.118,50000.000,1172.882,2166.470,50000.000
25750779,388.471,1284.941,50000.000,1045.882,1718.235,50000.000
25800777,425.823,859.118,50000.000,896.471,1225.176,50000.000
25850764,508.000,418.353,50000.000,799.353,814.294,50000.000
25900755,575.235,67.235,50000.000,762.000,395.941,50000.000
25950752,627.529,-328.706,50000.000,627.529,44.824,50000.000
26000755,672.353,-709.706,50000.000,493.059,-351.118,50000.000
26050746,732.118,-1120.588,50000.000,403.412,-754.529,50000.000
26100766,784.412,-1509.059,50000.000,343.647,-1135.529,50000.000
26150776,851.647,-1875.118,50000.000,216.647,-1494.118,50000.000
26200777,971.176,-2315.882,50000.000,127.000,-1875.118,50000.000
26250781,941.294,-2547.470,50000.000,44.824,-2278.529,50000.000
26300771,1030.941,-2943.412,50000.000,-37.353,-2614.706,50000.000
26350773,1105.647,-3234.764,50000.000,-276.412,-3033.059,50000.000
26400778,1225.176,-3697.941,50000.000,-403.412,-3429.000,50000.000
26450780,1404.470,-4116.294,50000.000,-448.235,-3727.823,50000.000
26500786,1449.294,-4347.882,50000.000,-597.647,-4176.059,50000.000
26550786,1576.294,-4773.706,50000.000,-642.471,-4542.117,50000.000
26600784,1628.588,-5117.353,50000.000,-717.176,-4885.764,50000.000
26650791,1695.823,-5498.353,50000.000,-851.647,-5266.764,50000.000
26700788,1651.000,-5700.059,50000.000,-859.118,-5625.353,50000.000
26750773,1695.823,-6006.353,50000.000,-889.000,-5931.646,50000.000
26800779,1807.882,-6237.941,50000.000,-978.647,-6297.706,50000.000
26850778,1845.235,-6387.353,50000.000,-1068.294,-6611.470,50000.000
26900793,2076.823,-6626.411,50000.000,-1030.941,-6917.764,50000.000
26950794,1919.941,-6738.470,50000.000,-1083.235,-7261.411,50000.000
27000796,2099.235,-6850.529,50000.000,-1113.118,-7709.646,50000.000
27050788,2159.000,-7358.529,50000.000,-1172.882,-7881.470,50000.000
27100792,2233.706,-7358.529,50000.000,-1128.059,-8030.882,50000.000
27150780,2129.117,-7089.588,50000.000,-1060.823,-8262.470,50000.000
27200788,2106.706,-7201.646,50000.000,-1075.765,-8650.940,50000.000
27250781,2286.000,-7104.529,50000.000,-1053.353,-8845.176,50000.000
27300784,2278.529,-6880.411,50000.000,-1090.706,-9016.999,50000.000
27350786,2129.117,-6559.176,50000.000,-1045.882,-9106.646,50000.000
27400796,2136.588,-6394.823,50000.000,-1240.118,-9143.999,50000.000
27450795,1994.647,-6327.588,50000.000,-1113.118,-8770.470,50000.000
27500786,2032.000,-6110.941,50000.000,-896.471,-8725.646,50000.000
27550777,1785.470,-5550.646,50000.000,-1150.470,-8561.294,50000.000
27600788,1860.176,-5274.235,50000.000,-1284.941,-8516.470,50000.000
27650792,1665.941,-5236.882,50000.000,-1075.765,-8284.882,50000.000
27700788,1568.823,-4676.588,50000.000,-911.412,-8015.940,50000.000
27750783,1561.353,-4243.294,50000.000,-903.941,-7709.646,50000.000
27800784,1314.823,-3937.000,50000.000,-859.118,-7268.882,50000.000
27850786,1247.588,-3570.941,50000.000,-791.882,-6917.764,50000.000
27900781,1038.412,-3070.412,50000.000,-702.235,-6506.882,50000.000
27950774,963.706,-2801.470,50000.000,-605.118,-6036.235,50000.000
28000768,1008.529,-2472.765,50000.000,-515.471,-5573.059,50000.000
28050776,896.471,-2233.706,50000.000,-425.823,-5087.470,50000.000
28100773,769.471,-1740.647,50000.000,-351.118,-4646.706,50000.000
28150769,635.000,-1329.765,50000.000,-239.059,-4168.588,50000.000
28200774,597.647,-1016.000,50000.000,-119.529,-3675.529,50000.000
28250784,627.529,-784.412,50000.000,-44.824,-3212.353,50000.000
28300764,582.706,-478.118,50000.000,82.176,-2749.176,50000.000
28350761,470.647,-67.235,50000.000,164.353,-2226.235,50000.000
28400765,403.412,268.941,50000.000,321.235,-1733.176,50000.000
28450767,381.000,620.059,50000.000,381.000,-1240.118,50000.000
28500751,254.000,911.412,50000.000,410.882,-784.412,50000.000
28550756,201.706,1165.412,50000.000,537.882,-268.941,50000.000
28600763,112.059,1725.706,50000.000,649.941,209.176,50000.000
28650761,59.765,1994.647,50000.000,724.647,687.294,50000.000
28700761,67.235,2360.706,50000.000,776.941,1247.588,50000.000
28750765,-22.412,2764.117,50000.000,881.529,1800.412,50000.000
28800763,-104.588,3182.470,50000.000,918.882,2233.706,50000.000
28850771,74.706,3473.823,50000.000,1060.823,2711.823,50000.000
28900769,-7.471,3481.294,50000.000,1143.000,3152.588,50000.000
28950753,-224.118,3600.823,50000.000,1270.000,3600.823,50000.000
29000776,-171.824,3862.294,50000.000,1426.882,4086.411,50000.000
29050783,-22.412,4579.470,50000.000,1501.588,4512.235,50000.000
29100770,-209.176,4908.176,50000.000,1628.588,4997.823,50000.000
29150786,-508.000,5177.117,50000.000,1733.176,5356.412,50000.000
29200781,-642.471,5692.588,50000.000,1815.353,5752.353,50000.000
29250777,-687.294,5520.764,50000.000,1875.118,6110.941,50000.000
29300778,-859.118,6372.411,50000.000,1718.235,6081.059,50000.000
29350779,-1172.882,6499.411,50000.000,1785.470,6252.882,50000.000
29400791,-1262.529,6745.941,50000.000,1546.412,6125.882,50000.000
29450785,-1486.647,6858.000,50000.000,1426.882,6058.646,50000.000
29500789,-1636.059,7186.706,50000.000,1449.294,6148.294,50000.000
29550783,-1509.059,7306.235,50000.000,1367.118,6245.411,50000.000
29600781,-1651.000,7313.706,50000.000,1434.353,6335.059,50000.000
29650777,-1815.353,7485.529,50000.000,1479.176,6409.764,50000.000
29700788,-1665.941,7029.823,50000.000,1247.588,6312.646,50000.000
29750795,-1822.823,7313.706,50000.000,1210.235,6320.117,50000.000
29800786,-1703.294,7126.941,50000.000,1180.353,6267.823,50000.000
29850780,-1337.235,6447.117,50000.000,1075.765,6245.411,50000.000
29900791,-1718.235,6738.470,50000.000,986.118,6103.470,50000.000
29950776,-1845.235,6447.117,50000.000,941.294,5886.823,50000.000
30000791,-1688.353,6477.000,50000.000,933.823,5647.764,50000.000
30050785,-1718.235,6170.706,50000.000,889.000,5461.000,50000.000
30100770,-1733.176,6118.411,50000.000,694.765,5289.176,50000.000
30150787,-1755.588,5849.470,50000.000,627.529,5094.941,50000.000
30200782,-1725.706,5468.470,50000.000,552.823,4885.764,50000.000
30250784,-1658.470,5109.882,50000.000,366.059,4624.294,50000.000
30300775,-1636.059,4803.588,50000.000,298.824,4332.941,50000.000
30350772,-1471.706,4430.059,50000.000,313.765,3951.941,50000.000
30400769,-1464.235,4228.353,50000.000,246.529,3727.823,50000.000
30450784,-1456.765,3989.294,50000.000,74.706,3533.588,50000.000
30500766,-1389.529,3570.941,50000.000,-59.765,3309.470,50000.000
30550772,-1277.470,3137.647,50000.000,-231.588,2891.117,50000.000
30600787,-1247.588,2861.235,50000.000,-351.118,2607.235,50000.000
30650787,-1172.882,2457.823,50000.000,-500.529,2286.000,50000.000
30700785,-1105.647,2032.000,50000.000,-515.471,2009.588,50000.000
30750773,-1135.529,1748.118,50000.000,-567.765,1695.823,50000.000
30800785,-1113.118,1247.588,50000.000,-635.000,1419.412,50000.000
30850784,-1053.353,859.118,50000.000,-732.118,1105.647,50000.000
30900771,-844.176,336.176,50000.000,-829.235,747.059,50000.000
30950765,-881.529,67.235,50000.000,-963.706,470.647,50000.000
31000756,-859.118,-313.765,50000.000,-1038.412,179.294,50000.000
31050771,-859.118,-664.882,50000.000,-1128.059,-164.353,50000.000
31100773,-747.059,-1202.765,50000.000,-1247.588,-470.647,50000.000
31150777,-747.059,-1538.941,50000.000,-1352.176,-717.176,50000.000
31200785,-635.000,-1845.235,50000.000,-1501.588,-1030.941,50000.000
31250786,-560.294,-2226.235,50000.000,-1479.176,-1389.529,50000.000
31300794,-612.588,-2532.529,50000.000,-1524.000,-1718.235,50000.000
31350793,-597.647,-2771.588,50000.000,-1561.353,-2144.059,50000.000
31400788,-567.765,-3167.529,50000.000,-1673.412,-2540.000,50000.000
31450786,-388.471,-3533.588,50000.000,-1748.118,-2906.059,50000.000
31500776,-343.647,-3839.882,50000.000,-1837.765,-3346.823,50000.000
31550793,-343.647,-4086.411,50000.000,-1897.529,-3623.235,50000.000
31600793,-186.765,-4534.647,50000.000,-1912.470,-3959.411,50000.000
31650788,-194.235,-4542.117,50000.000,-2017.059,-4303.059,50000.000
31700780,7.471,-4811.059,50000.000,-2002.118,-4564.529,50000.000
31750755,-112.059,-4960.470,50000.000,-2084.294,-4908.176,50000.000
31800780,-89.647,-5274.235,50000.000,-2293.470,-5274.235,50000.000
31850783,59.765,-5401.235,50000.000,-2315.882,-5558.117,50000.000
31900780,171.824,-5610.412,50000.000,-2338.294,-5692.588,50000.000
31950780,224.118,-5774.764,50000.000,-2345.765,-6327.588,50000.000
32000786,246.529,-5655.235,50000.000,-2510.117,-6947.646,50000.000
32050785,351.118,-5797.176,50000.000,-2510.117,-7171.764,50000.000
32100788,224.118,-5700.059,50000.000,-2502.647,-7313.706,50000.000
32150771,156.882,-5595.470,50000.000,-2599.765,-7627.470,50000.000
32200787,306.294,-5475.941,50000.000,-2577.353,-7754.470,50000.000
32250782,276.412,-5423.646,50000.000,-2644.588,-7993.529,50000.000
32300789,306.294,-5408.706,50000.000,-2681.941,-8075.706,50000.000
32350772,418.353,-5274.235,50000.000,-2629.647,-8075.706,50000.000
32400777,194.235,-5162.176,50000.000,-2794.000,-8068.235,50000.000
32450786,209.176,-5087.470,50000.000,-2734.235,-8053.293,50000.000
32500786,-37.353,-4803.588,50000.000,-2659.529,-7918.823,50000.000
32550779,59.765,-4504.764,50000.000,-2622.176,-7739.529,50000.000
32600780,0.000,-4288.117,50000.000,-2569.882,-7515.411,50000.000
32650725,-82.176,-3981.823,50000.000,-2584.823,-7231.529,50000.000
32700787,0.000,-3750.235,50000.000,-2502.647,-7074.646,50000.000
32750716,-261.471,-3406.588,50000.000,-2375.647,-6768.353,50000.000
32800779,-373.529,-2950.882,50000.000,-2271.059,-6327.588,50000.000
32850785,-328.706,-2868.706,50000.000,-2196.353,-5871.882,50000.000
32900779,-388.471,-2711.823,50000.000,-2091.765,-5520.764,50000.000
32950783,-463.176,-2286.000,50000.000,-1949.823,-4982.882,50000.000
33000790,-642.471,-2233.706,50000.000,-1890.059,-4557.059,50000.000
33050773,-799.353,-2017.059,50000.000,-1822.823,-4131.235,50000.000
33100783,-791.882,-1658.470,50000.000,-1778.000,-3653.117,50000.000
33150779,-933.823,-1359.647,50000.000,-1800.412,-3137.647,50000.000
33200783,-1068.294,-1135.529,50000.000,-1733.176,-2487.706,50000.000
33250794,-1202.765,-881.529,50000.000,-1673.412,-1845.235,50000.000
33300787,-1180.353,-702.235,50000.000,-1740.647,-1262.529,50000.000
33350783,-1225.176,-418.353,50000.000,-1710.765,-724.647,50000.000
33400781,-1307.353,-179.294,50000.000,-1598.706,-149.412,50000.000
33450777,-1449.294,7.471,50000.000,-1553.882,440.765,50000.000
33500749,-1501.588,179.294,50000.000,-1524.000,1001.059,50000.000
33550777,-1583.765,440.765,50000.000,-1382.059,1576.294,50000.000
33600778,-1748.118,620.059,50000.000,-1307.353,2263.588,50000.000
33650777,-1837.765,762.000,50000.000,-1270.000,2876.176,50000.000
33700783,-1972.235,911.412,50000.000,-1307.353,3391.647,50000.000
33750781,-2181.412,1075.765,50000.000,-1322.294,3914.588,50000.000
33800787,-2188.882,1270.000,50000.000,-1352.176,4557.059,50000.000
33850790,-2166.470,1411.941,50000.000,-1382.059,5109.882,50000.000
33900786,-2278.529,1479.176,50000.000,-1389.529,5685.117,50000.000
33950798,-2368.176,1553.882,50000.000,-1374.588,6163.235,50000.000
34000795,-2517.588,1658.470,50000.000,-1389.529,6678.706,50000.000
34050791,-2569.882,1807.882,50000.000,-1367.118,7112.000,50000.000
34100785,-2629.647,1942.353,50000.000,-1337.235,7567.706,50000.000
34150788,-2659.529,2039.470,50000.000,-1337.235,8001.000,50000.000
34200784,-2696.882,2196.353,50000.000,-1314.823,8262.470,50000.000
34250793,-2816.412,2218.765,50000.000,-1404.470,8568.764,50000.000
34300785,-2988.235,2286.000,50000.000,-1411.941,8650.940,50000.000
34350791,-2853.764,2286.000,50000.000,-1471.706,8643.470,50000.000
34400788,-2883.647,2323.353,50000.000,-1397.000,8650.940,50000.000
34450785,-2562.412,2084.294,50000.000,-1240.118,8695.764,50000.000
34500782,-2831.353,2413.000,50000.000,-1001.059,8777.940,50000.000
34550781,-3018.117,2323.353,50000.000,-933.823,8658.411,50000.000
34600788,-3115.235,2360.706,50000.000,-1045.882,8628.529,50000.000
34650789,-2958.353,2278.529,50000.000,-986.118,8568.764,50000.000
34700778,-2913.529,2263.588,50000.000,-1083.235,8486.588,50000.000
34750794,-2928.470,2203.823,50000.000,-1075.765,8367.059,50000.000
34800784,-2853.764,2039.470,50000.000,-1202.765,8240.059,50000.000
34850781,-2823.882,1882.588,50000.000,-1150.470,7963.646,50000.000
34900794,-2704.353,1778.000,50000.000,-1157.941,7754.470,50000.000
34950783,-2674.470,1748.118,50000.000,-1329.765,7395.882,50000.000
35000786,-2674.470,1718.235,50000.000,-1419.412,6977.529,50000.000
35050790,-2637.117,1411.941,50000.000,-1389.529,6633.882,50000.000
35100795,-2547.470,1240.118,50000.000,-1524.000,6320.117,50000.000
35150785,-2398.059,1120.588,50000.000,-1479.176,5969.000,50000.000
35200788,-2442.882,978.647,50000.000,-1509.059,5468.470,50000.000
35250779,-2338.294,836.706,50000.000,-1561.353,5065.059,50000.000
35300773,-2211.294,717.176,50000.000,-1516.529,4519.706,50000.000
35350783,-2144.059,612.588,50000.000,-1456.765,4004.235,50000.000
35400779,-2091.765,470.647,50000.000,-1434.353,3570.941,50000.000
35450774,-1927.412,276.412,50000.000,-1404.470,3130.176,50000.000
35500778,-1830.294,59.765,50000.000,-1479.176,2644.588,50000.000
35550778,-1763.059,-171.824,50000.000,-1494.118,2076.823,50000.000
35600781,-1680.882,-343.647,50000.000,-1538.941,1456.765,50000.000
35650788,-1591.235,-433.294,50000.000,-1658.470,941.294,50000.000
35700786,-1449.294,-530.412,50000.000,-1651.000,493.059,50000.000
35750768,-1382.059,-642.471,50000.000,-1636.059,-44.824,50000.000
35800766,-1314.823,-724.647,50000.000,-1710.765,-620.059,50000.000
35850777,-1187.823,-881.529,50000.000,-1800.412,-1045.882,50000.000
35900786,-1030.941,-948.765,50000.000,-1718.235,-1546.412,50000.000
35950785,-933.823,-1128.059,50000.000,-1651.000,-2188.882,50000.000
36000786,-874.059,-1150.470,50000.000,-1665.941,-2823.882,50000.000
36050787,-642.471,-1023.471,50000.000,-1665.941,-3316.941,50000.000
36100778,-612.588,-1202.765,50000.000,-1665.941,-3832.412,50000.000
36150788,-522.941,-1195.294,50000.000,-1628.588,-4243.294,50000.000
36200793,-463.176,-1210.235,50000.000,-1643.529,-4773.706,50000.000
36250788,-381.000,-1172.882,50000.000,-1710.765,-5207.000,50000.000
36300779,-276.412,-1143.000,50000.000,-1800.412,-5722.470,50000.000
36350780,-216.647,-1165.412,50000.000,-1718.235,-6208.059,50000.000
36400784,-171.824,-1105.647,50000.000,-1688.353,-6574.117,50000.000
36450784,-82.176,-1045.882,50000.000,-1568.823,-6910.293,50000.000
36500786,0.000,-971.176,50000.000,-1643.529,-7515.411,50000.000
36550714,-29.882,-889.000,50000.000,-1531.470,-7888.940,50000.000
36600771,67.235,-769.471,50000.000,-1531.470,-8068.235,50000.000
36650770,179.294,-522.941,50000.000,-1486.647,-8202.705,50000.000
36700782,156.882,-261.471,50000.000,-1411.941,-8299.823,50000.000
36750783,179.294,-156.882,50000.000,-1382.059,-8456.705,50000.000
36800782,201.706,-7.471,50000.000,-1329.765,-8538.882,50000.000
36850743,216.647,216.647,50000.000,-1307.353,-8703.234,50000.000
36900780,186.765,358.588,50000.000,-1255.059,-8718.176,50000.000
36950776,134.471,605.118,50000.000,-1187.823,-8643.470,50000.000
37000774,112.059,866.588,50000.000,-1098.176,-8658.411,50000.000
37050781,127.000,1150.470,50000.000,-1210.235,-8628.529,50000.000
37100784,127.000,1374.588,50000.000,-1075.765,-8120.529,50000.000
37150779,52.294,1426.882,50000.000,-993.588,-8090.646,50000.000
37200772,59.765,1568.823,50000.000,-993.588,-7986.058,50000.000
37250771,-52.294,1598.706,50000.000,-993.588,-7806.764,50000.000
37300776,-37.353,1688.353,50000.000,-1008.529,-7418.293,50000.000
37350778,-306.294,1860.176,50000.000,-1016.000,-6820.646,50000.000
37400782,-343.647,2069.353,50000.000,-1008.529,-6514.353,50000.000
37450781,-283.882,2159.000,50000.000,-1068.294,-6125.882,50000.000
37500785,-381.000,2054.412,50000.000,-1001.059,-5640.294,50000.000
37550768,-268.941,1987.176,50000.000,-941.294,-5162.176,50000.000
37600787,-395.941,1837.765,50000.000,-1001.059,-4691.529,50000.000
37650775,-605.118,1994.647,50000.000,-978.647,-4176.059,50000.000
37700770,-508.000,2032.000,50000.000,-941.294,-3675.529,50000.000
37750777,-687.294,2039.470,50000.000,-941.294,-3204.882,50000.000
37800782,-747.059,1792.941,50000.000,-881.529,-2607.235,50000.000
37850781,-821.765,1867.647,50000.000,-859.118,-2099.235,50000.000
37900776,-971.176,1845.235,50000.000,-821.765,-1591.235,50000.000
37950784,-941.294,1665.941,50000.000,-799.353,-971.176,50000.000
38000779,-948.765,1531.470,50000.000,-933.823,-470.647,50000.000
38050774,-1060.823,1359.647,50000.000,-844.176,97.118,50000.000
38100766,-1150.470,1075.765,50000.000,-896.471,612.588,50000.000
38150772,-1247.588,933.823,50000.000,-844.176,1150.470,50000.000
38200782,-1240.118,709.706,50000.000,-836.706,1770.529,50000.000
38250766,-1292.412,605.118,50000.000,-896.471,2263.588,50000.000
38300774,-1382.059,403.412,50000.000,-889.000,2786.529,50000.000
38350767,-1382.059,194.235,50000.000,-889.000,3242.235,50000.000
38400774,-1464.235,-74.706,50000.000,-948.765,3750.235,50000.000
38450773,-1389.529,-261.471,50000.000,-896.471,4153.647,50000.000
38500774,-1434.353,-455.706,50000.000,-1001.059,4624.294,50000.000
38550774,-1524.000,-664.882,50000.000,-926.353,5154.706,50000.000
38600777,-1665.941,-926.353,50000.000,-1053.353,5640.294,50000.000
38650781,-1688.353,-1098.176,50000.000,-814.294,5886.823,50000.000
38700789,-1733.176,-1367.118,50000.000,-1090.706,6387.353,50000.000
38750784,-1553.882,-1621.118,50000.000,-1225.176,6760.882,50000.000
38800791,-1665.941,-1778.000,50000.000,-1359.647,7126.941,50000.000
38850783,-1688.353,-1979.706,50000.000,-1397.000,7380.941,50000.000
38900781,-1703.294,-2166.470,50000.000,-1202.765,7485.529,50000.000
38950784,-1748.118,-2360.706,50000.000,-1284.941,7791.823,50000.000
39000790,-1785.470,-2495.176,50000.000,-1426.882,7993.529,50000.000
39050795,-1755.588,-2622.176,50000.000,-1576.294,8180.293,50000.000
39100797,-1748.118,-2801.470,50000.000,-1606.176,8299.823,50000.000
39150790,-1785.470,-2995.706,50000.000,-1665.941,8254.999,50000.000
39200793,-1658.470,-3070.412,50000.000,-1576.294,8157.882,50000.000
39250786,-1718.235,-3197.412,50000.000,-1628.588,8157.882,50000.000
39300793,-1673.412,-3227.294,50000.000,-1568.823,8053.293,50000.000
39350792,-1561.353,-3227.294,50000.000,-1591.235,7859.058,50000.000
39400792,-1658.470,-3249.706,50000.000,-1583.765,7709.646,50000.000
39450787,-1621.118,-3302.000,50000.000,-1561.353,7403.353,50000.000
39500783,-1576.294,-3503.706,50000.000,-1658.470,7156.823,50000.000
39550790,-1486.647,-3324.412,50000.000,-1695.823,7007.411,50000.000
39600790,-1404.470,-3167.529,50000.000,-1636.059,6648.823,50000.000
39650790,-1404.470,-3062.941,50000.000,-1613.647,6267.823,50000.000
39700785,-1411.941,-3033.059,50000.000,-1538.941,5879.353,50000.000
39750789,-1367.118,-2988.235,50000.000,-1583.765,5543.176,50000.000
39800794,-1217.706,-2891.117,50000.000,-1538.941,5117.353,50000.000
39850792,-1217.706,-2741.706,50000.000,-1464.235,4586.941,50000.000
39900785,-1120.588,-2607.235,50000.000,-1411.941,4123.765,50000.000
39950793,-1023.471,-2465.294,50000.000,-1329.765,3556.000,50000.000
40000778,-1030.941,-2338.294,50000.000,-1217.706,3145.117,50000.000
40050788,-859.118,-2256.117,50000.000,-1202.765,2659.529,50000.000
40100786,-844.176,-2166.470,50000.000,-1202.765,2084.294,50000.000
40150781,-762.000,-1867.647,50000.000,-1113.118,1501.588,50000.000
40200783,-679.823,-1673.412,50000.000,-1105.647,911.412,50000.000
40250777,-612.588,-1509.059,50000.000,-1090.706,418.353,50000.000
40300768,-635.000,-1367.118,50000.000,-1001.059,-59.765,50000.000
40350766,-478.118,-1165.412,50000.000,-986.118,-552.823,50000.000
40400769,-381.000,-933.823,50000.000,-911.412,-1075.765,50000.000
40450770,-358.588,-724.647,50000.000,-889.000,-1621.118,50002.000
40500787,-261.471,-500.529,50000.000,-836.706,-2129.117,50000.000
40550769,-216.647,-246.529,50000.000,-776.941,-2629.647,50000.000
40600777,-156.882,-52.294,50000.000,-769.471,-3085.353,50000.000
40650769,-74.706,134.471,50000.000,-776.941,-3526.117,50000.000
40700762,-37.353,418.353,50000.000,-724.647,-3944.470,50000.000
40750764,52.294,702.235,50000.000,-657.412,-4332.941,50000.000
40800760,104.588,963.706,50000.000,-470.647,-4773.706,50000.000
40850762,179.294,1195.294,50000.000,-381.000,-5094.941,50000.000
40900775,201.706,1449.294,50000.000,-268.941,-5461.000,50000.000
40950775,246.529,1621.118,50000.000,-194.235,-5774.764,50000.000
41000780,298.824,1994.647,50000.000,-67.235,-5991.411,50000.000
41050771,261.471,2256.117,50000.000,22.412,-6125.882,50000.000
41100762,239.059,2383.117,50000.000,82.176,-6312.646,50000.000
41150769,381.000,2599.765,50000.000,209.176,-6432.176,50000.000
41200770,313.765,3003.176,50000.000,201.706,-6484.470,50000.000
41250763,366.059,3294.529,50000.000,261.471,-6589.059,50000.000
41300764,351.118,3451.412,50000.000,336.176,-6828.117,50000.000
41350773,351.118,3683.000,50000.000,395.941,-6813.176,50000.000
41400765,410.882,3854.823,50000.000,470.647,-6940.176,50000.000
41450770,463.176,3832.412,50000.000,485.588,-6962.588,50000.000
41500774,463.176,4205.941,50000.000,478.118,-6977.529,50000.000
41550766,231.588,4415.117,50000.000,470.647,-6962.588,50000.000
41600775,291.353,4609.353,50000.000,530.412,-6835.588,50000.000
41650764,239.059,4489.823,50000.000,530.412,-6671.235,50000.000
41700768,261.471,4586.941,50000.000,500.529,-6477.000,50000.000
41750763,164.353,4489.823,50000.000,470.647,-6282.764,50000.000
41800776,336.176,4422.588,50000.000,403.412,-6051.176,50000.000
41850770,186.765,4265.706,50000.000,328.706,-5782.235,50000.000
41900764,37.353,4123.765,50000.000,239.059,-5319.059,50000.000
41950757,112.059,3966.882,50000.000,455.706,-5363.882,50000.000
42000767,-44.824,3653.117,50000.000,463.176,-4930.588,50000.000
42050768,7.471,3458.882,50000.000,395.941,-4527.176,50000.000
42100747,22.412,3242.235,50000.000,381.000,-4071.470,50000.000
42150760,-119.529,2779.059,50000.000,261.471,-3638.176,50000.000
42200776,-156.882,2681.941,50000.000,74.706,-3451.412,50000.000
42250762,-149.412,2405.529,50000.000,0.000,-2935.941,50000.000
42300701,-171.824,2144.059,50000.000,-52.294,-2569.882,50000.000
42350775,-134.471,1710.765,50000.000,-74.706,-2099.235,50000.000
42400765,-268.941,1434.353,50000.000,-164.353,-1658.470,50000.000
42450779,-276.412,1105.647,50000.000,-246.529,-1270.000,50000.000
42500773,-246.529,739.588,50000.000,-276.412,-851.647,50000.000
42550761,-336.176,403.412,50000.000,-298.824,-418.353,50000.000
42600759,-328.706,37.353,50000.000,-328.706,-7.471,50000.000
42650725,-336.176,-298.824,50000.000,-381.000,381.000,50000.000
42700757,-321.235,-672.353,50000.000,-440.765,859.118,50000.000
42750760,-328.706,-1030.941,50000.000,-537.882,1240.118,50000.000
42800773,-410.882,-1329.765,50000.000,-545.353,1621.118,50000.000
42850776,-433.294,-1613.647,50000.000,-605.118,2076.823,50000.000
42900778,-478.118,-1972.235,50000.000,-612.588,2420.470,50000.000
42950780,-463.176,-2383.117,50000.000,-672.353,2779.059,50000.000
43000780,-627.529,-2689.412,50002.000,-806.823,3197.412,50000.000
43050794,-522.941,-3025.588,49999.000,-791.882,3496.235,49999.000
43100823,-635.000,-3264.647,49999.000,-911.412,3869.764,49999.000
43150820,-672.353,-3481.294,50000.000,-881.529,4078.941,50000.000
43200773,-642.471,-3585.882,50000.000,-971.176,4489.823,50000.000
43250782,-649.941,-4019.176,50000.000,-1083.235,4826.000,50000.000
43300785,-642.471,-4116.294,50000.000,-1068.294,5132.294,50000.000
43350780,-612.588,-4131.235,50000.000,-1232.647,5483.412,50000.000
43400784,-620.059,-4332.941,50000.000,-1210.235,5789.706,50000.000
43450773,-851.647,-4586.941,50000.000,-1240.118,5901.764,50000.000
43500776,-769.471,-4706.470,50000.000,-1262.529,6163.235,50000.000
43550780,-791.882,-4743.823,50000.000,-1255.059,6297.706,50000.000
43600776,-889.000,-4609.353,50000.000,-1240.118,6327.588,50000.000
43650771,-903.941,-4542.117,50000.000,-1292.412,6402.293,50000.000
43700785,-769.471,-4377.765,50000.000,-1240.118,6424.706,50000.000
43750774,-844.176,-4362.823,50000.000,-1195.294,6379.882,50000.000
43800789,-859.118,-4198.470,50000.000,-1247.588,6312.646,50000.000
43850787,-799.353,-4011.706,50000.000,-1202.765,6260.353,50000.000
43900771,-903.941,-3877.235,50000.000,-1187.823,6133.353,50000.000
43950788,-851.647,-3795.059,50000.000,-1113.118,6073.588,50000.000
44000775,-679.823,-3473.823,50000.000,-1120.588,6058.646,50000.000
44050789,-605.118,-3346.823,50000.000,-1030.941,5842.000,50000.000
44100780,-806.823,-3033.059,50000.000,-941.294,5632.823,50000.000
44150777,-657.412,-2659.529,50000.000,-881.529,5408.706,50000.000
44200776,-672.353,-2525.059,50000.000,-814.294,5147.235,50000.000
44250775,-545.353,-2278.529,50000.000,-664.882,4661.647,50000.000
44300780,-455.706,-2009.588,50000.000,-545.353,4318.000,50000.000
44350771,-440.765,-1598.706,50000.000,-485.588,3966.882,50000.000
44400775,-298.824,-1479.176,50000.000,-343.647,3496.235,50000.000
44450783,-268.941,-1098.176,50000.000,-186.765,3175.000,50000.000
44500777,-283.882,-889.000,50000.000,-201.706,2846.294,50000.000
44550762,-261.471,-664.882,50000.000,-112.059,2480.235,50000.000
44600768,-224.118,-455.706,50000.000,-14.941,2024.529,50000.000
44650759,-141.941,-134.471,50000.000,97.118,1583.765,50000.000
44700755,-59.765,164.353,50000.000,171.824,1172.882,50000.000
44750758,-14.941,410.882,50000.000,224.118,747.059,50000.000
44800750,-37.353,694.765,50000.000,261.471,306.294,50000.000
44850747,104.588,926.353,50000.000,328.706,-104.588,50000.000
44900755,239.059,1128.059,50000.000,373.529,-582.706,50000.000
44950757,261.471,1419.412,50000.000,433.294,-1030.941,50000.000
45000766,298.824,1524.000,50000.000,537.882,-1449.294,50000.000
45050773,358.588,1748.118,50000.000,612.588,-1837.765,50000.000
45100773,343.647,2002.118,50000.000,679.823,-2233.706,50000.000
45150766,351.118,2256.117,50000.000,776.941,-2629.647,50000.000
45200773,388.471,2480.235,50000.000,844.176,-3010.647,50000.000
45250764,552.823,2756.647,50000.000,889.000,-3399.117,50000.000
45300769,545.353,2898.588,50000.000,926.353,-3787.588,50000.000
45350770,687.294,3137.647,50000.000,1068.294,-4213.412,50000.000
45400782,739.588,3175.000,50000.000,1030.941,-4370.294,50000.000
45450778,597.647,3324.412,50000.000,993.588,-4489.823,50000.000
45500776,612.588,3563.470,50000.000,1016.000,-4781.176,50000.000
45550783,694.765,3496.235,50000.000,1016.000,-5050.117,50000.000
45600776,724.647,3526.117,50000.000,1038.412,-5274.235,50000.000
45650782,672.353,3570.941,50000.000,1060.823,-5408.706,50000.000
45700768,515.471,3802.529,50000.000,1098.176,-5573.059,50000.000
45750775,687.294,3922.059,50000.000,1143.000,-5670.176,50000.000
45800780,762.000,3929.529,50000.000,1128.059,-5700.059,50000.000
45850772,747.059,3944.470,50000.000,1060.823,-5879.353,50000.000
45900776,791.882,3884.706,50000.000,1045.882,-5864.411,50000.000
45950777,694.765,3668.059,50000.000,1068.294,-6013.823,50000.000
46000777,739.588,3787.588,50000.000,1053.353,-6036.235,50000.000
46050777,844.176,3757.706,50000.000,1016.000,-6043.706,50000.000
46100772,769.471,3578.412,50000.000,963.706,-5819.588,50000.000
46150762,806.823,3421.529,50000.000,911.412,-5632.823,50000.000
46200773,732.118,3189.941,50000.000,926.353,-5595.470,50000.000
46250765,836.706,3115.235,50000.000,889.000,-5453.529,50000.000
46300763,784.412,2913.529,50000.000,814.294,-5147.235,50000.000
46350773,739.588,2667.000,50000.000,814.294,-4997.823,50000.000
46400777,664.882,2345.765,50000.000,769.471,-4736.353,50000.000
46450768,642.471,2181.412,50000.000,702.235,-4392.706,50000.000
46500764,664.882,1785.470,50000.000,672.353,-4131.235,50000.000
46550771,672.353,1613.647,50000.000,672.353,-3862.294,50000.000
46600767,605.118,1464.235,50000.000,597.647,-3496.235,50000.000
46650775,582.706,1195.294,50000.000,545.353,-3219.823,50000.000
46700771,605.118,896.471,50000.000,522.941,-2861.235,50000.000
46750763,552.823,627.529,50000.000,500.529,-2502.647,50000.000
46800764,597.647,328.706,50000.000,425.823,-2144.059,50000.000
46850761,575.235,89.647,50000.000,373.529,-1778.000,50000.000
46900758,500.529,-171.824,50000.000,313.765,-1426.882,50000.000
46950764,560.294,-440.765,50000.000,291.353,-1060.823,50000.000
47000760,485.588,-724.647,50000.000,216.647,-687.294,50000.000
47050769,478.118,-971.176,50000.000,201.706,-321.235,50000.000
47100757,381.000,-1187.823,50000.000,149.412,59.765,50000.000
47150755,403.412,-1426.882,50000.000,127.000,463.176,50000.000
47200764,358.588,-1553.882,50000.000,156.882,821.765,50000.000
47250769,313.765,-1852.706,50000.000,141.941,1210.235,50000.000
47300768,358.588,-2121.647,50000.000,52.294,1598.706,50000.000
47350764,373.529,-2256.117,50000.000,7.471,1934.882,50000.000
47400751,313.765,-2472.765,50000.000,44.824,2308.412,50000.000
47450758,291.353,-2674.470,50000.000,-22.412,2629.647,50000.000
47500763,254.000,-2838.823,50000.000,29.882,3048.000,50000.000
47550764,194.235,-2973.294,50000.000,-22.412,3354.294,50000.000
47600766,22.412,-3115.235,50000.000,-67.235,3742.764,50000.000
47650765,52.294,-3160.059,50000.000,-52.294,4041.588,50000.000
47700755,-14.941,-3219.823,50000.000,-149.412,4385.235,50000.000
47750776,-14.941,-3204.882,50000.000,-82.176,4646.706,50000.000
47800764,-82.176,-3204.882,50000.000,-141.941,4953.000,50000.000
47850776,-74.706,-3115.235,50000.000,-164.353,5251.823,50000.000
47900773,-104.588,-3167.529,50000.000,-216.647,5393.764,50000.000
47950784,-134.471,-3115.235,50000.000,-141.941,5647.764,50000.000
48000781,-67.235,-3130.176,50000.000,-112.059,5767.294,50000.000
48050771,-141.941,-2980.764,50000.000,-97.118,5834.529,50000.000
48100773,-306.294,-2973.294,50000.000,-67.235,5983.941,50000.000
48150771,-127.000,-2794.000,50000.000,0.000,6036.235,50000.000
48200700,-261.471,-2487.706,50000.000,164.353,6073.588,50000.000
48250766,-268.941,-2540.000,50000.000,119.529,6185.646,50000.000
48300782,-171.824,-2069.353,50000.000,149.412,6148.294,50000.000
48350771,-82.176,-2039.470,50000.000,254.000,6028.764,50000.000
48400765,-141.941,-1792.941,50000.000,321.235,6021.294,50000.000
48450779,-179.294,-1703.294,50000.000,373.529,5842.000,50000.000
48500776,-112.059,-1531.470,50000.000,433.294,5550.646,50000.000
48550775,-127.000,-1374.588,50000.000,515.471,5371.353,50000.000
48600775,-7.471,-1232.647,50000.000,545.353,5072.529,50000.000
48650746,-7.471,-1016.000,50000.000,590.176,4699.000,50000.000
48700743,67.235,-821.765,50000.000,702.235,4183.529,50000.000
48750761,209.176,-649.941,50000.000,717.176,3541.059,50000.000
48800765,171.824,-478.118,50000.000,747.059,3137.647,50000.000
48850758,268.941,-313.765,50000.000,776.941,2704.353,50000.000
48900764,328.706,-179.294,50000.000,784.412,2203.823,50000.000
48950762,470.647,-67.235,50000.000,769.471,1845.235,50000.000
49000759,425.823,104.588,50000.000,791.882,1501.588,50000.000
49050760,470.647,268.941,50000.000,776.941,933.823,50000.000
49100762,530.412,395.941,50000.000,836.706,470.647,50000.000
49150746,567.765,448.235,50000.000,859.118,74.706,50000.000
49200748,657.412,590.176,50000.000,874.059,-351.118,50000.000
49250753,784.412,694.765,50000.000,844.176,-821.765,50000.000
49300757,657.412,889.000,50000.000,866.588,-1202.765,50000.000
49350756,702.235,1008.529,50000.000,851.647,-1680.882,50000.000
49400767,821.765,1038.412,50000.000,911.412,-2084.294,50000.000
49450762,889.000,1113.118,50000.000,978.647,-2465.294,50000.000
49500762,963.706,1299.882,50000.000,1053.353,-2808.941,50000.000
49550773,1045.882,1389.529,50000.000,1113.118,-3145.117,50000.000
49600789,1098.176,1397.000,50000.000,1172.882,-3541.059,50000.000
49650784,1120.588,1538.941,50000.000,1277.470,-3839.882,50000.000
49700791,1217.706,1651.000,50000.000,1277.470,-4101.353,50000.000
49750777,1232.647,1740.647,50000.000,1284.941,-4332.941,50000.000
49800781,1299.882,1792.941,50000.000,1344.706,-4572.000,50000.000
49850787,1344.706,1860.176,50000.000,1352.176,-4736.353,50000.000
49900784,1314.823,1934.882,50000.000,1382.059,-4893.235,50000.000
49950787,1397.000,2061.882,50000.000,1367.118,-5027.706,50000.000
50000779,1449.294,1994.647,50000.000,1382.059,-5162.176,50000.000
50050786,1486.647,1972.235,50000.000,1441.823,-5281.706,50000.000
50100786,1464.235,1957.294,50000.000,1389.529,-5393.764,50000.000
50150791,1516.529,1972.235,50000.000,1426.882,-5550.646,50000.000
50200792,1479.176,1957.294,50000.000,1397.000,-5625.353,50000.000
50250785,1546.412,1927.412,50000.000,1397.000,-5655.235,50000.000
50300782,1464.235,1860.176,50000.000,1486.647,-5677.646,50000.000
50350790,1509.059,1785.470,50000.000,1419.412,-5595.470,50000.000
50400779,1464.235,1785.470,50000.000,1404.470,-5438.588,50000.000
50450785,1471.706,1733.176,50000.000,1352.176,-5319.059,50000.000
50500783,1561.353,1628.588,50000.000,1352.176,-5072.529,50000.000
50550789,1494.118,1486.647,50000.000,1307.353,-4826.000,50000.000
50600781,1494.118,1434.353,50000.000,1240.118,-4646.706,50000.000
50650778,1389.529,1225.176,50000.000,1157.941,-4318.000,50000.000
50700791,1255.059,1165.412,50000.000,1247.588,-3989.294,50000.000
50750783,1314.823,1068.294,50000.000,1157.941,-3810.000,50000.000
50800788,1240.118,971.176,50000.000,1225.176,-3563.470,50000.000
50850782,1404.470,836.706,50000.000,1075.765,-3331.882,50000.000
50900774,1524.000,851.647,50000.000,1187.823,-2838.823,50000.000
50950783,1098.176,567.765,50000.000,1053.353,-2278.529,50000.000
51000779,1232.647,463.176,50000.000,933.823,-2203.823,50000.000
51050774,1240.118,433.294,50000.000,1113.118,-1763.059,50000.000
51100776,926.353,239.059,50000.000,956.235,-1337.235,50000.000
51150764,1068.294,7.471,50000.000,933.823,-978.647,50000.000
51200740,993.588,14.941,50000.000,1038.412,-590.176,50000.000
51250759,911.412,-134.471,50000.000,963.706,-194.235,50000.000
51300755,918.882,-239.059,50000.000,933.823,201.706,50000.000
51350754,851.647,-358.588,50000.000,1016.000,575.235,50000.000
51400764,821.765,-448.235,50000.000,933.823,941.294,50000.000
51450763,762.000,-515.471,50000.000,903.941,1419.412,50000.000
51500759,709.706,-620.059,50000.000,926.353,1815.353,50000.000
51550752,694.765,-799.353,50000.000,911.412,2151.529,50000.000
51600763,635.000,-776.941,50000.000,881.529,2502.647,50000.000
51650765,508.000,-717.176,50000.000,956.235,2868.706,50000.000
51700762,530.412,-956.235,50000.000,986.118,3212.353,50000.000
51750756,493.059,-986.118,50000.000,1001.059,3548.529,50000.000
51800751,448.235,-971.176,50000.000,1045.882,3795.059,50000.000
51850773,388.471,-941.294,50000.000,1023.471,4138.706,50000.000
51900763,358.588,-911.412,50000.000,1090.706,4400.176,50000.000
51950764,261.471,-881.529,50000.000,1098.176,4758.764,50000.000
52000774,291.353,-1016.000,50000.000,1128.059,4945.529,50000.000
52050778,276.412,-978.647,50000.000,1098.176,5124.823,50000.000
52100772,246.529,-866.588,50000.000,1001.059,5236.882,50000.000
52150764,149.412,-799.353,50000.000,993.588,5505.823,50000.000
52200767,134.471,-642.471,50000.000,933.823,5573.059,50000.000
52250759,149.412,-657.412,50000.000,1053.353,5453.529,50000.000
52300767,149.412,-515.471,50000.000,971.176,5498.353,50000.000
52350764,74.706,-448.235,50000.000,1001.059,5461.000,50000.000
52400755,134.471,-336.176,50000.000,1075.765,5490.882,50000.000
52450764,82.176,-261.471,50000.000,1075.765,5363.882,50000.000
52500760,141.941,-171.824,50000.000,1105.647,5371.353,50000.000
52550770,127.000,-82.176,50000.000,1135.529,5244.353,50000.000
52600769,89.647,29.882,50000.000,1180.353,5080.000,50000.000
52650756,134.471,119.529,50000.000,1247.588,4990.353,50000.000
52700769,156.882,239.059,50000.000,1068.294,4564.529,50000.000
52750772,216.647,343.647,50000.000,1157.941,4482.353,50000.000
52800776,231.588,351.118,50000.000,1210.235,4362.823,50000.000
52850774,231.588,425.823,50000.000,1195.294,4108.823,50000.000
52900776,291.353,537.882,50000.000,1128.059,3884.706,50000.000
52950766,306.294,620.059,50000.000,1172.882,3615.764,50000.000
53000770,373.529,672.353,50000.000,1165.412,3369.235,50000.000
53050773,440.765,664.882,50000.000,1135.529,3033.059,50000.000
53100765,433.294,672.353,50000.000,1150.470,2704.353,50000.000
53150766,500.529,679.823,50000.000,1120.588,2398.059,50000.000
53200767,575.235,657.412,50000.000,1120.588,1972.235,50000.000
53250774,620.059,657.412,50000.000,1128.059,1561.353,50000.000
53300761,709.706,642.471,50000.000,1143.000,1180.353,50000.000
53350759,829.235,575.235,50000.000,1150.470,784.412,50000.000
53400766,903.941,575.235,50000.000,1143.000,455.706,50000.000
53450763,963.706,530.412,50000.000,1098.176,97.118,50000.000
53500751,1016.000,552.823,50000.000,1157.941,-306.294,50000.000
53550773,1068.294,478.118,50000.000,1165.412,-649.941,50000.000
53600772,1053.353,425.823,50000.000,1090.706,-986.118,50000.000
53650757,1180.353,381.000,50000.000,1030.941,-1337.235,50000.000
53700777,1225.176,313.765,50000.000,1038.412,-1688.353,50000.000
53750780,1284.941,216.647,50000.000,1008.529,-2099.235,50000.000
53800785,1337.235,186.765,50000.000,1023.471,-2353.235,50000.000
53850782,1374.588,52.294,50000.000,971.176,-2644.588,50000.000
53900775,1374.588,-37.353,50000.000,986.118,-2965.823,50000.000
53950766,1404.470,-209.176,50000.000,993.588,-3249.706,50000.000
54000775,1464.235,-254.000,50000.000,978.647,-3429.000,50000.000
54050778,1524.000,-291.353,50000.000,993.588,-3750.235,50000.000
54100779,1583.765,-403.412,50000.000,1016.000,-3989.294,50000.000
54150774,1561.353,-463.176,50000.000,1016.000,-4176.059,50000.000
54200777,1651.000,-545.353,50000.000,948.765,-4422.588,50000.000
54250773,1613.647,-597.647,50000.000,956.235,-4654.176,50000.000
54300784,1755.588,-620.059,50000.000,986.118,-4818.529,50000.000
54350772,1643.529,-776.941,50000.000,642.471,-4773.706,50000.000
54400777,1688.353,-762.000,50000.000,978.647,-4997.823,50000.000
54450777,1785.470,-776.941,50000.000,799.353,-5050.117,50000.000
54500777,1658.470,-866.588,50000.000,829.235,-4990.353,50000.000
54550780,1695.823,-851.647,50000.000,851.647,-5132.294,50000.000
54600777,1763.059,-866.588,50000.000,874.059,-5169.646,50000.000
54650776,1748.118,-956.235,50000.000,889.000,-5109.882,50000.000
54700770,1905.000,-986.118,50000.000,1060.823,-5080.000,50000.000
54750770,1822.823,-926.353,50000.000,1008.529,-5229.412,50000.000
54800782,1897.529,-1068.294,50000.000,1053.353,-4967.941,50000.000
54850786,1658.470,-1262.529,50000.000,806.823,-4646.706,50000.000
54900783,1516.529,-1180.353,50000.000,620.059,-4736.353,50000.000
54950776,1389.529,-1143.000,50000.000,657.412,-4527.176,50000.000
55000787,1494.118,-1120.588,50000.000,657.412,-4482.353,50000.000
55050781,1411.941,-1187.823,50000.000,657.412,-4086.411,50000.000
55100787,1292.412,-1135.529,50000.000,664.882,-3884.706,50000.000
55150784,1434.353,-1135.529,50000.000,627.529,-3638.176,50000.000
55200790,1210.235,-1075.765,50000.000,657.412,-3167.529,50000.000
55250781,1090.706,-1001.059,50000.000,694.765,-2861.235,50000.000
55300770,1075.765,-963.706,50000.000,582.706,-2599.765,50000.000
55350769,1060.823,-918.882,50000.000,597.647,-2188.882,50000.000
55400783,859.118,-881.529,50000.000,605.118,-1807.882,50000.000
55450766,903.941,-836.706,50000.000,545.353,-1531.470,50000.000
55500765,829.235,-732.118,50000.000,545.353,-1135.529,50000.000
55550771,620.059,-724.647,50000.000,575.235,-627.529,50000.000
55600764,754.529,-672.353,50000.000,545.353,-291.353,50000.000
55650762,620.059,-545.353,50000.000,582.706,127.000,50000.000
55700751,545.353,-403.412,50000.000,597.647,508.000,50000.000
55750755,545.353,-336.176,50000.000,545.353,903.941,50000.000
55800761,455.706,-231.588,50000.000,582.706,1307.353,50000.000
55850759,328.706,-119.529,50000.000,635.000,1673.412,50000.000
55900763,306.294,-7.471,50000.000,635.000,2009.588,50000.000
55950737,224.118,104.588,50000.000,709.706,2420.470,50000.000
56000756,179.294,239.059,50000.000,747.059,2637.117,50000.000
56050763,89.647,351.118,50000.000,769.471,2973.294,50000.000
56100755,67.235,478.118,50000.000,844.176,3287.059,50000.000
56150756,29.882,635.000,50000.000,829.235,3548.529,50000.000
56200763,-112.059,754.529,50000.000,851.647,3765.176,50000.000
56250766,-179.294,821.765,50000.000,866.588,3951.941,50000.000
56300766,-216.647,993.588,50000.000,889.000,4138.706,50000.000
56350762,-194.235,971.176,50000.000,874.059,4377.765,50000.000
56400766,-328.706,1202.765,50000.000,941.294,4504.764,50000.000
56450767,-321.235,1359.647,50000.000,948.765,4601.882,50000.000
56500768,-268.941,1449.294,50000.000,918.882,4713.941,50000.000
56550775,-440.765,1561.353,50000.000,948.765,4796.117,50000.000
56600767,-321.235,1643.529,50000.000,933.823,4848.412,50000.000
56650777,-448.235,1770.529,50000.000,986.118,4878.294,50000.000
56700766,-463.176,1845.235,50000.000,896.471,4721.412,50000.000
56750771,-403.412,1949.823,50000.000,926.353,4654.176,50000.000
56800771,-455.706,2054.412,50000.000,933.823,4572.000,50000.000
56850767,-448.235,2069.353,50000.000,874.059,4482.353,50000.000
56900767,-455.706,2181.412,50000.000,911.412,4355.353,50000.000
56950765,-478.118,2151.529,50000.000,918.882,4213.412,50000.000
57000773,-508.000,2248.647,50000.000,911.412,4004.235,50000.000
57050764,-403.412,2286.000,50000.000,889.000,3720.353,50000.000
57100759,-522.941,2263.588,50000.000,851.647,3563.470,50000.000
57150775,-478.118,2211.294,50000.000,874.059,3443.941,50000.000
57200763,-366.059,2129.117,50000.000,821.765,3152.588,50000.000
57250771,-425.823,2091.765,50000.000,814.294,2921.000,50000.000
57300769,-395.941,2046.941,50000.000,747.059,2696.882,50000.000
57350767,-328.706,1949.823,50000.000,717.176,2502.647,50000.000
57400769,-268.941,1875.118,50000.000,679.823,2226.235,50000.000
57450777,-186.765,1807.882,50000.000,627.529,1972.235,50000.000
57500775,-194.235,1613.647,50000.000,590.176,1770.529,50000.000
57550772,-179.294,1494.118,50000.000,567.765,1501.588,50000.000
57600772,74.706,1382.059,50000.000,455.706,1143.000,50000.000
57650754,-29.882,1262.529,50000.000,455.706,1008.529,50000.000
57700765,-29.882,1113.118,50000.000,410.882,776.941,50000.000
57750763,149.412,956.235,50000.000,328.706,381.000,50000.000
57800753,74.706,844.176,50000.000,358.588,156.882,50000.000
57850756,149.412,575.235,50000.000,216.647,-141.941,50000.000
57900766,164.353,425.823,50000.000,239.059,-373.529,50000.000
57950760,164.353,291.353,50000.000,216.647,-635.000,50000.000
58000760,246.529,74.706,50000.000,104.588,-926.353,50000.000
58050748,239.059,-52.294,50000.000,141.941,-1210.235,50000.000
58100763,418.353,-261.471,50000.000,67.235,-1456.765,50000.000
58150757,283.882,-575.235,50000.000,-67.235,-1464.235,50000.000
58200773,276.412,-649.941,50000.000,-119.529,-1837.765,50000.000
58250778,485.588,-836.706,50000.000,-104.588,-2196.353,50000.000
58300773,366.059,-1016.000,50000.000,-254.000,-2203.823,50000.000
58350773,440.765,-1180.353,50000.000,-276.412,-2502.647,50000.000
58400769,493.059,-1359.647,50000.000,-321.235,-2681.941,50000.000
58450769,485.588,-1509.059,50000.000,-388.471,-2823.882,50000.000
58500775,590.176,-1665.941,50000.000,-395.941,-3137.647,50000.000
58550777,687.294,-1852.706,50000.000,-448.235,-3100.294,50000.000
58600775,388.471,-1957.294,50000.000,-508.000,-3249.706,50000.000
58650768,717.176,-2046.941,50000.000,-522.941,-3630.706,50000.000
58700779,627.529,-2046.941,50000.000,-590.176,-3548.529,50000.000
58750785,620.059,-2226.235,50000.000,-597.647,-3750.235,50000.000
58800780,739.588,-2248.647,50000.000,-679.823,-3907.117,50000.000
58850784,657.412,-2226.235,50000.000,-605.118,-3929.529,50000.000
58900781,679.823,-2323.353,50000.000,-687.294,-4064.000,50000.000
58950781,724.647,-2390.588,50000.000,-739.588,-4116.294,50000.000
59000784,672.353,-2390.588,50000.000,-702.235,-4153.647,50000.000
59050778,605.118,-2375.647,50000.000,-791.882,-4191.000,50000.000
59100769,590.176,-2308.412,50000.000,-724.647,-4205.941,50000.000
59150774,679.823,-2330.823,50000.000,-762.000,-3996.764,50000.000
59200784,440.765,-2368.176,50000.000,-866.588,-3839.882,50000.000
59250783,605.118,-2173.941,50000.000,-762.000,-3966.882,50000.000
59300775,537.882,-2032.000,50000.000,-694.765,-3772.647,50000.000
59350777,470.647,-2099.235,50000.000,-874.059,-3675.529,50000.000
59400779,440.765,-1942.353,50000.000,-724.647,-3503.706,50000.000
59450772,395.941,-1867.647,50000.000,-747.059,-3324.412,50000.000
59500771,470.647,-1815.353,50000.000,-776.941,-3189.941,50000.000
59550778,395.941,-1613.647,50000.000,-664.882,-2921.000,50000.000
59600774,298.824,-1501.588,50000.000,-672.353,-2696.882,50000.000
59650780,224.118,-1419.412,50000.000,-679.823,-2450.353,50000.000
59700777,104.588,-1255.059,50000.000,-642.471,-2248.647,50000.000
59750774,104.588,-1068.294,50000.000,-597.647,-1972.235,50000.000
59800785,-37.353,-933.823,50000.000,-537.882,-1658.470,50000.000
59850774,-104.588,-762.000,50000.000,-508.000,-1404.470,50000.000
59900769,-134.471,-612.588,50000.000,-463.176,-1090.706,50000.000
59950769,-201.706,-485.588,50000.000,-425.823,-784.412,50000.000
