timestamp[ms],left_dx[um],left_dy[um],left_dt[us],shutterLL44shutterHLright_dx[um],right_dy[um],right_dt[us],shutterLR,shutterHR,waterPin
0,0.000,0.000,50157.000,0,57,0.000,0.000,50153.000,0,186,0
51,0.000,0.000,50000.000,0,57,0.000,0.000,50000.000,0,186,0
101,7.471,0.000,50000.000,0,57,0.000,0.000,50000.000,0,186,0
151,0.000,-7.471,49999.000,0,57,0.000,0.000,50000.000,0,186,0
201,0.000,0.000,50001.000,0,57,0.000,0.000,50000.000,0,186,0
251,14.941,0.000,50000.000,0,60,0.000,0.000,50000.000,0,186,0
301,0.000,0.000,50000.000,0,60,0.000,0.000,50000.000,0,186,0
351,0.000,0.000,50000.000,0,60,0.000,-7.471,50000.000,0,186,0
401,0.000,0.000,50000.000,0,60,0.000,0.000,50000.000,0,186,0
451,0.000,0.000,50000.000,0,60,0.000,0.000,50000.000,0,186,0
501,-7.471,0.000,50000.000,0,60,0.000,0.000,50000.000,0,186,0
551,0.000,-7.471,50000.000,0,60,0.000,0.000,50000.000,0,186,0
601,0.000,-7.471,50000.000,0,60,0.000,0.000,50000.000,0,186,0
651,0.000,0.000,50000.000,0,60,0.000,0.000,50000.000,0,186,0
701,0.000,0.000,50000.000,0,60,0.000,0.000,50000.000,0,186,0
751,0.000,0.000,50000.000,0,60,0.000,0.000,50000.000,0,186,0
801,0.000,0.000,50000.000,0,60,0.000,0.000,50000.000,0,186,0
851,7.471,0.000,50000.000,0,60,0.000,0.000,50000.000,0,186,0
901,0.000,0.000,50000.000,0,60,0.000,0.000,50000.000,0,186,0
951,0.000,0.000,50000.000,0,60,0.000,0.000,50000.000,0,186,0
1001,7.471,0.000,50000.000,0,60,0.000,0.000,50000.000,0,186,0
1051,0.000,0.000,50000.000,0,60,0.000,0.000,50000.000,0,186,0
1101,0.000,0.000,50000.000,0,60,0.000,0.000,50000.000,0,186,0
1151,7.471,-14.941,50000.000,0,60,0.000,0.000,50000.000,0,186,0
1201,0.000,-7.471,50000.000,0,60,0.000,0.000,50000.000,0,186,0
1251,0.000,1673.412,50000.000,0,60,0.000,0.000,50000.000,0,186,0
1301,0.000,0.000,50000.000,0,60,0.000,0.000,50000.000,0,186,0
1351,0.000,0.000,50000.000,0,60,0.000,0.000,50000.000,0,186,0
1401,0.000,0.000,50000.000,0,60,0.000,0.000,50000.000,0,186,0
1451,0.000,0.000,50000.000,0,60,0.000,0.000,50000.000,0,186,0
1501,0.000,0.000,50000.000,0,60,0.000,0.000,50000.000,0,186,0
1551,0.000,0.000,50000.000,0,60,0.000,0.000,50000.000,0,186,0
1601,0.000,-7.471,50000.000,0,60,0.000,0.000,50000.000,0,186,0
1651,0.000,0.000,50000.000,0,60,0.000,0.000,50000.000,0,186,0
1701,0.000,0.000,50000.000,0,60,0.000,0.000,50000.000,0,186,0
1751,0.000,0.000,50000.000,0,60,0.000,0.000,50000.000,0,186,0
1801,0.000,0.000,50000.000,0,60,0.000,0.000,50000.000,0,186,0
1851,0.000,0.000,50000.000,0,60,0.000,7.471,50000.000,0,186,0
1901,0.000,0.000,50000.000,0,60,0.000,7.471,50000.000,0,186,0
1951,0.000,0.000,50000.000,0,60,0.000,7.471,50000.000,0,186,0
2001,0.000,0.000,50000.000,0,60,0.000,0.000,50000.000,0,186,0
2051,0.000,0.000,50000.000,0,60,0.000,0.000,50000.000,0,186,0
2101,0.000,0.000,50000.000,0,60,0.000,0.000,50000.000,0,186,0
2151,0.000,0.000,50000.000,0,60,0.000,0.000,50000.000,0,186,0
2201,0.000,0.000,50000.000,0,60,0.000,0.000,50000.000,0,186,0
2251,0.000,0.000,50000.000,0,60,7.471,0.000,50000.000,0,186,0
2301,0.000,0.000,50000.000,0,60,0.000,0.000,50000.000,0,186,0
2351,0.000,0.000,50000.000,0,60,0.000,0.000,50000.000,0,186,0
2401,0.000,0.000,50000.000,0,60,0.000,7.471,50000.000,0,186,0
2451,0.000,0.000,50000.000,0,60,0.000,14.941,50000.000,0,186,0
2501,0.000,0.000,50000.000,0,60,0.000,14.941,50000.000,0,186,0
2551,0.000,0.000,50000.000,0,60,0.000,0.000,50000.000,0,186,0
2601,0.000,0.000,50000.000,0,60,0.000,0.000,50000.000,0,186,0
2651,0.000,0.000,50000.000,0,60,0.000,0.000,50000.000,0,186,0
2701,0.000,0.000,50000.000,0,60,0.000,0.000,50000.000,0,186,0
2751,0.000,0.000,50000.000,0,60,0.000,0.000,50000.000,0,186,0
2801,0.000,0.000,50000.000,0,60,0.000,0.000,50000.000,0,186,0
2851,0.000,0.000,50000.000,0,60,0.000,0.000,50000.000,0,197,0
2901,0.000,0.000,50000.000,0,60,0.000,0.000,50000.000,0,197,0
2951,0.000,7.471,50000.000,0,60,0.000,0.000,50000.000,0,197,0
3001,0.000,7.471,50000.000,0,60,0.000,0.000,50000.000,0,197,0
3051,0.000,0.000,50000.000,0,60,0.000,0.000,50000.000,0,197,0
3101,0.000,0.000,50000.000,0,60,0.000,0.000,50000.000,0,197,0
3151,0.000,14.941,50000.000,0,60,0.000,0.000,50000.000,0,197,0
3201,0.000,7.471,50000.000,0,60,0.000,0.000,50000.000,0,197,0
3251,0.000,0.000,50000.000,0,60,0.000,0.000,50000.000,0,197,0
3301,0.000,0.000,50000.000,0,60,0.000,0.000,50000.000,0,197,0
3351,-7.471,7.471,50000.000,0,60,0.000,0.000,50000.000,0,197,0
3401,0.000,0.000,50000.000,0,60,0.000,7.471,50000.000,0,197,0
3451,0.000,0.000,50000.000,0,60,0.000,0.000,50000.000,0,197,0
3501,0.000,0.000,50000.000,0,60,0.000,0.000,50000.000,0,197,0
3551,0.000,7.471,50000.000,0,60,0.000,0.000,50000.000,0,197,0
3601,0.000,7.471,50000.000,0,60,0.000,0.000,50000.000,0,197,0
3651,0.000,14.941,50000.000,0,60,0.000,0.000,50000.000,0,197,0
3701,-7.471,7.471,50000.000,0,60,0.000,0.000,50000.000,0,197,0
3751,0.000,0.000,50000.000,0,60,0.000,0.000,50000.000,0,197,0
3801,0.000,-7.471,50000.000,0,60,0.000,0.000,50000.000,0,197,0
3851,0.000,0.000,50000.000,0,60,0.000,0.000,50000.000,0,197,0
3901,0.000,0.000,50000.000,0,60,0.000,0.000,50000.000,0,197,0
3951,0.000,0.000,50000.000,0,60,0.000,0.000,50000.000,0,197,0
4001,0.000,0.000,50000.000,0,60,0.000,0.000,50000.000,0,197,0
4051,0.000,7.471,50000.000,0,60,0.000,7.471,50000.000,0,197,0
4101,-7.471,0.000,50000.000,0,60,0.000,0.000,50000.000,0,197,0
4151,0.000,0.000,50000.000,0,60,0.000,0.000,50000.000,0,197,0
4201,0.000,0.000,50000.000,0,60,0.000,0.000,50000.000,0,197,0
4251,0.000,0.000,50000.000,0,60,0.000,0.000,50000.000,0,197,0
4301,-7.471,7.471,50000.000,0,60,0.000,0.000,50000.000,0,197,0
4351,0.000,0.000,50000.000,0,60,0.000,0.000,50000.000,0,197,0
4401,0.000,0.000,50000.000,0,60,0.000,0.000,50000.000,0,197,0
4451,0.000,0.000,50000.000,0,60,0.000,0.000,50000.000,0,197,0
4501,0.000,0.000,50000.000,0,60,0.000,0.000,50000.000,0,197,0
4551,0.000,28687.057,50000.000,0,60,0.000,0.000,50000.000,0,197,0
4601,0.000,1434.353,50000.000,0,60,0.000,0.000,50000.000,0,197,0
4651,0.000,0.000,50000.000,0,60,0.000,0.000,50000.000,0,197,0
4701,7.471,-7.471,50000.000,0,60,0.000,0.000,50000.000,0,197,0
4751,7.471,0.000,50000.000,0,60,0.000,0.000,50000.000,0,197,0
4801,0.000,0.000,50000.000,0,60,0.000,0.000,50000.000,0,197,0
4851,0.000,0.000,50000.000,0,60,0.000,0.000,50000.000,0,197,0
4901,0.000,-7.471,50000.000,0,60,0.000,0.000,50000.000,0,197,0
4951,7.471,-7.471,49999.000,0,60,0.000,0.000,50000.000,0,197,0
5001,0.000,0.000,50001.000,0,60,0.000,0.000,50000.000,0,197,0
5051,0.000,0.000,50000.000,0,60,0.000,0.000,50000.000,0,197,0
5101,0.000,0.000,50000.000,0,60,0.000,0.000,50000.000,0,197,0
5151,7.471,0.000,50000.000,0,60,0.000,0.000,50000.000,0,197,0
5201,7.471,-14.941,50000.000,0,60,0.000,0.000,50000.000,0,197,0
5251,0.000,0.000,50000.000,0,60,0.000,-7.471,50000.000,0,197,0
5301,0.000,0.000,50000.000,0,60,0.000,0.000,50000.000,0,197,0
5351,0.000,0.000,50000.000,0,60,0.000,0.000,50000.000,0,197,0
5401,0.000,0.000,50000.000,0,60,0.000,0.000,50000.000,0,197,0
5451,0.000,-7.471,50000.000,0,60,0.000,0.000,50000.000,0,197,0
5501,0.000,-7.471,50000.000,0,60,0.000,0.000,50000.000,0,197,0
5551,7.471,0.000,50000.000,0,60,0.000,0.000,50000.000,0,197,0
5601,0.000,0.000,50000.000,0,60,0.000,0.000,50000.000,0,197,0
5651,0.000,0.000,50000.000,0,60,0.000,0.000,50000.000,0,197,0
5701,0.000,-7.471,50000.000,0,60,0.000,0.000,50000.000,0,197,0
5751,0.000,0.000,50000.000,0,60,0.000,0.000,50000.000,0,197,0
5801,0.000,0.000,50000.000,0,60,0.000,7.471,50000.000,0,197,0
5851,7.471,5737.411,50000.000,0,60,0.000,0.000,50000.000,0,197,0
5901,0.000,1673.412,50000.000,0,60,0.000,0.000,50000.000,0,197,0
5951,0.000,0.000,50000.000,0,60,0.000,0.000,50000.000,0,197,0
6001,7.471,0.000,50000.000,0,60,0.000,0.000,50000.000,0,197,0
6051,0.000,0.000,50000.000,0,60,0.000,0.000,50000.000,0,197,0
6101,0.000,0.000,50000.000,0,60,0.000,0.000,50000.000,0,197,0
6151,0.000,0.000,50000.000,0,60,0.000,0.000,50000.000,0,197,0
6201,0.000,0.000,50000.000,0,60,0.000,0.000,50000.000,0,197,0
6251,0.000,0.000,50000.000,0,60,0.000,-7.471,50000.000,0,197,0
6301,0.000,0.000,50000.000,0,60,0.000,-7.471,50000.000,0,197,0
6351,0.000,0.000,50000.000,0,60,0.000,0.000,50000.000,0,197,0
6401,0.000,0.000,49999.000,0,60,0.000,0.000,50000.000,0,197,0
6451,0.000,0.000,50001.000,0,60,0.000,0.000,50000.000,0,197,0
6501,0.000,0.000,50000.000,0,60,0.000,0.000,50000.000,0,185,0
6551,0.000,0.000,50000.000,0,60,0.000,0.000,50000.000,0,185,0
6601,0.000,0.000,50000.000,0,60,0.000,0.000,50000.000,0,185,0
6651,0.000,0.000,50000.000,0,60,0.000,0.000,50000.000,0,185,0
6701,0.000,0.000,50000.000,0,60,0.000,0.000,50000.000,0,185,0
6751,0.000,0.000,50000.000,0,60,0.000,0.000,50000.000,0,185,0
6801,0.000,0.000,50000.000,0,60,0.000,0.000,50000.000,0,185,0
6851,0.000,0.000,50000.000,0,60,0.000,0.000,50000.000,0,185,0
6901,7.471,7.471,50000.000,0,60,0.000,0.000,50000.000,0,185,0
6951,0.000,7.471,50000.000,0,60,0.000,0.000,50000.000,0,185,0
7001,0.000,0.000,50000.000,0,60,0.000,0.000,50000.000,0,196,0
7051,0.000,7.471,50000.000,0,60,0.000,0.000,50000.000,0,196,0
7101,0.000,0.000,50000.000,0,60,0.000,0.000,50000.000,0,196,0
7151,0.000,0.000,50000.000,0,60,0.000,0.000,50000.000,0,196,0
7201,0.000,7.471,50000.000,0,60,-7.471,0.000,50000.000,0,196,0
7251,7.471,7.471,50000.000,0,60,0.000,0.000,50000.000,0,196,0
7301,7.471,7.471,50000.000,0,60,0.000,0.000,50000.000,0,196,0
7351,0.000,0.000,50000.000,0,60,0.000,0.000,50000.000,0,196,0
7401,0.000,0.000,50000.000,0,60,0.000,0.000,50000.000,0,196,0
7451,0.000,7.471,50000.000,0,60,0.000,0.000,50000.000,0,196,0
7501,0.000,0.000,50000.000,0,60,0.000,0.000,50000.000,0,196,0
7551,0.000,7.471,50000.000,0,60,0.000,0.000,50000.000,0,196,0
7601,0.000,0.000,50000.000,0,60,0.000,0.000,50000.000,0,196,0
7651,0.000,0.000,50000.000,0,60,0.000,0.000,50000.000,0,196,0
7701,0.000,7.471,50000.000,0,60,0.000,0.000,50000.000,0,196,0
7751,0.000,0.000,50000.000,0,60,0.000,0.000,50000.000,0,196,0
7801,0.000,0.000,50000.000,0,60,0.000,0.000,50000.000,0,196,0
7851,0.000,0.000,50000.000,0,60,0.000,0.000,50000.000,0,196,0
7901,-7.471,0.000,50000.000,0,60,-14.941,0.000,50000.000,0,196,0
7951,0.000,-7.471,50000.000,0,60,0.000,0.000,50000.000,0,196,0
8001,0.000,0.000,50000.000,0,60,0.000,0.000,50000.000,0,196,0
8051,0.000,0.000,50000.000,0,60,0.000,0.000,50000.000,0,196,0
8101,0.000,0.000,50000.000,0,60,0.000,0.000,50000.000,0,196,0
8151,0.000,7.471,50000.000,0,60,0.000,0.000,50000.000,0,196,0
8201,0.000,7.471,50000.000,0,60,0.000,0.000,50000.000,0,196,0
8251,0.000,0.000,50000.000,0,60,0.000,0.000,50000.000,0,196,0
8301,0.000,0.000,50000.000,0,60,0.000,0.000,50000.000,0,196,0
8351,0.000,0.000,50000.000,0,60,0.000,7.471,50000.000,0,196,0
8401,0.000,0.000,50000.000,0,60,0.000,0.000,50000.000,0,196,0
8451,0.000,0.000,50000.000,0,60,0.000,0.000,50000.000,0,196,0
8501,0.000,0.000,50000.000,0,60,0.000,0.000,50000.000,0,196,0
8551,0.000,0.000,50000.000,0,60,0.000,0.000,50000.000,0,196,0
8601,0.000,0.000,50000.000,0,60,0.000,0.000,50000.000,0,196,0
8651,0.000,0.000,50000.000,0,60,0.000,0.000,50000.000,0,196,0
8701,0.000,0.000,50000.000,0,60,0.000,0.000,50000.000,0,196,0
8751,0.000,0.000,50000.000,0,60,0.000,0.000,50000.000,0,196,0
8801,0.000,0.000,50000.000,0,60,0.000,0.000,50000.000,0,196,0
8851,0.000,0.000,50000.000,0,60,0.000,0.000,50000.000,0,196,0
8901,0.000,0.000,50000.000,0,60,0.000,0.000,50000.000,0,196,0
8951,0.000,0.000,50000.000,0,60,0.000,0.000,50000.000,0,196,0
9001,0.000,0.000,50000.000,0,60,0.000,0.000,50000.000,0,196,0
9051,0.000,0.000,50000.000,0,60,0.000,0.000,50000.000,0,196,0
9101,0.000,0.000,50000.000,0,60,0.000,0.000,50000.000,0,196,0
9151,0.000,0.000,50000.000,0,60,0.000,0.000,50000.000,0,196,0
9201,0.000,0.000,50000.000,0,60,0.000,0.000,50000.000,0,196,0
9251,7.471,0.000,50000.000,0,60,-7.471,0.000,50000.000,0,196,0
9301,0.000,-7.471,50000.000,0,60,0.000,0.000,50000.000,0,196,0
9351,0.000,0.000,50000.000,0,60,0.000,0.000,50000.000,0,196,0
9401,0.000,0.000,50000.000,0,60,0.000,0.000,50000.000,0,196,0
9451,7.471,-7.471,50000.000,0,60,0.000,0.000,50000.000,0,196,0
9501,0.000,-7.471,50000.000,0,60,0.000,0.000,50000.000,0,196,0
9551,0.000,0.000,50000.000,0,60,0.000,0.000,50000.000,0,196,0
9601,0.000,0.000,50000.000,0,60,0.000,0.000,50000.000,0,196,0
9651,-7.471,0.000,50000.000,0,60,0.000,-1680.882,50000.000,0,196,0
9701,-7.471,0.000,50000.000,0,60,0.000,1673.412,50000.000,0,196,0
9751,0.000,0.000,50000.000,0,60,0.000,13387.293,50000.000,0,196,0
9801,0.000,-7.471,50000.000,0,60,0.000,-7.471,50000.000,0,196,0
9851,0.000,-7.471,50000.000,0,60,0.000,0.000,50000.000,0,196,0
9901,0.000,0.000,50000.000,0,60,0.000,0.000,50000.000,0,196,0
9951,14.941,0.000,50000.000,0,60,0.000,0.000,50000.000,0,196,0
10001,0.000,-14.941,50000.000,0,60,0.000,0.000,50000.000,0,196,0
10051,0.000,0.000,50000.000,0,60,0.000,0.000,50000.000,0,196,0
10101,0.000,0.000,50000.000,0,60,0.000,0.000,50000.000,0,196,0
10151,0.000,-14.941,50000.000,0,60,0.000,-7.471,50000.000,0,196,0
10201,7.471,0.000,50000.000,0,60,0.000,0.000,50000.000,0,196,0
10251,0.000,0.000,50000.000,0,60,0.000,-7.471,50000.000,0,196,0
10301,0.000,0.000,50000.000,0,60,0.000,0.000,50000.000,0,196,0
10351,7.471,0.000,50000.000,0,60,0.000,0.000,50000.000,0,196,0
10401,0.000,-14.941,50000.000,0,60,0.000,0.000,50000.000,0,196,0
10451,0.000,0.000,50000.000,0,60,0.000,0.000,50000.000,0,196,0
10501,0.000,0.000,50000.000,0,60,0.000,0.000,50000.000,0,196,0
10551,0.000,0.000,50000.000,0,60,0.000,0.000,50000.000,0,196,0
10601,0.000,-7.471,50000.000,0,60,0.000,0.000,50000.000,0,196,0
10651,0.000,0.000,50000.000,0,60,7.471,0.000,50000.000,0,196,0
10701,0.000,0.000,50000.000,0,60,0.000,0.000,50000.000,0,196,0
10751,0.000,0.000,50000.000,0,60,0.000,0.000,50000.000,0,196,0
10801,0.000,0.000,50000.000,0,60,0.000,0.000,50000.000,0,196,0
10851,0.000,0.000,50000.000,0,60,0.000,0.000,50000.000,0,196,0
10901,7.471,0.000,50000.000,0,60,0.000,0.000,50000.000,0,196,0
10951,0.000,0.000,50000.000,0,60,0.000,0.000,50000.000,0,196,0
11001,0.000,0.000,50000.000,0,60,0.000,0.000,50000.000,0,196,0
11051,0.000,0.000,50000.000,0,60,0.000,0.000,50000.000,0,196,0
11101,0.000,0.000,50000.000,0,60,0.000,0.000,50000.000,0,196,0
11151,0.000,0.000,50000.000,0,60,0.000,0.000,50000.000,0,196,0
11201,0.000,0.000,50000.000,0,60,0.000,0.000,50000.000,0,196,0
11251,0.000,0.000,50000.000,0,60,0.000,0.000,50000.000,0,196,0
11301,0.000,0.000,50000.000,0,60,0.000,0.000,50000.000,0,196,0
11351,0.000,0.000,50000.000,0,60,0.000,0.000,50000.000,0,196,0
11401,0.000,0.000,50000.000,0,60,0.000,0.000,50000.000,0,196,0
11451,0.000,7.471,50000.000,0,60,0.000,0.000,50000.000,0,196,0
11501,0.000,0.000,50000.000,0,60,0.000,0.000,50000.000,0,196,0
11551,-7.471,0.000,50000.000,0,60,0.000,0.000,50000.000,0,196,0
11601,0.000,0.000,50000.000,0,60,0.000,0.000,50000.000,0,196,0
11651,0.000,7.471,50000.000,0,60,0.000,0.000,50000.000,0,196,0
11701,-1927.412,7.471,50000.000,0,60,0.000,0.000,50000.000,0,196,0
11751,0.000,7.471,50000.000,0,60,0.000,0.000,50000.000,0,196,0
11801,0.000,14.941,50000.000,0,60,0.000,0.000,50000.000,0,196,0
11851,0.000,0.000,50000.000,0,60,7.471,7.471,50000.000,0,196,0
11901,-7.471,0.000,50000.000,0,60,0.000,0.000,50000.000,0,196,0
11951,-7.471,0.000,50000.000,0,60,0.000,0.000,50000.000,0,196,0
12001,0.000,7.471,50000.000,0,60,0.000,0.000,50000.000,0,196,0
12051,0.000,7.471,50000.000,0,60,0.000,7.471,50000.000,0,196,0
12101,-7.471,22.412,50000.000,0,60,-7.471,0.000,50000.000,0,196,0
12151,-14.941,7.471,50000.000,0,60,0.000,7.471,50000.000,0,196,0
12201,0.000,14.941,50000.000,0,60,0.000,0.000,50000.000,0,196,0
12251,-7.471,14.941,50000.000,0,60,0.000,0.000,50000.000,0,196,0
12301,-7.471,0.000,50000.000,0,60,0.000,0.000,50000.000,0,196,0
12351,0.000,0.000,50000.000,0,60,0.000,0.000,50000.000,0,196,0
12401,0.000,7.471,50000.000,0,60,0.000,0.000,50000.000,0,196,0
12451,0.000,7.471,50000.000,0,60,0.000,7.471,50000.000,0,196,0
12501,-7.471,14.941,49999.000,0,60,0.000,0.000,50000.000,0,196,0
12551,-7.471,0.000,50000.000,0,60,0.000,0.000,50000.000,0,196,0
12601,-7.471,14.941,50001.000,0,60,0.000,0.000,50000.000,0,196,0
12651,0.000,7.471,50000.000,0,60,0.000,0.000,50000.000,0,196,0
12701,0.000,7.471,50000.000,0,60,0.000,0.000,50000.000,0,196,0
12751,-7.471,0.000,50000.000,0,60,-7.471,7.471,50000.000,0,196,0
12801,0.000,7.471,50000.000,0,60,0.000,0.000,50000.000,0,196,0
12851,7.471,0.000,50000.000,0,60,0.000,0.000,50000.000,0,196,0
12901,0.000,0.000,50000.000,0,57,0.000,0.000,50000.000,0,196,0
12951,7.471,0.000,50000.000,0,57,0.000,0.000,50000.000,0,196,0
13001,7.471,0.000,50000.000,0,57,0.000,0.000,50000.000,0,196,0
13051,0.000,0.000,50000.000,0,57,0.000,0.000,50000.000,0,196,0
13101,0.000,0.000,50000.000,0,57,5737.411,14.941,50000.000,0,196,0
13151,0.000,0.000,50000.000,0,57,-7.471,14.941,50000.000,0,196,0
13201,0.000,0.000,50000.000,0,57,0.000,0.000,50000.000,0,196,0
13251,0.000,0.000,50000.000,0,57,0.000,0.000,50000.000,0,196,0
13301,0.000,0.000,50000.000,0,57,0.000,0.000,50000.000,0,196,0
13351,0.000,0.000,50000.000,0,57,0.000,0.000,50000.000,0,196,0
13401,0.000,0.000,50000.000,0,57,0.000,0.000,50000.000,0,196,0
13451,0.000,0.000,50000.000,0,57,0.000,0.000,50000.000,0,196,0
13501,0.000,0.000,50000.000,0,57,0.000,0.000,50000.000,0,196,0
13551,0.000,0.000,50000.000,0,57,0.000,0.000,50000.000,0,196,0
13601,0.000,0.000,50000.000,0,57,0.000,0.000,50000.000,0,196,0
13651,0.000,0.000,50000.000,0,57,0.000,0.000,50000.000,0,196,0
13701,0.000,0.000,50000.000,0,57,0.000,0.000,50000.000,0,196,0
13751,0.000,0.000,50000.000,0,57,0.000,0.000,50000.000,0,196,0
13801,0.000,0.000,50000.000,0,57,0.000,0.000,50000.000,0,196,0
13851,0.000,0.000,50000.000,0,57,0.000,0.000,50000.000,0,196,0
13901,0.000,0.000,50000.000,0,57,0.000,0.000,50000.000,0,196,0
13951,0.000,0.000,50000.000,0,57,0.000,0.000,50000.000,0,196,0
14001,0.000,0.000,49999.000,0,57,0.000,0.000,50000.000,0,196,0
14051,0.000,0.000,50001.000,0,57,0.000,0.000,50000.000,0,196,0
14101,0.000,0.000,50000.000,0,57,0.000,0.000,50000.000,0,196,0
14151,0.000,0.000,50000.000,0,57,0.000,0.000,50000.000,0,196,0
14201,0.000,1673.412,50000.000,0,57,0.000,0.000,50000.000,0,184,0
14251,0.000,0.000,50000.000,0,57,0.000,0.000,50000.000,0,184,0
14301,0.000,0.000,50000.000,0,57,0.000,0.000,50000.000,0,184,0
14351,0.000,0.000,50000.000,0,57,0.000,0.000,50000.000,0,195,0
14401,0.000,0.000,50000.000,0,57,0.000,0.000,50000.000,0,195,0
14451,0.000,-1441.823,50000.000,0,57,0.000,0.000,50000.000,0,195,0
14501,0.000,-7.471,50000.000,0,57,-7.471,0.000,50000.000,0,195,0
14551,-7.471,0.000,50000.000,0,57,0.000,0.000,50000.000,0,195,0
14601,0.000,0.000,50000.000,0,57,0.000,0.000,50000.000,0,195,0
14651,0.000,0.000,50000.000,0,57,0.000,0.000,50000.000,0,195,0
14701,0.000,0.000,50000.000,0,57,0.000,0.000,50000.000,0,195,0
14751,0.000,-1680.882,50000.000,0,57,0.000,0.000,50000.000,0,195,0
14801,0.000,-7.471,50000.000,0,57,0.000,0.000,50000.000,0,195,0
14851,0.000,0.000,50000.000,0,57,0.000,0.000,50000.000,0,195,0
14901,0.000,0.000,50000.000,0,57,0.000,0.000,50000.000,0,195,0
14951,0.000,0.000,50000.000,0,57,0.000,7.471,50000.000,0,195,0
15001,0.000,0.000,50000.000,0,57,0.000,0.000,50000.000,0,195,0
15051,0.000,0.000,50000.000,0,57,0.000,0.000,50000.000,0,195,0
15101,0.000,0.000,50000.000,0,57,0.000,0.000,50000.000,0,195,0
15151,0.000,0.000,50000.000,0,57,0.000,0.000,50000.000,0,195,0
15201,7.471,0.000,50000.000,0,57,0.000,0.000,50000.000,0,195,0
15251,0.000,0.000,50000.000,0,57,0.000,0.000,50000.000,0,195,0
15301,-5744.882,0.000,50000.000,0,57,0.000,0.000,50000.000,0,195,0
15351,0.000,242883.750,50000.000,0,57,0.000,0.000,50000.000,0,195,0
15401,0.000,-7.471,50000.000,0,57,0.000,0.000,50000.000,0,195,0
15451,0.000,0.000,50000.000,0,57,0.000,0.000,50000.000,0,195,0
15501,-5744.882,0.000,50000.000,0,57,5737.411,0.000,50000.000,0,195,0
15551,1912.470,0.000,50000.000,0,57,-5744.882,0.000,50000.000,0,195,0
15601,-7.471,0.000,50000.000,0,57,0.000,0.000,50000.000,0,195,0
15651,0.000,0.000,50000.000,0,57,0.000,0.000,50000.000,0,195,0
15701,0.000,0.000,50000.000,0,57,0.000,0.000,50000.000,0,195,0
15751,0.000,0.000,50000.000,0,57,0.000,0.000,50000.000,0,195,0
15801,0.000,0.000,50000.000,0,57,0.000,0.000,50000.000,0,195,0
15851,0.000,0.000,50000.000,0,57,0.000,0.000,50000.000,0,195,0
15901,0.000,0.000,50000.000,0,57,0.000,0.000,50000.000,0,195,0
15951,0.000,0.000,50000.000,0,57,0.000,0.000,50000.000,0,195,0
16001,0.000,0.000,50000.000,0,57,0.000,0.000,50000.000,0,195,0
16051,0.000,0.000,50000.000,0,57,0.000,0.000,50000.000,0,195,0
16101,0.000,0.000,50000.000,0,57,0.000,0.000,50000.000,0,195,0
16151,7.471,0.000,50000.000,0,57,0.000,0.000,50000.000,0,195,0
16201,7.471,0.000,50000.000,0,57,0.000,0.000,50000.000,0,195,0
16251,0.000,0.000,50000.000,0,57,0.000,0.000,50000.000,0,195,0
16301,0.000,0.000,50000.000,0,57,0.000,0.000,50000.000,0,195,0
16351,0.000,0.000,50000.000,0,57,0.000,0.000,50000.000,0,195,0
16401,-7.471,0.000,50000.000,0,57,0.000,0.000,50000.000,0,195,0
16451,-7.471,0.000,50000.000,0,57,0.000,0.000,50000.000,0,195,0
16501,0.000,0.000,50000.000,0,57,0.000,0.000,50000.000,0,195,0
16551,0.000,0.000,50000.000,0,57,7.471,0.000,50000.000,0,195,0
16601,0.000,-1680.882,50000.000,0,57,0.000,0.000,50000.000,0,195,0
16651,0.000,-7.471,50000.000,0,57,0.000,0.000,50000.000,0,195,0
16701,7.471,-7.471,50000.000,0,57,0.000,0.000,50000.000,0,195,0
16751,7.471,0.000,50000.000,0,57,0.000,0.000,50000.000,0,195,0
16801,0.000,0.000,50000.000,0,57,0.000,0.000,50000.000,0,195,0
16851,0.000,0.000,50000.000,0,57,0.000,0.000,50000.000,0,195,0
16901,7.471,0.000,50000.000,0,57,0.000,0.000,50000.000,0,195,0
16951,7.471,-7.471,50000.000,0,57,0.000,0.000,50000.000,0,195,0
17001,0.000,0.000,50000.000,0,60,-7.471,0.000,50000.000,0,195,0
17051,0.000,0.000,50000.000,0,60,0.000,0.000,50000.000,0,195,0
17101,0.000,1673.412,50000.000,0,60,0.000,0.000,50000.000,0,195,0
17151,0.000,0.000,50000.000,0,60,0.000,0.000,50002.000,0,195,0
17201,0.000,-7.471,50000.000,0,60,0.000,0.000,50000.000,0,195,0
17251,0.000,0.000,50000.000,0,60,0.000,0.000,50000.000,0,195,0
17301,7.471,-7.471,50000.000,0,60,0.000,0.000,50000.000,0,195,0
17351,0.000,0.000,50000.000,0,60,7.471,0.000,50000.000,0,195,0
17401,0.000,-7.471,50000.000,0,60,0.000,0.000,50000.000,0,195,0
17451,0.000,0.000,50000.000,0,60,0.000,0.000,50000.000,0,195,0
17501,0.000,0.000,50000.000,0,60,7.471,0.000,50000.000,0,195,0
17551,0.000,0.000,50000.000,0,60,0.000,0.000,50000.000,0,195,0
17601,-7.471,-7.471,50000.000,0,60,0.000,0.000,50000.000,0,195,0
17651,0.000,0.000,50000.000,0,60,0.000,0.000,50000.000,0,195,0
17701,0.000,0.000,50000.000,0,60,0.000,0.000,50000.000,0,195,0
17751,0.000,0.000,50000.000,0,60,0.000,0.000,50000.000,0,195,0
17801,0.000,0.000,50000.000,0,60,0.000,0.000,50000.000,0,195,0
17851,0.000,0.000,50000.000,0,60,0.000,0.000,50000.000,0,195,0
17901,0.000,0.000,50000.000,0,60,0.000,0.000,50000.000,0,195,0
17951,0.000,0.000,50000.000,0,60,0.000,0.000,50000.000,0,195,0
18001,0.000,0.000,50000.000,0,60,0.000,0.000,50000.000,0,195,0
18051,0.000,0.000,50000.000,0,60,0.000,0.000,50000.000,0,195,0
18101,0.000,0.000,50000.000,0,60,0.000,0.000,50000.000,0,195,0
18151,0.000,0.000,50000.000,0,60,0.000,0.000,50000.000,0,195,0
18201,0.000,0.000,50000.000,0,60,0.000,0.000,50000.000,0,195,0
18251,0.000,0.000,50000.000,0,60,0.000,0.000,50000.000,0,195,0
18301,-7.471,7.471,50000.000,0,60,0.000,0.000,50000.000,0,195,0
18351,0.000,0.000,50000.000,0,60,0.000,0.000,50000.000,0,195,0
18401,0.000,0.000,50000.000,0,60,0.000,0.000,50000.000,0,195,0
18451,0.000,0.000,50000.000,0,60,0.000,0.000,50000.000,0,195,0
18501,0.000,0.000,50000.000,0,60,0.000,0.000,50000.000,0,195,0
18551,0.000,0.000,50000.000,0,60,0.000,0.000,50000.000,0,195,0
18601,0.000,0.000,50000.000,0,60,0.000,0.000,50000.000,0,195,0
18651,0.000,0.000,50000.000,0,60,0.000,0.000,50000.000,0,195,0
18701,0.000,0.000,50000.000,0,60,0.000,0.000,50000.000,0,195,0
18751,-7.471,0.000,50000.000,0,60,0.000,0.000,50000.000,0,195,0
18801,0.000,0.000,50000.000,0,60,0.000,0.000,50000.000,0,195,0
18851,0.000,0.000,50000.000,0,60,0.000,0.000,50000.000,0,195,0
18901,0.000,0.000,50000.000,0,60,0.000,0.000,50000.000,0,195,0
18951,0.000,0.000,50000.000,0,60,0.000,0.000,50000.000,0,195,0
19001,0.000,0.000,50000.000,0,60,0.000,0.000,50000.000,0,195,0
19051,7.471,0.000,49999.000,0,60,0.000,0.000,50000.000,0,195,0
19101,0.000,0.000,50001.000,0,63,0.000,0.000,50000.000,0,195,0
19151,0.000,0.000,50000.000,0,63,0.000,0.000,50000.000,0,195,0
19201,0.000,0.000,50000.000,0,63,0.000,0.000,50000.000,0,195,0
19251,0.000,0.000,50000.000,0,63,0.000,0.000,50000.000,0,195,0
19301,0.000,0.000,50000.000,0,63,0.000,0.000,50000.000,0,195,0
19351,0.000,0.000,50000.000,0,63,0.000,0.000,50000.000,0,195,0
19401,0.000,0.000,50000.000,0,63,0.000,0.000,50000.000,0,195,0
19451,0.000,0.000,50000.000,0,63,0.000,0.000,50000.000,0,195,0
19501,0.000,0.000,50000.000,0,63,0.000,0.000,50000.000,0,195,0
19551,0.000,0.000,50000.000,0,63,0.000,0.000,50000.000,0,195,0
19601,0.000,0.000,50001.000,0,63,0.000,0.000,50000.000,0,195,0
19651,0.000,0.000,50000.000,0,63,0.000,0.000,50000.000,0,195,0
19701,0.000,0.000,49999.000,0,63,0.000,0.000,49998.000,0,195,0
19751,0.000,0.000,50000.000,0,63,0.000,0.000,50000.000,0,195,0
19801,0.000,0.000,50000.000,0,63,0.000,0.000,50000.000,0,195,0
19851,0.000,0.000,50000.000,0,63,0.000,0.000,50000.000,0,195,0
19901,0.000,0.000,50000.000,0,63,0.000,0.000,50000.000,0,195,0
19951,0.000,0.000,50000.000,0,63,0.000,0.000,50000.000,0,195,0
20001,0.000,0.000,50000.000,0,63,0.000,0.000,50000.000,0,195,0
20051,0.000,0.000,50000.000,0,63,0.000,0.000,50000.000,0,195,0
20101,1912.470,0.000,50000.000,0,63,0.000,0.000,50000.000,0,195,0
20151,-1919.941,0.000,50000.000,0,63,0.000,0.000,50000.000,0,195,0
20201,0.000,0.000,50000.000,0,63,0.000,0.000,50000.000,0,195,0
20251,0.000,0.000,50000.000,0,63,0.000,0.000,50000.000,0,195,0
20301,0.000,0.000,50000.000,0,63,0.000,0.000,50000.000,0,195,0
20351,0.000,0.000,50000.000,0,63,0.000,0.000,50000.000,0,195,0
20401,0.000,0.000,50000.000,0,63,0.000,0.000,50000.000,0,195,0
20451,0.000,0.000,50000.000,0,63,0.000,0.000,50000.000,0,195,0
20501,0.000,0.000,50000.000,0,63,0.000,0.000,50000.000,0,195,0
20551,0.000,0.000,50000.000,0,63,0.000,0.000,50000.000,0,195,0
20601,0.000,0.000,50000.000,0,63,0.000,0.000,50000.000,0,195,0
20651,0.000,0.000,50000.000,0,63,0.000,0.000,50000.000,0,195,0
20701,0.000,0.000,50000.000,0,63,0.000,0.000,50000.000,0,195,0
20751,0.000,0.000,50000.000,0,63,0.000,0.000,50000.000,0,195,0
20801,7.471,0.000,50000.000,0,63,0.000,0.000,50000.000,0,195,0
20851,0.000,0.000,50000.000,0,63,0.000,0.000,50000.000,0,195,0
20901,0.000,7.471,50000.000,0,63,0.000,0.000,50000.000,0,195,0
20951,0.000,0.000,50000.000,0,63,0.000,0.000,50000.000,0,195,0
21001,0.000,0.000,50000.000,0,63,0.000,0.000,50000.000,0,195,0
21051,0.000,0.000,50000.000,0,63,0.000,0.000,50000.000,0,195,0
21101,0.000,0.000,50000.000,0,63,0.000,0.000,50000.000,0,195,0
21151,0.000,0.000,50000.000,0,63,0.000,0.000,50000.000,0,195,0
21201,0.000,0.000,50000.000,0,63,0.000,0.000,50000.000,0,195,0
21251,0.000,0.000,50000.000,0,63,0.000,0.000,50000.000,0,195,0
21301,0.000,7.471,50000.000,0,63,0.000,0.000,50000.000,0,195,0
21351,0.000,0.000,50000.000,0,63,0.000,0.000,50000.000,0,195,0
21401,0.000,0.000,50000.000,0,63,0.000,0.000,50000.000,0,195,0
21451,0.000,7.471,50000.000,0,63,0.000,0.000,50000.000,0,195,0
21501,0.000,0.000,50000.000,0,63,0.000,0.000,50000.000,0,195,0
21551,0.000,0.000,50000.000,0,60,0.000,0.000,50000.000,0,195,0
21601,0.000,7.471,50000.000,0,60,0.000,0.000,50000.000,0,195,0
21651,0.000,0.000,50000.000,0,60,0.000,0.000,50000.000,0,195,0
21701,0.000,0.000,50000.000,0,60,0.000,0.000,50000.000,0,195,0
21751,0.000,0.000,50000.000,0,60,0.000,7.471,50000.000,0,195,0
21801,7.471,7.471,50000.000,0,60,0.000,0.000,50000.000,0,195,0
21851,-7.471,0.000,50000.000,0,60,0.000,0.000,50000.000,0,195,0
21901,0.000,7.471,50000.000,0,60,0.000,7.471,50000.000,0,195,0
21951,0.000,0.000,50000.000,0,60,0.000,0.000,50000.000,0,195,0
22001,0.000,0.000,49999.000,0,60,0.000,0.000,50000.000,0,195,0
22051,0.000,0.000,50001.000,0,60,0.000,0.000,50000.000,0,195,0
22101,0.000,0.000,50000.000,0,60,0.000,0.000,50000.000,0,195,0
22151,0.000,0.000,49999.000,0,60,0.000,0.000,50000.000,0,195,0
22201,0.000,0.000,50001.000,0,60,0.000,7.471,50000.000,0,195,0
22251,-7.471,7.471,50000.000,0,57,0.000,0.000,50000.000,0,195,0
22301,0.000,7.471,50000.000,0,57,0.000,0.000,50000.000,0,195,0
22351,0.000,7.471,50000.000,0,57,0.000,0.000,50000.000,0,195,0
22401,0.000,14.941,50000.000,0,57,-7.471,0.000,50000.000,0,195,0
22451,-14.941,22.412,50000.000,0,57,0.000,0.000,50000.000,0,195,0
22501,0.000,7.471,50000.000,0,57,0.000,0.000,50000.000,0,195,0
22551,0.000,0.000,50000.000,0,57,0.000,0.000,50000.000,0,195,0
22601,0.000,0.000,50000.000,0,57,0.000,0.000,50000.000,0,195,0
22651,0.000,7.471,50000.000,0,57,0.000,0.000,50000.000,0,195,0
22701,0.000,0.000,50000.000,0,57,0.000,7.471,50000.000,0,195,0
22751,-7.471,0.000,50000.000,0,57,0.000,0.000,50000.000,0,195,0
22801,0.000,0.000,50000.000,0,57,0.000,0.000,50000.000,0,195,0
22851,0.000,0.000,50000.000,0,57,0.000,0.000,50000.000,0,195,0
22901,0.000,0.000,50000.000,0,57,0.000,0.000,50000.000,0,195,0
22951,0.000,0.000,50000.000,0,57,0.000,0.000,50000.000,0,195,0
23001,0.000,0.000,50000.000,0,57,0.000,0.000,50000.000,0,195,0
23051,0.000,0.000,50000.000,0,57,0.000,0.000,50000.000,0,195,0
23101,0.000,0.000,50000.000,0,57,0.000,0.000,50000.000,0,195,0
23151,0.000,0.000,50000.000,0,57,0.000,0.000,50000.000,0,195,0
23201,0.000,0.000,50000.000,0,57,0.000,0.000,50000.000,0,195,0
23251,0.000,0.000,50000.000,0,57,0.000,0.000,50000.000,0,195,0
23301,0.000,0.000,50000.000,0,57,0.000,0.000,50000.000,0,195,0
23351,0.000,0.000,50000.000,0,57,0.000,0.000,50000.000,0,195,0
23401,0.000,0.000,50000.000,0,57,0.000,0.000,50000.000,0,195,0
23451,0.000,0.000,49999.000,0,57,0.000,0.000,50000.000,0,195,0
23501,0.000,0.000,50001.000,0,57,0.000,0.000,50000.000,0,195,0
23551,0.000,0.000,49999.000,0,57,0.000,0.000,50000.000,0,195,0
23601,7.471,0.000,50001.000,0,57,0.000,0.000,50000.000,0,195,0
23651,0.000,0.000,50000.000,0,57,0.000,0.000,50000.000,0,195,0
23701,7.471,-14.941,50000.000,0,57,0.000,0.000,50000.000,0,195,0
23751,7.471,0.000,49999.000,0,57,0.000,0.000,50000.000,0,195,0
23801,0.000,-7.471,50001.000,0,57,0.000,-7.471,50000.000,0,195,0
23851,0.000,-14.941,50000.000,0,57,0.000,0.000,50000.000,0,195,0
23901,0.000,0.000,50000.000,0,57,0.000,0.000,50000.000,0,195,0
23951,-14.941,7.471,50000.000,0,57,7.471,-7.471,50000.000,0,195,0
24001,-7.471,0.000,50000.000,0,57,0.000,-7.471,50000.000,0,195,0
24051,-7.471,0.000,50000.000,0,57,0.000,1673.412,50000.000,0,195,0
24101,0.000,-29.882,50000.000,0,57,0.000,0.000,50000.000,0,195,0
24151,22.412,-29.882,50000.000,0,57,0.000,0.000,50000.000,0,195,0
24201,0.000,-7.471,50000.000,0,57,-7.471,-14.941,50000.000,0,195,0
24251,0.000,0.000,50000.000,0,57,0.000,0.000,50000.000,0,195,0
24301,7.471,-7.471,50000.000,0,57,0.000,0.000,50000.000,0,195,0
24351,7.471,-7.471,50000.000,0,60,0.000,0.000,50000.000,0,195,0
24401,0.000,-14.941,50000.000,0,60,0.000,-7.471,50000.000,0,195,0
24451,0.000,-14.941,50000.000,0,60,-5744.882,-1680.882,50000.000,0,195,0
24501,14.941,-14.941,50000.000,0,60,0.000,1673.412,50000.000,0,195,0
24551,14.941,-14.941,50000.000,0,60,0.000,13387.293,50000.000,0,195,0
24601,0.000,-14.941,50000.000,0,60,0.000,-7.471,50000.000,0,195,0
24651,14.941,-14.941,50000.000,0,60,0.000,0.000,50000.000,0,195,0
24701,7.471,-14.941,50000.000,0,60,0.000,0.000,50000.000,0,195,0
24751,0.000,-14.941,50000.000,0,60,0.000,0.000,50000.000,0,195,0
24801,0.000,-7.471,50000.000,0,60,0.000,-7.471,50000.000,0,195,0
24851,0.000,0.000,50000.000,0,60,0.000,0.000,50000.000,0,195,0
24901,0.000,0.000,50000.000,0,60,0.000,0.000,50000.000,0,195,0
24951,0.000,-7.471,50000.000,0,60,0.000,1673.412,50000.000,0,195,0
25001,0.000,0.000,50000.000,0,60,0.000,0.000,50000.000,0,195,0
25051,-7.471,0.000,50000.000,0,60,0.000,-7.471,50000.000,0,195,0
25101,0.000,0.000,50000.000,0,60,7.471,-7.471,50000.000,0,195,0
25151,0.000,-7.471,50000.000,0,60,0.000,0.000,50000.000,0,195,0
25201,-7.471,0.000,50000.000,0,60,0.000,0.000,50000.000,0,195,0
25251,0.000,0.000,50000.000,0,60,7.471,0.000,50000.000,0,195,0
25301,0.000,1673.412,50000.000,0,60,0.000,0.000,50000.000,0,195,0
25351,0.000,0.000,50000.000,0,60,0.000,0.000,50000.000,0,195,0
25401,0.000,0.000,50000.000,0,60,0.000,0.000,50000.000,0,195,0
25451,0.000,0.000,50000.000,0,60,0.000,0.000,50000.000,0,195,0
25501,0.000,0.000,50000.000,0,60,0.000,0.000,50000.000,0,195,0
25551,-5744.882,7.471,50000.000,0,60,0.000,0.000,50000.000,0,195,0
25601,0.000,7.471,50000.000,0,60,0.000,0.000,50000.000,0,195,0
25651,-7.471,14.941,50000.000,0,60,0.000,7.471,50000.000,0,195,0
25701,0.000,7.471,50000.000,0,60,7.471,7.471,50000.000,0,195,0
25751,-7.471,14.941,50000.000,0,60,0.000,0.000,50000.000,0,195,0
25801,-14.941,7.471,50000.000,0,60,0.000,0.000,50000.000,0,195,0
25851,0.000,22.412,50000.000,0,60,0.000,7.471,50000.000,0,195,0
25901,0.000,22.412,50000.000,0,60,-7.471,7.471,50000.000,0,195,0
25951,-14.941,29.882,50000.000,0,60,-7.471,0.000,50000.000,0,195,0
26001,-7.471,14.941,50000.000,0,60,0.000,7.471,50000.000,0,195,0
26051,-7.471,14.941,50000.000,0,60,0.000,0.000,50000.000,0,195,0
26101,0.000,14.941,50000.000,0,60,0.000,0.000,50000.000,0,195,0
26151,-14.941,29.882,50000.000,0,60,5737.411,0.000,50000.000,0,195,0
26201,-7.471,14.941,50000.000,0,60,-7.471,0.000,50000.000,0,195,0
26251,0.000,14.941,50000.000,0,60,0.000,0.000,50000.000,0,195,0
26301,-7.471,29.882,50000.000,0,60,0.000,14.941,50000.000,0,195,0
26351,-22.412,22.412,50000.000,0,60,-7.471,14.941,50000.000,0,195,0
26401,0.000,22.412,50000.000,0,60,0.000,7.471,50000.000,0,195,0
26451,0.000,0.000,50000.000,0,60,-14.941,7.471,50000.000,0,195,0
26501,7.471,22.412,50000.000,0,60,0.000,0.000,50000.000,0,195,0
26551,-7.471,14.941,50000.000,0,54,0.000,0.000,50000.000,0,195,0
26601,-7.471,22.412,50000.000,0,54,-7.471,7.471,50000.000,0,195,0
26651,0.000,14.941,50000.000,0,54,0.000,0.000,50000.000,0,195,0
26701,0.000,22.412,50000.000,0,54,0.000,7.471,50000.000,0,195,0
26751,-14.941,14.941,50000.000,0,54,0.000,0.000,50000.000,0,195,0
26801,0.000,22.412,50000.000,0,54,0.000,7.471,50000.000,0,195,0
26851,0.000,14.941,49999.000,0,54,0.000,7.471,50000.000,0,195,0
26901,0.000,14.941,50001.000,0,54,0.000,0.000,50000.000,0,195,0
26951,0.000,7.471,50000.000,0,54,0.000,7.471,50000.000,0,195,0
27001,-7.471,22.412,50000.000,0,54,0.000,0.000,50000.000,0,195,0
27051,-7.471,14.941,50000.000,0,54,-7.471,14.941,50000.000,0,195,0
27101,0.000,0.000,50000.000,0,54,-7.471,7.471,50000.000,0,195,0
27151,0.000,0.000,50000.000,0,54,0.000,0.000,50000.000,0,195,0
27201,-7.471,0.000,50000.000,0,54,0.000,0.000,50000.000,0,195,0
27251,0.000,0.000,50000.000,0,54,0.000,0.000,50000.000,0,195,0
27301,0.000,0.000,50000.000,0,54,0.000,0.000,50000.000,0,195,0
27351,0.000,0.000,50000.000,0,54,0.000,0.000,50000.000,0,195,0
27401,0.000,0.000,50000.000,0,54,0.000,0.000,50000.000,0,195,0
27451,0.000,0.000,50000.000,0,54,0.000,0.000,50000.000,0,195,0
27501,0.000,0.000,50000.000,0,54,0.000,0.000,50000.000,0,183,0
27551,7.471,-7.471,50000.000,0,54,0.000,0.000,50000.000,0,183,0
27601,0.000,-7.471,50000.000,0,54,0.000,0.000,50000.000,0,183,0
27651,0.000,-7.471,50000.000,0,54,0.000,0.000,50000.000,0,183,0
27701,0.000,-22.412,50000.000,0,54,0.000,0.000,50000.000,0,183,0
27751,0.000,0.000,50000.000,0,54,5737.411,0.000,50000.000,0,183,0
27801,0.000,-7.471,50000.000,0,54,-7.471,0.000,50000.000,0,183,0
27851,0.000,-14.941,50000.000,0,54,0.000,0.000,50000.000,0,183,0
27901,7.471,-14.941,50000.000,0,54,0.000,-1688.353,50000.000,0,183,0
27951,7.471,-22.412,50000.000,0,54,7.471,-14.941,50000.000,0,183,0
28001,0.000,-22.412,50000.000,0,54,0.000,-7.471,50000.000,0,183,0
28051,7.471,-29.882,50000.000,0,54,7.471,-7.471,50000.000,0,183,0
28101,7.471,-14.941,50000.000,0,54,0.000,0.000,50000.000,0,183,0
28151,14.941,-14.941,50000.000,0,57,7.471,-7.471,50000.000,0,183,0
28201,0.000,-7.471,50000.000,0,57,0.000,-7.471,50000.000,0,183,0
28251,0.000,-7.471,50000.000,0,57,0.000,0.000,50000.000,0,194,0
28301,7.471,-22.412,50000.000,0,57,0.000,-7.471,50000.000,0,194,0
28351,7.471,-22.412,50000.000,0,57,7.471,-22.412,50000.000,0,194,0
28401,0.000,-7.471,50000.000,0,57,0.000,0.000,50000.000,0,194,0
28451,7.471,-7.471,50000.000,0,57,0.000,0.000,50000.000,0,194,0
28501,7.471,-7.471,50000.000,0,57,0.000,-7.471,50000.000,0,194,0
28551,7.471,-22.412,50000.000,0,57,0.000,1673.412,50000.000,0,194,0
28601,7.471,-22.412,50000.000,0,60,0.000,0.000,50000.000,0,194,0
28651,0.000,-22.412,50000.000,0,60,0.000,0.000,50000.000,0,194,0
28701,0.000,-14.941,50000.000,0,60,0.000,-7.471,50000.000,0,194,0
28751,22.412,-7.471,50000.000,0,60,7.471,0.000,50000.000,0,194,0
28801,0.000,-7.471,50000.000,0,60,0.000,0.000,50000.000,0,194,0
28851,7.471,-29.882,50000.000,0,60,7.471,-7.471,50000.000,0,194,0
28901,7.471,-7.471,50000.000,0,60,0.000,1673.412,50000.000,0,194,0
28951,0.000,-7.471,50000.000,0,60,0.000,0.000,50000.000,0,194,0
29001,7.471,-14.941,50000.000,0,60,0.000,0.000,50000.000,0,194,0
29051,0.000,-7.471,50000.000,0,60,0.000,0.000,50000.000,0,194,0
29101,7.471,-7.471,50000.000,0,60,7.471,0.000,50000.000,0,194,0
29151,7.471,0.000,50000.000,0,60,0.000,-7.471,50000.000,0,194,0
29201,0.000,0.000,50000.000,0,60,0.000,0.000,50000.000,0,194,0
29251,0.000,-14.941,49999.000,0,60,0.000,0.000,50000.000,0,194,0
29301,7.471,-7.471,50001.000,0,60,0.000,0.000,50000.000,0,194,0
29351,0.000,1673.412,50000.000,0,60,0.000,0.000,50000.000,0,194,0
29401,0.000,0.000,50000.000,0,60,0.000,0.000,50000.000,0,194,0
29451,0.000,0.000,50000.000,0,60,0.000,0.000,50000.000,0,194,0
29501,0.000,0.000,50000.000,0,60,0.000,0.000,50000.000,0,194,0
29551,0.000,0.000,50000.000,0,60,0.000,0.000,50000.000,0,194,0
29601,0.000,0.000,50000.000,0,60,0.000,0.000,50000.000,0,194,0
29651,0.000,0.000,50000.000,0,60,0.000,0.000,50000.000,0,194,0
29701,1912.470,14.941,50000.000,0,60,0.000,0.000,50000.000,0,194,0
29751,-7.471,14.941,50000.000,0,60,0.000,0.000,50000.000,0,194,0
29801,0.000,14.941,50000.000,0,60,0.000,0.000,50000.000,0,194,0
29851,-7.471,14.941,50000.000,0,60,0.000,0.000,50000.000,0,194,0
29901,-14.941,22.412,50000.000,0,60,0.000,0.000,50000.000,0,194,0
29951,-7.471,7.471,50000.000,0,60,0.000,7.471,50000.000,0,194,0
30001,-7.471,0.000,50000.000,0,60,0.000,0.000,50000.000,0,194,0
30051,0.000,7.471,50000.000,0,60,0.000,0.000,50000.000,0,194,0
30101,0.000,29.882,50000.000,0,60,0.000,0.000,50000.000,0,194,0
30151,0.000,14.941,50000.000,0,60,0.000,0.000,50000.000,0,194,0
30201,-14.941,22.412,50000.000,0,60,0.000,7.471,50000.000,0,194,0
30251,0.000,22.412,50000.000,0,60,0.000,0.000,50000.000,0,194,0
30301,-7.471,22.412,50000.000,0,60,0.000,0.000,50000.000,0,194,0
30351,-7.471,22.412,50000.000,0,60,0.000,0.000,50000.000,0,194,0
30401,0.000,7.471,50000.000,0,60,0.000,14.941,50000.000,0,194,0
30451,0.000,29.882,50000.000,0,60,0.000,7.471,50000.000,0,194,0
30501,-14.941,14.941,50000.000,0,60,0.000,7.471,50000.000,0,194,0
30551,0.000,14.941,50000.000,0,60,0.000,7.471,50000.000,0,194,0
30601,-29.882,14.941,50000.000,0,60,0.000,0.000,50000.000,0,194,0
30651,0.000,14.941,50000.000,0,57,0.000,7.471,50000.000,0,194,0
30701,0.000,29.882,50000.000,0,57,-14.941,14.941,50000.000,0,194,0
30751,-14.941,22.412,50000.000,0,57,0.000,0.000,50000.000,0,194,0
30801,-7.471,22.412,50000.000,0,57,0.000,7.471,50000.000,0,194,0
30851,0.000,14.941,50000.000,0,57,0.000,7.471,50000.000,0,194,0
30901,7.471,22.412,50000.000,0,57,-7.471,7.471,50000.000,0,194,0
30951,0.000,14.941,50000.000,0,57,0.000,0.000,50000.000,0,194,0
31001,0.000,0.000,50000.000,0,57,0.000,7.471,50000.000,0,194,0
31051,0.000,22.412,49999.000,0,57,0.000,7.471,50000.000,0,194,0
31101,0.000,0.000,50001.000,0,57,7.471,0.000,50000.000,0,194,0
31151,0.000,7.471,50000.000,0,57,0.000,0.000,50000.000,0,194,0
31201,-7.471,7.471,50000.000,0,57,0.000,0.000,50000.000,0,194,0
31251,0.000,0.000,50000.000,0,57,0.000,0.000,50000.000,0,194,0
31301,0.000,0.000,50000.000,0,57,0.000,0.000,50000.000,0,194,0
31351,0.000,0.000,50000.000,0,57,0.000,0.000,50000.000,0,194,0
31401,0.000,0.000,50000.000,0,57,0.000,0.000,50000.000,0,194,0
31451,0.000,0.000,50000.000,0,57,0.000,0.000,50000.000,0,194,0
31501,0.000,0.000,50000.000,0,57,0.000,0.000,50000.000,0,194,0
31551,0.000,0.000,50000.000,0,57,0.000,0.000,50000.000,0,194,0
31601,0.000,0.000,50000.000,0,57,0.000,0.000,50000.000,0,194,0
31651,7.471,0.000,50000.000,0,57,0.000,0.000,50000.000,0,194,0
31701,0.000,-7.471,50000.000,0,57,0.000,0.000,50000.000,0,194,0
31751,0.000,0.000,50000.000,0,57,0.000,0.000,50000.000,0,194,0
31801,7.471,-14.941,50000.000,0,57,0.000,0.000,50000.000,0,194,0
31851,7.471,-14.941,50000.000,0,57,0.000,0.000,50000.000,0,194,0
31901,7.471,-14.941,50000.000,0,57,0.000,0.000,50000.000,0,194,0
31951,0.000,-14.941,50000.000,0,57,7.471,0.000,50000.000,0,194,0
32001,0.000,-22.412,50000.000,0,57,0.000,0.000,50000.000,0,194,0
32051,0.000,-14.941,50000.000,0,57,7.471,-7.471,50000.000,0,194,0
32101,0.000,-14.941,50000.000,0,57,0.000,-1680.882,50000.000,0,194,0
32151,7.471,-14.941,50000.000,0,57,7.471,-7.471,50000.000,0,194,0
32201,14.941,-7.471,50000.000,0,57,7.471,-7.471,50000.000,0,194,0
32251,7.471,-14.941,50000.000,0,57,0.000,-7.471,50000.000,0,194,0
32301,7.471,-14.941,50000.000,0,57,0.000,0.000,50000.000,0,194,0
32351,0.000,-14.941,50000.000,0,57,-7.471,-7.471,50000.000,0,194,0
32401,7.471,-14.941,50000.000,0,57,0.000,-7.471,50000.000,0,194,0
32451,0.000,-14.941,50000.000,0,57,0.000,-7.471,50000.000,0,194,0
32501,7.471,-22.412,49999.000,0,57,0.000,0.000,50000.000,0,194,0
32551,7.471,-14.941,50001.000,0,57,0.000,0.000,50000.000,0,194,0
32601,0.000,-7.471,50000.000,0,60,0.000,-7.471,50000.000,0,194,0
32651,-7.471,-29.882,50000.000,0,60,0.000,0.000,50000.000,0,194,0
32701,-7.471,-29.882,50000.000,0,60,0.000,0.000,50000.000,0,194,0
32751,-7.471,-14.941,50000.000,0,60,0.000,0.000,50000.000,0,194,0
32801,0.000,-7.471,50000.000,0,60,0.000,0.000,50000.000,0,194,0
32851,7.471,-7.471,50000.000,0,60,0.000,1673.412,50000.000,0,194,0
32901,0.000,-14.941,50000.000,0,60,0.000,0.000,50000.000,0,194,0
32951,0.000,-14.941,50000.000,0,60,0.000,0.000,50000.000,0,194,0
33001,0.000,0.000,50000.000,0,60,0.000,-1680.882,50000.000,0,194,0
33051,14.941,-7.471,50000.000,0,60,7.471,-7.471,50000.000,0,194,0
33101,7.471,-14.941,50000.000,0,60,0.000,0.000,50000.000,0,194,0
33151,0.000,-7.471,50000.000,0,60,0.000,0.000,50000.000,0,194,0
33201,0.000,0.000,50000.000,0,60,0.000,0.000,50000.000,0,194,0
33251,7.471,0.000,50000.000,0,60,0.000,0.000,50000.000,0,194,0
33301,0.000,0.000,50000.000,0,60,0.000,0.000,50000.000,0,194,0
33351,0.000,0.000,50000.000,0,60,0.000,0.000,50000.000,0,194,0
33401,0.000,0.000,50000.000,0,60,0.000,0.000,50000.000,0,194,0
33451,7.471,0.000,50000.000,0,60,0.000,0.000,50000.000,0,194,0
33501,0.000,0.000,50000.000,0,60,0.000,0.000,50000.000,0,194,0
33551,0.000,0.000,50000.000,0,60,0.000,0.000,50000.000,0,194,0
33601,0.000,0.000,50000.000,0,60,0.000,0.000,50000.000,0,194,0
33651,7.471,7.471,50000.000,0,60,0.000,0.000,50000.000,0,194,0
33701,0.000,7.471,50000.000,0,60,0.000,0.000,50000.000,0,194,0
33751,0.000,7.471,49999.000,0,60,0.000,0.000,50000.000,0,194,0
33801,0.000,7.471,50001.000,0,60,0.000,0.000,50000.000,0,194,0
33851,0.000,14.941,50000.000,0,60,0.000,0.000,50000.000,0,194,0
33901,-7.471,14.941,50000.000,0,60,0.000,0.000,50000.000,0,194,0
33951,-14.941,7.471,50000.000,0,60,0.000,0.000,50000.000,0,194,0
34001,0.000,14.941,50000.000,0,60,0.000,0.000,50000.000,0,194,0
34051,0.000,7.471,50000.000,0,60,0.000,7.471,50000.000,0,194,0
34101,-14.941,14.941,50000.000,0,60,0.000,7.471,50000.000,0,194,0
34151,-7.471,14.941,50000.000,0,60,0.000,7.471,50000.000,0,194,0
34201,0.000,7.471,50000.000,0,60,0.000,0.000,50000.000,0,194,0
34251,-7.471,22.412,50000.000,0,60,5737.411,0.000,50000.000,0,194,0
34301,-7.471,22.412,50000.000,0,60,-7.471,0.000,50000.000,0,194,0
34351,-7.471,14.941,50000.000,0,60,0.000,7.471,50000.000,0,194,0
34401,0.000,14.941,50000.000,0,60,7.471,7.471,50000.000,0,194,0
34451,-7.471,14.941,50000.000,0,60,0.000,7.471,50000.000,0,194,0
34501,-7.471,14.941,50000.000,0,60,-7.471,7.471,50000.000,0,194,0
34551,0.000,7.471,50000.000,0,60,0.000,7.471,50000.000,0,194,0
34601,0.000,14.941,50000.000,0,60,0.000,0.000,50000.000,0,194,0
34651,-7.471,0.000,50000.000,0,60,0.000,7.471,50000.000,0,194,0
34701,0.000,22.412,50000.000,0,60,0.000,0.000,50000.000,0,194,0
34751,-7.471,7.471,50000.000,0,60,0.000,0.000,50000.000,0,194,0
34801,0.000,0.000,50000.000,0,60,0.000,0.000,50000.000,0,194,0
34851,-14.941,14.941,50000.000,0,60,0.000,0.000,50000.000,0,194,0
34901,0.000,0.000,50000.000,0,57,-7.471,7.471,50000.000,0,194,0
34951,0.000,7.471,50000.000,0,57,0.000,7.471,50000.000,0,194,0
35001,0.000,0.000,50000.000,0,57,0.000,0.000,50000.000,0,194,0
35051,0.000,0.000,50000.000,0,57,0.000,0.000,50000.000,0,194,0
35101,0.000,0.000,50000.000,0,57,0.000,0.000,50000.000,0,194,0
35151,0.000,0.000,50000.000,0,57,0.000,0.000,50000.000,0,194,0
35201,0.000,0.000,50000.000,0,57,0.000,0.000,50000.000,0,194,0
35251,0.000,0.000,50000.000,0,57,0.000,0.000,50000.000,0,194,0
35301,0.000,0.000,50000.000,0,57,0.000,0.000,50000.000,0,194,0
35351,0.000,0.000,50000.000,0,57,0.000,0.000,50000.000,0,194,0
35401,0.000,0.000,50000.000,0,57,0.000,0.000,50000.000,0,194,0
35451,0.000,0.000,50000.000,0,57,0.000,0.000,50000.000,0,194,0
35501,0.000,0.000,50000.000,0,57,0.000,0.000,50000.000,0,194,0
35551,0.000,0.000,50000.000,0,57,0.000,0.000,50000.000,0,194,0
35601,0.000,-5744.882,50000.000,0,57,0.000,0.000,50000.000,0,194,0
35651,0.000,0.000,50000.000,0,57,0.000,0.000,50000.000,0,194,0
35701,0.000,0.000,50000.000,0,57,0.000,0.000,50000.000,0,194,0
35751,7.471,-7.471,50000.000,0,57,0.000,0.000,50000.000,0,194,0
35801,7.471,-14.941,50000.000,0,57,0.000,0.000,50000.000,0,194,0
35851,0.000,-7.471,50000.000,0,57,0.000,-7.471,50000.000,0,194,0
35901,7.471,-7.471,50000.000,0,57,0.000,0.000,50000.000,0,194,0
35951,0.000,-14.941,50000.000,0,57,0.000,0.000,50000.000,0,194,0
36001,0.000,-7.471,50000.000,0,57,0.000,-7.471,50000.000,0,194,0
36051,7.471,-7.471,50000.000,0,57,0.000,-7.471,50000.000,0,194,0
36101,0.000,-7.471,50000.000,0,57,0.000,0.000,50000.000,0,194,0
36151,7.471,-7.471,50000.000,0,57,0.000,0.000,50000.000,0,194,0
36201,7.471,-7.471,50000.000,0,57,0.000,-7.471,50000.000,0,194,0
36251,7.471,-7.471,50000.000,0,57,0.000,0.000,50000.000,0,194,0
36301,7.471,-29.882,50000.000,0,60,7.471,0.000,50000.000,0,194,0
36351,0.000,-7.471,50000.000,0,60,7.471,-14.941,50000.000,0,194,0
36401,0.000,-22.412,50000.000,0,60,0.000,-7.471,50000.000,0,194,0
36451,0.000,-22.412,50000.000,0,60,0.000,0.000,50000.000,0,194,0
36501,0.000,-14.941,50000.000,0,60,0.000,0.000,50000.000,0,194,0
36551,0.000,-7.471,50000.000,0,60,0.000,0.000,50000.000,0,194,0
36601,7.471,0.000,50000.000,0,60,0.000,0.000,50000.000,0,194,0
36651,7.471,-14.941,50000.000,0,60,0.000,-7.471,50000.000,0,194,1
36701,7.471,-22.412,50000.000,0,60,0.000,-7.471,50000.000,0,194,1
36751,7.471,-7.471,50000.000,0,60,0.000,0.000,50000.000,0,194,0
36801,7.471,-7.471,50000.000,0,60,0.000,0.000,50000.000,0,194,0
36851,0.000,-7.471,50000.000,0,60,0.000,-28694.527,50000.000,0,194,0
36901,7.471,-7.471,50000.000,0,60,0.000,0.000,50000.000,0,194,0
36951,7.471,-7.471,50000.000,0,60,0.000,0.000,50000.000,0,206,0
37001,0.000,-7.471,50000.000,0,60,0.000,0.000,50000.000,0,206,0
37051,0.000,-7.471,50000.000,0,60,0.000,242883.750,50000.000,0,206,0
37101,0.000,0.000,50000.000,0,60,0.000,-14.941,50000.000,0,206,0
37151,0.000,0.000,50000.000,0,60,7.471,0.000,50000.000,0,206,0
37201,7.471,0.000,50000.000,0,60,0.000,0.000,50000.000,0,206,0
37251,0.000,0.000,50000.000,0,60,0.000,0.000,50000.000,0,206,0
37301,0.000,0.000,50000.000,0,60,0.000,0.000,50000.000,0,206,0
37351,0.000,0.000,50000.000,0,60,0.000,0.000,50000.000,0,206,0
37401,0.000,0.000,50000.000,0,60,0.000,0.000,50000.000,0,206,0
37451,0.000,0.000,50000.000,0,60,0.000,0.000,50000.000,0,206,0
37501,0.000,0.000,50000.000,0,60,0.000,0.000,50000.000,0,206,0
37551,0.000,0.000,50000.000,0,60,0.000,0.000,50000.000,0,206,0
37601,0.000,0.000,50000.000,0,60,0.000,0.000,50000.000,0,206,0
37651,0.000,0.000,50000.000,0,60,0.000,0.000,50000.000,0,206,0
37701,0.000,7.471,50000.000,0,60,0.000,0.000,50000.000,0,206,0
37751,-7.471,22.412,50000.000,0,60,0.000,0.000,50000.000,0,206,0
37801,-7.471,0.000,50000.000,0,60,0.000,0.000,50000.000,0,206,0
37851,0.000,14.941,50000.000,0,60,5737.411,7.471,50000.000,0,206,0
37901,0.000,14.941,50000.000,0,60,-7.471,7.471,50000.000,0,206,0
37951,-7.471,0.000,50000.000,0,60,0.000,0.000,50000.000,0,206,0
38001,-7.471,29.882,50000.000,0,60,0.000,7.471,50000.000,0,206,0
38051,0.000,7.471,50000.000,0,60,0.000,7.471,50000.000,0,206,0
38101,-7.471,14.941,50000.000,0,60,0.000,0.000,50000.000,0,194,0
38151,-7.471,7.471,50000.000,0,60,0.000,0.000,50000.000,0,194,0
38201,0.000,7.471,50000.000,0,60,-7.471,0.000,50000.000,0,194,0
38251,-7.471,14.941,50000.000,0,60,-7.471,0.000,50000.000,0,194,0
38301,0.000,22.412,50000.000,0,60,0.000,7.471,50000.000,0,194,0
38351,-7.471,14.941,50000.000,0,60,0.000,7.471,50000.000,0,194,0
38401,-14.941,14.941,50000.000,0,60,-7.471,0.000,50000.000,0,194,0
38451,0.000,14.941,50000.000,0,60,0.000,0.000,50000.000,0,194,0
38501,-7.471,7.471,50000.000,0,60,0.000,7.471,50000.000,0,194,0
38551,0.000,7.471,50000.000,0,60,0.000,0.000,50000.000,0,194,0
38601,-7.471,14.941,50000.000,0,60,0.000,7.471,50000.000,0,194,0
38651,-7.471,0.000,50000.000,0,60,0.000,0.000,50000.000,0,194,0
38701,-14.941,14.941,50000.000,0,61,0.000,7.471,50000.000,0,194,0
38751,-7.471,22.412,50000.000,0,57,0.000,7.471,50000.000,0,194,0
38801,0.000,14.941,50000.000,0,57,0.000,7.471,50000.000,0,194,0
38851,-7.471,7.471,50000.000,0,54,0.000,7.471,50000.000,0,194,0
38901,-22.412,14.941,50000.000,0,54,0.000,0.000,50000.000,0,194,0
38951,0.000,14.941,50000.000,0,54,0.000,0.000,50000.000,0,194,0
39001,0.000,14.941,50000.000,0,54,0.000,7.471,50000.000,0,194,0
39051,0.000,22.412,50000.000,0,54,-7.471,0.000,50000.000,0,194,0
39101,0.000,22.412,50000.000,0,54,0.000,0.000,50000.000,0,182,0
39151,-7.471,14.941,50000.000,0,54,0.000,0.000,50000.000,0,182,0
39201,0.000,7.471,50000.000,0,54,7.471,7.471,50000.000,0,182,0
39251,-14.941,22.412,50000.000,0,54,7.471,0.000,50000.000,0,182,0
39301,-14.941,7.471,50000.000,0,54,0.000,0.000,50000.000,0,182,0
39351,-14.941,22.412,50000.000,0,54,0.000,0.000,50000.000,0,182,0
39401,0.000,14.941,50000.000,0,54,0.000,0.000,50000.000,0,182,0
39451,0.000,0.000,50000.000,0,54,0.000,0.000,50000.000,0,182,0
39501,0.000,0.000,49999.000,0,54,0.000,7.471,50000.000,0,182,0
39551,-7.471,0.000,50001.000,0,54,0.000,7.471,50000.000,0,182,0
39601,0.000,0.000,50000.000,0,54,0.000,0.000,50000.000,0,182,0
39651,0.000,0.000,50000.000,0,54,0.000,0.000,50000.000,0,182,0
39701,0.000,0.000,50000.000,0,54,-14.941,0.000,50000.000,0,182,0
39751,0.000,0.000,50000.000,0,54,5737.411,0.000,50000.000,0,182,0
39801,0.000,0.000,50000.000,0,54,-7.471,0.000,50000.000,0,182,0
39851,0.000,0.000,50000.000,0,54,0.000,0.000,50000.000,0,182,0
39901,0.000,0.000,50000.000,0,54,0.000,0.000,50000.000,0,182,0
39951,0.000,0.000,50000.000,0,54,0.000,0.000,50000.000,0,182,0
40001,0.000,-1680.882,50000.000,0,54,7.471,0.000,50000.000,0,182,0
40051,0.000,1434.353,50000.000,0,54,0.000,0.000,50000.000,0,182,0
40101,0.000,0.000,50000.000,0,54,0.000,0.000,50000.000,0,182,0
40151,0.000,-7.471,50000.000,0,54,0.000,0.000,50000.000,0,182,0
40201,0.000,-7.471,50000.000,0,54,0.000,0.000,50000.000,0,182,0
40251,0.000,-7.471,50000.000,0,54,0.000,0.000,50000.000,0,193,0
40301,7.471,-14.941,50000.000,0,54,0.000,1434.353,50000.000,0,193,0
40351,7.471,-14.941,50000.000,0,54,7.471,0.000,50000.000,0,193,0
40401,0.000,-14.941,50000.000,0,54,0.000,-1680.882,50000.000,0,193,0
40451,22.412,-37.353,50000.000,0,54,0.000,-7.471,50000.000,0,193,0
40501,14.941,-14.941,50000.000,0,54,0.000,-1680.882,50000.000,0,193,0
40551,-7.471,-52.294,50000.000,0,54,0.000,-7.471,50000.000,0,193,0
40601,0.000,-22.412,50000.000,0,54,0.000,-14.941,50000.000,0,193,0
40651,7.471,-14.941,50000.000,0,54,0.000,-14.941,50000.000,0,193,0
40701,7.471,-14.941,50000.000,0,57,0.000,-7.471,50000.000,0,193,0
40751,7.471,-22.412,50000.000,0,57,0.000,0.000,50000.000,0,193,0
40801,22.412,-14.941,50000.000,0,57,7.471,-22.412,50000.000,0,193,0
40851,0.000,-14.941,50000.000,0,57,7.471,-7.471,50000.000,0,193,0
40901,7.471,-29.882,50000.000,0,57,0.000,-7.471,50000.000,0,193,0
40951,7.471,-29.882,50000.000,0,57,0.000,0.000,50000.000,0,193,0
41001,0.000,-44.824,50000.000,0,60,0.000,-7.471,50000.000,0,193,0
41051,14.941,-44.824,50000.000,0,60,0.000,0.000,50000.000,0,193,0
41101,14.941,-44.824,50000.000,0,60,0.000,0.000,50000.000,0,193,0
41151,7.471,-29.882,50000.000,0,60,-7.471,-14.941,50000.000,0,193,0
41201,7.471,-22.412,50000.000,0,60,0.000,-14.941,50000.000,0,193,0
41251,7.471,-37.353,50000.000,0,60,0.000,-7.471,50000.000,0,193,0
41301,14.941,-37.353,50000.000,0,60,0.000,0.000,50000.000,0,205,0
41351,7.471,-14.941,50000.000,0,60,7.471,-22.412,50000.000,0,205,0
41401,7.471,-14.941,50000.000,0,60,0.000,-14.941,50000.000,0,205,0
41451,7.471,-22.412,50000.000,0,60,0.000,0.000,50000.000,0,205,0
41501,0.000,-22.412,50000.000,0,60,0.000,0.000,50000.000,0,205,0
41551,0.000,-29.882,50000.000,0,57,7.471,0.000,50000.000,0,193,0
41601,7.471,-14.941,50000.000,0,57,7.471,-7.471,50000.000,0,205,0
41651,14.941,-22.412,50000.000,0,57,0.000,0.000,50000.000,0,205,0
41701,0.000,-7.471,50000.000,0,57,0.000,0.000,50000.000,0,205,0
41751,7.471,-29.882,50000.000,0,57,0.000,0.000,50000.000,0,205,0
41801,7.471,-7.471,50000.000,0,57,0.000,0.000,50000.000,0,205,0
41851,0.000,0.000,50000.000,0,57,0.000,0.000,50000.000,0,205,0
41901,0.000,0.000,50000.000,0,57,7.471,120485.641,50000.000,0,205,0
41951,0.000,-1441.823,50000.000,0,57,0.000,-7.471,50000.000,0,205,0
42001,0.000,1673.412,50000.000,0,57,0.000,0.000,50000.000,0,205,0
42051,0.000,0.000,50000.000,0,57,0.000,0.000,50000.000,0,205,0
42101,0.000,0.000,50000.000,0,57,0.000,0.000,50000.000,0,205,0
42151,0.000,0.000,50000.000,0,57,0.000,0.000,50000.000,0,205,0
42201,0.000,0.000,50000.000,0,57,0.000,0.000,50000.000,0,205,0
42251,-7.471,0.000,50000.000,0,57,0.000,0.000,50000.000,0,205,0
42301,0.000,7.471,50000.000,0,57,0.000,0.000,50000.000,0,205,0
42351,0.000,7.471,50000.000,0,57,0.000,0.000,50000.000,0,205,0
42401,0.000,0.000,50000.000,0,57,0.000,0.000,50000.000,0,205,0
42451,0.000,0.000,50000.000,0,57,0.000,0.000,50000.000,0,205,0
42501,0.000,14.941,50000.000,0,57,0.000,0.000,50000.000,0,205,0
42551,-14.941,22.412,50000.000,0,57,0.000,7.471,50000.000,0,205,0
42601,-7.471,37.353,50000.000,0,57,0.000,0.000,50000.000,0,205,0
42651,-22.412,29.882,50000.000,0,57,0.000,0.000,50000.000,0,205,0
42701,-14.941,29.882,50000.000,0,57,0.000,7.471,50000.000,0,205,0
42751,-7.471,22.412,50000.000,0,57,0.000,7.471,50000.000,0,205,0
42801,0.000,37.353,50000.000,0,57,0.000,0.000,50000.000,0,205,0
42851,-14.941,29.882,50000.000,0,57,-7.471,14.941,50000.000,0,205,0
42901,0.000,22.412,50000.000,0,57,0.000,7.471,50000.000,0,205,0
42951,-7.471,14.941,50000.000,0,57,0.000,7.471,50000.000,0,193,0
43001,0.000,37.353,50000.000,0,56,0.000,0.000,50000.000,0,193,0
43051,-14.941,37.353,49999.000,0,60,-7.471,7.471,50000.000,0,193,0
43101,-14.941,37.353,50001.000,0,60,0.000,14.941,50000.000,0,193,0
43151,0.000,37.353,50000.000,0,60,0.000,0.000,50000.000,0,193,0
43201,0.000,37.353,50000.000,0,60,0.000,7.471,50000.000,0,193,0
43251,-14.941,37.353,50000.000,0,60,0.000,7.471,50000.000,0,193,0
43301,-22.412,29.882,50000.000,0,60,-7.471,7.471,50000.000,0,193,0
43351,-7.471,14.941,50000.000,0,60,0.000,7.471,50000.000,0,193,0
43401,-14.941,37.353,50000.000,0,60,0.000,22.412,50000.000,0,193,0
43451,-7.471,7.471,50000.000,0,57,0.000,7.471,50000.000,0,193,0
43501,0.000,7.471,50000.000,0,57,0.000,7.471,50000.000,0,193,0
43551,0.000,7.471,50000.000,0,57,0.000,7.471,50000.000,0,193,0
43601,0.000,7.471,50000.000,0,57,0.000,0.000,50000.000,0,193,0
43651,-7.471,22.412,50000.000,0,57,-7.471,0.000,50000.000,0,193,0
43701,0.000,14.941,50000.000,0,57,0.000,7.471,50000.000,0,193,0
43751,0.000,14.941,50000.000,0,57,7.471,7.471,50000.000,0,181,0
43801,0.000,22.412,50000.000,0,57,0.000,0.000,50000.000,0,181,0
43851,0.000,0.000,50000.000,0,57,0.000,7.471,50000.000,0,181,0
43901,0.000,14.941,50000.000,0,57,0.000,0.000,50000.000,0,181,0
43951,0.000,0.000,50000.000,0,57,0.000,0.000,50000.000,0,181,0
44001,0.000,0.000,50000.000,0,54,0.000,0.000,50000.000,0,192,0
44051,0.000,7.471,50000.000,0,54,0.000,0.000,50000.000,0,192,0
44101,0.000,0.000,50000.000,0,54,0.000,0.000,50000.000,0,192,0
44151,0.000,0.000,50000.000,0,54,0.000,0.000,50000.000,0,192,0
44201,0.000,0.000,50000.000,0,54,0.000,0.000,50000.000,0,192,0
44251,0.000,0.000,50000.000,0,54,0.000,0.000,50000.000,0,192,0
44301,0.000,0.000,50000.000,0,54,0.000,0.000,50000.000,0,192,0
44351,0.000,-14.941,50000.000,0,54,0.000,0.000,50000.000,0,192,0
44401,7.471,-14.941,50000.000,0,54,0.000,0.000,50000.000,0,192,0
44451,7.471,0.000,50000.000,0,54,0.000,0.000,50000.000,0,192,0
44501,0.000,-22.412,50000.000,0,54,0.000,0.000,50000.000,0,192,0
44551,0.000,-22.412,50000.000,0,54,0.000,0.000,50000.000,0,192,0
44601,0.000,-7.471,50000.000,0,54,0.000,-7.471,50000.000,0,192,0
44651,7.471,-22.412,50000.000,0,54,0.000,1792.941,50000.000,0,192,0
44701,0.000,-7.471,50000.000,0,54,0.000,0.000,50000.000,0,192,0
44751,0.000,0.000,50000.000,0,53,0.000,0.000,50000.000,0,192,0
44801,7.471,0.000,50000.000,0,57,0.000,-7.471,50000.000,0,192,0
44851,0.000,-14.941,50000.000,0,57,0.000,-7.471,50000.000,0,192,0
44901,14.941,-14.941,50000.000,0,57,0.000,-7.471,50000.000,0,192,0
44951,0.000,-14.941,50000.000,0,57,-7.471,-22.412,50000.000,0,192,0
45001,0.000,-22.412,50000.000,0,57,-7.471,0.000,50000.000,0,192,0
45051,14.941,-29.882,50000.000,0,57,0.000,0.000,50000.000,0,192,0
45101,0.000,-37.353,50000.000,0,60,7.471,-7.471,50000.000,0,192,0
45151,-7.471,-29.882,50000.000,0,60,0.000,0.000,50000.000,0,192,0
45201,0.000,-29.882,50000.000,0,60,0.000,0.000,50000.000,0,192,0
45251,7.471,-14.941,50000.000,0,60,0.000,-7.471,50000.000,0,192,0
45301,14.941,-22.412,50000.000,0,60,0.000,-14.941,50000.000,0,192,0
45351,0.000,-29.882,50000.000,0,60,0.000,0.000,50000.000,0,204,0
45401,7.471,-22.412,50000.000,0,60,0.000,0.000,50000.000,0,204,0
45451,7.471,-22.412,50000.000,0,60,7.471,-7.471,50000.000,0,204,0
45501,0.000,-29.882,50000.000,0,60,0.000,-7.471,50000.000,0,204,0
45551,0.000,-22.412,50000.000,0,60,7.471,-7.471,50000.000,0,204,0
45601,14.941,-22.412,50000.000,0,60,7.471,-7.471,50000.000,0,204,0
45651,22.412,-22.412,50000.000,0,57,7.471,1673.412,50000.000,0,204,0
45701,0.000,-22.412,50000.000,0,57,0.000,0.000,50000.000,0,204,0
45751,7.471,-22.412,50000.000,0,57,5737.411,0.000,50000.000,0,204,0
45801,7.471,-14.941,50000.000,0,57,-7.471,0.000,50000.000,0,204,0
45851,7.471,-7.471,50000.000,0,57,0.000,0.000,50000.000,0,204,0
45901,0.000,-14.941,50000.000,0,57,0.000,0.000,50000.000,0,204,0
45951,0.000,-14.941,49999.000,0,57,0.000,0.000,50000.000,0,204,0
46001,14.941,-7.471,50001.000,0,57,0.000,-7.471,50000.000,0,204,0
46051,0.000,-14.941,50000.000,0,57,0.000,0.000,50000.000,0,204,0
46101,0.000,0.000,50000.000,0,57,0.000,0.000,50000.000,0,204,0
46151,7.471,7.471,50000.000,0,57,0.000,0.000,50000.000,0,204,0
46201,7.471,0.000,50000.000,0,57,0.000,0.000,50000.000,0,204,0
46251,0.000,0.000,50000.000,0,57,0.000,0.000,50000.000,0,204,0
46301,0.000,0.000,50000.000,0,57,0.000,0.000,50000.000,0,204,0
46351,0.000,0.000,50000.000,0,57,0.000,0.000,50000.000,0,204,0
46401,0.000,0.000,50000.000,0,57,0.000,0.000,50000.000,0,204,0
46451,0.000,7.471,50000.000,0,57,0.000,0.000,50000.000,0,204,0
46501,-14.941,0.000,50000.000,0,57,0.000,0.000,50000.000,0,204,0
46551,0.000,0.000,50000.000,0,57,0.000,0.000,50000.000,0,204,0
46601,0.000,7.471,50000.000,0,57,0.000,0.000,50000.000,0,204,0
46651,-7.471,22.412,49999.000,0,57,0.000,0.000,50000.000,0,204,0
46701,-7.471,14.941,50001.000,0,57,0.000,0.000,50000.000,0,204,0
46751,0.000,7.471,50000.000,0,57,0.000,0.000,50000.000,0,204,0
46801,0.000,14.941,50000.000,0,57,0.000,7.471,50000.000,0,204,0
46851,0.000,22.412,50000.000,0,57,0.000,0.000,50000.000,0,204,0
46901,-14.941,14.941,50000.000,0,57,0.000,0.000,50000.000,0,204,0
46951,-7.471,22.412,50000.000,0,57,7.471,0.000,50000.000,0,204,0
47001,0.000,29.882,50000.000,0,57,0.000,7.471,50000.000,0,204,0
47051,0.000,14.941,50000.000,0,57,0.000,0.000,50000.000,0,204,0
47101,-7.471,22.412,50000.000,0,57,0.000,0.000,50000.000,0,204,0
47151,0.000,14.941,50000.000,0,57,0.000,0.000,50000.000,0,204,0
47201,-22.412,29.882,50000.000,0,57,0.000,7.471,50000.000,0,204,0
47251,0.000,14.941,50000.000,0,57,7.471,0.000,50000.000,0,204,0
47301,-7.471,14.941,50000.000,0,57,0.000,7.471,50000.000,0,204,0
47351,-7.471,22.412,50000.000,0,57,0.000,0.000,50000.000,0,204,0
47401,-7.471,29.882,50000.000,0,57,0.000,-1441.823,50000.000,0,192,0
47451,-14.941,29.882,50000.000,0,60,0.000,-7.471,50000.000,0,192,0
47501,-14.941,22.412,50000.000,0,60,0.000,0.000,50000.000,0,192,0
47551,0.000,7.471,50000.000,0,60,0.000,7.471,50000.000,0,192,0
47601,0.000,22.412,50000.000,0,60,0.000,0.000,50000.000,0,192,0
47651,0.000,29.882,50000.000,0,60,0.000,0.000,50000.000,0,192,0
47701,0.000,22.412,50000.000,0,60,0.000,0.000,50000.000,0,192,0
47751,0.000,0.000,50000.000,0,60,0.000,0.000,50000.000,0,192,0
47801,0.000,0.000,50000.000,0,60,0.000,0.000,50000.000,0,192,0
47851,0.000,22.412,50000.000,0,60,0.000,0.000,50000.000,0,192,0
47901,-14.941,7.471,50000.000,0,60,0.000,0.000,50000.000,0,192,0
47951,0.000,7.471,50000.000,0,60,0.000,0.000,50000.000,0,192,0
48001,0.000,14.941,50000.000,0,60,0.000,0.000,50000.000,0,192,0
48051,-7.471,14.941,50000.000,0,60,0.000,0.000,50000.000,0,192,0
48101,0.000,0.000,50000.000,0,60,0.000,0.000,50000.000,0,192,0
48151,0.000,7.471,49999.000,0,60,0.000,0.000,50000.000,0,192,0
48201,0.000,14.941,50001.000,0,60,-7.471,0.000,50000.000,0,192,0
48251,0.000,0.000,50000.000,0,57,-7.471,7.471,50000.000,0,192,0
48301,0.000,7.471,50000.000,0,57,0.000,0.000,50000.000,0,192,0
48351,0.000,0.000,50000.000,0,57,0.000,0.000,50000.000,0,192,0
48401,0.000,7.471,50000.000,0,57,-7.471,7.471,50000.000,0,192,0
48451,0.000,7.471,50000.000,0,57,0.000,0.000,50000.000,0,192,0
48501,0.000,0.000,50000.000,0,57,0.000,0.000,50000.000,0,192,0
48551,0.000,0.000,50000.000,0,57,0.000,7.471,50000.000,0,192,0
48601,0.000,0.000,50000.000,0,57,0.000,0.000,50000.000,0,192,0
48651,0.000,0.000,50000.000,0,57,0.000,0.000,50000.000,0,192,0
48701,0.000,0.000,50000.000,0,57,0.000,0.000,50000.000,0,192,0
48751,0.000,7.471,50000.000,0,57,0.000,0.000,50000.000,0,192,0
48801,0.000,0.000,50000.000,0,57,0.000,0.000,50000.000,0,192,0
48851,0.000,0.000,50000.000,0,57,0.000,0.000,50000.000,0,192,0
48901,0.000,0.000,50000.000,0,57,0.000,0.000,50000.000,0,192,0
48951,0.000,0.000,50000.000,0,57,0.000,0.000,50000.000,0,192,0
49001,0.000,0.000,50000.000,0,57,0.000,0.000,50000.000,0,192,0
49051,0.000,0.000,50000.000,0,57,0.000,0.000,50000.000,0,192,0
49101,0.000,0.000,50000.000,0,57,0.000,0.000,50000.000,0,192,0
49151,0.000,0.000,50000.000,0,57,0.000,0.000,50000.000,0,192,0
49201,0.000,0.000,50000.000,0,57,0.000,0.000,50000.000,0,192,0
49251,0.000,0.000,50000.000,0,57,0.000,0.000,50000.000,0,192,0
49301,-1919.941,0.000,50000.000,0,57,0.000,0.000,50000.000,0,192,0
49351,5737.411,0.000,50000.000,0,57,7.471,-7.471,50000.000,0,192,0
49401,-7.471,0.000,50000.000,0,57,0.000,0.000,50000.000,0,192,0
49451,0.000,-7.471,50000.000,0,57,0.000,0.000,50000.000,0,192,0
49501,0.000,-14.941,50000.000,0,57,0.000,0.000,50000.000,0,192,0
49551,7.471,-7.471,50000.000,0,57,0.000,0.000,50000.000,0,192,0
49601,7.471,-22.412,50000.000,0,57,0.000,-14.941,50000.000,0,192,0
49651,0.000,-7.471,50000.000,0,57,0.000,-7.471,50000.000,0,192,0
49701,7.471,0.000,50000.000,0,57,0.000,0.000,50000.000,0,192,0
49751,0.000,0.000,50000.000,0,57,0.000,0.000,50000.000,0,192,0
49801,0.000,0.000,50000.000,0,57,0.000,0.000,50000.000,0,192,0
49851,0.000,0.000,50000.000,0,57,0.000,0.000,50000.000,0,192,0
49901,0.000,0.000,50000.000,0,57,0.000,0.000,50000.000,0,192,0
49951,7.471,-7.471,50000.000,0,57,7.471,0.000,50000.000,0,192,0
50001,7.471,0.000,50000.000,0,60,0.000,0.000,50000.000,0,192,0
50051,0.000,-7.471,50000.000,0,60,0.000,0.000,50000.000,0,192,0
50101,0.000,-22.412,50000.000,0,60,0.000,-7.471,50000.000,0,192,0
50151,0.000,-7.471,50000.000,0,60,0.000,-7.471,50000.000,0,192,0
50201,0.000,-7.471,50000.000,0,60,0.000,-7.471,50000.000,0,192,0
50251,7.471,-14.941,50000.000,0,60,0.000,0.000,50000.000,0,192,0
50301,7.471,-7.471,50000.000,0,60,0.000,0.000,50000.000,0,192,0
50351,0.000,-14.941,50000.000,0,60,0.000,0.000,50000.000,0,192,0
50401,0.000,-22.412,50000.000,0,60,0.000,0.000,50000.000,0,192,0
50451,0.000,0.000,50000.000,0,60,0.000,0.000,50000.000,0,192,0
50501,7.471,-7.471,50000.000,0,60,0.000,0.000,50000.000,0,192,0
50551,0.000,-7.471,50000.000,0,60,-7.471,0.000,50000.000,0,192,0
50601,0.000,-7.471,50000.000,0,60,0.000,0.000,50000.000,0,192,0
50651,0.000,0.000,50000.000,0,60,0.000,0.000,50000.000,0,192,0
50701,0.000,0.000,50000.000,0,60,0.000,0.000,50000.000,0,192,0
50751,0.000,0.000,50000.000,0,60,0.000,0.000,50000.000,0,192,0
50801,0.000,0.000,50000.000,0,60,0.000,0.000,50000.000,0,192,0
50851,0.000,0.000,50000.000,0,60,0.000,0.000,50000.000,0,192,0
50901,0.000,0.000,50000.000,0,60,0.000,0.000,50000.000,0,192,0
50951,0.000,0.000,50000.000,0,60,0.000,0.000,50000.000,0,192,0
51001,0.000,0.000,50000.000,0,60,0.000,0.000,50002.000,0,192,0
51051,0.000,0.000,50000.000,0,60,0.000,0.000,50000.000,0,192,0
51101,0.000,0.000,50000.000,0,60,0.000,0.000,50000.000,0,192,0
51151,0.000,0.000,50000.000,0,60,0.000,0.000,50000.000,0,192,0
51201,0.000,0.000,50000.000,0,60,0.000,0.000,50000.000,0,192,0
51251,0.000,0.000,50000.000,0,60,0.000,0.000,50000.000,0,192,0
51301,0.000,7.471,50000.000,0,60,0.000,0.000,50000.000,0,192,0
51351,0.000,7.471,50000.000,0,60,0.000,0.000,50000.000,0,192,0
51401,0.000,7.471,50000.000,0,60,0.000,0.000,50000.000,0,192,0
51451,0.000,0.000,50000.000,0,60,0.000,0.000,50000.000,0,192,0
51501,0.000,7.471,50000.000,0,60,0.000,0.000,50000.000,0,192,0
51551,0.000,7.471,50000.000,0,60,0.000,0.000,50000.000,0,192,0
51601,0.000,14.941,50000.000,0,60,0.000,0.000,50000.000,0,192,0
51651,-7.471,14.941,50000.000,0,60,0.000,0.000,50000.000,0,192,0
51701,0.000,14.941,50000.000,0,60,0.000,0.000,50000.000,0,192,0
51751,0.000,7.471,50000.000,0,60,0.000,0.000,50000.000,0,192,0
51801,0.000,7.471,50000.000,0,60,0.000,0.000,50000.000,0,192,0
51851,-37.353,-7.471,50000.000,0,60,0.000,0.000,50000.000,0,192,0
51901,-22.412,0.000,50000.000,0,60,0.000,7.471,50000.000,0,192,0
51951,-7.471,14.941,50000.000,0,60,0.000,0.000,50000.000,0,192,0
52001,-14.941,22.412,50000.000,0,60,0.000,0.000,50000.000,0,192,0
52051,0.000,14.941,50000.000,0,60,0.000,0.000,50000.000,0,192,0
52101,-7.471,22.412,50000.000,0,60,0.000,0.000,50000.000,0,192,0
52151,-7.471,7.471,50000.000,0,60,-7.471,7.471,50000.000,0,192,0
52201,0.000,0.000,50000.000,0,60,0.000,7.471,50000.000,0,192,0
52251,-7.471,0.000,50000.000,0,60,0.000,0.000,50000.000,0,192,0
52301,0.000,7.471,50000.000,0,60,0.000,7.471,50000.000,0,192,0
52351,-7.471,0.000,50000.000,0,60,0.000,7.471,50000.000,0,192,0
52401,0.000,0.000,50000.000,0,60,0.000,7.471,50000.000,0,192,0
52451,0.000,7.471,50000.000,0,60,0.000,7.471,50000.000,0,192,0
52501,-7.471,0.000,50000.000,0,60,0.000,0.000,50000.000,0,192,0
52551,0.000,0.000,50000.000,0,60,0.000,0.000,50000.000,0,192,0
52601,0.000,7.471,50000.000,0,60,0.000,0.000,50000.000,0,192,0
52651,0.000,7.471,50000.000,0,60,0.000,0.000,50000.000,0,192,0
52701,0.000,0.000,50000.000,0,60,-7.471,0.000,50000.000,0,192,0
52751,0.000,0.000,50000.000,0,57,0.000,0.000,50000.000,0,192,0
52801,0.000,0.000,50000.000,0,57,0.000,0.000,50000.000,0,192,0
52851,7.471,7.471,50000.000,0,57,0.000,0.000,50000.000,0,192,0
52901,0.000,0.000,50000.000,0,57,0.000,0.000,50000.000,0,192,0
52951,0.000,0.000,50000.000,0,57,0.000,0.000,50000.000,0,192,0
53001,0.000,0.000,50000.000,0,57,0.000,0.000,50000.000,0,192,0
53051,0.000,0.000,50000.000,0,57,0.000,0.000,50000.000,0,192,0
53101,0.000,0.000,50000.000,0,57,0.000,0.000,50000.000,0,192,0
53151,0.000,0.000,50000.000,0,57,0.000,0.000,50000.000,0,192,0
53201,0.000,0.000,50000.000,0,57,0.000,0.000,50000.000,0,192,0
53251,0.000,0.000,50000.000,0,57,0.000,0.000,50000.000,0,192,0
53301,0.000,0.000,50000.000,0,57,0.000,0.000,50000.000,0,192,0
53351,0.000,0.000,50000.000,0,57,0.000,0.000,50000.000,0,192,0
53401,0.000,0.000,50000.000,0,57,0.000,0.000,50000.000,0,192,0
53451,0.000,-7.471,50001.000,0,57,0.000,0.000,50000.000,0,192,0
53501,0.000,-1680.882,50000.000,0,57,0.000,0.000,50000.000,0,192,0
53551,0.000,-7.471,49999.000,0,57,0.000,0.000,49998.000,0,192,0
53601,7.471,-14.941,50000.000,0,57,0.000,59286.586,50000.000,0,192,0
53651,0.000,-7.471,50000.000,0,57,0.000,-7.471,50000.000,0,192,0
53701,7.471,0.000,50000.000,0,57,0.000,1673.412,50000.000,0,192,0
53751,0.000,-14.941,50000.000,0,57,0.000,0.000,50000.000,0,192,0
53801,7.471,-7.471,50000.000,0,57,0.000,0.000,50000.000,0,192,0
53851,0.000,0.000,50000.000,0,57,0.000,0.000,50000.000,0,192,0
53901,0.000,-14.941,50000.000,0,57,0.000,0.000,50000.000,0,192,0
53951,0.000,-7.471,50000.000,0,57,0.000,-7.471,50000.000,0,192,0
54001,7.471,-22.412,50000.000,0,57,0.000,0.000,50000.000,0,192,0
54051,0.000,-7.471,50000.000,0,57,0.000,-7.471,50000.000,0,192,0
54101,7.471,-14.941,50000.000,0,60,0.000,0.000,50000.000,0,192,0
54151,14.941,-7.471,50000.000,0,60,0.000,0.000,50000.000,0,192,0
54201,0.000,0.000,49999.000,0,60,0.000,0.000,50000.000,0,192,0
54251,0.000,-14.941,50001.000,0,60,0.000,0.000,50000.000,0,192,0
54301,0.000,0.000,50000.000,0,60,0.000,0.000,50000.000,0,192,0
54351,0.000,-14.941,50000.000,0,60,0.000,0.000,50000.000,0,192,0
54401,0.000,0.000,50000.000,0,60,0.000,0.000,50000.000,0,192,0
54451,7.471,0.000,50000.000,0,60,0.000,0.000,50000.000,0,192,0
54501,0.000,0.000,50000.000,0,60,0.000,0.000,50000.000,0,192,0
54551,0.000,0.000,50000.000,0,60,0.000,0.000,50000.000,0,192,0
54601,0.000,0.000,50000.000,0,60,0.000,0.000,50000.000,0,192,0
54651,0.000,0.000,50000.000,0,60,0.000,0.000,50000.000,0,192,0
54701,0.000,0.000,50000.000,0,60,0.000,0.000,50000.000,0,192,0
54751,0.000,0.000,50000.000,0,60,0.000,0.000,50000.000,0,192,0
54801,0.000,0.000,50000.000,0,60,0.000,0.000,50000.000,0,192,0
54851,0.000,0.000,50000.000,0,60,0.000,0.000,50000.000,0,192,0
54901,0.000,0.000,50000.000,0,60,0.000,0.000,50000.000,0,192,0
54951,0.000,0.000,50000.000,0,60,0.000,0.000,50000.000,0,192,0
55001,0.000,0.000,50000.000,0,60,0.000,0.000,50000.000,0,192,0
55051,-7.471,7.471,50000.000,0,60,0.000,0.000,50000.000,0,192,0
55101,0.000,7.471,50000.000,0,60,0.000,0.000,50000.000,0,192,0
55151,0.000,7.471,50000.000,0,60,0.000,0.000,50000.000,0,192,0
55201,0.000,14.941,50000.000,0,60,0.000,0.000,50000.000,0,192,0
55251,0.000,7.471,50000.000,0,60,0.000,0.000,50000.000,0,192,0
55301,0.000,7.471,50000.000,0,60,0.000,0.000,50000.000,0,192,0
55351,0.000,7.471,50000.000,0,60,0.000,0.000,50000.000,0,192,0
55401,0.000,7.471,50000.000,0,60,0.000,0.000,50000.000,0,192,0
55451,-22.412,0.000,50000.000,0,60,0.000,0.000,50000.000,0,192,0
55501,0.000,14.941,50000.000,0,60,0.000,0.000,50000.000,0,192,0
55551,-14.941,14.941,50000.000,0,60,0.000,0.000,50000.000,0,192,0
55601,0.000,22.412,50000.000,0,60,0.000,0.000,50000.000,0,192,0
55651,0.000,7.471,50000.000,0,60,0.000,0.000,50000.000,0,192,0
55701,0.000,14.941,49999.000,0,60,0.000,7.471,50000.000,0,192,0
55751,0.000,7.471,50001.000,0,60,0.000,0.000,50000.000,0,192,0
55801,0.000,7.471,50000.000,0,60,0.000,0.000,50000.000,0,192,0
55851,0.000,7.471,50000.000,0,60,0.000,14.941,50000.000,0,192,0
55901,0.000,7.471,50000.000,0,60,0.000,0.000,50000.000,0,192,0
55951,0.000,7.471,50000.000,0,60,0.000,0.000,50000.000,0,192,0
56001,0.000,14.941,50000.000,0,60,0.000,7.471,50000.000,0,192,0
56051,-7.471,14.941,50000.000,0,60,0.000,7.471,50000.000,0,192,0
56101,-14.941,14.941,50000.000,0,60,0.000,0.000,50000.000,0,192,0
56151,0.000,0.000,50000.000,0,57,0.000,0.000,50000.000,0,192,0
56201,0.000,7.471,50000.000,0,57,-7.471,7.471,50000.000,0,192,0
56251,0.000,14.941,50000.000,0,54,0.000,0.000,50000.000,0,192,0
56301,-14.941,7.471,50000.000,0,54,0.000,7.471,50000.000,0,192,0
56351,0.000,14.941,50000.000,0,54,0.000,0.000,50000.000,0,192,0
56401,0.000,29.882,50000.000,0,54,0.000,0.000,50000.000,0,192,0
56451,0.000,52.294,50000.000,0,54,0.000,0.000,50000.000,0,192,0
56501,0.000,7.471,50000.000,0,54,0.000,0.000,50000.000,0,192,0
56551,-7.471,14.941,50000.000,0,54,0.000,7.471,50000.000,0,192,0
56601,0.000,14.941,50000.000,0,54,7.471,7.471,50000.000,0,192,0
56651,0.000,7.471,50000.000,0,54,0.000,7.471,50000.000,0,192,0
56701,0.000,7.471,50000.000,0,54,0.000,7.471,50000.000,0,192,0
56751,0.000,14.941,50000.000,0,54,0.000,0.000,50000.000,0,192,0
56801,0.000,7.471,50000.000,0,54,0.000,0.000,50000.000,0,192,0
56851,0.000,0.000,50000.000,0,54,0.000,0.000,50000.000,0,192,0
56901,-7.471,0.000,50000.000,0,54,0.000,0.000,50000.000,0,192,0
56951,0.000,0.000,50000.000,0,54,0.000,0.000,50000.000,0,192,0
57001,0.000,0.000,50000.000,0,54,0.000,0.000,50000.000,0,192,0
57051,0.000,0.000,50000.000,0,54,0.000,0.000,50000.000,0,192,0
57101,0.000,7.471,50000.000,0,54,0.000,0.000,50000.000,0,192,0
57151,7.471,7.471,50000.000,0,54,0.000,0.000,50000.000,0,192,0
57201,0.000,0.000,50000.000,0,54,0.000,0.000,50000.000,0,192,0
57251,0.000,0.000,50000.000,0,54,0.000,0.000,50000.000,0,192,0
57301,0.000,0.000,50000.000,0,54,0.000,0.000,50000.000,0,192,0
57351,0.000,0.000,50000.000,0,54,0.000,0.000,50000.000,0,192,0
57401,0.000,-7.471,50000.000,0,54,0.000,0.000,50000.000,0,192,0
57451,0.000,0.000,50000.000,0,54,0.000,0.000,50000.000,0,192,0
57501,0.000,1673.412,50000.000,0,54,0.000,0.000,50000.000,0,192,0
57551,7.471,-1695.823,50000.000,0,54,0.000,0.000,50000.000,0,192,0
57601,0.000,-22.412,50000.000,0,54,0.000,0.000,50000.000,0,192,0
57651,14.941,-22.412,50000.000,0,54,0.000,0.000,50000.000,0,192,0
57701,0.000,-14.941,50000.000,0,54,0.000,0.000,50000.000,0,192,0
57751,0.000,-29.882,50000.000,0,54,0.000,0.000,50000.000,0,192,0
57801,7.471,-14.941,50000.000,0,54,7.471,0.000,50000.000,0,192,0
57851,0.000,-29.882,50000.000,0,54,0.000,1905.000,50000.000,0,192,0
57901,0.000,-22.412,50000.000,0,54,0.000,0.000,50000.000,0,192,0
57951,0.000,-14.941,50000.000,0,54,0.000,-7.471,50000.000,0,192,0
58001,7.471,-22.412,50000.000,0,54,7.471,-7.471,50000.000,0,192,0
58051,7.471,-7.471,50000.000,0,57,0.000,-7.471,50000.000,0,192,0
58101,7.471,-14.941,50000.000,0,57,0.000,0.000,50000.000,0,192,0
58151,0.000,-7.471,50000.000,0,57,0.000,-7.471,50000.000,0,192,0
58201,14.941,-22.412,50000.000,0,57,0.000,-7.471,50000.000,0,192,0
58251,7.471,-7.471,50000.000,0,57,0.000,-7.471,50000.000,0,192,0
58301,0.000,-29.882,50000.000,0,57,0.000,0.000,50000.000,0,192,0
58351,0.000,-29.882,50000.000,0,57,0.000,-7.471,50000.000,0,192,0
58401,7.471,-37.353,50000.000,0,60,7.471,0.000,50000.000,0,192,0
58451,7.471,-14.941,50000.000,0,60,7.471,-7.471,50000.000,0,192,0
58501,0.000,-37.353,50000.000,0,60,0.000,-14.941,50000.000,0,192,0
58551,0.000,-22.412,50000.000,0,60,0.000,-7.471,50000.000,0,192,0
58601,0.000,-7.471,50000.000,0,60,7.471,0.000,50000.000,0,192,0
58651,7.471,-29.882,50000.000,0,60,0.000,1673.412,50000.000,0,192,0
58701,7.471,-14.941,50000.000,0,60,0.000,0.000,50000.000,0,192,0
58751,7.471,-14.941,50000.000,0,60,0.000,0.000,50000.000,0,192,0
58801,14.941,-22.412,50000.000,0,60,0.000,-7.471,50000.000,0,204,0
58851,7.471,-22.412,49999.000,0,60,0.000,-7.471,50000.000,0,204,0
58901,0.000,-14.941,50001.000,0,60,0.000,0.000,50000.000,0,204,0
58951,0.000,-7.471,50000.000,0,60,0.000,-7.471,50000.000,0,204,0
59001,0.000,-7.471,50000.000,0,60,0.000,0.000,50000.000,0,204,0
59051,0.000,-7.471,50000.000,0,60,0.000,0.000,50000.000,0,204,0
59101,-7.471,-14.941,50000.000,0,60,0.000,0.000,50000.000,0,204,0
59151,0.000,-7.471,50000.000,0,57,0.000,0.000,50000.000,0,204,0
59201,0.000,-7.471,50000.000,0,57,0.000,0.000,50000.000,0,204,0
59251,0.000,-7.471,50000.000,0,57,0.000,0.000,50000.000,0,204,0
59301,0.000,0.000,50000.000,0,57,0.000,0.000,50000.000,0,204,0
59351,0.000,0.000,50000.000,0,57,0.000,0.000,50000.000,0,204,0
59401,0.000,0.000,50000.000,0,57,0.000,0.000,50000.000,0,204,0
59451,0.000,0.000,50000.000,0,57,0.000,0.000,50000.000,0,204,0
59501,0.000,0.000,50000.000,0,57,0.000,0.000,50000.000,0,204,0
59551,7.471,0.000,50000.000,0,57,0.000,0.000,50000.000,0,204,0
59601,7.471,7.471,50000.000,0,57,0.000,0.000,50000.000,0,204,0
59651,0.000,7.471,50000.000,0,57,0.000,0.000,50000.000,0,204,0
59701,-7.471,7.471,50000.000,0,57,0.000,0.000,50000.000,0,204,0
59751,7.471,14.941,50000.000,0,57,0.000,7.471,50000.000,0,204,0
59801,0.000,14.941,50000.000,0,57,0.000,7.471,50000.000,0,204,0
59851,0.000,0.000,50000.000,0,57,-5744.882,0.000,50000.000,0,204,0
59901,-7.471,22.412,50000.000,0,57,0.000,0.000,50000.000,0,204,0
59951,0.000,29.882,50000.000,0,57,0.000,7.471,50000.000,0,204,0
