timestamp[ms],left_dx[um],left_dy[um],left_dt[us],left_sq44right_dx[um],right_dy[um],right_dt[us],right_sq,waterPin
0,0.000,-37.353,50156.000,35.00,-14.941,-44.824,50153.000,71.00,0
51,-2637.117,-11594.353,50000.000,45.00,-6267.823,-14829.116,50000.000,72.00,0
101,-2599.765,-12333.940,50000.000,34.00,-6745.941,-14089.528,50000.000,57.00,0
151,-3175.000,-13230.411,50000.000,94.00,-6604.000,-11512.176,50000.000,49.00,0
201,-3541.059,-10765.117,50000.000,47.00,-6327.588,-10832.353,50000.000,33.00,0
251,-4205.941,-7097.058,50000.000,46.00,-6237.941,-10667.999,50000.000,65.00,0
301,-3996.764,-8314.764,50000.000,46.00,-6193.117,-8770.470,50000.000,32.00,0
351,-4878.294,-10115.176,50000.000,51.00,-6133.353,-6970.059,50000.000,24.00,0
401,-4863.353,-10780.058,50000.000,41.00,-7171.764,-8785.411,50000.000,46.00,0
451,-4938.059,-9233.646,50000.000,68.00,-6932.706,-10451.353,50000.000,35.00,0
501,-4818.529,-9734.176,50000.000,49.00,-7515.411,-12274.176,50000.000,69.00,0
551,-4288.117,-11056.470,50000.000,34.00,-7321.176,-10174.940,50000.000,29.00,0
601,-5005.294,-10511.117,50000.000,51.00,-6275.293,-7844.117,50000.000,14.00,0
651,-4347.882,-9808.882,50000.000,34.00,-4982.882,-7657.353,50000.000,17.00,0
701,-3810.000,-5901.764,50000.000,36.00,-6439.646,-12416.117,50000.000,19.00,0
751,-3974.353,-4026.647,50000.000,46.00,-6753.411,-14134.352,50000.000,55.00,0
801,-3697.941,-8755.529,50000.000,47.00,-6327.588,-13088.470,50000.000,57.00,0
851,-3346.823,-12162.117,50000.000,36.00,-6962.588,-13775.764,50000.000,63.00,0
901,-3772.647,-10406.528,50000.000,28.00,-6529.293,-13461.999,50000.000,57.00,0
951,-4153.647,-8344.646,50000.000,62.00,-6768.353,-14111.940,50000.000,81.00,0
1001,-3869.764,-11175.999,50000.000,49.00,-6992.470,-13364.882,50000.000,59.00,0
1051,-2965.823,-13387.293,50000.000,15.00,-6716.059,-12961.470,50000.000,60.00,0
1101,-2577.353,-11370.234,50000.000,34.00,-5924.176,-12632.764,50000.000,64.00,0
1151,-3234.764,-8680.823,50000.000,60.00,-6252.882,-14403.293,50000.000,67.00,0
1201,-3272.117,-9980.705,50000.000,46.00,-6305.176,-12416.117,50000.000,86.00,0
1251,-3675.529,-10944.411,50000.000,52.00,-5864.411,-10316.882,50000.000,53.00,0
1301,-3817.470,-9846.234,50000.000,59.00,-6051.176,-10638.117,50000.000,71.00,0
1351,-4041.588,-6387.353,50000.000,65.00,-6245.411,-9846.234,50000.000,88.00,0
1401,-4228.353,-5453.529,50000.000,69.00,-6140.823,-8807.823,50000.000,49.00,0
1451,-3922.059,-6895.353,50000.000,63.00,-5759.823,-6290.235,50000.000,54.00,0
1501,-4437.529,-6506.882,50000.000,73.00,-6155.764,-5842.000,50000.000,63.00,0
1551,-4430.059,-6267.823,50000.000,64.00,-6088.529,-6043.706,50000.000,53.00,0
1601,-4407.647,-3421.529,50000.000,64.00,-5722.470,-5685.117,50000.000,40.00,0
1651,-3847.353,709.706,50000.000,60.00,-4303.059,-4840.941,50000.000,59.00,0
1701,-2995.706,2547.470,50000.000,68.00,-3242.235,-5065.059,50000.000,52.00,0
1751,-1337.235,956.235,50000.000,53.00,-2017.059,-4325.470,50000.000,64.00,0
1801,-762.000,82.176,50000.000,55.00,-1292.412,-3025.588,50000.000,71.00,0
1851,-89.647,410.882,50000.000,64.00,-582.706,-2323.353,50000.000,59.00,0
1901,179.294,164.353,50000.000,68.00,-552.823,-2413.000,50000.000,59.00,0
1951,216.647,866.588,50000.000,80.00,-254.000,-1553.882,50000.000,36.00,0
2001,254.000,1090.706,50000.000,79.00,313.765,-530.412,50000.000,49.00,0
2051,552.823,762.000,50000.000,77.00,560.294,-336.176,50000.000,58.00,0
2101,896.471,261.471,50000.000,77.00,829.235,-201.706,50000.000,67.00,0
2151,963.706,-186.765,50000.000,83.00,881.529,194.235,50000.000,62.00,0
2201,1210.235,74.706,50000.000,79.00,1157.941,171.824,50000.000,77.00,0
2251,1613.647,112.059,50000.000,77.00,1456.765,-37.353,50000.000,79.00,0
2301,1875.118,37.353,50000.000,91.00,1680.882,-276.412,50000.000,52.00,0
2351,2009.588,351.118,50000.000,87.00,1822.823,-179.294,50000.000,47.00,0
2401,1867.647,104.588,50000.000,58.00,1740.647,59.765,50000.000,68.00,0
2451,1897.529,-508.000,50000.000,80.00,1725.706,366.059,50000.000,62.00,0
2501,2129.117,-724.647,50000.000,78.00,1852.706,381.000,50000.000,61.00,0
2551,2256.117,-306.294,50000.000,68.00,2069.353,246.529,50000.000,71.00,0
2601,2495.176,-134.471,50000.000,56.00,2256.117,14.941,50000.000,53.00,0
2651,2704.353,-336.176,50000.000,42.00,2383.117,-224.118,50000.000,29.00,0
2701,2689.412,-89.647,50000.000,71.00,2569.882,-22.412,50000.000,59.00,0
2751,2622.176,141.941,50000.000,77.00,2495.176,0.000,50000.000,65.00,0
2801,2517.588,231.588,50000.000,57.00,2248.647,-59.765,50000.000,39.00,0
2851,2293.470,769.471,50000.000,90.00,2256.117,366.059,50000.000,52.00,0
2901,1875.118,433.294,50000.000,82.00,1837.765,52.294,50000.000,60.00,0
2951,1471.706,201.706,50000.000,72.00,1150.470,-119.529,50000.000,54.00,0
3001,672.353,493.059,50000.000,82.00,806.823,119.529,50000.000,56.00,0
3051,82.176,-156.882,50000.000,80.00,-22.412,-313.765,50000.000,55.00,0
3101,-552.823,-1157.941,50000.000,85.00,-881.529,-1083.235,50000.000,69.00,0
3151,-836.706,-2413.000,50000.000,70.00,-1531.470,-2427.941,50000.000,48.00,0
3201,-261.471,-1867.647,50000.000,54.00,-1322.294,-2517.588,50000.000,34.00,0
3251,754.529,1822.823,50000.000,74.00,933.823,-112.059,50000.000,59.00,0
3301,2233.706,3279.588,50000.000,72.00,2913.529,313.765,50000.000,64.00,0
3351,4295.588,1045.882,50000.000,54.00,3511.176,-1337.235,50000.000,59.00,0
3401,5408.706,1008.529,50000.000,74.00,4258.235,-2592.294,50000.000,37.00,0
3451,7231.529,597.647,50000.000,91.00,6013.823,-2607.235,50000.000,59.00,0
3501,8508.999,-179.294,50000.000,61.00,6917.764,-3048.000,50000.000,63.00,0
3551,10466.293,1509.059,50000.000,85.00,8733.117,-5109.882,50000.000,56.00,0
3601,12386.234,-851.647,50000.000,69.00,9480.176,-6148.294,50000.000,80.00,0
3651,14343.528,-859.118,50000.000,74.00,10249.646,-8202.705,50000.000,73.00,0
3701,16472.646,2921.000,50000.000,76.00,12595.411,-10272.059,50000.000,68.00,0
3751,18250.646,1845.235,50000.000,97.00,12236.822,-14074.587,50000.000,72.00,0
3801,20088.410,-4459.941,50000.000,60.00,11452.411,-16405.410,50000.000,50.00,0
3851,18033.998,-2151.529,50000.000,42.00,12879.293,-11796.058,50000.000,75.00,0
3901,17219.705,6544.235,50000.000,57.00,13842.999,-9801.411,50000.000,52.00,0
3951,18287.998,7485.529,50000.000,56.00,14500.411,-10032.999,50000.000,47.00,0
4001,19333.881,2046.941,50000.000,33.00,15762.940,-8381.999,50000.000,70.00,0
4051,18975.293,-874.059,50000.000,55.00,14463.058,-9622.117,50000.000,63.00,0
4101,20192.998,-343.647,50000.000,29.00,13641.293,-11489.764,50000.000,67.00,0
4151,19356.293,3040.529,50000.000,34.00,14044.705,-11766.176,50000.000,59.00,0
4201,20409.646,1867.647,50000.000,34.00,14134.352,-12520.705,50000.000,50.00,0
4251,20006.234,44.824,50000.000,49.00,14799.234,-10884.646,50000.000,56.00,0
4301,20715.939,-933.823,50000.000,31.00,14873.940,-10533.528,50000.000,62.00,0
4351,20992.352,3033.059,50000.000,31.00,16016.940,-10869.705,50000.000,55.00,0
4401,21507.822,4669.117,50000.000,42.00,17249.588,-13476.940,50000.000,56.00,0
4451,23390.410,851.647,50000.000,40.00,16786.410,-12819.528,50000.000,49.00,0
4501,23099.057,-1344.706,50000.000,53.00,17219.705,-12147.176,50000.000,51.00,0
4551,23427.764,-956.235,50000.000,15.00,16569.764,-13394.764,50000.000,37.00,0
4601,22762.881,5236.882,50000.000,67.00,18616.705,-15673.293,50000.000,75.00,0
4651,25392.527,3167.529,50000.000,73.00,19214.352,-15703.176,50000.000,81.00,0
4701,25145.998,-1120.588,50000.000,67.00,17772.527,-13148.234,50000.000,77.00,0
4751,25116.115,-2069.353,50000.000,59.00,18160.998,-14985.999,50000.000,66.00,0
4801,23345.586,3488.764,50000.000,80.00,17525.998,-14089.528,50000.000,71.00,0
4851,24794.881,5311.588,50000.000,84.00,17869.646,-15023.352,50000.000,53.00,0
4901,25564.352,-224.118,50000.000,70.00,17040.410,-13828.058,50000.000,60.00,0
4951,24466.176,-4176.059,50000.000,79.00,16270.940,-13969.999,50000.000,37.00,0
5001,23681.764,-2360.706,50000.000,69.00,15523.881,-15090.587,50000.000,54.00,0
5051,21067.057,4586.941,50000.000,72.00,15195.176,-14007.352,50000.000,61.00,0
5101,22949.645,754.529,50000.000,94.00,15060.705,-13207.999,50000.000,58.00,0
5151,21156.705,-4953.000,50000.000,56.00,14306.176,-11497.234,50000.000,69.00,0
5201,19811.998,-5162.176,50000.000,52.00,13648.764,-11669.058,50000.000,48.00,0
5251,18922.998,-664.882,50000.000,50.00,12998.822,-11474.822,50000.000,62.00,0
5301,17667.939,2472.765,50000.000,74.00,12445.999,-13073.528,50000.000,49.00,0
5351,18250.646,-2151.529,50000.000,57.00,12042.588,-12983.882,50000.000,64.00,0
5401,16509.998,-5729.941,50000.000,58.00,11205.882,-12774.705,50000.000,66.00,0
5451,16136.470,-6738.470,50000.000,48.00,10481.234,-13760.822,50000.000,42.00,0
5501,16084.176,-1337.235,50000.000,46.00,10443.882,-13544.176,50000.000,69.00,0
5551,15269.881,948.765,50000.000,55.00,10765.117,-13110.882,50000.000,54.00,0
5601,14978.528,-3623.235,50000.000,38.00,9726.705,-11810.999,50000.000,47.00,0
5651,13984.940,-6357.470,50000.000,52.00,9368.117,-11631.705,50000.000,55.00,0
5701,13775.764,-6260.353,50000.000,37.00,8240.059,-13671.176,50000.000,41.00,0
5751,12528.176,993.588,50000.000,56.00,8718.176,-11407.588,50000.000,53.00,0
5801,10869.705,3907.117,50000.000,54.00,8875.059,-8262.470,50000.000,75.00,0
5851,10555.940,-1636.059,50000.000,41.00,7321.176,-8800.353,50000.000,60.00,0
5901,9838.764,-4228.353,50000.000,69.00,6081.059,-9988.176,50000.000,53.00,0
5951,9592.234,-6051.176,50000.000,44.00,5266.764,-11960.411,50000.000,54.00,0
6001,10115.176,-5065.059,50000.000,54.00,5147.235,-14926.234,50000.000,55.00,0
6051,10757.646,1165.412,50000.000,75.00,6850.529,-15643.411,50000.000,78.00,0
6101,11392.646,-754.529,50000.000,74.00,6947.646,-15187.705,50000.000,74.00,0
6151,10951.882,-5909.235,50000.000,64.00,6305.176,-15157.822,50000.000,61.00,0
6201,11407.588,-6454.588,50000.000,46.00,6200.588,-16532.410,50000.000,46.00,0
6251,10316.882,-1710.765,50000.000,78.00,5849.470,-15987.058,50000.000,68.00,0
6301,9950.823,-1994.647,50000.000,75.00,5304.117,-15561.234,50000.000,75.00,0
6351,9554.882,-6185.646,50000.000,54.00,4534.647,-14679.705,50000.000,75.00,0
6401,8680.823,-6260.353,50000.000,44.00,3974.353,-14731.999,50000.000,67.00,0
6451,7493.000,-2622.176,50000.000,42.00,3593.353,-14336.058,50000.000,77.00,0
6501,6514.353,37.353,50000.000,96.00,3175.000,-14365.940,50000.000,56.00,0
6551,7044.764,-4728.882,50000.000,56.00,2749.176,-13880.352,50000.000,77.00,0
6601,5737.411,-9061.823,50000.000,48.00,1778.000,-13633.822,50000.000,76.00,0
6651,5580.529,-7164.293,50000.000,54.00,1613.647,-12871.822,50000.000,51.00,0
6701,3981.823,-2891.117,50000.000,61.00,1120.588,-11833.411,50000.000,70.00,0
6751,3810.000,-3488.764,50000.000,57.00,112.059,-13447.058,50000.000,46.00,0
6801,3197.412,-7268.882,50000.000,42.00,-896.471,-11825.940,50000.000,66.00,0
6851,2749.176,-9143.999,50000.000,27.00,-1613.647,-12012.705,50000.000,61.00,0
6901,2278.529,-6559.176,50000.000,36.00,-2039.470,-11758.705,50000.000,33.00,0
6951,1180.353,-1636.059,50000.000,61.00,-1778.000,-11766.176,50000.000,47.00,0
7001,1247.588,-2801.470,50000.000,73.00,-2300.941,-12401.176,50000.000,74.00,0
7051,1135.529,-8889.999,50000.000,48.00,-3062.941,-12722.411,50000.000,72.00,0
7101,1561.353,-10869.705,50000.000,39.00,-3361.764,-14679.705,50000.000,66.00,0
7151,859.118,-5812.117,50000.000,68.00,-3137.647,-14149.293,50000.000,79.00,0
7201,-82.176,-791.882,50000.000,77.00,-2517.588,-13215.470,50000.000,78.00,0
7251,515.471,-3765.176,50000.000,66.00,-2913.529,-12774.705,50000.000,69.00,0
7301,343.647,-7395.882,50000.000,41.00,-3077.882,-11870.764,50000.000,58.00,0
7351,754.529,-6977.529,50000.000,29.00,-2734.235,-12550.587,50000.000,50.00,0
7401,67.235,-3959.411,50000.000,57.00,-3175.000,-13857.940,50000.000,43.00,0
7451,-14.941,-3182.470,50000.000,78.00,-3526.117,-15239.999,50000.000,37.00,0
7501,-209.176,-7515.411,50000.000,45.00,-4004.235,-14179.176,50000.000,47.00,0
7551,-455.706,-9002.059,50000.000,53.00,-4572.000,-13850.470,50000.000,69.00,0
7601,-1733.176,-6753.411,50000.000,34.00,-4407.647,-11317.940,50000.000,38.00,0
7651,-2719.294,-4661.647,50000.000,78.00,-4646.706,-10413.999,50000.000,47.00,0
7701,-2935.941,-7321.176,50000.000,44.00,-5132.294,-10458.823,50000.000,49.00,0
7751,-3578.412,-11915.588,50000.000,53.00,-6185.646,-11527.117,50000.000,52.00,0
7801,-3227.294,-12027.646,50000.000,40.00,-6245.411,-12139.705,50000.000,70.00,0
7851,-3899.647,-7963.646,50000.000,65.00,-5722.470,-10660.528,50000.000,69.00,0
7901,-3892.176,-7209.117,50000.000,67.00,-5617.882,-10869.705,50000.000,57.00,0
7951,-4093.882,-10286.999,50000.000,63.00,-6409.764,-9651.999,50000.000,73.00,0
8001,-4669.117,-12281.646,50000.000,62.00,-6865.470,-9846.234,50000.000,70.00,0
8051,-4273.176,-10511.117,50000.000,50.00,-7022.353,-10682.940,50000.000,67.00,0
8101,-5319.059,-4594.412,50000.000,56.00,-6858.000,-7552.764,50000.000,79.00,0
8151,-6611.470,-866.588,50000.000,80.00,-6671.235,-4258.235,50000.000,93.00,0
8201,-6409.764,-2091.765,50000.000,71.00,-6820.646,-3653.117,50000.000,94.00,0
8251,-6618.941,-4848.412,50000.000,45.00,-7859.058,-4908.176,50000.000,58.00,0
8301,-6671.235,-6529.293,50000.000,65.00,-8546.353,-7590.117,50000.000,58.00,0
8351,-6738.470,-8329.705,50000.000,43.00,-9218.705,-9965.764,50000.000,34.00,0
8401,-7485.529,-7500.470,50000.000,59.00,-9599.705,-9711.764,50000.000,71.00,0
8451,-8008.470,-8269.940,50000.000,45.00,-10182.411,-10003.117,50000.000,42.00,0
8501,-7612.529,-11527.117,50000.000,59.00,-10264.588,-9704.294,50000.000,75.00,0
8551,-8060.764,-13842.999,50000.000,56.00,-10892.117,-10040.470,50000.000,42.00,0
8601,-8060.764,-11340.353,50000.000,73.00,-10242.176,-10047.940,50000.000,62.00,0
8651,-8060.764,-9435.353,50000.000,45.00,-10174.940,-8344.646,50000.000,71.00,0
8701,-8083.176,-8120.529,50000.000,47.00,-9861.176,-6462.059,50000.000,57.00,0
8751,-8068.235,-7395.882,50000.000,56.00,-9397.999,-5177.117,50000.000,66.00,0
8801,-7986.058,-9031.940,50000.000,35.00,-9786.470,-7821.706,50000.000,63.00,0
8851,-7485.529,-9129.059,50000.000,53.00,-9793.940,-9793.940,50000.000,69.00,0
8901,-8277.411,-8083.176,50000.000,54.00,-9248.588,-10361.705,50000.000,75.00,0
8951,-7373.470,-10309.411,50000.000,52.00,-10227.234,-10996.705,50000.000,72.00,0
9001,-8150.411,-13910.234,50000.000,44.00,-10316.882,-10316.882,50000.000,49.00,0
9051,-7769.411,-12886.764,50000.000,36.00,-10526.059,-12020.176,50000.000,68.00,0
9101,-7410.823,-6133.353,50000.000,35.00,-9495.117,-11041.528,50000.000,73.00,0
9151,-7859.058,926.353,50000.000,47.00,-8277.411,-7724.588,50000.000,46.00,0
9201,-6618.941,515.471,50000.000,43.00,-7112.000,-7605.058,50000.000,44.00,0
9251,-6096.000,-6200.588,50000.000,48.00,-8172.823,-8583.705,50000.000,18.00,0
9301,-5849.470,-10488.705,50000.000,47.00,-9405.470,-12707.470,50000.000,36.00,0
9351,-5976.470,-10018.059,50000.000,38.00,-10025.528,-14343.528,50000.000,33.00,0
9401,-6723.529,-7761.940,50000.000,37.00,-9726.705,-14179.176,50000.000,41.00,0
9451,-6402.293,-9330.764,50000.000,42.00,-9793.940,-13245.352,50000.000,46.00,0
9501,-6925.235,-9532.470,50000.000,43.00,-9704.294,-9397.999,50000.000,42.00,0
9551,-7358.529,-7463.117,50000.000,51.00,-9121.588,-8247.529,50000.000,32.00,0
9601,-7956.176,-5834.529,50000.000,42.00,-9853.705,-9622.117,50000.000,38.00,0
9651,-7896.411,-7186.706,50000.000,78.00,-9965.764,-10212.293,50000.000,43.00,0
9701,-8105.588,-12841.940,50000.000,54.00,-10914.528,-9734.176,50000.000,26.00,0
9751,-8508.999,-14276.293,50000.000,60.00,-11258.176,-9913.470,50000.000,41.00,0
9801,-8912.411,-11400.117,50000.000,66.00,-10899.588,-8576.234,50000.000,38.00,0
9851,-8733.117,-11362.764,50000.000,59.00,-11310.470,-9749.117,50000.000,73.00,0
9901,-9300.882,-13887.822,50000.000,44.00,-11213.353,-7657.353,50000.000,70.00,0
9951,-9330.764,-13080.999,50000.000,65.00,-10533.528,-5759.823,50000.000,53.00,0
10001,-9069.294,-10981.764,50000.000,44.00,-11183.470,-7007.411,50000.000,53.00,0
10051,-9876.117,-8598.646,50000.000,60.00,-10907.058,-6731.000,50000.000,64.00,0
10101,-9696.823,-8142.940,50000.000,66.00,-10936.940,-6484.470,50000.000,53.00,0
10151,-9129.059,-9039.411,50000.000,49.00,-10279.528,-5804.646,50000.000,59.00,0
10201,-8762.999,-10869.705,50000.000,47.00,-10884.646,-7029.823,50000.000,53.00,0
10251,-8785.411,-10130.117,50000.000,37.00,-11601.822,-9009.528,50000.000,68.00,0
10301,-9375.588,-8075.706,50000.000,56.00,-10907.058,-9943.353,50000.000,76.00,0
10351,-9121.588,-8755.529,50000.000,50.00,-11676.528,-9719.234,50000.000,42.00,0
10401,-9375.588,-9838.764,50000.000,57.00,-11325.411,-7463.117,50000.000,63.00,0
10451,-9928.411,-9569.823,50000.000,42.00,-11937.999,-6985.000,50000.000,54.00,0
10501,-9861.176,-8008.470,50000.000,58.00,-12079.940,-7717.117,50000.000,66.00,0
10551,-10847.293,-7209.117,50000.000,54.00,-12206.940,-7500.470,50000.000,46.00,0
10601,-10944.411,-8882.529,50000.000,48.00,-12991.353,-7336.117,50000.000,43.00,0
10651,-11243.234,-10563.411,50000.000,37.00,-13028.705,-5722.470,50000.000,57.00,0
10701,-12289.117,-9741.646,50000.000,50.00,-13469.470,-4803.588,50000.000,67.00,0
10751,-12064.999,-7709.646,50000.000,42.00,-13193.058,-5109.882,50000.000,72.00,0
10801,-12191.999,-7418.293,50000.000,50.00,-13349.940,-5431.117,50000.000,73.00,0
10851,-12460.940,-9009.528,50000.000,54.00,-14164.234,-6656.293,50000.000,73.00,0
10901,-12699.999,-10242.176,50000.000,42.00,-14029.764,-5408.706,50000.000,71.00,0
10951,-13775.764,-7687.235,50000.000,47.00,-14261.352,-3204.882,50000.000,77.00,0
11001,-14067.116,-5625.353,50000.000,48.00,-13895.293,-3832.412,50000.000,66.00,0
11051,-13760.822,-7044.764,50000.000,50.00,-14761.882,-6215.529,50000.000,61.00,0
11101,-13805.646,-9383.059,50000.000,43.00,-14545.234,-8083.176,50000.000,77.00,0
11151,-14156.764,-13439.587,50000.000,42.00,-15038.293,-7620.000,50000.000,63.00,0
11201,-14717.058,-14918.764,50000.000,23.00,-15807.764,-7478.058,50000.000,52.00,0
11251,-14806.705,-11168.528,50000.000,46.00,-15307.234,-8314.764,50000.000,27.00,0
11301,-15322.176,-9278.470,50000.000,41.00,-15620.999,-8329.705,50000.000,13.00,0
11351,-14844.058,-9666.940,50000.000,36.00,-15927.293,-8867.588,50000.000,18.00,0
11401,-14104.470,-11116.234,50000.000,39.00,-15501.470,-8553.823,50000.000,20.00,0
11451,-13775.764,-10309.411,50000.000,28.00,-14724.528,-8845.176,50000.000,22.00,0
11501,-13536.705,-6267.823,50000.000,44.00,-14911.293,-9285.940,50000.000,25.00,0
11551,-13379.822,-2607.235,50000.000,33.00,-14530.293,-8546.353,50000.000,37.00,0
11601,-12991.353,-3839.882,50000.000,58.00,-14358.470,-9024.470,50000.000,35.00,0
11651,-12371.293,-9069.294,50000.000,96.00,-14126.882,-10159.999,50000.000,40.00,0
11701,-11840.882,-10070.353,50000.000,34.00,-13439.587,-11019.117,50000.000,64.00,0
11751,-11542.058,-6469.529,50000.000,64.00,-12894.234,-10563.411,50000.000,61.00,0
11801,-12132.234,-4624.294,50000.000,90.00,-13140.764,-10234.705,50000.000,65.00,0
11851,-11407.588,-7747.000,50000.000,56.00,-12983.882,-9786.470,50000.000,72.00,0
11901,-11116.234,-10735.234,50000.000,63.00,-13342.470,-9666.940,50000.000,66.00,0
11951,-10555.940,-9681.882,50000.000,56.00,-13118.353,-9898.528,50000.000,51.00,0
12001,-11146.117,-7156.823,50000.000,63.00,-13215.470,-9808.882,50000.000,44.00,0
12051,-11265.646,-6521.823,50000.000,53.00,-13275.234,-9920.940,50000.000,38.00,0
12101,-11071.411,-8830.234,50000.000,58.00,-13506.822,-9091.705,50000.000,64.00,0
12151,-10563.411,-10540.999,50000.000,116.00,-13200.528,-10122.646,50000.000,47.00,0
12201,-10092.764,-7687.235,50000.000,45.00,-12348.882,-10092.764,50000.000,60.00,0
12251,-9868.646,-1531.470,50000.000,49.00,-10436.411,-6611.470,50000.000,35.00,0
12301,-9375.588,1135.529,50000.000,61.00,-9584.764,-5692.588,50000.000,48.00,0
12351,-7186.706,-2584.823,50000.000,50.00,-8531.411,-7373.470,50000.000,66.00,0
12401,-5722.470,-6477.000,50000.000,47.00,-7769.411,-10682.940,50000.000,54.00,0
12451,-4071.470,-7709.646,50000.000,40.00,-7649.882,-13297.646,50000.000,49.00,0
12501,-4960.470,-4758.764,50000.000,52.00,-6581.588,-11676.528,50000.000,71.00,0
12551,-4669.117,-3556.000,50000.000,37.00,-6536.764,-12416.117,50000.000,62.00,0
12601,-4191.000,-7321.176,50000.000,52.00,-7179.235,-12849.411,50000.000,56.00,0
12651,-4833.470,-9689.353,50000.000,44.00,-7634.940,-12991.353,50000.000,47.00,0
12701,-4601.882,-7014.882,50000.000,38.00,-6932.706,-11347.823,50000.000,82.00,0
12751,-4908.176,-3548.529,50000.000,44.00,-6678.706,-9495.117,50000.000,64.00,0
12801,-4340.412,-3107.764,50000.000,54.00,-5782.235,-9487.646,50000.000,62.00,0
12851,-2906.059,-5319.059,50000.000,34.00,-5035.176,-9547.411,50000.000,70.00,0
12901,-2637.117,-7874.000,50000.000,62.00,-4848.412,-10316.882,50000.000,86.00,0
12951,-2084.294,-8725.646,50000.000,42.00,-5027.706,-11452.411,50000.000,72.00,0
13001,-2816.412,-7582.646,50000.000,58.00,-5431.117,-13095.940,50000.000,33.00,0
13051,-2883.647,-7590.117,50000.000,37.00,-6499.411,-14918.764,50000.000,65.00,0
13101,-3160.059,-10832.353,50000.000,47.00,-6491.941,-14313.646,50000.000,24.00,0
13151,-2652.059,-12386.234,50000.000,36.00,-6962.588,-14350.999,50000.000,44.00,0
13201,-3369.235,-10346.764,50000.000,42.00,-5969.000,-12169.588,50000.000,22.00,0
13251,-3406.588,-9069.294,50000.000,38.00,-6155.764,-12371.293,50000.000,43.00,0
13301,-3092.823,-10705.353,50000.000,50.00,-5976.470,-11265.646,50000.000,33.00,0
13351,-3033.059,-11624.234,50000.000,47.00,-5886.823,-9988.176,50000.000,37.00,0
13401,-2950.882,-10174.940,50000.000,44.00,-5856.941,-10511.117,50000.000,27.00,0
13451,-3152.588,-6491.941,50000.000,46.00,-5371.353,-10645.588,50000.000,42.00,0
13501,-3249.706,-5991.411,50000.000,45.00,-5334.000,-10324.353,50000.000,57.00,0
13551,-3518.647,-9143.999,50000.000,42.00,-5513.294,-8785.411,50000.000,37.00,0
13601,-4153.647,-10466.293,50000.000,36.00,-6387.353,-7268.882,50000.000,31.00,0
13651,-4758.764,-8792.882,50000.000,32.00,-6230.470,-6985.000,50000.000,31.00,0
13701,-4736.353,-7993.529,50000.000,58.00,-6671.235,-9569.823,50000.000,52.00,0
13751,-4713.941,-9181.353,50000.000,50.00,-6611.470,-10951.882,50000.000,81.00,0
13801,-4616.823,-11773.646,50000.000,46.00,-6970.059,-9681.882,50000.000,64.00,0
13851,-4713.941,-13327.528,50000.000,49.00,-6977.529,-9965.764,50000.000,57.00,0
13901,-4728.882,-11788.588,50000.000,57.00,-7373.470,-11900.646,50002.000,73.00,0
13951,-5416.176,-10115.176,50000.000,78.00,-7082.117,-11766.176,50000.000,43.00,0
14001,-4975.412,-11631.705,50000.000,46.00,-8001.000,-11654.117,50000.000,68.00,0
14051,-4848.412,-12132.234,50000.000,70.00,-7455.646,-9532.470,50000.000,59.00,0
14101,-4826.000,-11019.117,50000.000,53.00,-7194.176,-9905.999,50000.000,69.00,0
14151,-4930.588,-8830.234,50000.000,85.00,-7089.588,-11213.353,50000.000,68.00,0
14201,-4788.647,-8277.411,50000.000,53.00,-7552.764,-13066.058,50000.000,52.00,0
14251,-4370.294,-10406.528,50000.000,44.00,-7761.940,-11444.940,50000.000,74.00,0
14301,-4960.470,-11362.764,50000.000,38.00,-7246.470,-10242.176,50000.000,35.00,0
14351,-4982.882,-9622.117,50000.000,58.00,-7634.940,-10458.823,50000.000,61.00,0
14401,-5707.529,-7059.706,50000.000,81.00,-7761.940,-9450.294,50000.000,59.00,0
14451,-5774.764,-8441.764,50000.000,41.00,-8180.293,-8606.117,50000.000,41.00,0
14501,-6364.941,-9659.470,50000.000,54.00,-8232.588,-7209.117,50000.000,80.00,0
14551,-6506.882,-9846.234,50000.000,56.00,-8897.470,-7351.058,50000.000,54.00,0
14601,-6872.941,-8083.176,50000.000,47.00,-8987.117,-7321.176,50000.000,64.00,0
14651,-6955.117,-5715.000,50000.000,48.00,-8680.823,-6768.353,50000.000,67.00,0
14701,-6566.646,-6058.646,50000.000,45.00,-8777.940,-7425.764,50000.000,57.00,0
14751,-6663.764,-8673.353,50000.000,49.00,-8725.646,-6529.293,50000.000,60.00,0
14801,-7022.353,-9898.528,50000.000,53.00,-9151.470,-6230.470,50000.000,70.00,0
14851,-7067.176,-7888.940,50000.000,52.00,-8979.646,-6499.411,50000.000,48.00,0
14901,-6895.353,-5304.117,50000.000,48.00,-8486.588,-6693.646,50000.000,63.00,0
14951,-7216.588,-4803.588,50000.000,45.00,-8621.059,-5461.000,50000.000,66.00,0
15001,-7433.235,-4310.529,50000.000,41.00,-8038.353,-4422.588,50000.000,46.00,0
15051,-7164.293,-4280.647,50000.000,40.00,-7761.940,-3593.353,50000.000,66.00,0
15101,-7306.235,-4557.059,50000.000,37.00,-7500.470,-4108.823,50000.000,73.00,0
15151,-6223.000,-6611.470,50000.000,35.00,-8337.176,-7627.470,50000.000,45.00,0
15201,-6163.235,-4945.529,50000.000,41.00,-7963.646,-9091.705,50000.000,59.00,0
15251,-6783.293,-3003.176,50000.000,54.00,-7903.882,-7283.823,50000.000,86.00,0
15301,-6589.059,-3929.529,50000.000,46.00,-8023.411,-6626.411,50000.000,71.00,0
15351,-6223.000,-8030.882,50000.000,48.00,-7896.411,-5819.588,50000.000,86.00,0
15401,-5983.941,-10234.705,50000.000,38.00,-8098.117,-7261.411,50000.000,84.00,0
15451,-6566.646,-6327.588,50000.000,34.00,-8105.588,-5983.941,50000.000,80.00,0
15501,-8225.117,-1202.765,50000.000,39.00,-7567.706,-2196.353,50000.000,51.00,0
15551,-8688.294,-171.824,50000.000,41.00,-7776.882,-463.176,50000.000,57.00,0
15601,-7761.940,7.471,50000.000,45.00,-7485.529,-2256.117,50000.000,42.00,0
15651,-5767.294,231.588,50000.000,54.00,-6342.529,-4534.647,50000.000,62.00,0
15701,-4422.588,-2300.941,50000.000,59.00,-5296.646,-7478.058,50000.000,50.00,0
15751,-3593.353,-5528.235,50000.000,43.00,-5789.706,-10421.470,50000.000,65.00,0
15801,-4228.353,-5752.353,50000.000,34.00,-5871.882,-10130.117,50000.000,29.00,0
15851,-4788.647,-3399.117,50000.000,42.00,-6499.411,-9734.176,50000.000,48.00,0
15901,-4997.823,-433.294,50000.000,37.00,-5767.294,-8703.234,50000.000,28.00,0
15951,-4131.235,-1120.588,50000.000,56.00,-5595.470,-10003.117,50000.000,55.00,0
16001,-2427.941,-6850.529,50000.000,29.00,-5221.941,-12005.234,50000.000,26.00,0
16051,-1165.412,-9091.705,50000.000,24.00,-5752.353,-14776.822,50000.000,36.00,0
16101,-1374.588,-4564.529,50000.000,41.00,-4848.412,-13708.528,50000.000,27.00,0
16151,-1651.000,2188.882,50000.000,33.00,-3623.235,-11063.940,50000.000,56.00,0
16201,-1038.412,-104.588,50000.000,32.00,-3145.117,-10929.470,50000.000,42.00,0
16251,-209.176,-6917.764,50000.000,35.00,-4004.235,-12020.176,50000.000,60.00,0
16301,582.706,-8150.411,50000.000,40.00,-3548.529,-14029.764,50000.000,70.00,0
16351,82.176,-3399.117,50002.000,35.00,-3003.176,-12505.764,50000.000,58.00,0
16401,-209.176,-1449.294,49999.000,69.00,-2405.529,-11923.058,50000.000,65.00,0
16451,-522.941,-6858.000,49999.000,116.00,-3660.588,-11340.353,49998.000,31.00,0
16501,-911.412,-10869.705,50000.000,60.00,-4594.412,-13357.411,50000.000,51.00,0
16551,-635.000,-9330.764,50000.000,52.00,-4803.588,-13902.764,50000.000,64.00,0
16601,-2099.235,-7029.823,50000.000,70.00,-4975.412,-13768.293,50000.000,59.00,0
16651,-1538.941,-9323.294,50000.000,46.00,-5020.235,-12879.293,50000.000,75.00,0
16701,-1770.529,-10443.882,50000.000,63.00,-4669.117,-10914.528,50000.000,60.00,0
16751,-1202.765,-9353.176,50000.000,52.00,-4340.412,-12072.470,50000.000,46.00,0
16801,-978.647,-3772.647,50000.000,68.00,-3765.176,-10645.588,50000.000,61.00,0
16851,-1479.176,-493.059,50000.000,102.00,-3466.353,-10159.999,50000.000,59.00,0
16901,-978.647,-5588.000,50000.000,80.00,-3795.059,-9689.353,50000.000,64.00,0
16951,-2233.706,-10197.353,50000.000,63.00,-4923.117,-9241.117,50000.000,75.00,0
17001,-2144.059,-8852.646,50000.000,51.00,-4758.764,-9338.234,50000.000,48.00,0
17051,-2427.941,-6327.588,50000.000,56.00,-4878.294,-9905.999,50000.000,70.00,0
17101,-1845.235,-5573.059,50000.000,75.00,-4654.176,-10212.293,50000.000,49.00,0
17151,-1710.765,-6544.235,50000.000,51.00,-4303.059,-8464.176,50000.000,60.00,0
17201,-2233.706,-6678.706,50000.000,46.00,-4034.117,-7821.706,50000.000,57.00,0
17251,-1733.176,-5670.176,50000.000,56.00,-4437.529,-9181.353,50000.000,61.00,0
17301,-2076.823,-1426.882,50000.000,44.00,-3817.470,-8837.705,50000.000,45.00,0
17351,-1852.706,2196.353,50000.000,86.00,-3145.117,-8180.293,50000.000,49.00,0
17401,-1568.823,-358.588,50000.000,60.00,-3085.353,-7814.235,50000.000,64.00,0
17451,-971.176,-3951.941,50000.000,58.00,-3264.647,-8703.234,50000.000,55.00,0
17501,97.118,-4766.235,50000.000,35.00,-3272.117,-10578.353,50000.000,54.00,0
17551,836.706,657.412,50000.000,43.00,-1591.235,-9009.528,50000.000,64.00,0
17601,1516.529,5983.941,50000.000,92.00,328.706,-7903.882,50000.000,70.00,0
17651,2958.353,2554.941,50000.000,73.00,1016.000,-9241.117,50000.000,53.00,0
17701,3257.176,-2816.412,50000.000,53.00,82.176,-10249.646,50000.000,58.00,0
17751,3854.823,-4758.764,50000.000,52.00,22.412,-12431.058,50000.000,41.00,0
17801,4071.470,799.353,50000.000,49.00,1143.000,-9920.940,50000.000,37.00,0
17851,4138.706,4713.941,50000.000,81.00,3212.353,-8187.764,50000.000,54.00,0
17901,5700.059,-1411.941,50000.000,46.00,2069.353,-10877.176,50000.000,51.00,0
17951,5490.882,-6320.117,50000.000,77.00,776.941,-14044.705,50000.000,46.00,0
18001,5431.117,-6081.059,50000.000,40.00,493.059,-14149.293,50000.000,57.00,0
18051,4228.353,-1232.647,50000.000,46.00,806.823,-12445.999,50000.000,77.00,0
18101,4684.059,1053.353,50000.000,72.00,2121.647,-12520.705,50000.000,54.00,0
18151,5520.764,-2308.412,50000.000,44.00,2525.059,-9973.234,50000.000,83.00,0
18201,5685.117,-5782.235,50000.000,29.00,2719.294,-11004.176,50000.000,85.00,0
18251,6379.882,-4250.765,50000.000,39.00,2263.588,-13805.646,50000.000,60.00,0
18301,5983.941,1703.294,50000.000,55.00,3242.235,-14037.234,50000.000,75.00,0
18351,6439.646,455.706,50000.000,70.00,3369.235,-13925.176,50000.000,59.00,0
18401,6514.353,-3780.117,50000.000,50.00,2652.059,-12431.058,50000.000,75.00,0
18451,6200.588,-4609.353,50000.000,44.00,2861.235,-12565.528,50000.000,69.00,0
18501,5871.882,-978.647,50000.000,56.00,2786.529,-13290.176,50000.000,60.00,0
18551,5931.646,1890.059,50000.000,97.00,3361.764,-15344.587,50000.000,78.00,0
18601,7253.941,-2398.059,50000.000,62.00,2973.294,-15852.587,50000.000,45.00,0
18651,7246.470,-5199.529,50000.000,45.00,2734.235,-17906.998,50000.000,47.00,0
18701,7448.176,-2681.941,50000.000,41.00,2517.588,-15770.411,50000.000,78.00,0
18751,6790.764,-649.941,50000.000,66.00,3421.529,-15747.999,50000.000,49.00,0
18801,7515.411,-5094.941,50000.000,76.00,2853.764,-15419.293,50000.000,44.00,0
18851,7732.058,-7702.176,50000.000,46.00,2375.647,-15860.058,50000.000,73.00,0
18901,6887.882,-4400.176,50000.000,58.00,2173.941,-15912.352,50000.000,57.00,0
18951,6708.588,-1449.294,50000.000,82.00,2420.470,-16226.116,50000.000,56.00,0
19001,6902.823,-6641.353,50000.000,84.00,1852.706,-15665.822,50000.000,73.00,0
19051,6208.059,-9711.764,50000.000,77.00,1546.412,-16091.646,50000.000,78.00,0
19101,5946.588,-7687.235,50000.000,82.00,1225.176,-15927.293,50000.000,73.00,0
19151,4400.176,-5042.646,50000.000,81.00,470.647,-15060.705,50000.000,54.00,0
19201,4161.117,-7829.176,50000.000,75.00,-119.529,-13768.293,50000.000,52.00,0
19251,3645.647,-10137.588,50000.000,56.00,-963.706,-12333.940,50000.000,51.00,0
19301,3541.059,-9270.999,50000.000,48.00,-859.118,-11960.411,50000.000,47.00,0
19351,2569.882,-6820.646,50000.000,61.00,-1277.470,-13686.117,50000.000,43.00,0
19401,3018.117,-7956.176,50000.000,60.00,-1651.000,-14672.234,50000.000,42.00,0
19451,2808.941,-12318.999,50000.000,48.00,-2173.941,-13424.646,50000.000,49.00,0
19501,2719.294,-12468.411,50000.000,47.00,-2099.235,-13185.587,50000.000,56.00,0
19551,2293.470,-8979.646,50000.000,64.00,-2353.235,-14866.470,50000.000,44.00,0
19601,2121.647,-8150.411,50000.000,76.00,-2659.529,-15583.646,50000.000,77.00,0
19651,2965.823,-10466.293,50000.000,39.00,-2353.235,-14776.822,50000.000,63.00,0
19701,3399.117,-10010.588,50000.000,48.00,-2039.470,-14627.411,50000.000,71.00,0
19751,2106.706,-5139.764,50000.000,61.00,-1718.235,-14365.940,50000.000,77.00,0
19801,1987.176,-4325.470,50000.000,47.00,-1822.823,-14672.234,50000.000,68.00,0
19851,1949.823,-8426.823,50000.000,46.00,-2286.000,-13432.117,50000.000,63.00,0
19901,2510.117,-9114.117,50000.000,49.00,-1845.235,-14731.999,50000.000,74.00,0
19951,1792.941,-5065.059,50000.000,85.00,-2069.353,-15008.411,50000.000,47.00,0
20001,1419.412,-3443.941,50000.000,74.00,-2390.588,-15665.822,50000.000,68.00,0
20051,2069.353,-8337.176,50000.000,42.00,-2704.353,-15299.764,50000.000,21.00,0
20101,2614.706,-10436.411,50000.000,41.00,-2913.529,-15770.411,50000.000,47.00,0
20151,1837.765,-7874.000,50000.000,48.00,-3167.529,-16689.293,50000.000,31.00,0
20201,1538.941,-6940.176,50000.000,62.00,-3757.706,-17682.881,50000.000,72.00,0
20251,1807.882,-10600.764,50000.000,56.00,-3496.235,-16248.528,50000.000,31.00,0
20301,1822.823,-11265.646,50000.000,35.00,-3376.706,-16121.528,50000.000,61.00,0
20351,455.706,-8344.646,50000.000,55.00,-3705.412,-15845.116,50000.000,46.00,0
20401,29.882,-7395.882,50000.000,61.00,-4594.412,-16420.352,50000.000,84.00,0
20451,14.941,-9457.764,50000.000,51.00,-4295.588,-14223.999,50000.000,25.00,0
20501,-425.823,-9569.823,50000.000,38.00,-4265.706,-14238.940,50000.000,73.00,0
20551,-149.412,-6110.941,50000.000,44.00,-3884.706,-12169.588,50000.000,56.00,0
20601,-1008.529,-3003.176,50000.000,61.00,-3488.764,-12513.234,50000.000,78.00,0
20651,-29.882,-5005.294,50000.000,74.00,-3780.117,-12744.822,50000.000,40.00,0
20701,-769.471,-7448.176,50000.000,94.00,-4108.823,-12020.176,50000.000,48.00,0
20751,-82.176,-7836.646,50000.000,36.00,-4318.000,-13290.176,50000.000,62.00,0
20801,-1030.941,-4064.000,50000.000,105.00,-4280.647,-13252.822,50000.000,48.00,0
20851,-403.412,-3869.764,50000.000,95.00,-4161.117,-14119.411,50000.000,52.00,0
20901,-582.706,-8875.059,50000.000,70.00,-4519.706,-13028.705,50000.000,58.00,0
20951,261.471,-10107.705,50000.000,49.00,-4191.000,-14582.587,50000.000,55.00,0
21001,-22.412,-6424.706,50000.000,63.00,-3787.588,-12886.764,50000.000,57.00,0
21051,-254.000,-3959.411,50000.000,91.00,-3496.235,-12812.058,50000.000,56.00,0
21101,276.412,-8060.764,50000.000,70.00,-3884.706,-11997.764,50000.000,38.00,0
21151,-672.353,-10309.411,50000.000,51.00,-4310.529,-11429.999,50000.000,69.00,0
21201,-1045.882,-8994.588,50000.000,47.00,-4377.765,-10936.940,50000.000,85.00,0
21251,-2076.823,-7179.235,50000.000,56.00,-4340.412,-9973.234,50000.000,79.00,0
21301,-1792.941,-8030.882,50000.000,39.00,-4265.706,-9435.353,50000.000,46.00,0
21351,-2188.882,-9980.705,50000.000,43.00,-4355.353,-8718.176,50000.000,44.00,0
21401,-2203.823,-8232.588,50000.000,36.00,-4616.823,-7829.176,50000.000,76.00,0
21451,-3130.176,-2644.588,50000.000,44.00,-3944.470,-6932.706,50000.000,57.00,0
21501,-3003.176,-926.353,50000.000,47.00,-4086.411,-8337.176,50000.000,71.00,0
21551,-2173.941,-2106.706,50000.000,65.00,-4885.764,-12027.646,50000.000,49.00,0
21601,-1509.059,-5909.235,50000.000,38.00,-5192.059,-14216.528,50000.000,76.00,0
21651,-881.529,-7634.940,50000.000,35.00,-5438.588,-16054.293,50000.000,54.00,0
21701,-328.706,-2965.823,50000.000,48.00,-4273.176,-15195.176,50000.000,59.00,0
21751,-463.176,239.059,50000.000,55.00,-4220.882,-14814.176,50000.000,62.00,0
21801,-141.941,-5169.646,50000.000,34.00,-4168.588,-15299.764,50000.000,77.00,0
21851,403.412,-7724.588,50000.000,54.00,-4758.764,-16046.822,50000.000,74.00,0
21901,-201.706,-3287.059,50000.000,45.00,-3847.353,-14761.882,50000.000,81.00,0
21951,-1157.941,-903.941,50000.000,98.00,-4026.647,-14731.999,50000.000,71.00,0
22001,-612.588,-6081.059,50000.000,49.00,-4362.823,-15322.176,50000.000,72.00,0
22051,-620.059,-9241.117,50000.000,42.00,-5199.529,-16248.528,50000.000,60.00,0
22101,-1232.647,-6402.293,50000.000,59.00,-4669.117,-14717.058,50000.000,55.00,0
22151,-2241.176,-3189.941,50000.000,76.00,-4975.412,-14485.470,50000.000,76.00,0
22201,-1367.118,-6491.941,50000.000,59.00,-5080.000,-15254.940,50000.000,51.00,1
22251,-336.176,-9054.353,50000.000,43.00,-4997.823,-15650.881,50000.000,64.00,1
22301,-448.235,-5782.235,50000.000,73.00,-4235.823,-15045.764,50000.000,33.00,0
22351,-844.176,-3443.941,50000.000,70.00,-4504.764,-15874.999,50000.000,63.00,0
22401,-605.118,-7044.764,50000.000,38.00,-4534.647,-14096.999,50000.000,67.00,0
22451,-1538.941,-5393.764,50000.000,36.00,-3922.059,-7687.235,50000.000,45.00,0
22501,-3884.706,-313.765,50000.000,85.00,-2883.647,14.941,50000.000,67.00,0
22551,-5468.470,2420.470,50000.000,78.00,-4295.588,2061.882,50000.000,82.00,0
22601,-7343.588,1030.941,50000.000,42.00,-5931.646,2330.823,50000.000,72.00,0
22651,-9495.117,-851.647,50000.000,54.00,-8471.646,1471.706,50000.000,70.00,0
22701,-10197.353,-3264.647,50000.000,41.00,-10032.999,-2173.941,50000.000,66.00,0
22751,-10167.470,-4878.294,50000.000,44.00,-10712.823,-5371.353,50000.000,79.00,0
22801,-9397.999,-4878.294,50000.000,53.00,-10466.293,-8755.529,50000.000,64.00,0
22851,-7971.117,-3996.764,50000.000,43.00,-9913.470,-9099.176,50000.000,41.00,0
22901,-7627.470,-1934.882,50000.000,40.00,-8381.999,-6364.941,50000.000,32.00,0
22951,-6133.353,672.353,50000.000,38.00,-6163.235,-3227.294,50000.000,43.00,0
23001,-5080.000,2958.353,50000.000,51.00,-4482.353,-1912.470,50000.000,44.00,0
23051,-3675.529,1284.941,50000.000,85.00,-3578.412,-4863.353,50000.000,59.00,0
23101,-2487.706,-4385.235,50000.000,46.00,-5102.412,-10107.705,50000.000,45.00,0
23151,-2286.000,-5595.470,50000.000,54.00,-5610.412,-10959.353,50000.000,45.00,0
23201,-2681.941,-5042.646,50000.000,48.00,-5042.646,-9607.176,50000.000,54.00,0
23251,-2450.353,-3070.412,50000.000,70.00,-4116.294,-6215.529,50000.000,54.00,0
23301,-2390.588,-22.412,50000.000,48.00,-2562.412,-2487.706,50000.000,45.00,0
23351,-1710.765,-537.882,50000.000,76.00,-1897.529,-2308.412,50000.000,60.00,0
23401,-1113.118,-4826.000,50000.000,53.00,-2248.647,-4669.117,50000.000,66.00,0
23451,-1023.471,-5670.176,50000.000,59.00,-2921.000,-5662.706,50000.000,56.00,0
23501,-1307.353,-3765.176,50000.000,44.00,-2196.353,-3600.823,50000.000,51.00,0
23551,-1680.882,-1576.294,50000.000,43.00,-1785.470,358.588,50000.000,73.00,0
23601,-2517.588,179.294,50000.000,56.00,-1210.235,2726.764,50000.000,71.00,0
23651,-2569.882,672.353,50000.000,42.00,-1576.294,2562.412,50000.000,60.00,0
23701,-2891.117,1292.412,50000.000,69.00,-1837.765,3040.529,50000.000,74.00,0
23751,-3653.117,1299.882,50000.000,63.00,-2203.823,2696.882,50000.000,66.00,0
23801,-3675.529,-1128.059,50000.000,62.00,-3847.353,-889.000,50000.000,68.00,0
23851,-3100.294,-672.353,50000.000,54.00,-3765.176,-2084.294,50000.000,74.00,0
23901,-2039.470,1905.000,50000.000,76.00,-1606.176,-821.765,50000.000,63.00,0
23951,-672.353,567.765,50000.000,54.00,-918.882,-2711.823,50000.000,48.00,0
24001,597.647,-1643.529,50000.000,53.00,-1314.823,-4893.235,50000.000,45.00,0
24051,769.471,-881.529,50000.000,53.00,-14.941,-2741.706,50000.000,40.00,0
24101,971.176,194.235,50000.000,55.00,1060.823,351.118,50000.000,61.00,0
24151,1949.823,545.353,50000.000,63.00,2173.941,261.471,50000.000,68.00,0
24201,4004.235,67.235,50000.000,45.00,2928.470,-2315.882,50000.000,69.00,0
24251,4855.882,522.941,50000.000,46.00,3354.294,-3989.294,50000.000,50.00,0
24301,4512.235,769.471,50000.000,64.00,3570.941,-3085.353,50000.000,48.00,0
24351,2622.176,-567.765,50000.000,49.00,1628.588,-2794.000,50000.000,41.00,0
24401,1210.235,164.353,50000.000,49.00,298.824,-2704.353,50000.000,48.00,0
24451,1217.706,4347.882,50000.000,72.00,1135.529,-1875.118,50000.000,65.00,0
24501,2749.176,3585.882,50000.000,74.00,2622.176,-2734.235,50000.000,52.00,0
24551,4512.235,-941.294,50000.000,56.00,2480.235,-3989.294,50000.000,46.00,0
24601,4766.235,-2756.647,50000.000,47.00,3137.647,-4878.294,50000.000,47.00,0
24651,5871.882,-3697.941,50000.000,48.00,3092.823,-7089.588,50000.000,56.00,0
24701,7231.529,-1501.588,50000.000,44.00,4205.941,-8934.823,50000.000,57.00,0
24751,7896.411,3922.059,50000.000,75.00,4990.353,-9928.411,50000.000,60.00,0
24801,8830.234,2756.647,50000.000,76.00,5879.353,-10092.764,50000.000,47.00,0
24851,9106.646,-2144.059,50000.000,63.00,5617.882,-9031.940,50000.000,63.00,0
24901,9143.999,-4564.529,50000.000,63.00,5677.646,-9861.176,50000.000,80.00,0
24951,9868.646,-4975.412,50000.000,58.00,5087.470,-11810.999,50000.000,69.00,0
25001,9248.588,67.235,50000.000,47.00,5334.000,-11355.293,50000.000,49.00,0
25051,8419.353,3697.941,50000.000,81.00,5438.588,-11870.764,50000.000,65.00,0
25101,9308.353,-1008.529,50000.000,45.00,5319.059,-10645.588,50000.000,54.00,0
25151,8120.529,-4781.176,50000.000,34.00,4669.117,-10824.882,50000.000,56.00,0
25201,8098.117,-5139.764,50000.000,38.00,4064.000,-13387.293,50000.000,80.00,0
25251,7605.058,-575.235,50000.000,55.00,4064.000,-13342.470,50000.000,98.00,0
25301,6940.176,2323.353,50000.000,58.00,4332.941,-13021.234,50000.000,72.00,0
25351,7440.706,-2495.176,50000.000,45.00,4123.765,-11997.764,50000.000,88.00,0
25401,6686.176,-5326.529,50000.000,42.00,3496.235,-11534.588,50000.000,87.00,0
25451,6790.764,-4736.353,50000.000,43.00,3115.235,-12132.234,50000.000,70.00,0
25501,6327.588,1471.706,50000.000,51.00,3772.647,-9592.234,50000.000,83.00,0
25551,6641.353,4093.882,50000.000,56.00,4564.529,-9898.528,50000.000,60.00,0
25601,7328.646,-1232.647,50000.000,30.00,4086.411,-10003.117,50000.000,77.00,0
25651,6297.706,-5453.529,50000.000,54.00,3451.412,-10892.117,50000.000,70.00,0
25701,6163.235,-5924.176,50000.000,38.00,2338.294,-12244.293,50000.000,59.00,0
25751,5879.353,-1509.059,50000.000,46.00,2831.353,-13110.882,50000.000,55.00,0
25801,6185.646,1352.176,50000.000,39.00,3115.235,-13760.822,50000.000,51.00,0
25851,6731.000,-2293.470,50000.000,31.00,3227.294,-13028.705,50000.000,60.00,0
25901,6917.764,-5819.588,50000.000,41.00,3040.529,-13895.293,50000.000,46.00,0
25951,7291.293,-5027.706,50000.000,33.00,2480.235,-14111.940,50000.000,49.00,0
26001,6312.646,522.941,50000.000,49.00,3361.764,-11945.470,50000.000,74.00,0
26051,6648.823,-291.353,50000.000,47.00,3996.764,-11355.293,50000.000,78.00,0
26101,6753.411,-6148.294,50000.000,47.00,3048.000,-11698.940,50000.000,47.00,0
26151,6648.823,-7844.117,50000.000,28.00,2943.412,-13581.528,50000.000,60.00,0
26201,6379.882,-4826.000,50000.000,57.00,2734.235,-12998.822,50000.000,66.00,0
26251,5729.941,44.824,50000.000,66.00,3249.706,-10929.470,50000.000,76.00,0
26301,4467.412,1090.706,50000.000,77.00,2838.823,-6962.588,50000.000,70.00,0
26351,3055.470,-1307.353,50000.000,55.00,1471.706,-3981.823,50000.000,44.00,0
26401,1322.294,-2308.412,50000.000,98.00,672.353,-3877.235,50000.000,25.00,0
26451,1845.235,-5438.588,50000.000,54.00,-1718.235,-9495.117,50000.000,64.00,0
26501,2614.706,-4467.412,50000.000,62.00,-903.941,-11549.528,50000.000,64.00,0
26551,2420.470,-395.941,50000.000,43.00,246.529,-10540.999,50000.000,67.00,0
26601,2599.765,1045.882,50000.000,73.00,552.823,-10294.470,50000.000,72.00,0
26651,2794.000,-3137.647,50000.000,60.00,687.294,-9061.823,50000.000,78.00,0
26701,2562.412,-6006.353,50000.000,39.00,-194.235,-9607.176,50000.000,78.00,0
26751,2801.470,-6335.059,50000.000,40.00,7.471,-9263.528,50000.000,73.00,0
26801,1725.706,-2525.059,50000.000,43.00,-112.059,-6081.059,50000.000,80.00,0
26851,1329.765,2181.412,50000.000,58.00,963.706,-3212.353,50000.000,64.00,0
26901,1680.882,3324.412,50000.000,85.00,1456.765,-3399.117,50000.000,83.00,0
26951,2749.176,485.588,50000.000,54.00,1516.529,-4138.706,50000.000,61.00,0
27001,2554.941,-1038.412,50000.000,70.00,1404.470,-3302.000,50000.000,61.00,0
27051,2181.412,-2196.353,50000.000,53.00,1531.470,-1195.294,50000.000,66.00,0
27101,1225.176,-1845.235,50000.000,72.00,1090.706,649.941,50000.000,58.00,0
27151,1344.706,-366.059,50000.000,77.00,1352.176,-485.588,50000.000,75.00,0
27201,2390.588,-59.765,50000.000,60.00,1546.412,-1867.647,50000.000,75.00,0
27251,2816.412,186.765,50000.000,57.00,2114.176,-1755.588,50000.000,85.00,0
27301,2465.294,1807.882,50000.000,65.00,2398.059,-351.118,50000.000,68.00,0
27351,2345.765,1165.412,50000.000,57.00,2383.117,-642.471,50000.000,61.00,0
27401,3451.412,-186.765,50000.000,63.00,2704.353,-1277.470,50000.000,71.00,0
27451,4258.235,-313.765,50000.000,44.00,3533.588,-1830.294,50000.000,82.00,0
27501,5767.294,612.588,50000.000,73.00,4676.588,-3189.941,50000.000,68.00,0
27551,7410.823,-321.235,50000.000,58.00,5468.470,-4982.882,50000.000,63.00,0
27601,8621.059,-1479.176,50000.000,44.00,5670.176,-7268.882,50000.000,55.00,0
27651,10279.528,-2129.117,50000.000,64.00,6738.470,-9285.940,50000.000,41.00,0
27701,11467.353,-2667.000,50000.000,43.00,7455.646,-9353.176,50000.000,58.00,0
27751,12438.528,2495.176,50000.000,48.00,9031.940,-10750.176,50000.000,60.00,0
27801,14410.764,6708.588,50000.000,84.00,10518.588,-12961.470,50000.000,45.00,0
27851,15202.646,3750.235,50000.000,50.00,10936.940,-10742.705,50000.000,56.00,0
27901,15142.881,537.882,50000.000,53.00,11362.764,-9988.176,50000.000,53.00,0
27951,15538.822,-2076.823,50000.000,40.00,10869.705,-11915.588,50000.000,61.00,0
28001,15882.470,806.823,50000.000,45.00,10847.293,-12752.293,50000.000,34.00,0
28051,15987.058,5461.000,50000.000,79.00,11616.764,-12864.353,50000.000,62.00,0
28101,16263.470,1927.412,50000.000,49.00,11288.058,-12909.176,50000.000,73.00,0
28151,16495.059,-2196.353,50000.000,41.00,10742.705,-13648.764,50000.000,82.00,0
28201,17010.527,-2480.235,50000.000,37.00,10720.293,-14029.764,50000.000,75.00,0
28251,15897.411,4176.059,50000.000,44.00,10966.823,-13013.764,50000.000,78.00,0
28301,16450.234,3899.647,50000.000,38.00,10989.234,-13872.882,50000.000,82.00,0
28351,15508.940,-1501.588,50000.000,46.00,10428.940,-13148.234,50000.000,64.00,0
28401,14821.646,-4713.941,50000.000,30.00,9622.117,-13656.234,50000.000,54.00,0
28451,14007.352,-3795.059,50000.000,35.00,8949.764,-13461.999,50000.000,61.00,0
28501,12640.234,478.118,50000.000,42.00,8673.353,-11437.470,50000.000,61.00,0
28551,12445.999,2226.235,50000.000,52.00,8411.882,-12169.588,50000.000,55.00,0
28601,12797.117,-1912.470,50000.000,45.00,8426.823,-11609.293,50000.000,60.00,0
28651,12124.764,-6081.059,50000.000,40.00,7911.353,-13409.705,50000.000,66.00,0
28701,13133.293,-5692.588,50000.000,31.00,7709.646,-14814.176,50000.000,80.00,0
28751,12005.234,1703.294,50000.000,45.00,8434.294,-13895.293,50000.000,46.00,0
28801,12050.058,2398.059,50000.000,45.00,8516.470,-14388.352,50000.000,68.00,0
28851,12812.058,-1150.470,50000.000,22.00,8180.293,-14373.411,50000.000,13.00,0
28901,12640.234,-3869.764,50000.000,45.00,5834.529,-11512.176,50000.000,65.00,0
28951,13043.646,-1113.118,50000.000,45.00,7156.823,-12841.940,50000.000,29.00,0
29001,11743.764,4504.764,50000.000,77.00,9181.353,-13693.587,50000.000,47.00,0
29051,13230.411,1718.235,50000.000,66.00,9472.705,-13805.646,50000.000,45.00,0
29101,13469.470,-2218.765,50000.000,72.00,9031.940,-14014.822,50000.000,48.00,0
29151,13902.764,-2794.000,50000.000,57.00,8942.294,-13955.058,50000.000,50.00,0
29201,12453.470,3249.706,50000.000,71.00,9129.059,-11616.764,50000.000,63.00,0
29251,13320.058,4863.353,50000.000,82.00,10130.117,-12154.646,50000.000,89.00,0
29301,14851.528,1240.118,50000.000,66.00,9734.176,-12102.353,50000.000,79.00,0
29351,14485.470,-1195.294,50000.000,79.00,9891.059,-11116.234,50000.000,68.00,0
29401,13865.411,-1329.765,50000.000,48.00,9629.588,-8987.117,50000.000,50.00,0
29451,11093.823,784.412,50000.000,57.00,8934.823,-5954.059,50000.000,59.00,0
29501,9129.059,4153.647,50000.000,56.00,7620.000,-4654.176,50000.000,53.00,0
29551,8949.764,6723.529,50000.000,85.00,8008.470,-5363.882,50000.000,51.00,0
29601,10376.646,3765.176,50000.000,55.00,8501.529,-5856.941,50000.000,36.00,0
29651,10981.764,82.176,50000.000,54.00,8762.999,-5998.882,50000.000,53.00,0
29701,11721.353,-2517.588,50000.000,51.00,9218.705,-5692.588,50000.000,62.00,0
29751,12184.528,-2659.529,50000.000,32.00,9420.411,-6880.411,50000.000,75.00,0
29801,14582.587,620.059,50000.000,43.00,10548.470,-11564.470,50000.000,65.00,0
29851,16218.646,4512.235,50000.000,55.00,10675.470,-15142.881,50000.000,71.00,0
29901,16659.410,1905.000,50000.000,65.00,10630.646,-15740.528,50000.000,50.00,0
29951,16315.764,-2540.000,50000.000,52.00,10025.528,-18541.998,50000.000,74.00,0
