timestamp[ms],left_dx[um],left_dy[um],left_dt[us],left_sq44right_dx[um],right_dy[um],right_dt[us],right_sq,waterPin
0,52.294,-67.235,50156.000,42.00,14.941,-97.118,50153.000,58.00,0
51,7530.353,-8957.234,50000.000,75.00,2398.059,-15030.822,50000.000,76.00,0
101,6902.823,-8770.470,50000.000,51.00,2577.353,-15860.058,50000.000,55.00,0
151,7201.646,-11810.999,50000.000,85.00,1942.353,-15172.764,50000.000,50.00,0
201,7522.882,-13357.411,50000.000,53.00,2211.294,-15120.470,50000.000,59.00,0
251,7007.411,-11108.764,50000.000,55.00,2271.059,-16360.587,50000.000,70.00,0
301,7059.706,-11034.058,50000.000,68.00,1964.765,-16905.939,50000.000,63.00,0
351,6499.411,-13424.646,50000.000,50.00,1486.647,-14702.116,50000.000,80.00,0
401,6297.706,-11175.999,50000.000,59.00,2039.470,-13992.411,50000.000,67.00,0
451,6125.882,-7463.117,50000.000,57.00,2248.647,-14888.881,50000.000,70.00,0
501,6096.000,-7007.411,50000.000,62.00,1807.882,-14560.176,50000.000,35.00,0
551,5625.353,-9241.117,50000.000,45.00,2203.823,-11138.646,50000.000,61.00,0
601,6110.941,-9323.294,50000.000,44.00,2398.059,-10630.646,50000.000,44.00,0
651,5326.529,-5954.059,50000.000,26.00,1919.941,-9368.117,50000.000,48.00,0
701,4101.353,-1165.412,50000.000,28.00,2652.059,-5505.823,50000.000,39.00,0
751,3929.529,1240.118,50000.000,43.00,3137.647,-2413.000,50000.000,47.00,0
801,3279.588,1053.353,50000.000,39.00,3443.941,1135.529,50000.000,45.00,0
851,1509.059,-455.706,50000.000,45.00,2525.059,4377.765,50000.000,64.00,0
901,418.353,-2517.588,50000.000,42.00,1441.823,5117.353,50000.000,47.00,0
951,82.176,-4273.176,50000.000,48.00,903.941,4676.588,50000.000,59.00,0
1001,-119.529,-6066.117,50000.000,39.00,59.765,2472.765,50000.000,62.00,0
1051,642.471,-7896.411,50000.000,36.00,-620.059,-1367.118,50000.000,70.00,0
1101,2054.412,-6043.706,50000.000,43.00,-254.000,-4751.294,50000.000,42.00,0
1151,2599.765,-1217.706,50000.000,49.00,1367.118,-3944.470,50000.000,73.00,0
1201,1210.235,-2525.059,50000.000,34.00,694.765,-3712.882,50000.000,65.00,0
1251,814.294,-7097.058,50000.000,37.00,-1486.647,-4736.353,50000.000,52.00,0
1301,-425.823,-9009.528,50000.000,42.00,-1830.294,-3264.647,50000.000,80.00,0
1351,-1172.882,-7956.176,50000.000,47.00,-2525.059,-3660.588,50000.000,79.00,0
1401,-1068.294,-7380.941,50000.000,34.00,-2435.412,-3526.117,50000.000,72.00,0
1451,-1897.529,-10062.882,50000.000,43.00,-3264.647,-2308.412,50000.000,59.00,0
1501,-1905.000,-11706.411,50000.000,40.00,-3817.470,-3638.176,50000.000,56.00,0
1551,-1763.059,-11870.764,50000.000,39.00,-4146.176,-6260.353,50000.000,55.00,0
1601,-2457.823,-12304.058,50000.000,37.00,-4527.176,-6902.823,50000.000,56.00,0
1651,-2659.529,-12640.234,50000.000,33.00,-5348.941,-5012.764,50000.000,64.00,0
1701,-4191.000,-10996.705,50000.000,44.00,-5094.941,-463.176,50000.000,65.00,0
1751,-4624.294,-9323.294,50000.000,45.00,-5334.000,-806.823,50000.000,60.00,0
1801,-4676.588,-9838.764,50000.000,36.00,-5998.882,-2689.412,50000.000,45.00,0
1851,-5012.764,-9524.999,50000.000,34.00,-6372.411,-2838.823,50000.000,26.00,0
1901,-5072.529,-7126.941,50000.000,35.00,-6178.176,-2607.235,50000.000,32.00,0
1951,-5729.941,-6716.059,50000.000,33.00,-6275.293,-776.941,50000.000,19.00,0
2001,-6320.117,-5931.646,50000.000,36.00,-6775.823,-82.176,50000.000,24.00,0
2051,-6895.353,-4811.059,50000.000,28.00,-7261.411,-859.118,50000.000,19.00,0
2101,-7761.940,-4101.353,50000.000,26.00,-8008.470,-1344.706,50000.000,23.00,0
2151,-8501.529,-2569.882,50000.000,42.00,-7874.000,-186.765,50000.000,33.00,0
2201,-8553.823,239.059,50000.000,31.00,-7791.823,851.647,50000.000,44.00,0
2251,-8322.234,3331.882,50000.000,36.00,-6701.117,1628.588,50000.000,27.00,0
2301,-7829.176,3414.059,50000.000,28.00,-6155.764,1927.412,50000.000,24.00,0
2351,-6880.411,1613.647,50000.000,28.00,-6364.941,268.941,50000.000,26.00,0
2401,-6723.529,470.647,50000.000,31.00,-6447.117,-1411.941,50000.000,30.00,0
2451,-6514.353,-239.059,50000.000,36.00,-6514.353,-1815.353,50000.000,35.00,0
2501,-6013.823,403.412,50000.000,40.00,-5625.353,-1322.294,50000.000,31.00,0
2551,-4743.823,993.588,50000.000,44.00,-4370.294,-209.176,50000.000,34.00,0
2601,-3570.941,2390.588,50000.000,49.00,-2846.294,522.941,50000.000,22.00,0
2651,-2398.059,1501.588,50000.000,53.00,-2203.823,-859.118,50000.000,54.00,0
2701,-2398.059,-1725.706,50000.000,53.00,-2831.353,-1210.235,50000.000,40.00,0
2751,-3309.470,-5229.412,50000.000,43.00,-3884.706,-1232.647,50000.000,44.00,0
2801,-3802.529,-5842.000,50000.000,46.00,-4295.588,-687.294,50000.000,47.00,0
2851,-3264.647,-5281.706,50000.000,39.00,-3541.059,373.529,50000.000,33.00,0
2901,-3451.412,-4527.176,50000.000,50.00,-3593.353,-388.471,50000.000,31.00,0
2951,-3630.706,-6402.293,50000.000,34.00,-4452.470,-2084.294,50000.000,25.00,0
3001,-3765.176,-7590.117,50000.000,40.00,-5251.823,-3062.941,50000.000,17.00,0
3051,-3481.294,-5199.529,50000.000,52.00,-4616.823,-3668.059,50000.000,39.00,0
3101,-3690.470,-4938.059,50000.000,27.00,-4303.059,-1143.000,50000.000,20.00,0
3151,-4019.176,-3742.764,50000.000,40.00,-3914.588,1389.529,50000.000,40.00,0
3201,-4392.706,-3757.706,50000.000,38.00,-4183.529,1636.059,50000.000,25.00,0
3251,-4489.823,-6237.941,50000.000,49.00,-5147.235,-1524.000,50000.000,28.00,0
3301,-4071.470,-9958.293,50000.000,46.00,-6260.353,-3951.941,50000.000,41.00,0
3351,-4639.235,-12565.528,50000.000,35.00,-6716.059,-3869.764,50000.000,29.00,0
3401,-5109.882,-12692.528,50000.000,44.00,-7283.823,-2764.117,50000.000,52.00,0
3451,-6439.646,-11243.234,50000.000,36.00,-6910.293,1785.470,50000.000,25.00,0
3501,-7649.882,-10331.823,50000.000,38.00,-7657.353,2547.470,50000.000,26.00,0
3551,-7754.470,-11758.705,50000.000,41.00,-8658.411,-575.235,50000.000,25.00,0
3601,-8486.588,-13342.470,50000.000,50.00,-10040.470,-2323.353,50000.000,44.00,0
3651,-9046.882,-11930.528,50000.000,36.00,-9547.411,799.353,50000.000,21.00,0
3701,-10294.470,-11534.588,50000.000,36.00,-10496.176,2151.529,50000.000,23.00,0
3751,-10757.646,-13432.117,50000.000,46.00,-12050.058,-1755.588,50000.000,21.00,0
3801,-11347.823,-14679.705,50000.000,46.00,-13155.705,-4071.470,50000.000,32.00,0
3851,-12326.470,-14709.587,50000.000,41.00,-13798.176,-1680.882,50000.000,30.00,0
3901,-13887.822,-14485.470,50000.000,32.00,-14022.293,1755.588,50000.000,31.00,0
3951,-14717.058,-13424.646,50000.000,19.00,-14888.881,194.235,50000.000,32.00,0
4001,-15269.881,-11437.470,50000.000,35.00,-15493.999,-851.647,50000.000,53.00,0
4051,-16293.352,-12475.882,50000.000,35.00,-15516.411,2823.882,50000.000,30.00,0
4101,-17316.822,-12767.234,50000.000,39.00,-16569.764,4601.882,50000.000,20.00,0
4151,-17137.527,-11698.940,50000.000,38.00,-17070.293,1501.588,50000.000,30.00,0
4201,-17623.117,-11728.822,50000.000,53.00,-18654.057,-97.118,50000.000,40.00,0
4251,-18781.057,-13544.176,50000.000,45.00,-19139.646,2248.647,50000.000,14.00,0
4301,-19744.764,-14978.528,50000.000,39.00,-19139.646,3511.176,50000.000,9.00,0
4351,-19632.705,-15680.764,50000.000,45.00,-19871.764,-620.059,50000.000,29.00,0
4401,-19901.646,-15830.176,50000.000,25.00,-21462.998,-2667.000,50000.000,84.00,0
4451,-20648.705,-15994.528,50000.000,40.00,-21507.822,993.588,50000.000,41.00,0
4501,-20529.176,-14395.822,50000.000,34.00,-22030.764,1531.470,50000.000,73.00,0
4551,-19871.764,-11377.705,50000.000,50.00,-22150.293,-560.294,50000.000,33.00,0
4601,-20290.117,-9846.234,50000.000,47.00,-22568.646,-1471.706,50000.000,53.00,0
4651,-21059.586,-12483.353,50000.000,40.00,-22404.293,1292.412,50000.000,35.00,0
4701,-21313.586,-13775.764,50000.000,27.00,-22792.764,2741.706,50000.000,22.00,0
4751,-20611.352,-11444.940,50000.000,44.00,-23367.998,298.824,50000.000,37.00,0
4801,-21276.234,-10511.117,50000.000,53.00,-23748.998,-1143.000,50000.000,47.00,0
4851,-23390.410,-13036.176,50000.000,38.00,-24212.176,1763.059,50000.000,25.00,0
4901,-25773.527,-15157.822,50000.000,25.00,-26191.881,2973.294,50000.000,52.00,0
4951,-25063.822,-13036.176,50000.000,40.00,-25788.469,1740.647,50000.000,78.00,0
5001,-26423.469,-11325.411,50000.000,34.00,-26744.703,649.941,50000.000,69.00,0
5051,-28343.410,-14776.822,50000.000,35.00,-27775.645,2988.235,50000.000,36.00,0
5101,-28918.645,-17144.998,50000.000,27.00,-28179.057,2233.706,50000.000,68.00,0
5151,-26617.703,-16009.470,50000.000,41.00,-27775.645,-1621.118,50000.000,12.00,0
5201,-27775.645,-17047.881,50000.000,35.00,-25414.939,-3556.000,50000.000,43.00,0
5251,-25930.410,-17017.998,50000.000,54.00,-26707.352,-2592.294,50000.000,33.00,0
5301,-26819.410,-17062.822,50000.000,44.00,-28014.703,-747.059,50000.000,28.00,0
5351,-25691.352,-15262.411,50000.000,33.00,-27618.764,-3951.941,50000.000,30.00,0
5401,-25362.645,-13536.705,50000.000,42.00,-27842.881,-6745.941,50000.000,43.00,0
5451,-25668.939,-12498.293,50000.000,40.00,-27872.764,-5102.412,50000.000,21.00,0
5501,-24637.998,-10451.353,50000.000,59.00,-26640.115,-2368.176,50000.000,42.00,0
5551,-24652.939,-8591.176,50000.000,26.00,-26535.527,-3182.470,50000.000,37.00,0
5601,-24406.410,-5983.941,50000.000,44.00,-25840.764,-4512.235,50000.000,71.00,0
5651,-24675.352,-4646.706,50000.000,52.00,-24660.410,-4355.353,50000.000,73.00,0
5701,-23427.764,-5856.941,50000.000,50.00,-22852.527,-4788.647,50000.000,67.00,0
5751,-21552.646,-8381.999,50000.000,34.00,-22635.881,-8150.411,50000.000,37.00,0
5801,-19677.527,-9547.411,50000.000,45.00,-21380.822,-10324.353,50000.000,37.00,0
5851,-20506.764,-7313.706,50000.000,42.00,-20850.410,-8957.234,50000.000,32.00,0
5901,-21589.998,-5752.353,50000.000,63.00,-21201.527,-6215.529,50000.000,63.00,0
5951,-21156.705,-9853.705,50000.000,36.00,-21754.352,-6013.823,50000.000,55.00,0
6001,-20940.057,-12714.940,50000.000,41.00,-22404.293,-6648.823,50000.000,48.00,0
6051,-20319.998,-10496.176,50000.000,45.00,-21470.469,-5431.117,50000.000,44.00,0
6101,-20611.352,-8284.882,50000.000,38.00,-20783.176,-4579.470,50000.000,36.00,0
6151,-19595.352,-9980.705,50000.000,40.00,-21179.117,-4407.647,50000.000,59.00,0
6201,-20088.410,-13200.528,50000.000,34.00,-20753.293,-3189.941,50000.000,55.00,0
6251,-20230.352,-14709.587,50000.000,42.00,-20872.822,-3951.941,50000.000,43.00,0
6301,-19782.117,-12513.234,50000.000,54.00,-20693.527,-5207.000,50000.000,66.00,0
6351,-21141.764,-10533.528,50000.000,58.00,-21425.646,-4549.588,50000.000,70.00,0
6401,-21149.234,-10899.588,50000.000,53.00,-21978.469,-2487.706,50000.000,72.00,0
6451,-21298.646,-11198.411,50000.000,41.00,-22224.998,381.000,50000.000,13.00,0
6501,-20387.234,-10697.882,50000.000,40.00,-22591.057,-2375.647,50000.000,36.00,0
6551,-19453.410,-8658.411,50000.000,45.00,-20596.410,-5005.294,50000.000,42.00,0
6601,-19259.176,-8523.940,50000.000,36.00,-20581.469,-5662.706,50000.000,34.00,0
6651,-18519.588,-8882.529,50000.000,55.00,-19737.293,-6200.588,50000.000,38.00,0
6701,-17996.646,-8396.940,50000.000,36.00,-18467.293,-6574.117,50000.000,28.00,0
6751,-17324.293,-6678.706,50000.000,42.00,-17085.234,-7134.411,50000.000,52.00,0
6801,-16763.998,-4108.823,50000.000,45.00,-16009.470,-6447.117,50000.000,33.00,0
6851,-16577.234,-4661.647,50000.000,63.00,-16061.764,-7104.529,50000.000,45.00,0
6901,-15665.822,-7896.411,50000.000,65.00,-16114.058,-7530.353,50000.000,48.00,0
6951,-15643.411,-11019.117,50000.000,36.00,-16808.822,-8329.705,50000.000,50.00,0
7001,-15583.646,-11444.940,50000.000,40.00,-17055.352,-8889.999,50000.000,63.00,0
7051,-16547.352,-9241.117,50000.000,64.00,-16457.705,-7493.000,50000.000,61.00,0
7101,-15852.587,-9383.059,50000.000,59.00,-16480.117,-6656.293,50000.000,59.00,0
7151,-15733.058,-12475.882,50000.000,65.00,-16995.588,-5386.294,50000.000,68.00,0
7201,-16876.059,-15471.587,50000.000,41.00,-17630.588,-4205.941,50000.000,53.00,0
7251,-16928.352,-12819.528,50000.000,56.00,-17667.939,-4288.117,50000.000,55.00,0
7301,-17040.410,-9577.294,50000.000,52.00,-17219.705,-4191.000,50000.000,36.00,0
7351,-16950.764,-9883.588,50000.000,38.00,-17406.469,-3339.353,50000.000,61.00,0
7401,-17219.705,-11534.588,50000.000,40.00,-17742.646,-67.235,50000.000,64.00,0
7451,-17996.646,-12318.999,50000.000,41.00,-18370.176,1456.765,50000.000,73.00,0
7501,-18146.057,-10660.528,50000.000,47.00,-18646.588,164.353,50000.000,44.00,0
7551,-18713.822,-8733.117,50000.000,29.00,-19229.293,-29.882,50000.000,47.00,0
7601,-18990.234,-8337.176,50000.000,24.00,-18668.998,3458.882,50000.000,66.00,0
7651,-19953.939,-9495.117,50000.000,36.00,-19049.998,5961.529,50000.000,73.00,0
7701,-20028.646,-9614.646,50000.000,58.00,-20686.057,2749.176,50000.000,77.00,0
7751,-21754.352,-9689.353,50000.000,59.00,-22030.764,-575.235,50000.000,51.00,0
7801,-22867.469,-9397.999,50000.000,79.00,-22239.939,-59.765,50000.000,65.00,0
7851,-25280.469,-11116.234,50000.000,76.00,-21589.998,3675.529,50000.000,55.00,0
7901,-25071.293,-10936.940,50000.000,49.00,-23158.822,3466.353,50000.000,62.00,0
7951,-24921.881,-9861.176,50000.000,82.00,-23584.645,1673.412,50000.000,67.00,0
8001,-26677.469,-10167.470,50000.000,71.00,-25310.352,866.588,50000.000,75.00,0
8051,-27387.174,-11571.940,50000.000,57.00,-25571.822,3473.823,50000.000,32.00,0
8101,-28881.293,-13895.293,50000.000,40.00,-27163.057,4138.706,50000.000,20.00,0
8151,-28574.998,-14485.470,50000.000,39.00,-27999.764,440.765,50000.000,25.00,0
8201,-28066.998,-14037.234,50000.000,42.00,-28836.469,-1202.765,50000.000,39.00,0
8251,-28410.645,-16031.881,50000.000,37.00,-28433.057,2196.353,50000.000,37.00,0
8301,-29202.527,-16114.058,50000.000,64.00,-28560.057,4108.823,50000.000,24.00,0
8351,-29434.115,-13095.940,50000.000,65.00,-29015.764,1382.059,50000.000,33.00,0
8401,-29740.410,-11415.058,50000.000,42.00,-29127.822,-127.000,50000.000,79.00,0
8451,-29747.881,-12259.234,50000.000,61.00,-28455.469,1568.823,50000.000,60.00,0
8501,-30211.057,-13080.999,50000.000,39.00,-27805.527,3563.470,50000.000,55.00,0
8551,-27454.410,-9749.117,50000.000,49.00,-27461.881,37.353,50000.000,55.00,0
8601,-24227.115,-4534.647,50000.000,48.00,-24406.410,-2935.941,50000.000,67.00,0
8651,-23375.469,-4930.588,50000.000,78.00,-23741.527,-4699.000,50000.000,66.00,0
8701,-23158.822,-8501.529,50000.000,46.00,-22852.527,-3443.941,50000.000,64.00,0
8751,-23711.645,-11669.058,50000.000,22.00,-25056.352,-1957.294,50000.000,93.00,0
8801,-22195.115,-11332.882,50000.000,30.00,-24548.352,-3354.294,50000.000,60.00,0
8851,-21799.176,-7515.411,50000.000,44.00,-22508.881,-4430.059,50000.000,70.00,0
8901,-21164.176,-5505.823,50000.000,49.00,-21029.705,-4938.059,50000.000,56.00,0
8951,-21246.352,-7634.940,50000.000,73.00,-20775.705,-3660.588,50000.000,72.00,0
9001,-22889.881,-11571.940,50000.000,70.00,-22277.293,-179.294,50000.000,74.00,0
9051,-23128.939,-12050.058,50000.000,74.00,-23136.410,-321.235,50000.000,68.00,0
9101,-23487.527,-11198.411,50000.000,92.00,-22815.176,-2480.235,50000.000,71.00,0
9151,-23868.527,-11138.646,50000.000,50.00,-23539.822,-3488.764,50000.000,63.00,0
9201,-23061.705,-10518.588,50000.000,65.00,-22762.881,-784.412,50000.000,57.00,0
9251,-23046.764,-11153.588,50000.000,47.00,-22718.057,1172.882,50000.000,17.00,0
9301,-20648.705,-10406.528,50000.000,38.00,-22389.352,-2151.529,50000.000,33.00,0
9351,-18878.176,-9039.411,50000.000,45.00,-19871.764,-5274.235,50000.000,37.00,0
9401,-18519.588,-7874.000,50000.000,28.00,-18392.588,-6895.353,50000.000,65.00,0
9451,-17675.410,-8299.823,50000.000,36.00,-17488.646,-6260.353,50000.000,41.00,0
9501,-17010.527,-9315.823,50000.000,34.00,-17563.352,-6260.353,50000.000,48.00,0
9551,-16928.352,-9965.764,50000.000,56.00,-17906.998,-6462.059,50000.000,60.00,0
9601,-17667.939,-9816.353,50000.000,56.00,-18743.705,-3683.000,50000.000,59.00,0
9651,-18385.117,-10025.528,50000.000,56.00,-19647.646,-3055.470,50000.000,59.00,0
9701,-18691.410,-12184.528,50000.000,57.00,-20073.469,-1202.765,50000.000,60.00,0
9751,-19655.117,-15299.764,50000.000,35.00,-20611.352,-1023.471,50000.000,54.00,0
9801,-18407.527,-13379.822,50000.000,96.00,-19057.469,-4467.412,50000.000,56.00,0
9851,-17697.822,-11601.822,50000.000,52.00,-17981.705,-5490.882,50000.000,61.00,0
9901,-17174.881,-12423.587,50000.000,49.00,-18116.176,-5423.646,50000.000,53.00,0
9951,-16868.588,-14268.822,50000.000,48.00,-17600.705,-4669.117,50000.000,101.00,0
10001,-16958.234,-14440.646,50000.000,42.00,-17563.352,-5162.176,50000.000,68.00,0
10051,-16412.881,-12797.117,50000.000,37.00,-17331.764,-5588.000,50000.000,49.00,0
10101,-17189.822,-13454.528,50000.000,44.00,-18220.764,-5251.823,50000.000,53.00,0
10151,-17458.764,-14500.411,50000.000,56.00,-17533.469,-3025.588,50000.000,41.00,0
10201,-17832.293,-14926.234,50000.000,31.00,-17555.881,-1367.118,50000.000,67.00,0
10251,-17802.410,-14171.705,50000.000,51.00,-18183.410,-3070.412,50000.000,75.00,0
10301,-18355.234,-13544.176,50000.000,32.00,-18855.764,-3585.882,50000.000,76.00,0
10351,-18347.764,-12729.882,50000.000,78.00,-19117.234,-2540.000,50000.000,65.00,0
10401,-17869.646,-12139.705,50000.000,56.00,-18452.352,-1785.470,50000.000,65.00,0
10451,-18541.998,-13088.470,50000.000,53.00,-19662.586,-2823.882,50000.000,53.00,0
10501,-18885.646,-13170.646,50000.000,60.00,-19595.352,-4138.706,50000.000,78.00,0
10551,-20207.939,-13618.882,50000.000,59.00,-20790.646,-3175.000,50000.000,47.00,0
10601,-21373.352,-13947.587,50000.000,52.00,-21799.176,986.118,50000.000,68.00,0
10651,-21791.705,-12953.999,50000.000,46.00,-22747.939,2084.294,50000.000,31.00,0
10701,-22090.527,-11444.940,50000.000,48.00,-23659.352,605.118,50000.000,49.00,0
10751,-22456.586,-11265.646,50000.000,37.00,-23965.645,657.412,50000.000,51.00,0
10801,-23517.410,-13842.999,50000.000,25.00,-23106.527,4639.235,50000.000,29.00,0
10851,-24256.998,-14395.822,50000.000,40.00,-25041.410,3511.176,50000.000,24.00,0
10901,-23435.234,-12572.999,50000.000,33.00,-25960.293,-59.765,50000.000,32.00,0
10951,-25041.410,-12012.705,50000.000,54.00,-27334.881,-784.412,50000.000,35.00,0
11001,-25818.352,-13835.528,50000.000,40.00,-25512.057,2689.412,50000.000,56.00,0
11051,-26550.469,-15187.705,50000.000,40.00,-25594.234,3735.294,50000.000,35.00,0
11101,-25355.174,-14209.058,50000.000,33.00,-25900.527,515.471,50000.000,57.00,0
11151,-23263.410,-10989.234,50000.000,45.00,-24645.469,-2099.235,50000.000,60.00,0
11201,-21545.176,-9099.176,50000.000,49.00,-22815.176,-2495.176,50000.000,58.00,0
11251,-20865.352,-9651.999,50000.000,50.00,-21933.646,-1949.823,50000.000,85.00,0
11301,-19901.646,-9808.882,50000.000,57.00,-21343.469,-2749.176,50000.000,69.00,0
11351,-20095.881,-8314.764,50000.000,36.00,-21149.234,-2487.706,50000.000,47.00,0
11401,-21149.234,-7470.588,50000.000,39.00,-22172.705,-1277.470,50000.000,60.00,0
11451,-21522.764,-9943.353,50000.000,43.00,-23016.881,261.471,50000.000,53.00,0
11501,-23412.822,-13110.882,50000.000,34.00,-23420.293,2861.235,50000.000,37.00,0
11551,-23472.586,-11728.822,50000.000,50.00,-24189.764,2173.941,50000.000,59.00,0
11601,-25676.410,-8740.588,50000.000,37.00,-24779.939,1815.353,50000.000,76.00,0
11651,-26998.703,-8837.705,50000.000,87.00,-25683.881,2674.470,50000.000,69.00,0
11701,-29553.645,-12826.999,50000.000,35.00,-26229.234,4362.823,50000.000,63.00,0
11751,-30315.645,-14582.587,50000.000,56.00,-28769.232,3660.588,50000.000,80.00,0
11801,-30584.586,-12027.646,50000.000,52.00,-29082.998,1807.882,50000.000,68.00,0
11851,-31040.293,-9995.646,50000.000,79.00,-29717.998,1486.647,50000.000,65.00,0
11901,-31772.410,-11429.999,50000.000,33.00,-29419.174,5117.353,50000.000,31.00,0
11951,-33236.645,-12759.764,50000.000,30.00,-30278.293,3668.059,50000.000,27.00,0
12001,-33132.055,-8673.353,50000.000,29.00,-30188.645,560.294,50000.000,25.00,0
12051,-32803.352,-6753.411,50000.000,22.00,-30681.703,-1740.647,50000.000,38.00,0
12101,-33744.645,-11474.822,50000.000,66.00,-31174.762,-224.118,50000.000,30.00,0
12151,-34402.055,-16465.176,50000.000,34.00,-31794.822,1053.353,50000.000,31.00,0
12201,-35418.055,-16285.881,50000.000,33.00,-32026.410,1561.353,50000.000,82.00,0
12251,-35552.527,-12296.588,50000.000,39.00,-31368.998,1748.118,50000.000,43.00,0
12301,-34902.586,-11997.764,50000.000,52.00,-31570.703,926.353,50000.000,57.00,0
12351,-34558.938,-16106.587,50000.000,39.00,-31286.822,2973.294,50000.000,76.00,0
12401,-34521.586,-18243.176,50000.000,40.00,-31667.822,2196.353,50000.000,25.00,0
12451,-35193.938,-15553.764,50000.000,54.00,-31398.881,-119.529,50000.000,66.00,0
12501,-35657.117,-14776.822,50000.000,40.00,-31428.762,836.706,50000.000,50.00,0
12551,-35574.938,-18810.939,50000.000,53.00,-31294.293,3458.882,50000.000,68.00,0
12601,-35806.527,-19513.176,50000.000,55.00,-32056.291,3847.353,50000.000,49.00,0
12651,-35679.527,-16920.881,50000.000,74.00,-32056.291,2002.118,50000.000,68.00,0
12701,-36127.762,-15434.234,50000.000,73.00,-32422.352,1979.706,50000.000,67.00,0
12751,-36665.645,-16241.058,50000.000,60.00,-32317.762,5752.353,50000.000,27.00,0
12801,-37808.645,-16151.411,50000.000,35.00,-33684.879,3548.529,50000.000,37.00,0
12851,-38174.703,-14664.764,50000.000,40.00,-33640.055,328.706,50000.000,35.00,0
12901,-38443.645,-14522.822,50000.000,27.00,-34103.234,1419.412,50000.000,65.00,0
12951,-38996.469,-17503.588,50000.000,39.00,-34103.234,5251.823,50000.000,20.00,0
13001,-39347.586,-17055.352,50000.000,35.00,-34663.527,2637.117,50000.000,19.00,0
13051,-38406.293,-13828.058,50000.000,65.00,-34424.469,-478.118,50000.000,41.00,0
13101,-37532.234,-13305.117,50000.000,49.00,-34543.996,-2114.176,50000.000,60.00,0
13151,-37158.703,-17593.234,50000.000,40.00,-33520.527,-2054.412,50000.000,55.00,0
13201,-36478.879,-17593.234,50000.000,57.00,-32855.645,-2891.117,50000.000,76.00,0
13251,-34342.293,-13424.646,50000.000,56.00,-31331.645,-4168.588,50000.000,61.00,0
13301,-33356.176,-13080.999,50000.000,38.00,-31264.410,-3473.823,50000.000,38.00,0
13351,-34364.703,-18385.117,50000.000,43.00,-31503.469,-1397.000,50000.000,40.00,0
13401,-35291.055,-20880.293,50000.000,38.00,-31749.998,298.824,50000.000,77.00,0
13451,-35873.762,-18691.410,50000.000,77.00,-31637.939,-597.647,50000.000,72.00,0
13501,-35604.820,-15755.470,50000.000,65.00,-32048.822,321.235,50000.000,48.00,0
13551,-35858.820,-15837.646,50000.000,61.00,-31959.174,3697.941,50000.000,69.00,0
13601,-35403.117,-15374.470,50000.000,44.00,-32414.881,1359.647,50000.000,80.00,0
13651,-33916.469,-13372.352,50000.000,60.00,-32183.291,-2226.235,50000.000,45.00,0
13701,-33998.645,-12767.234,50000.000,53.00,-31929.291,-3160.059,50000.000,39.00,0
13751,-34626.176,-16816.293,50000.000,51.00,-32392.469,-1426.882,50000.000,37.00,0
13801,-36150.176,-18541.998,50000.000,24.00,-32758.527,455.706,50000.000,30.00,0
13851,-36829.996,-15703.176,50000.000,55.00,-32467.174,201.706,50000.000,37.00,0
13901,-36688.055,-13790.705,50000.000,52.00,-32937.820,-784.412,50000.000,39.00,0
13951,-36217.410,-17346.705,50000.000,35.00,-33027.469,1038.412,50000.000,48.00,0
14001,-36546.113,-19221.822,50000.000,46.00,-33468.234,2046.941,50000.000,62.00,0
14051,-37001.820,-16076.705,50000.000,51.00,-32892.996,328.706,50000.000,44.00,0
14101,-36314.527,-13701.058,50000.000,48.00,-32198.232,-657.412,50000.000,74.00,0
14151,-35044.527,-16084.176,50000.000,38.00,-31413.822,1210.235,50000.000,68.00,0
14201,-34805.469,-18609.234,50000.000,31.00,-31436.232,3302.000,50000.000,83.00,0
14251,-35253.703,-16420.352,50000.000,41.00,-31040.293,1075.765,50000.000,53.00,0
14301,-34865.234,-12027.646,50000.000,45.00,-31025.352,-410.882,50000.000,53.00,0
14351,-34543.996,-12042.588,50000.000,81.00,-30890.881,1128.059,50000.000,69.00,0
14401,-34222.762,-13125.822,50000.000,49.00,-31025.352,4340.412,50000.000,49.00,0
14451,-34424.469,-12871.822,50000.000,60.00,-31660.352,3100.294,50000.000,54.00,0
14501,-33961.293,-11340.353,50000.000,74.00,-31421.293,-851.647,50000.000,83.00,0
14551,-34058.410,-11923.058,50000.000,84.00,-31764.939,-1822.823,50000.000,87.00,0
14601,-33834.293,-15755.470,50000.000,53.00,-32183.291,537.882,50000.000,42.00,0
14651,-35597.352,-16681.822,50000.000,37.00,-32728.645,328.706,50000.000,26.00,0
14701,-35201.410,-11975.353,50000.000,38.00,-31839.645,-2106.706,50000.000,58.00,0
14751,-32728.645,-5408.706,50000.000,31.00,-30465.057,-1568.823,50000.000,53.00,0
14801,-29344.469,-986.118,50000.000,53.00,-28343.410,-328.706,50000.000,60.00,0
14851,-26042.469,747.059,50000.000,41.00,-24204.705,1957.294,50000.000,67.00,0
14901,-23367.998,2278.529,50000.000,58.00,-21649.764,2091.765,50000.000,69.00,0
14951,-21687.115,2517.588,50000.000,68.00,-20409.646,-590.176,50000.000,65.00,0
15001,-20275.176,1613.647,50000.000,92.00,-18728.764,-1389.529,50000.000,47.00,0
15051,-20402.176,470.647,50000.000,64.00,-17623.117,343.647,50000.000,35.00,0
15101,-18541.998,-328.706,50000.000,63.00,-16801.352,351.118,50000.000,41.00,0
15151,-15837.646,358.588,50000.000,85.00,-14664.764,-620.059,50000.000,55.00,0
15201,-13559.117,1628.588,50000.000,82.00,-12199.470,-1576.294,50000.000,51.00,0
15251,-11631.705,1748.118,50000.000,88.00,-10331.823,388.471,50000.000,69.00,0
15301,-9188.823,-963.706,50000.000,73.00,-8142.940,-814.294,50000.000,42.00,0
15351,-4527.176,-4840.941,50000.000,70.00,-6536.764,-8703.234,50000.000,74.00,0
15401,-2263.588,-5580.529,50000.000,56.00,-5954.059,-14365.940,50000.000,59.00,0
15451,-2360.706,-3780.117,50000.000,50.00,-5162.176,-11332.882,50000.000,71.00,0
15501,-3040.529,-343.647,50000.000,56.00,-3399.117,-6223.000,50000.000,35.00,0
15551,-1964.765,-14.941,50000.000,88.00,-2667.000,-6036.235,50000.000,76.00,0
15601,-1524.000,-5184.588,50000.000,45.00,-3227.294,-7082.117,50000.000,58.00,0
15651,-2450.353,-8964.705,50000.000,48.00,-4557.059,-8449.234,50000.000,62.00,0
15701,-2950.882,-8807.823,50000.000,59.00,-4497.294,-6133.353,50000.000,76.00,0
15751,-4101.353,-7448.176,50000.000,38.00,-4811.059,-2554.941,50000.000,51.00,0
15801,-3570.941,-6656.293,50000.000,48.00,-4512.235,-2472.765,50000.000,62.00,0
15851,-2838.823,-6252.882,50000.000,48.00,-4011.706,-3018.117,50000.000,36.00,0
15901,-1987.176,-4482.353,50000.000,50.00,-3010.647,-3100.294,50000.000,42.00,0
15951,-1038.412,-1748.118,50000.000,54.00,-1606.176,-3227.294,50000.000,37.00,0
16001,-395.941,-2794.000,50000.000,47.00,-1792.941,-5199.529,50000.000,39.00,0
16051,306.294,-4519.706,50000.000,21.00,-2413.000,-8367.059,50000.000,27.00,0
16101,1165.412,-2375.647,50000.000,42.00,-1643.529,-9569.823,50000.000,49.00,0
16151,1060.823,1673.412,50000.000,64.00,-881.529,-9988.176,50000.000,49.00,0
16201,2039.470,-2644.588,50000.000,35.00,-836.706,-10309.411,50000.000,68.00,0
16251,1344.706,-8882.529,50000.000,39.00,-2136.588,-11063.940,50000.000,63.00,0
16301,2166.470,-9801.411,50000.000,25.00,-2241.176,-12460.940,50000.000,66.00,0
16351,1471.706,-5924.176,50000.000,23.00,-1643.529,-11019.117,50000.000,62.00,0
16401,2144.059,-5042.646,50000.000,44.00,-754.529,-8815.294,50000.000,69.00,0
16451,627.529,-7657.353,50000.000,51.00,-791.882,-3025.588,50000.000,64.00,0
16501,1008.529,-10115.176,50000.000,38.00,-590.176,-3503.706,50000.000,46.00,0
16551,889.000,-11407.588,50000.000,39.00,-1703.294,-5916.706,50000.000,63.00,0
16601,171.824,-11967.882,50000.000,23.00,-2405.529,-6462.059,50000.000,48.00,0
16651,-1494.118,-12722.411,50000.000,39.00,-3668.059,-4758.764,50000.000,36.00,0
16701,-2838.823,-12251.764,50000.000,35.00,-4519.706,-2696.882,50002.000,39.00,0
16751,-3959.411,-12154.646,50000.000,57.00,-5655.235,-2383.117,50000.000,31.00,0
16801,-5042.646,-12423.587,50000.000,60.00,-6977.529,-3055.470,50000.000,30.00,0
16851,-6267.823,-13603.940,50000.000,56.00,-7784.353,-2711.823,50000.000,36.00,0
16901,-8083.176,-14216.528,50000.000,47.00,-8643.470,194.235,50000.000,36.00,0
16951,-9532.470,-14746.940,50000.000,44.00,-9704.294,2749.176,50000.000,20.00,0
17001,-9741.646,-15897.411,50000.000,53.00,-10682.940,575.235,50000.000,31.00,0
17051,-10234.705,-17130.059,50000.000,39.00,-11504.705,-425.823,50000.000,42.00,0
17101,-10742.705,-16128.999,50000.000,40.00,-11556.999,276.412,50000.000,35.00,0
17151,-11011.646,-15516.411,50000.000,37.00,-11728.822,74.706,50000.000,28.00,0
17201,-10630.646,-16465.176,50000.000,23.00,-12662.646,-3623.235,50000.000,50.00,0
17251,-10847.293,-16711.705,50000.000,47.00,-13051.117,-4392.706,50000.000,48.00,0
17301,-11205.882,-16054.293,50000.000,42.00,-13028.705,-3272.117,50000.000,33.00,0
17351,-11302.999,-15322.176,50000.000,42.00,-12834.470,-3966.882,50000.000,40.00,0
17401,-10458.823,-14395.822,50000.000,55.00,-12685.058,-5707.529,50000.000,58.00,0
17451,-10772.588,-13603.940,50000.000,27.00,-12475.882,-5812.117,50000.000,56.00,0
17501,-9898.528,-12408.646,50000.000,47.00,-11967.882,-5296.646,50000.000,42.00,0
17551,-9173.882,-10204.823,50000.000,95.00,-10466.293,-5453.529,50000.000,59.00,0
17601,-7859.058,-5700.059,50000.000,44.00,-9397.999,-6305.176,50000.000,72.00,0
17651,-6491.941,993.588,50000.000,49.00,-6775.823,-7649.882,50000.000,69.00,0
17701,-3720.353,3780.117,50000.000,68.00,-4624.294,-8038.353,50000.000,67.00,0
17751,-2076.823,1426.882,50000.000,49.00,-2935.941,-6200.588,50000.000,70.00,0
17801,-1202.765,-1225.176,50000.000,56.00,-2241.176,-5961.529,50000.000,67.00,0
17851,-127.000,-4504.764,50000.000,38.00,-2330.823,-7702.176,50000.000,61.00,0
17901,799.353,-6581.588,50000.000,49.00,-2502.647,-9801.411,50000.000,59.00,0
17951,1344.706,-4766.235,50000.000,70.00,-1665.941,-10137.588,50000.000,69.00,0
18001,1113.118,-4116.294,50000.000,65.00,-1673.412,-9390.528,50000.000,66.00,0
18051,814.294,-7941.235,50000.000,49.00,-1867.647,-6955.117,50000.000,70.00,0
18101,-186.765,-10526.059,50000.000,52.00,-2614.706,-6970.059,50000.000,46.00,0
18151,-373.529,-11026.588,50000.000,93.00,-3130.176,-7149.353,50000.000,47.00,0
18201,-1397.000,-10309.411,50000.000,62.00,-3473.823,-6589.059,50000.000,53.00,0
18251,-1837.765,-10361.705,50000.000,64.00,-3309.470,-5670.176,50000.000,76.00,0
18301,-2046.941,-11288.058,50000.000,50.00,-4205.941,-4325.470,50000.000,60.00,0
18351,-2286.000,-11848.353,50000.000,55.00,-3429.000,-2218.765,50000.000,60.00,0
18401,-1628.588,-11728.822,50000.000,46.00,-3458.882,-3025.588,50000.000,62.00,0
18451,-776.941,-10780.058,50000.000,63.00,-2958.353,-6312.646,50000.000,68.00,0
18501,-806.823,-10750.176,50000.000,50.00,-3302.000,-8113.058,50000.000,62.00,0
18551,82.176,-9644.528,50000.000,47.00,-2771.588,-7194.176,50000.000,37.00,0
18601,664.882,-5341.470,50000.000,52.00,-933.823,-5573.059,50000.000,67.00,0
18651,1949.823,-2599.765,50000.000,44.00,209.176,-5901.764,50000.000,43.00,0
18701,2121.647,-1785.470,50000.000,51.00,605.118,-5879.353,50000.000,44.00,0
18751,1426.882,-1755.588,50000.000,48.00,261.471,-4370.294,50000.000,70.00,0
18801,1008.529,-343.647,50000.000,92.00,-89.647,-5363.882,50000.000,73.00,0
18851,1628.588,-2383.117,50000.000,79.00,-156.882,-7097.058,50000.000,67.00,0
18901,1882.588,-6985.000,50000.000,49.00,-1105.647,-8172.823,50000.000,30.00,0
18951,2681.941,-7717.117,50000.000,51.00,-702.235,-10600.764,50000.000,66.00,0
19001,3092.823,-3324.412,50000.000,41.00,201.706,-10032.999,50000.000,34.00,0
19051,4258.235,3795.059,50000.000,94.00,2779.059,-9666.940,50000.000,59.00,0
19101,6312.646,2674.470,50000.000,40.00,3892.176,-9681.882,50000.000,71.00,0
19151,6716.059,-1994.647,50000.000,61.00,3899.647,-9270.999,50000.000,23.00,0
19201,6805.706,-6887.882,50002.000,46.00,3488.764,-12199.470,50000.000,39.00,0
19251,7425.764,-6297.706,49999.000,30.00,2704.353,-15083.116,49999.000,72.00,0
19301,7448.176,-933.823,49999.000,40.00,4041.588,-14836.587,49999.000,81.00,1
19351,7814.235,-2032.000,50000.000,40.00,4407.647,-13999.882,50000.000,68.00,1
19401,8113.058,-7537.823,50000.000,29.00,4086.411,-14410.764,50000.000,76.00,0
19451,8889.999,-9524.999,50000.000,39.00,3824.941,-15815.234,50000.000,67.00,0
19501,8142.940,-4385.235,50000.000,29.00,4056.529,-12483.353,50000.000,57.00,0
19551,5991.411,-306.294,50000.000,42.00,4340.412,-6088.529,50000.000,83.00,0
19601,5147.235,-2241.176,50000.000,37.00,3966.882,-1531.470,50000.000,69.00,0
19651,3227.294,-2017.059,50000.000,32.00,2764.117,762.000,50000.000,67.00,0
19701,605.118,-82.176,50000.000,38.00,1180.353,2413.000,50000.000,74.00,0
19751,-1867.647,-866.588,50000.000,37.00,-1016.000,3451.412,50000.000,63.00,0
19801,-2950.882,-2345.765,50000.000,41.00,-2330.823,2271.059,50000.000,44.00,0
19851,-3302.000,-5289.176,50000.000,34.00,-3929.529,-1411.941,50000.000,65.00,0
19901,-3219.823,-7530.353,50000.000,41.00,-4811.059,-5094.941,50000.000,78.00,0
19951,-2584.823,-5162.176,50000.000,35.00,-4258.235,-5969.000,50000.000,56.00,0
20001,-2450.353,-1113.118,50000.000,43.00,-2637.117,-3772.647,50000.000,85.00,0
20051,-2674.470,-1382.059,50000.000,48.00,-2584.823,-3421.529,50000.000,64.00,0
20101,-2435.412,-4803.588,50000.000,45.00,-3810.000,-6491.941,50000.000,80.00,0
20151,-2405.529,-5901.764,50000.000,38.00,-4004.235,-7941.235,50000.000,71.00,0
20201,-1964.765,-5005.294,50000.000,24.00,-3810.000,-8583.705,50000.000,71.00,0
20251,-1658.470,-2704.353,50000.000,43.00,-3391.647,-6753.411,50000.000,52.00,0
20301,-2300.941,-4504.764,50000.000,49.00,-2898.588,-4295.588,50000.000,73.00,0
20351,-2823.882,-7590.117,50000.000,49.00,-4489.823,-4250.765,50000.000,64.00,0
20401,-3376.706,-8815.294,50000.000,75.00,-4728.882,-4340.412,50000.000,61.00,0
20451,-3645.647,-10197.353,50000.000,55.00,-5192.059,-5916.706,50000.000,63.00,0
20501,-2338.294,-7515.411,50000.000,53.00,-4676.588,-7844.117,50000.000,56.00,0
20551,-2099.235,-5147.235,50000.000,74.00,-3869.764,-8113.058,50000.000,38.00,0
20601,-1695.823,-6880.411,50000.000,59.00,-3638.176,-6611.470,50000.000,49.00,0
20651,-2375.647,-6880.411,50000.000,54.00,-3735.294,-3929.529,50000.000,62.00,0
20701,-2898.588,-8015.940,50000.000,70.00,-4011.706,-3787.588,50000.000,64.00,0
20751,-2771.588,-9457.764,50000.000,37.00,-4870.823,-5834.529,50000.000,67.00,0
20801,-2226.235,-7380.941,50000.000,52.00,-4183.529,-7186.706,50000.000,71.00,0
20851,-1942.353,-6051.176,50000.000,56.00,-3817.470,-7216.588,50000.000,72.00,0
20901,-1919.941,-8202.705,50000.000,49.00,-3496.235,-5931.646,50000.000,35.00,0
20951,-2248.647,-8449.234,50000.000,45.00,-3742.764,-2577.353,50000.000,59.00,0
21001,-2943.412,-5274.235,50000.000,62.00,-2696.882,-59.765,50000.000,86.00,0
21051,-2831.353,-7560.235,50000.000,41.00,-3600.823,-2091.765,50000.000,77.00,0
21101,-2256.117,-8516.470,50000.000,47.00,-4235.823,-4362.823,50000.000,68.00,0
21151,-1949.823,-5834.529,50000.000,43.00,-3062.941,-6013.823,50000.000,75.00,0
21201,-1270.000,-4422.588,50000.000,33.00,-2898.588,-6506.882,50000.000,48.00,0
21251,-1135.529,-5789.706,50000.000,46.00,-2547.470,-5229.412,50000.000,94.00,0
21301,-1695.823,-6813.176,50000.000,47.00,-2861.235,-3055.470,50000.000,79.00,0
21351,-2248.647,-5685.117,50000.000,47.00,-2935.941,-1725.706,50000.000,87.00,0
21401,-2181.412,-7717.117,50000.000,41.00,-2965.823,-3197.412,50000.000,75.00,0
21451,-1419.412,-10130.117,50000.000,40.00,-3780.117,-5042.646,50000.000,67.00,0
21501,-1710.765,-8083.176,50000.000,48.00,-3212.353,-5520.764,50000.000,83.00,0
21551,-1852.706,-6514.353,50000.000,49.00,-3070.412,-5057.588,50000.000,76.00,0
21601,-1651.000,-7388.411,50000.000,37.00,-2868.706,-2667.000,50000.000,61.00,0
21651,-2472.765,-6417.235,50000.000,40.00,-2734.235,410.882,50000.000,67.00,0
21701,-2808.941,-6760.882,50000.000,45.00,-2771.588,-224.118,50000.000,76.00,0
21751,-2398.059,-9741.646,50000.000,30.00,-4422.588,-3249.706,50000.000,86.00,0
21801,-2248.647,-9054.353,50000.000,35.00,-3720.353,-5498.353,50000.000,68.00,0
21851,-1464.235,-6148.294,50000.000,30.00,-3175.000,-6738.470,50000.000,71.00,0
21901,-1217.706,-4445.000,50000.000,39.00,-2667.000,-5886.823,50000.000,42.00,0
21951,-1912.470,-5117.353,50000.000,29.00,-2629.647,-2450.353,50000.000,71.00,0
22001,-2353.235,-5468.470,50000.000,39.00,-2756.647,-1456.765,50000.000,53.00,0
22051,-2218.765,-8180.293,50000.000,34.00,-3653.117,-4303.059,50000.000,58.00,0
22101,-1919.941,-9562.353,50000.000,28.00,-4228.353,-6073.588,50000.000,67.00,0
22151,-1979.706,-8553.823,50000.000,40.00,-3518.647,-6223.000,50000.000,50.00,0
22201,-1972.235,-7507.940,50000.000,46.00,-3697.941,-5827.059,50000.000,62.00,0
22251,-2032.000,-7388.411,50000.000,49.00,-3085.353,-3152.588,50000.000,64.00,0
22301,-2495.176,-6058.646,50000.000,44.00,-2891.117,-388.471,50000.000,39.00,0
22351,-2480.235,-6267.823,50000.000,35.00,-2749.176,-1807.882,50000.000,43.00,0
22401,-2076.823,-8718.176,50000.000,37.00,-4078.941,-4699.000,50000.000,74.00,0
22451,-1905.000,-8979.646,50000.000,52.00,-3824.941,-5789.706,50000.000,85.00,0
22501,-1927.412,-8344.646,50000.000,45.00,-3578.412,-6096.000,50000.000,72.00,0
22551,-1934.882,-7283.823,50000.000,44.00,-3473.823,-5632.823,50000.000,55.00,0
22601,-1875.118,-7171.764,50000.000,39.00,-3145.117,-4594.412,50000.000,73.00,0
22651,-2584.823,-5939.117,50000.000,47.00,-3212.353,-1053.353,50000.000,62.00,0
22701,-3189.941,-6230.470,50000.000,79.00,-3182.470,-119.529,50000.000,38.00,0
22751,-2988.235,-10316.882,50000.000,45.00,-4878.294,-3062.941,50000.000,51.00,0
22801,-2734.235,-11654.117,50000.000,48.00,-5050.117,-6013.823,50000.000,36.00,0
22851,-2211.294,-10914.528,50000.000,39.00,-4497.294,-7784.353,50000.000,49.00,0
22901,-1509.059,-8538.882,50000.000,52.00,-3690.470,-7978.588,50000.000,61.00,0
22951,-1202.765,-6170.706,50000.000,50.00,-2256.117,-4377.765,50000.000,44.00,0
23001,-1651.000,-5147.235,50000.000,71.00,-2345.765,-2039.470,50000.000,39.00,0
23051,-2046.941,-7149.353,50000.000,58.00,-2950.882,-4138.706,50000.000,41.00,0
23101,-1598.706,-9995.646,50000.000,32.00,-4318.000,-7059.706,50000.000,70.00,0
23151,-1389.529,-9375.588,50000.000,33.00,-3660.588,-7664.823,50000.000,43.00,0
23201,-1098.176,-6551.706,50000.000,49.00,-3107.764,-7478.058,50000.000,90.00,0
23251,-679.823,-5991.411,50000.000,61.00,-2308.412,-5565.588,50000.000,72.00,0
23301,-1270.000,-6178.176,50000.000,33.00,-2293.470,-2159.000,50000.000,64.00,0
23351,-1658.470,-6155.764,50000.000,47.00,-2203.823,-1979.706,50000.000,60.00,0
23401,-1426.882,-9009.528,50000.000,25.00,-3219.823,-4878.294,50000.000,72.00,0
23451,-1382.059,-9427.882,50000.000,30.00,-3309.470,-4938.059,50000.000,73.00,0
23501,-1538.941,-7844.117,50000.000,45.00,-2794.000,-4743.823,50000.000,84.00,0
23551,-1905.000,-6364.941,50000.000,31.00,-2846.294,-3204.882,50000.000,81.00,0
23601,-1957.294,-6036.235,50000.000,47.00,-2734.235,-2876.176,50000.000,86.00,0
23651,-1987.176,-6073.588,50000.000,34.00,-2704.353,-1277.470,50000.000,79.00,0
23701,-2562.412,-5154.706,50000.000,40.00,-2711.823,306.294,50000.000,78.00,0
23751,-2801.470,-7410.823,50000.000,39.00,-3600.823,-1613.647,50000.000,73.00,0
23801,-2472.765,-8987.117,50000.000,21.00,-4497.294,-4123.765,50000.000,54.00,0
23851,-1957.294,-6872.941,50000.000,46.00,-3272.117,-4878.294,50000.000,68.00,0
23901,-1778.000,-5378.823,50000.000,44.00,-2928.470,-5311.588,50000.000,64.00,0
23951,-1382.059,-5625.353,50000.000,45.00,-2995.706,-5289.176,50000.000,56.00,0
24001,-1553.882,-6073.588,50000.000,51.00,-2577.353,-2592.294,50000.000,75.00,0
24051,-2032.000,-4721.412,50000.000,69.00,-2353.235,-582.706,50000.000,66.00,0
24101,-2420.470,-6327.588,50000.000,55.00,-2921.000,-1837.765,50000.000,47.00,0
24151,-2465.294,-6910.293,50000.000,55.00,-4355.353,-2846.294,50000.000,51.00,0
24201,-2525.059,-3922.059,50000.000,65.00,-2943.412,-2315.882,50000.000,62.00,0
24251,-1807.882,-1890.059,50000.000,45.00,-2278.529,-2450.353,50000.000,41.00,0
24301,-1135.529,-164.353,50000.000,52.00,-1725.706,-1494.118,50000.000,51.00,0
24351,-1374.588,2300.941,50000.000,68.00,-515.471,1045.882,50000.000,56.00,0
24401,-1583.765,2801.470,50000.000,77.00,-141.941,2726.764,50000.000,75.00,0
24451,-1636.059,747.059,50000.000,51.00,-1195.294,1202.765,50000.000,51.00,0
24501,-724.647,597.647,50000.000,48.00,-784.412,358.588,50000.000,41.00,0
24551,-82.176,2689.412,50000.000,49.00,791.882,1628.588,50000.000,67.00,0
24601,1307.353,3944.470,50000.000,56.00,2166.470,2308.412,50000.000,43.00,0
24651,2360.706,4004.235,50000.000,43.00,3175.000,1934.882,50000.000,49.00,0
24701,3742.764,3077.882,50000.000,66.00,3922.059,-156.882,50000.000,57.00,0
24751,5520.764,859.118,50000.000,43.00,4385.235,-1890.059,50000.000,41.00,0
24801,6394.823,1897.529,50000.000,44.00,6193.117,-806.823,50000.000,55.00,0
24851,8673.353,1135.529,50000.000,60.00,7918.823,-1090.706,50000.000,46.00,0
24901,10399.059,717.176,50000.000,46.00,8830.234,-859.118,50000.000,56.00,0
24951,11034.058,4116.294,50000.000,48.00,10765.117,1389.529,50000.000,63.00,0
25001,11004.176,4982.882,50000.000,44.00,10862.234,3735.294,50000.000,75.00,0
25051,10638.117,5020.235,50000.000,46.00,10682.940,4430.059,50000.000,87.00,0
25101,10615.705,2442.882,50000.000,40.00,10301.940,3683.000,50000.000,82.00,0
25151,10339.293,1135.529,50000.000,48.00,9905.999,3137.647,50000.000,54.00,0
25201,9853.705,605.118,50000.000,20.00,9442.823,1434.353,50000.000,59.00,0
25251,9383.059,-1486.647,50000.000,40.00,8284.882,-664.882,50000.000,53.00,0
25301,9689.353,-1135.529,50000.000,35.00,7881.470,-2383.117,50000.000,63.00,0
25351,10720.293,1172.882,50000.000,49.00,9517.528,-2592.294,50000.000,79.00,0
25401,11743.764,1561.353,50000.000,46.00,10257.117,-3279.588,50000.000,72.00,0
25451,13499.352,-1591.235,50000.000,23.00,10413.999,-5774.764,50000.000,76.00,0
25501,16412.881,-1337.235,50000.000,47.00,12326.470,-8262.470,50000.000,60.00,0
25551,17682.881,-37.353,50000.000,41.00,14171.705,-7776.882,50000.000,64.00,0
25601,17361.646,-582.706,50000.000,38.00,14223.999,-5214.470,50000.000,67.00,0
25651,16330.705,-201.706,50000.000,53.00,14425.705,-3391.647,50000.000,54.00,0
25701,16106.587,-4064.000,50000.000,38.00,14014.822,-1583.765,50000.000,70.00,0
25751,16883.527,-3653.117,50000.000,41.00,14037.234,-1897.529,50000.000,63.00,0
25801,17794.939,679.823,50000.000,42.00,15755.470,-3287.059,50000.000,64.00,0
25851,19535.588,0.000,50000.000,32.00,15972.116,-6297.706,50000.000,59.00,0
25901,20768.234,463.176,50000.000,50.00,16502.527,-7418.293,50000.000,71.00,0
25951,20902.705,-448.235,50000.000,33.00,17944.352,-4982.882,50000.000,60.00,0
26001,19378.705,-6633.882,50000.000,25.00,16793.881,-5162.176,50000.000,60.00,0
26051,18101.234,-9965.764,50000.000,22.00,15501.470,-6245.411,50000.000,66.00,0
26101,18041.469,-7978.588,50000.000,34.00,15516.411,-4191.000,50000.000,59.00,0
26151,18392.588,-4273.176,50000.000,35.00,15538.822,-4960.470,50000.000,32.00,0
26201,19460.881,-2950.882,50000.000,62.00,14350.999,-10406.528,50000.000,84.00,0
26251,20850.410,-2002.118,50000.000,61.00,14567.646,-12072.470,50000.000,55.00,0
26301,21470.469,-1135.529,50000.000,57.00,14754.411,-12035.117,50000.000,62.00,0
26351,21687.115,-590.176,50000.000,71.00,15262.411,-11265.646,50000.000,35.00,0
26401,21014.764,-1195.294,50000.000,66.00,15979.587,-7993.529,50000.000,98.00,0
26451,19759.705,268.941,50000.000,73.00,16517.469,-6103.470,50000.000,69.00,0
26501,21156.705,530.412,50000.000,96.00,15837.646,-8762.999,50000.000,46.00,0
26551,22277.293,-1778.000,50000.000,72.00,15725.587,-9495.117,50000.000,57.00,0
26601,23644.410,-590.176,50000.000,74.00,16353.116,-9958.293,50000.000,58.00,0
26651,24421.352,762.000,50000.000,85.00,17555.881,-9532.470,50000.000,75.00,0
26701,23427.764,-216.647,50000.000,59.00,17772.527,-7283.823,50000.000,75.00,0
26751,21843.998,1225.176,50000.000,55.00,18721.293,-5132.294,50000.000,50.00,0
26801,22344.527,-612.588,50000.000,44.00,17854.705,-8367.059,50000.000,69.00,0
26851,22703.115,-2831.353,50000.000,27.00,16487.588,-10593.293,50000.000,48.00,0
26901,23390.410,-963.706,50000.000,45.00,17264.527,-10578.353,50000.000,82.00,0
26951,24451.234,1090.706,50000.000,54.00,19229.293,-10159.999,50000.000,89.00,0
27001,25220.705,679.823,50000.000,58.00,19752.234,-10361.705,50000.000,89.00,0
27051,25482.174,-321.235,50000.000,43.00,19274.117,-10615.705,50000.000,37.00,0
27101,25198.293,-657.412,50000.000,35.00,19498.234,-8755.529,50000.000,84.00,0
27151,25713.764,-485.588,50000.000,33.00,21089.469,-8815.294,50000.000,70.00,0
27201,27618.764,366.059,50000.000,51.00,22142.822,-10212.293,50000.000,68.00,0
27251,27581.410,948.765,50000.000,40.00,22038.234,-12886.764,50000.000,86.00,0
27301,29478.939,-874.059,50000.000,22.00,22501.410,-12864.353,50000.000,92.00,0
27351,28589.939,-508.000,50000.000,41.00,23278.352,-10197.353,50000.000,59.00,0
27401,27887.703,993.588,50000.000,60.00,24772.469,-9046.882,50000.000,51.00,0
27451,28687.057,1337.235,50000.000,32.00,23592.115,-10219.764,50000.000,66.00,0
27501,28761.764,1023.471,50000.000,52.00,24197.234,-10249.646,50000.000,37.00,0
27551,29307.115,903.941,50000.000,59.00,24115.057,-9913.470,50000.000,65.00,0
27601,29150.232,-351.118,50000.000,85.00,24077.705,-9218.705,50000.000,66.00,0
27651,29269.764,-2659.529,50000.000,68.00,22762.881,-7141.882,50000.000,69.00,0
27701,28029.645,-1546.412,50000.000,76.00,22359.469,-7291.293,50000.000,70.00,0
27751,28560.057,-2510.117,50000.000,76.00,21186.586,-9472.705,50000.000,71.00,0
27801,28052.057,-3339.353,50000.000,88.00,19632.705,-10167.470,50000.000,74.00,0
27851,26782.057,-4863.353,50000.000,66.00,19124.705,-9659.470,50000.000,75.00,0
27901,26169.469,-7298.764,50000.000,78.00,18586.822,-8710.705,50000.000,75.00,0
27951,24488.586,-7186.706,50000.000,77.00,18870.705,-7560.235,50000.000,47.00,0
28001,23382.939,-4930.588,50000.000,41.00,17697.822,-8830.234,50000.000,74.00,0
28051,21896.293,-1434.353,50000.000,57.00,16532.410,-9950.823,50000.000,51.00,0
28101,21754.352,-1509.059,50000.000,46.00,15411.822,-11056.470,50000.000,63.00,0
28151,19879.234,-4452.470,50000.000,39.00,14619.940,-9524.999,50000.000,75.00,0
28201,18063.881,-7769.411,50000.000,44.00,14440.646,-8068.235,50000.000,61.00,0
28251,17107.646,-9704.294,50000.000,60.00,13230.411,-9913.470,50000.000,60.00,0
28301,17645.527,-8120.529,50000.000,45.00,11519.646,-12580.470,50000.000,59.00,0
28351,18459.822,-3227.294,50000.000,38.00,11556.999,-13447.058,50000.000,69.00,0
28401,18048.939,-4303.059,50000.000,46.00,12064.999,-12102.353,50000.000,68.00,0
28451,16995.588,-8277.411,50000.000,40.00,11773.646,-11721.353,50000.000,79.00,0
28501,16965.705,-8464.176,50000.000,25.00,11258.176,-12154.646,50000.000,55.00,0
28551,16696.764,-2353.235,50000.000,36.00,11848.353,-11452.411,50000.000,71.00,0
28601,17608.176,2398.059,50000.000,52.00,12699.999,-11093.823,50000.000,39.00,0
28651,18810.939,2883.647,50000.000,27.00,13932.646,-10055.411,50000.000,46.00,0
28701,18833.352,821.765,50000.000,33.00,15157.822,-8217.646,50000.000,53.00,0
28751,18803.469,-1800.412,50000.000,36.00,15516.411,-6155.764,50000.000,77.00,0
28801,18937.939,-2876.176,50000.000,45.00,15239.999,-6820.646,50000.000,66.00,0
28851,20835.469,-1524.000,50000.000,38.00,15142.881,-9973.234,50000.000,59.00,0
28901,21575.057,485.588,50000.000,39.00,15785.352,-11415.058,50000.000,80.00,0
28951,23069.176,-127.000,50000.000,50.00,16502.527,-12879.293,50000.000,45.00,0
29001,22815.176,-1680.882,50000.000,58.00,16181.293,-10757.646,50000.000,41.00,0
29051,23069.176,-3070.412,50000.000,77.00,17212.234,-9898.528,50000.000,61.00,0
29101,23584.645,-4885.764,50000.000,60.00,17025.469,-10570.882,50000.000,50.00,0
29151,24032.881,-1352.176,50000.000,66.00,17570.822,-13693.587,50000.000,70.00,0
29201,25131.057,567.765,50000.000,77.00,17705.293,-14649.822,50000.000,19.00,0
29251,24510.998,-1053.353,50000.000,81.00,16375.528,-11325.411,50000.000,53.00,0
29301,24331.705,-4415.117,50000.000,94.00,16681.822,-10780.058,50000.000,53.00,0
29351,23868.527,-7164.293,50000.000,81.00,15501.470,-11549.528,50000.000,58.00,0
29401,21679.646,-4908.176,50000.000,77.00,14522.822,-12558.058,50000.000,61.00,0
29451,21694.586,-7507.940,50000.000,67.00,13529.234,-12304.058,50000.000,72.00,0
29501,19049.998,-8942.294,50000.000,76.00,13252.822,-10727.764,50000.000,79.00,0
29551,18213.293,-8523.940,50000.000,52.00,12998.822,-11258.176,50000.000,80.00,0
29601,18131.117,-7366.000,50000.000,63.00,12079.940,-14612.470,50000.000,82.00,0
29651,18138.588,-8083.176,50000.000,63.00,11594.353,-15314.705,50000.000,86.00,1
29701,17742.646,-7246.470,50000.000,23.00,12221.882,-11930.528,50000.000,91.00,1
29751,17892.057,-5759.823,50000.000,70.00,12946.528,-10518.588,50000.000,74.00,0
29801,17765.059,-5117.353,50000.000,41.00,12647.705,-11041.528,50000.000,59.00,0
29851,17906.998,-3197.412,50000.000,44.00,12072.470,-12087.411,50000.000,62.00,0
29901,16756.527,-3810.000,50000.000,44.00,11654.117,-11556.999,50000.000,54.00,0
29951,15434.234,-2883.647,50000.000,50.00,11370.234,-6820.646,50000.000,72.00,0
