timestamp[ms],left_dx[um],left_dy[um],left_dt[us],left_sq44right_dx[um],right_dy[um],right_dt[us],right_sq,waterPin
0,-134.471,-104.588,50157.000,57.00,-141.941,7.471,50153.000,81.00,0
51,-20252.764,-16382.999,50000.000,74.00,-19378.705,3272.117,50000.000,60.00,0
101,-21298.646,-16890.998,50000.000,55.00,-19737.293,3690.470,50000.000,68.00,0
151,-20409.646,-17503.588,50000.000,39.00,-20813.057,1150.470,50000.000,60.00,0
201,-20529.176,-17100.176,50000.000,39.00,-21119.352,791.882,50000.000,72.00,0
251,-20267.705,-15628.470,50000.000,26.00,-19139.646,4280.647,50000.000,69.00,0
301,-19856.822,-14537.764,50000.000,35.00,-19281.588,2726.764,50000.000,56.00,0
351,-17974.234,-12371.293,50000.000,49.00,-18698.881,-1352.176,50000.000,63.00,0
401,-17623.117,-7829.176,50000.000,39.00,-17384.059,-2906.059,50000.000,45.00,0
451,-15337.116,-485.588,50000.000,37.00,-14455.587,-3294.529,50000.000,64.00,0
501,-13006.293,2562.412,50000.000,36.00,-11594.353,-2330.823,50000.000,63.00,0
551,-11258.176,3324.412,50000.000,41.00,-10003.117,-1800.412,50000.000,67.00,0
601,-9681.882,1284.941,50000.000,48.00,-9076.764,-3003.176,50000.000,44.00,0
651,-7478.058,-575.235,50000.000,35.00,-7709.646,-4318.000,50000.000,69.00,0
701,-5939.117,-5117.353,50000.000,34.00,-6813.176,-6379.882,50000.000,66.00,0
751,-4953.000,-10600.764,50000.000,35.00,-7493.000,-10877.176,50000.000,46.00,0
801,-4713.941,-11250.705,50000.000,57.00,-7926.293,-12274.176,50000.000,57.00,0
851,-4885.764,-7283.823,50000.000,42.00,-7201.646,-10369.176,50000.000,86.00,0
901,-4303.059,-2241.176,50000.000,42.00,-5341.470,-8904.940,50000.000,52.00,0
951,-3025.588,-1830.294,50000.000,40.00,-4108.823,-7903.882,50000.000,77.00,0
1001,-1105.647,-3615.764,50000.000,51.00,-2510.117,-5759.823,50000.000,40.00,0
1051,291.353,-3914.588,50000.000,49.00,-1217.706,-4840.941,50000.000,47.00,0
1101,1128.059,-3189.941,50000.000,38.00,-313.765,-4445.000,50000.000,30.00,0
1151,1643.529,37.353,50000.000,66.00,448.235,-5334.000,50000.000,31.00,0
1201,3316.941,694.765,50000.000,55.00,1367.118,-8060.764,50000.000,57.00,0
1251,3996.764,-2681.941,50000.000,40.00,1628.588,-8987.117,50000.000,24.00,0
1301,4542.117,-5901.764,50000.000,53.00,1800.412,-10115.176,50000.000,46.00,0
1351,5446.059,-7246.470,50000.000,25.00,2046.941,-10391.588,50000.000,38.00,0
1401,6125.882,-2547.470,50000.000,38.00,3302.000,-9457.764,50000.000,67.00,0
1451,6895.353,2413.000,50000.000,75.00,4534.647,-9614.646,50000.000,41.00,0
1501,7642.411,306.294,50000.000,58.00,5102.412,-9084.234,50000.000,42.00,0
1551,7859.058,-2502.647,50000.000,67.00,5229.412,-7134.411,50000.000,40.00,0
1601,7859.058,-4534.647,50000.000,55.00,4893.235,-7216.588,50000.000,77.00,0
1651,7702.176,-4631.764,50000.000,52.00,4362.823,-9487.646,50000.000,35.00,0
1701,7993.529,-2256.117,50000.000,84.00,4639.235,-11273.117,50000.000,75.00,0
1751,8307.294,-4078.941,50000.000,61.00,4430.059,-12371.293,50000.000,71.00,0
1801,7418.293,-8748.059,50000.000,60.00,3488.764,-14156.764,50000.000,63.00,0
1851,7440.706,-10152.528,50000.000,56.00,2749.176,-15822.705,50000.000,77.00,0
1901,6663.764,-7784.353,50000.000,51.00,2569.882,-16241.058,50000.000,62.00,0
1951,6656.293,-9569.823,50000.000,29.00,1680.882,-15688.234,50000.000,40.00,0
2001,5214.470,-15449.176,50000.000,38.00,104.588,-12341.411,50000.000,62.00,0
2051,4736.353,-15733.058,50000.000,38.00,-29.882,-11586.882,50000.000,72.00,0
2101,2928.470,-13454.528,50000.000,43.00,-956.235,-11168.528,50000.000,59.00,0
2151,1621.118,-15254.940,50000.000,29.00,-1725.706,-8919.882,50000.000,63.00,0
2201,1060.823,-18781.057,50000.000,55.00,-2106.706,-6484.470,50000.000,38.00,0
2251,851.647,-19811.998,50000.000,47.00,-2711.823,-7119.470,50000.000,69.00,0
2301,254.000,-21806.646,50000.000,42.00,-3294.529,-7164.293,50000.000,57.00,0
2351,-717.176,-22478.998,50000.000,58.00,-3585.882,-4220.882,50000.000,43.00,0
2401,-1703.294,-22090.527,50000.000,55.00,-4280.647,-4131.235,50000.000,47.00,0
2451,-2054.412,-23166.293,50000.000,55.00,-5550.646,-5700.059,50000.000,87.00,0
2501,-3944.470,-21821.586,50000.000,48.00,-6641.353,-4056.529,50000.000,39.00,0
2551,-5274.235,-20461.939,50000.000,50.00,-7717.117,-3272.117,50000.000,47.00,0
2601,-5886.823,-22314.646,50000.000,86.00,-8800.353,-4430.059,50000.000,64.00,0
2651,-7119.470,-24525.939,50000.000,47.00,-9681.882,-3668.059,50000.000,67.00,0
2701,-7993.529,-22366.939,50000.000,45.00,-9808.882,-448.235,50000.000,39.00,0
2751,-7948.706,-20432.057,50000.000,42.00,-10257.117,-2525.059,50000.000,84.00,0
2801,-7844.117,-20596.410,50000.000,27.00,-10227.234,-4168.588,50000.000,69.00,0
2851,-8538.882,-19244.234,50000.000,29.00,-10555.940,-2032.000,50000.000,60.00,0
2901,-9524.999,-17615.646,50000.000,39.00,-10503.646,-67.235,50000.000,45.00,0
2951,-10159.999,-18758.646,50000.000,44.00,-12393.705,-2659.529,50000.000,59.00,0
3001,-10877.176,-18347.764,50000.000,40.00,-13387.293,-2233.706,50000.000,93.00,0
3051,-11579.411,-17204.764,50000.000,46.00,-13544.176,298.824,50000.000,53.00,0
3101,-12348.882,-16801.352,50000.000,42.00,-14403.293,-717.176,50000.000,55.00,0
3151,-13028.705,-17010.527,50000.000,44.00,-15068.176,-1628.588,50000.000,52.00,0
3201,-13880.352,-16973.176,50000.000,59.00,-15157.822,-493.059,50000.000,65.00,0
3251,-14470.528,-16913.410,50000.000,51.00,-15232.528,694.765,50000.000,68.00,0
3301,-15396.881,-17122.588,50000.000,53.00,-15807.764,-1128.059,50000.000,51.00,0
3351,-16091.646,-17189.822,50000.000,51.00,-16099.116,-1255.059,50000.000,57.00,0
3401,-16816.293,-16719.176,50000.000,37.00,-16211.176,3003.176,50000.000,54.00,0
3451,-17070.293,-16457.705,50000.000,35.00,-16211.176,4303.059,50000.000,49.00,0
3501,-17092.705,-18093.764,50000.000,34.00,-17055.352,590.176,50000.000,60.00,0
3551,-17242.117,-17630.588,50000.000,49.00,-17473.705,702.235,50000.000,65.00,0
3601,-18093.764,-16128.999,50000.000,41.00,-16584.705,4280.647,50000.000,47.00,0
3651,-18706.352,-16913.410,50000.000,48.00,-18758.646,2674.470,50000.000,77.00,0
3701,-19079.881,-18654.057,50000.000,56.00,-20506.764,-216.647,50000.000,68.00,0
3751,-19916.586,-18541.998,50000.000,64.00,-20260.234,1494.118,50000.000,45.00,0
3801,-20663.646,-17451.293,50000.000,38.00,-19176.998,4250.765,50000.000,74.00,0
3851,-20798.117,-17458.764,50000.000,35.00,-20917.646,1531.470,50000.000,65.00,0
3901,-21074.527,-17174.881,50000.000,54.00,-21492.881,-1225.176,50000.000,77.00,0
3951,-21156.705,-17107.646,50000.000,50.00,-21014.764,1553.882,50000.000,31.00,0
4001,-21440.586,-16233.587,50000.000,48.00,-21410.705,2779.059,50000.000,24.00,0
4051,-20798.117,-15337.116,50000.000,48.00,-22419.234,-1307.353,50000.000,65.00,0
4101,-20379.764,-13992.411,50000.000,41.00,-21664.705,-3077.882,50000.000,84.00,0
4151,-20185.527,-12998.822,50000.000,42.00,-20611.352,1202.765,50000.000,66.00,0
4201,-19961.410,-12520.705,50000.000,39.00,-20155.646,3556.000,50000.000,39.00,0
4251,-19864.293,-11512.176,50000.000,41.00,-21963.527,1426.882,50000.000,44.00,0
4301,-20925.117,-10660.528,50000.000,52.00,-22732.998,-530.412,50000.000,27.00,0
4351,-21672.176,-9920.940,50000.000,99.00,-23181.234,-67.235,50000.000,72.00,0
4401,-22852.527,-9278.470,50000.000,59.00,-21350.939,3563.470,50000.000,55.00,0
4451,-23009.410,-9838.764,50000.000,49.00,-22015.822,3630.706,50000.000,56.00,0
4501,-22576.115,-9487.646,50000.000,48.00,-23226.057,-321.235,50000.000,43.00,0
4551,-23726.586,-9293.411,50000.000,54.00,-22845.057,-2771.588,50000.000,75.00,0
4601,-22127.881,-7888.940,50000.000,70.00,-22478.998,-3817.470,50000.000,42.00,0
4651,-19595.352,-7022.353,50000.000,35.00,-19789.586,-4467.412,50000.000,20.00,0
4701,-18183.410,-6252.882,50000.000,51.00,-17989.176,-6073.588,50000.000,29.00,0
4751,-16838.705,-3354.294,50000.000,50.00,-16203.705,-7067.176,50000.000,61.00,0
4801,-15860.058,-1023.471,50000.000,44.00,-15322.176,-5483.412,50000.000,64.00,0
4851,-15180.234,-2816.412,50000.000,41.00,-14941.176,-4355.353,50000.000,81.00,0
4901,-14485.470,-6551.706,50000.000,43.00,-15165.293,-5065.059,50000.000,48.00,0
4951,-11997.764,-5983.941,50000.000,28.00,-13775.764,-7358.529,50000.000,84.00,0
5001,-10540.999,-2988.235,50000.000,41.00,-10921.999,-6335.059,50000.000,60.00,0
5051,-9786.470,-395.941,50000.000,48.00,-9360.646,-3548.529,50000.000,79.00,0
5101,-9704.294,-1098.176,50000.000,45.00,-9069.294,433.294,50000.000,79.00,0
5151,-9405.470,-1359.647,50000.000,64.00,-8770.470,717.176,50000.000,53.00,0
5201,-7455.646,-2472.765,50000.000,74.00,-7634.940,-3585.882,50000.000,56.00,0
5251,-5610.412,-4661.647,50000.000,76.00,-7186.706,-9502.588,50000.000,69.00,0
5301,-4318.000,-7500.470,50000.000,74.00,-7657.353,-14052.176,50000.000,75.00,0
5351,-3862.294,-7179.235,50000.000,60.00,-7268.882,-13110.882,50000.000,76.00,0
5401,-4205.941,-3010.647,50000.000,101.00,-5528.235,-9495.117,50000.000,73.00,0
5451,-3839.882,-3526.117,50000.000,97.00,-5087.470,-7986.058,50000.000,41.00,0
5501,-4004.235,-9181.353,50000.000,80.00,-5655.235,-5864.411,50000.000,77.00,0
5551,-4654.176,-13633.822,50000.000,60.00,-6775.823,-6215.529,50000.000,50.00,0
5601,-5132.294,-14470.528,50000.000,59.00,-8113.058,-6977.529,50000.000,68.00,0
5651,-6148.294,-14537.764,50000.000,65.00,-8561.294,-6424.706,50000.000,81.00,0
5701,-6581.588,-15680.764,50000.000,85.00,-9121.588,-5946.588,50000.000,73.00,0
5751,-7380.941,-15904.881,50000.000,62.00,-8546.353,-2779.059,50000.000,73.00,0
5801,-7605.058,-15733.058,50000.000,66.00,-8598.646,-1815.353,50000.000,28.00,0
5851,-8090.646,-15606.058,50000.000,60.00,-9637.059,-4093.882,50000.000,72.00,0
5901,-8210.176,-15800.293,50000.000,52.00,-10010.588,-4325.470,50000.000,78.00,0
5951,-8090.646,-15710.646,50000.000,37.00,-9106.646,-1830.294,50000.000,71.00,0
6001,-8202.705,-15195.176,50000.000,35.00,-8867.588,-986.118,50000.000,64.00,0
6051,-8120.529,-15105.528,50000.000,32.00,-9622.117,-4377.765,50000.000,54.00,0
6101,-8157.882,-14455.587,50000.000,41.00,-9928.411,-5348.941,50000.000,46.00,0
6151,-8381.999,-13312.587,50000.000,33.00,-9741.646,-3660.588,50000.000,62.00,0
6201,-8396.940,-11385.176,50000.000,35.00,-9308.353,-537.882,50000.000,76.00,0
6251,-9061.823,-11011.646,50000.000,51.00,-9764.059,-605.118,50000.000,55.00,0
6301,-9554.882,-11093.823,50000.000,51.00,-10630.646,-3234.764,50000.000,35.00,0
6351,-10339.293,-11908.117,50000.000,48.00,-11519.646,-4026.647,50000.000,41.00,0
6401,-10548.470,-12348.882,50000.000,65.00,-11766.176,-2913.529,50000.000,32.00,0
6451,-11280.588,-12871.822,50000.000,83.00,-12102.353,455.706,50000.000,48.00,0
6501,-12154.646,-12543.117,50000.000,42.00,-12961.470,702.235,50000.000,62.00,0
6551,-12431.058,-11900.646,50000.000,56.00,-13656.234,-1755.588,50000.000,70.00,0
6601,-12924.117,-11407.588,50000.000,83.00,-14500.411,-2054.412,50000.000,55.00,0
6651,-13536.705,-11796.058,50000.000,48.00,-14373.411,1845.235,50000.000,82.00,0
6701,-14642.352,-12976.411,50000.000,42.00,-15090.587,3817.470,50000.000,30.00,0
6751,-15299.764,-13745.882,50000.000,71.00,-15516.411,1912.470,50000.000,45.00,0
6801,-15815.234,-13955.058,50000.000,52.00,-16353.116,635.000,50000.000,37.00,0
6851,-15740.528,-12782.176,50000.000,44.00,-15650.881,3137.647,50000.000,54.00,0
6901,-16569.764,-13305.117,50000.000,49.00,-16016.940,4467.412,50000.000,23.00,0
6951,-17197.293,-15523.881,50000.000,40.00,-16756.527,328.706,50000.000,61.00,0
7001,-17286.939,-16076.705,50000.000,31.00,-18041.469,-1785.470,50000.000,66.00,0
7051,-17331.764,-14410.764,50000.000,39.00,-17339.234,440.765,50000.000,60.00,0
7101,-17481.176,-12333.940,50000.000,54.00,-17219.705,2958.353,50000.000,30.00,0
7151,-17727.705,-11542.058,50000.000,58.00,-18624.176,1195.294,50000.000,54.00,0
7201,-18437.410,-11542.058,50000.000,38.00,-19789.586,903.941,50000.000,45.00,0
7251,-19124.705,-12333.940,50000.000,42.00,-21014.764,1352.176,50000.000,73.00,0
7301,-20073.469,-13424.646,50000.000,54.00,-18541.998,5871.882,50000.000,67.00,0
7351,-21380.822,-13574.058,50000.000,46.00,-19871.764,4930.588,50000.000,66.00,0
7401,-20648.705,-12550.587,50000.000,47.00,-21410.705,440.765,50000.000,80.00,0
7451,-20730.881,-12012.705,50000.000,38.00,-22150.293,-1389.529,50000.000,62.00,0
7501,-21552.646,-11825.940,50000.000,40.00,-21492.881,2293.470,50000.000,37.00,0
7551,-22187.646,-12348.882,50000.000,48.00,-22516.352,2846.294,50000.000,59.00,0
7601,-21858.939,-11056.470,50000.000,24.00,-23001.939,1763.059,50000.000,62.00,0
7651,-22224.998,-10473.764,50000.000,35.00,-23494.998,59.765,50000.000,65.00,0
7701,-22501.410,-12617.822,50000.000,43.00,-23465.115,1202.765,50000.000,65.00,0
7751,-24152.410,-14634.882,50000.000,31.00,-23502.469,3645.647,50000.000,36.00,0
7801,-23659.352,-12543.117,50000.000,60.00,-24451.234,1927.412,50000.000,58.00,0
7851,-25930.410,-10540.999,50000.000,51.00,-24279.410,1568.823,50000.000,67.00,0
7901,-26856.764,-10555.940,50000.000,50.00,-25056.352,2726.764,50000.000,65.00,0
7951,-27633.703,-12558.058,50000.000,49.00,-24040.352,5647.764,50000.000,76.00,0
8001,-27708.410,-13588.999,50000.000,59.00,-24906.939,3996.764,50000.000,70.00,0
8051,-25960.293,-11474.822,50000.000,53.00,-24966.705,971.176,50000.000,59.00,0
8101,-25676.410,-10600.764,50000.000,47.00,-26094.764,-664.882,50000.000,40.00,0
8151,-24623.057,-10428.940,50000.000,46.00,-24040.352,2928.470,50000.000,52.00,0
8201,-24854.645,-12020.176,50000.000,31.00,-23181.234,5729.941,50000.000,23.00,0
8251,-24152.410,-12602.882,50000.000,39.00,-25534.469,3070.412,50000.000,64.00,0
8301,-25026.469,-12214.411,50000.000,28.00,-25810.881,2188.882,50000.000,44.00,0
8351,-26774.586,-12797.117,50000.000,53.00,-26819.410,2338.294,50000.000,43.00,0
8401,-28492.822,-14776.822,50000.000,35.00,-25706.293,6596.529,50000.000,28.00,0
8451,-29060.586,-14694.646,50000.000,62.00,-27521.645,5700.059,50000.000,77.00,0
8501,-28425.586,-12050.058,50000.000,65.00,-26296.469,4332.941,50000.000,68.00,0
8551,-29172.645,-12005.234,50000.000,47.00,-27685.998,2794.000,50000.000,58.00,0
8601,-29971.998,-14545.234,50000.000,35.00,-27327.410,4445.000,50000.000,67.00,0
8651,-29605.939,-15874.999,50000.000,32.00,-27566.469,4519.706,50000.000,55.00,0
8701,-26259.115,-12924.117,50000.000,21.00,-26759.645,836.706,50000.000,73.00,0
8751,-25512.057,-9801.411,50000.000,30.00,-25915.469,-762.000,50000.000,65.00,0
8801,-24809.822,-9375.588,50000.000,36.00,-24615.586,1247.588,50000.000,75.00,0
8851,-25609.174,-11243.234,50000.000,18.00,-23988.057,5304.117,50000.000,54.00,0
8901,-24966.705,-10137.588,50000.000,44.00,-25377.586,3182.470,50000.000,69.00,0
8951,-25198.293,-6738.470,50000.000,58.00,-25011.527,1464.235,50000.000,82.00,0
9001,-27633.703,-4437.529,50000.000,78.00,-24966.705,1688.353,50000.000,60.00,0
9051,-28350.881,-3615.764,50000.000,85.00,-24219.645,1501.588,50000.000,76.00,0
9101,-28164.115,-5954.059,50000.000,84.00,-23614.527,1120.588,50000.000,52.00,0
9151,-26206.822,-8748.059,50000.000,69.00,-23883.469,-410.882,50000.000,74.00,0
9201,-24159.881,-6484.470,50000.000,62.00,-23681.764,-3324.412,50000.000,69.00,0
9251,-22755.410,-1576.294,50000.000,73.00,-21642.293,-3705.412,50000.000,79.00,0
9301,-22150.293,1270.000,50000.000,47.00,-20581.469,-1852.706,50000.000,39.00,0
9351,-20424.586,-82.176,50000.000,61.00,-19057.469,-2779.059,50000.000,23.00,0
9401,-18721.293,-5378.823,50000.000,40.00,-18691.410,-5595.470,50000.000,28.00,0
9451,-18160.998,-6820.646,50000.000,43.00,-17660.469,-7986.058,50000.000,40.00,0
9501,-17847.234,-5692.588,50000.000,44.00,-16853.646,-8299.823,50000.000,44.00,0
9551,-16965.705,-3653.117,50000.000,52.00,-16255.999,-6940.176,50000.000,48.00,0
9601,-16636.998,-6305.176,50000.000,62.00,-16151.411,-3331.882,50000.000,35.00,0
9651,-16666.881,-10518.588,50000.000,64.00,-16928.352,-410.882,50000.000,51.00,0
9701,-17518.527,-14141.822,50000.000,56.00,-17660.469,1038.412,50000.000,51.00,0
9751,-18459.822,-15874.999,50000.000,34.00,-19214.352,112.059,50000.000,69.00,0
9801,-18444.881,-13469.470,50000.000,52.00,-18362.705,694.765,50000.000,81.00,0
9851,-18459.822,-12035.117,50000.000,53.00,-18586.822,2211.294,50000.000,43.00,0
9901,-19625.234,-13992.411,50000.000,41.00,-17974.234,5490.882,50000.000,77.00,0
9951,-19647.646,-15643.411,50000.000,31.00,-18743.705,4489.823,50000.000,74.00,0
10001,-18616.705,-15314.705,50000.000,29.00,-18661.527,530.412,50000.000,64.00,0
10051,-18706.352,-15172.764,50000.000,28.00,-19191.939,-381.000,50000.000,63.00,0
10101,-18519.588,-13955.058,50000.000,47.00,-17757.588,3981.823,50000.000,69.00,0
10151,-18848.293,-13058.587,50000.000,34.00,-17794.939,5692.588,50000.000,39.00,0
10201,-18728.764,-12229.353,50000.000,34.00,-19909.117,1359.647,50000.000,66.00,0
10251,-18713.822,-11385.176,50000.000,40.00,-20521.705,-1621.118,50000.000,60.00,0
10301,-19557.998,-11878.234,50000.000,36.00,-20432.057,306.294,50000.000,47.00,0
10351,-20379.764,-12094.882,50000.000,37.00,-20043.586,3795.059,50000.000,57.00,0
10401,-20148.176,-8150.411,50000.000,58.00,-20207.939,2838.823,50000.000,72.00,0
10451,-20476.881,-3137.647,50000.000,67.00,-19214.352,1165.412,50000.000,65.00,0
10501,-20559.057,605.118,50000.000,75.00,-17839.764,1045.882,50000.000,65.00,0
10551,-18788.527,784.412,50000.000,80.00,-16763.998,-1964.765,50000.000,62.00,0
10601,-17525.998,-5124.823,50000.000,47.00,-17481.176,-5782.235,50000.000,29.00,0
10651,-17062.822,-9696.823,50000.000,37.00,-18639.117,-8202.705,50000.000,60.00,0
10701,-17271.998,-10025.528,50000.000,48.00,-18624.176,-6865.470,50000.000,62.00,0
10751,-17787.469,-9263.528,50000.000,29.00,-18086.293,-2696.882,50000.000,47.00,0
10801,-17899.527,-8314.764,50000.000,50.00,-17906.998,-1665.941,50000.000,35.00,0
10851,-16838.705,-9644.528,50000.000,27.00,-17085.234,-2271.059,50000.000,42.00,0
10901,-16808.822,-10399.059,50000.000,41.00,-16786.410,1232.647,50000.000,25.00,0
10951,-16898.469,-9607.176,50000.000,55.00,-15957.176,1524.000,50000.000,18.00,0
11001,-16315.764,-8695.764,50000.000,39.00,-16106.587,-3458.882,50000.000,27.00,0
11051,-16054.293,-7425.764,50000.000,34.00,-16084.176,-5087.470,50000.000,52.00,0
11101,-15725.587,-8090.646,50000.000,64.00,-15583.646,-3600.823,50000.000,36.00,0
11151,-15568.705,-11721.353,50000.000,54.00,-16293.352,-1157.941,50000.000,16.00,0
11201,-17204.764,-14769.352,50000.000,40.00,-17593.234,-933.823,50000.000,46.00,0
11251,-17503.588,-12662.646,50000.000,45.00,-17906.998,-1225.176,50000.000,53.00,0
11301,-16831.234,-10720.293,50000.000,58.00,-17219.705,-2786.529,50000.000,83.00,0
11351,-16801.352,-12961.470,50000.000,68.00,-17929.410,-2032.000,50000.000,83.00,0
11401,-18063.881,-16114.058,50000.000,50.00,-18019.057,649.941,50000.000,38.00,0
11451,-18101.234,-15994.528,50000.000,32.00,-18661.527,-649.941,50000.000,45.00,0
11501,-18258.117,-14971.058,50000.000,34.00,-17929.410,-1568.823,50000.000,89.00,0
11551,-18504.646,-16136.470,50000.000,40.00,-18474.764,194.235,50000.000,64.00,0
11601,-18870.705,-17085.234,50000.000,32.00,-18654.057,2801.470,50000.000,75.00,0
11651,-19064.939,-15889.940,50000.000,30.00,-20095.881,694.765,50000.000,48.00,0
11701,-19677.527,-13917.705,50000.000,45.00,-20469.410,194.235,50000.000,77.00,0
11751,-20686.057,-15419.293,50000.000,36.00,-20148.176,3137.647,50000.000,33.00,0
11801,-21649.764,-16592.176,50000.000,22.00,-21687.115,3062.941,50000.000,57.00,0
11851,-21784.234,-16084.176,50000.000,41.00,-22755.410,-201.706,50000.000,75.00,0
11901,-22366.939,-14933.705,50000.000,51.00,-23031.822,-1060.823,50000.000,64.00,0
11951,-23024.352,-14754.411,50000.000,60.00,-21851.469,3070.412,50000.000,28.00,0
12001,-23748.998,-13103.411,50000.000,38.00,-22710.586,4146.176,50000.000,18.00,0
12051,-23592.115,-11325.411,50000.000,61.00,-24869.586,1830.294,50000.000,16.00,0
12101,-24339.176,-10839.823,50000.000,65.00,-26408.527,149.412,50000.000,45.00,0
12151,-26378.645,-13566.587,50000.000,37.00,-26005.115,3384.176,50000.000,16.00,0
12201,-27693.469,-16793.881,50000.000,30.00,-27118.234,3526.117,50000.000,27.00,0
12251,-27536.586,-15635.940,50000.000,42.00,-27842.881,2188.882,50000.000,32.00,0
12301,-29344.469,-13357.411,50000.000,51.00,-28567.527,3048.000,50000.000,21.00,0
12351,-30592.057,-14926.234,50000.000,47.00,-27633.703,7657.353,50000.000,13.00,0
12401,-30913.293,-16920.881,50000.000,43.00,-26991.234,4893.235,50000.000,37.00,0
12451,-30143.822,-17608.176,50000.000,50.00,-28642.232,582.706,50000.000,37.00,0
12501,-30315.645,-17682.881,50000.000,48.00,-29576.057,-127.000,50000.000,67.00,0
12551,-30920.762,-18429.939,50000.000,38.00,-29366.881,3122.706,50000.000,13.00,0
12601,-30651.822,-17391.527,50000.000,36.00,-28985.881,2166.470,50000.000,61.00,0
12651,-30031.762,-14500.411,50000.000,21.00,-28828.998,1001.059,50000.000,67.00,0
12701,-30681.703,-13984.940,50000.000,36.00,-29344.469,1225.176,50000.000,70.00,0
12751,-31593.115,-15949.705,50000.000,37.00,-29284.703,4527.176,50000.000,78.00,0
12801,-32228.115,-15045.764,50000.000,39.00,-29867.410,5274.235,50000.000,55.00,0
12851,-31884.469,-10399.059,50000.000,50.00,-29665.703,2726.764,50000.000,34.00,0
12901,-32497.057,-8464.176,50000.000,33.00,-30263.352,1284.941,50000.000,25.00,0
12951,-33019.996,-11265.646,50000.000,31.00,-29927.174,3862.294,50000.000,66.00,0
13001,-34887.645,-14470.528,50000.000,35.00,-30644.352,5774.764,50000.000,52.00,0
13051,-34603.762,-12132.234,50000.000,48.00,-30987.998,3354.294,50000.000,65.00,0
13101,-34566.410,-10055.411,50000.000,32.00,-31070.174,2345.765,50000.000,28.00,0
13151,-33894.055,-10062.882,50000.000,23.00,-31114.998,-119.529,50000.000,70.00,0
13201,-33079.762,-11848.353,50000.000,32.00,-30696.645,1800.412,50000.000,32.00,0
13251,-33079.762,-14291.234,50000.000,34.00,-29979.469,1128.059,50000.000,11.00,0
13301,-31309.232,-11004.176,50000.000,24.00,-28716.939,-2450.353,50000.000,21.00,0
13351,-29658.232,-6036.235,50000.000,51.00,-29142.764,-2637.117,50000.000,48.00,0
13401,-28074.469,-1516.529,50000.000,50.00,-27521.645,-1494.118,50000.000,66.00,0
13451,-24996.586,1426.882,50000.000,55.00,-23255.939,702.235,50000.000,76.00,0
13501,-23016.881,351.118,50000.000,38.00,-21253.822,918.882,50000.000,81.00,0
13551,-20394.705,-1561.353,50000.000,43.00,-19782.117,-2667.000,50000.000,72.00,0
13601,-17720.234,-2233.706,50000.000,45.00,-17264.527,-5528.235,50000.000,83.00,0
13651,-15635.940,440.765,50000.000,58.00,-14963.587,-5640.294,50000.000,41.00,0
13701,-13424.646,3959.411,50000.000,54.00,-12707.470,-4273.176,50000.000,65.00,0
13751,-12132.234,2032.000,50000.000,52.00,-11034.058,-4945.529,50000.000,76.00,0
13801,-9375.588,-3705.412,50000.000,36.00,-11429.999,-9046.882,50000.000,47.00,0
13851,-8381.999,-4176.059,50000.000,45.00,-9883.588,-9756.588,50000.000,56.00,0
13901,-7642.411,-1964.765,50000.000,34.00,-8927.353,-7507.940,50000.000,74.00,0
13951,-6992.470,2995.706,50000.000,43.00,-6768.353,-3219.823,50000.000,61.00,0
14001,-4743.823,3705.412,50000.000,63.00,-4131.235,-1337.235,50000.000,43.00,0
14051,-3496.235,-127.000,50000.000,33.00,-3294.529,14.941,50000.000,77.00,0
14101,-2248.647,-403.412,50000.000,54.00,-2368.176,-1479.176,50000.000,41.00,0
14151,-1613.647,-612.588,50000.000,46.00,-2136.588,-3070.412,50000.000,76.00,0
14201,-1038.412,-971.176,50000.000,48.00,-1748.118,-3511.176,50000.000,64.00,0
14251,7.471,-956.235,50000.000,44.00,-1098.176,-4071.470,50000.000,61.00,0
14301,493.059,-2540.000,50000.000,65.00,-1098.176,-6364.941,50000.000,59.00,0
14351,463.176,-7074.646,50000.000,42.00,-2771.588,-9853.705,50000.000,61.00,0
14401,672.353,-9786.470,50000.000,46.00,-3683.000,-11743.764,50000.000,72.00,0
14451,7.471,-8688.294,50000.000,45.00,-3219.823,-11183.470,50000.000,56.00,0
14501,-246.529,-8456.705,50000.000,33.00,-3436.470,-11542.058,50000.000,62.00,0
14551,366.059,-9696.823,50000.000,36.00,-3025.588,-10503.646,50000.000,46.00,0
14601,1486.647,-8254.999,50000.000,34.00,-1374.588,-9218.705,50000.000,26.00,0
14651,2517.588,-4885.764,50000.000,23.00,-500.529,-9808.882,50000.000,36.00,0
14701,2861.235,433.294,50000.000,25.00,448.235,-9935.882,50000.000,31.00,0
14751,3683.000,2203.823,50000.000,30.00,2159.000,-8964.705,50000.000,39.00,0
14801,4840.941,702.235,50000.000,46.00,2794.000,-7627.470,50000.000,28.00,0
14851,5281.706,-366.059,50000.000,27.00,3339.353,-7194.176,50000.000,41.00,0
14901,5909.235,-1568.823,50000.000,37.00,3227.294,-8217.646,50000.000,50.00,0
14951,7112.000,-709.706,50000.000,47.00,4624.294,-7470.588,50000.000,44.00,0
15001,7418.293,2024.529,50000.000,33.00,5042.646,-7485.529,50000.000,48.00,0
15051,8748.059,3242.235,50000.000,49.00,6760.882,-8464.176,50000.000,61.00,0
15101,9786.470,463.176,50000.000,37.00,7478.058,-5961.529,50000.000,64.00,0
15151,10518.588,-1845.235,50000.000,38.00,8621.059,-5304.117,50000.000,57.00,0
15201,11183.470,-4161.117,50000.000,30.00,9054.353,-6267.823,50000.000,46.00,0
15251,11355.293,-5192.059,50000.000,37.00,8352.117,-8643.470,50000.000,67.00,0
15301,10981.764,-4564.529,50000.000,100.00,8120.529,-7881.470,50000.000,50.00,0
15351,9898.528,-4661.647,50000.000,63.00,6985.000,-7268.882,50000.000,58.00,0
15401,8389.470,-7246.470,50000.000,51.00,6140.823,-5528.235,50000.000,37.00,0
15451,7694.706,-10010.588,50000.000,42.00,4616.823,-6858.000,50000.000,43.00,0
15501,6783.293,-10735.234,50000.000,47.00,3854.823,-6544.235,50000.000,64.00,0
15551,5700.059,-10690.411,50000.000,54.00,2921.000,-5109.882,50000.000,64.00,0
15601,4586.941,-10458.823,50000.000,44.00,2188.882,-3316.941,50000.000,73.00,0
15651,3585.882,-8897.470,50000.000,43.00,2114.176,-627.529,50000.000,67.00,0
15701,1987.176,-7485.529,50000.000,36.00,1680.882,2360.706,50000.000,38.00,0
15751,948.765,-7261.411,50000.000,40.00,672.353,1867.647,50000.000,63.00,0
15801,-112.059,-8060.764,50000.000,50.00,-747.059,956.235,50000.000,63.00,0
15851,-1128.059,-8157.882,50000.000,26.00,-1703.294,1374.588,50000.000,49.00,0
15901,-1232.647,-3929.529,50000.000,41.00,-1546.412,395.941,50000.000,57.00,0
15951,-1262.529,-1038.412,50000.000,42.00,-978.647,-231.588,50000.000,55.00,0
16001,-2076.823,-1367.118,50000.000,32.00,-2121.647,209.176,50000.000,58.00,0
16051,-2196.353,-754.529,50000.000,42.00,-2084.294,-201.706,50000.000,60.00,0
16101,-2801.470,224.118,50000.000,40.00,-2517.588,104.588,50000.000,53.00,0
16151,-3451.412,-291.353,50000.000,33.00,-3040.529,-141.941,50000.000,45.00,0
16201,-4041.588,-1397.000,50000.000,34.00,-4034.117,119.529,50000.000,57.00,0
16251,-4631.764,-918.882,50000.000,35.00,-4131.235,1030.941,50000.000,42.00,0
16301,-4699.000,-156.882,50000.000,35.00,-4071.470,1157.941,50000.000,45.00,0
16351,-4654.176,22.412,50000.000,25.00,-3899.647,1075.765,50000.000,54.00,0
16401,-4422.588,224.118,50000.000,33.00,-3802.529,881.529,50000.000,50.00,0
16451,-3892.176,448.235,50000.000,35.00,-3429.000,82.176,50000.000,50.00,0
16501,-3570.941,179.294,50000.000,46.00,-3227.294,-373.529,50000.000,46.00,0
16551,-3421.529,268.941,50000.000,39.00,-3062.941,52.294,50000.000,72.00,0
16601,-3354.294,418.353,50000.000,35.00,-2756.647,642.471,50000.000,65.00,0
16651,-3152.588,44.824,50000.000,25.00,-2771.588,732.118,50000.000,67.00,0
16701,-2719.294,-59.765,50000.000,38.00,-2457.823,440.765,50000.000,65.00,0
16751,-2173.941,7.471,50000.000,42.00,-2061.882,141.941,50000.000,61.00,0
16801,-1890.059,328.706,50000.000,40.00,-1568.823,104.588,50000.000,72.00,0
16851,-1591.235,179.294,50000.000,40.00,-1374.588,194.235,50000.000,55.00,0
16901,-1352.176,-141.941,50000.000,35.00,-1195.294,313.765,50000.000,68.00,0
16951,-1008.529,-298.824,50000.000,34.00,-896.471,298.824,50000.000,83.00,0
17001,-567.765,37.353,50000.000,43.00,-463.176,201.706,50000.000,78.00,0
17051,-149.412,82.176,50000.000,33.00,-104.588,-37.353,50000.000,75.00,0
17101,239.059,-89.647,50000.000,38.00,97.118,-246.529,50000.000,84.00,0
17151,351.118,22.412,50000.000,46.00,276.412,-14.941,50000.000,77.00,0
17201,246.529,-29.882,50000.000,40.00,306.294,216.647,50000.000,75.00,0
17251,254.000,478.118,50000.000,32.00,261.471,605.118,50000.000,70.00,0
17301,-37.353,814.294,50000.000,33.00,351.118,522.941,50000.000,69.00,0
17351,52.294,649.941,50000.000,32.00,-29.882,134.471,50000.000,74.00,0
17401,14.941,1516.529,50000.000,59.00,366.059,-29.882,50000.000,49.00,0
17451,22.412,-836.706,50000.000,40.00,-328.706,-1770.529,50000.000,71.00,0
17501,127.000,-4355.353,50000.000,36.00,-1397.000,-4041.588,50000.000,79.00,0
17551,224.118,-2629.647,50000.000,39.00,-1016.000,-3414.059,50000.000,82.00,0
17601,478.118,1494.118,50000.000,36.00,500.529,-1665.941,50000.000,70.00,0
17651,1613.647,3003.176,50000.000,41.00,1516.529,-2293.470,50000.000,59.00,0
17701,3862.294,3429.000,50000.000,38.00,2711.823,-5483.412,50000.000,58.00,0
17751,6544.235,2868.706,50000.000,31.00,4123.765,-9607.176,50000.000,86.00,0
17801,7672.293,-425.823,50000.000,23.00,4377.765,-11639.176,50000.000,52.00,0
17851,8210.176,-3421.529,50000.000,32.00,4310.529,-11870.764,50000.000,49.00,0
17901,8113.058,560.294,50000.000,45.00,5094.941,-9405.470,50000.000,78.00,0
17951,7649.882,3839.882,50000.000,50.00,5289.176,-9696.823,50000.000,48.00,0
18001,8673.353,-1180.353,50000.000,38.00,4997.823,-10354.234,50000.000,64.00,0
18051,8867.588,-6297.706,50000.000,40.00,4743.823,-11093.823,50000.000,40.00,0
18101,9577.294,-7291.293,50000.000,36.00,5124.823,-11751.234,50000.000,65.00,0
18151,9158.940,-5094.941,50000.000,36.00,5207.000,-13715.999,50000.000,77.00,0
18201,9233.646,-5685.117,50000.000,24.00,4945.529,-14261.352,50000.000,76.00,0
18251,7239.000,-8748.059,50000.000,54.00,3854.823,-12393.705,50000.000,52.00,0
18301,6245.411,-9891.059,50000.000,52.00,2779.059,-12953.999,50000.000,50.00,0
18351,5109.882,-9950.823,50000.000,56.00,1710.765,-11288.058,50000.000,55.00,0
18401,4332.941,-11213.353,50000.000,57.00,806.823,-9345.705,50000.000,48.00,0
18451,2913.529,-14246.411,50000.000,62.00,-291.353,-6477.000,50000.000,69.00,0
18501,1434.353,-15733.058,50000.000,74.00,-1598.706,-5386.294,50000.000,57.00,0
18551,500.529,-16465.176,50000.000,89.00,-2256.117,-5812.117,50000.000,47.00,0
18601,-268.941,-17361.646,50000.000,60.00,-3003.176,-5722.470,50000.000,68.00,0
18651,-1688.353,-17032.939,50000.000,58.00,-3518.647,-3010.647,50000.000,33.00,0
18701,-2345.765,-17914.469,50000.000,48.00,-4572.000,-2935.941,50000.000,62.00,0
18751,-2674.470,-20349.881,50000.000,42.00,-5595.470,-4198.470,50000.000,79.00,0
18801,-3175.000,-19894.176,50000.000,43.00,-5901.764,-3608.294,50000.000,79.00,0
18851,-4213.412,-19049.998,50000.000,36.00,-6021.294,-1867.647,50000.000,77.00,0
18901,-4840.941,-19543.057,50000.000,27.00,-7216.588,-2435.412,50000.000,67.00,0
18951,-6193.117,-18870.705,50000.000,42.00,-7791.823,-1598.706,50000.000,76.00,0
19001,-7672.293,-16898.469,50000.000,43.00,-7978.588,1807.882,50000.000,66.00,0
19051,-8852.646,-15359.528,50000.000,54.00,-9061.823,1180.353,50000.000,55.00,0
19101,-9741.646,-14791.764,50000.000,55.00,-10660.528,-1023.471,50000.000,79.00,0
19151,-10451.353,-14141.822,50000.000,84.00,-10832.353,918.882,50000.000,72.00,0
19201,-11220.823,-14343.528,50000.000,53.00,-11788.588,3100.294,50000.000,52.00,0
19251,-11213.353,-15098.058,50000.000,67.00,-12707.470,1822.823,50000.000,53.00,0
19301,-11990.293,-15359.528,50000.000,40.00,-13461.999,1441.823,50000.000,49.00,0
19351,-12826.999,-14052.176,50000.000,49.00,-12797.117,3399.117,50000.000,78.00,0
19401,-13499.352,-13641.293,50000.000,39.00,-13887.822,2823.882,50002.000,51.00,0
19451,-14530.293,-15284.822,50000.000,35.00,-15098.058,1172.882,50000.000,57.00,0
19501,-15807.764,-13439.587,50000.000,50.00,-15225.058,2203.823,50000.000,82.00,0
19551,-15957.176,-12386.234,50000.000,41.00,-15090.587,4885.764,50000.000,72.00,0
19601,-16644.469,-12804.587,50000.000,54.00,-16196.234,4332.941,50000.000,69.00,0
19651,-17376.588,-13095.940,50000.000,48.00,-17017.998,2913.529,50000.000,56.00,0
19701,-17249.588,-11631.705,50000.000,51.00,-16614.588,4385.235,50000.000,79.00,0
19751,-17585.764,-12109.822,50000.000,41.00,-16263.470,6193.117,50000.000,53.00,0
19801,-18153.527,-13424.646,50000.000,50.00,-17750.117,4893.235,50000.000,60.00,0
19851,-18930.469,-13842.999,50000.000,50.00,-19259.176,3503.706,50000.000,83.00,0
19901,-18915.527,-12266.705,50000.000,90.00,-17884.588,5520.764,50000.000,61.00,0
19951,-20663.646,-12445.999,50000.000,69.00,-17824.822,7455.646,50000.000,50.00,0
20001,-21321.057,-14500.411,50000.000,60.00,-19767.176,4945.529,50000.000,68.00,0
20051,-21806.646,-14500.411,50000.000,49.00,-20954.998,2622.176,50000.000,40.00,0
20101,-21492.881,-13955.058,50000.000,46.00,-20282.646,3929.529,50000.000,35.00,0
20151,-21649.764,-13857.940,50000.000,53.00,-20192.998,3824.941,50000.000,72.00,0
20201,-21425.646,-15471.587,50000.000,56.00,-21724.469,425.823,50000.000,76.00,0
20251,-22060.646,-15680.764,50000.000,56.00,-22419.234,-844.176,50000.000,74.00,0
20301,-22210.057,-15262.411,50000.000,43.00,-21380.822,2540.000,50000.000,67.00,0
20351,-22837.586,-15516.411,50000.000,34.00,-22068.115,2779.059,50000.000,84.00,0
20401,-22314.646,-14799.234,50000.000,32.00,-22934.705,-149.412,50000.000,59.00,0
20451,-21589.998,-12797.117,50000.000,61.00,-23084.115,-1538.941,50000.000,57.00,0
20501,-21545.176,-11751.234,50000.000,55.00,-22210.057,1180.353,50000.000,47.00,0
20551,-21141.764,-10735.234,50000.000,61.00,-22538.764,104.588,50000.000,65.00,0
20601,-20432.057,-9405.470,50000.000,61.00,-21208.998,-1949.823,50000.000,55.00,0
20651,-19998.764,-6006.353,50000.000,86.00,-19752.234,-3496.235,50000.000,53.00,0
20701,-18302.939,-2286.000,50000.000,71.00,-17802.410,-4064.000,50000.000,49.00,0
20751,-16786.410,-1307.353,50000.000,57.00,-16480.117,-4459.941,50000.000,66.00,0
20801,-14926.234,-1225.176,50000.000,73.00,-14560.176,-4624.294,50000.000,72.00,0
20851,-12184.528,-448.235,50000.000,59.00,-11586.882,-4265.706,50000.000,69.00,0
20901,-9502.588,821.765,50000.000,56.00,-9233.646,-3585.882,50000.000,71.00,0
20951,-8254.999,3399.117,50000.000,81.00,-7507.940,-679.823,50000.000,37.00,0
21001,-7784.353,2525.059,50000.000,84.00,-6656.293,-836.706,50000.000,23.00,1
21051,-6858.000,-156.882,50000.000,41.00,-7522.882,-3481.294,50000.000,49.00,1
21101,-6387.353,254.000,50000.000,85.00,-6708.588,-4893.235,50000.000,42.00,0
21151,-5027.706,-649.941,50000.000,59.00,-5856.941,-5782.235,50000.000,61.00,0
21201,-3623.235,-1494.118,50000.000,59.00,-4220.882,-5334.000,50000.000,68.00,0
21251,-2271.059,-799.353,50000.000,48.00,-3197.412,-5102.412,50000.000,66.00,0
21301,-3391.647,0.000,50000.000,62.00,-2300.941,2935.941,50000.000,50.00,0
21351,-5856.941,-1568.823,50000.000,44.00,-3518.647,6693.646,50000.000,39.00,0
21401,-8904.940,-4796.117,50000.000,34.00,-7627.470,5490.882,50000.000,42.00,0
21451,-11497.234,-7313.706,50000.000,47.00,-10869.705,3795.059,50000.000,31.00,0
21501,-12632.764,-10212.293,50000.000,40.00,-13529.234,-1030.941,50000.000,40.00,0
21551,-10787.528,-10884.646,50000.000,21.00,-13484.411,-4997.823,50000.000,80.00,0
21601,-9196.294,-8426.823,50000.000,28.00,-11175.999,-6058.646,50000.000,77.00,0
21651,-8180.293,-4728.882,50000.000,42.00,-9487.646,-6335.059,50000.000,80.00,0
21701,-6925.235,-649.941,50000.000,35.00,-7507.940,-5677.646,50000.000,67.00,0
21751,-6028.764,-963.706,50000.000,56.00,-6133.353,-7627.470,50000.000,33.00,0
21801,-4474.882,-5543.176,50000.000,41.00,-6514.353,-10832.353,50000.000,75.00,0
21851,-4205.941,-7956.176,50001.000,42.00,-6432.176,-11213.353,50000.000,64.00,0
21901,-4303.059,-6992.470,50000.000,48.00,-6118.411,-9091.705,50000.000,71.00,0
21951,-4370.294,-3458.882,49999.000,60.00,-5012.764,-4833.470,49998.000,67.00,0
22001,-4385.235,-2607.235,50000.000,62.00,-4579.470,-3832.412,50000.000,56.00,0
22051,-4086.411,-6305.176,50000.000,66.00,-5296.646,-4691.529,50000.000,59.00,0
22101,-4616.823,-8628.529,50000.000,64.00,-6043.706,-2689.412,50000.000,50.00,0
22151,-5296.646,-9248.588,50000.000,53.00,-6118.411,-1680.882,50000.000,50.00,0
22201,-5065.059,-9629.588,50000.000,65.00,-6708.588,-3705.412,50000.000,84.00,0
22251,-4803.588,-7911.353,50000.000,73.00,-6432.176,-5147.235,50000.000,78.00,0
22301,-3974.353,-6245.411,50000.000,75.00,-5311.588,-5005.294,50000.000,64.00,0
22351,-3839.882,-6760.882,50000.000,71.00,-5102.412,-3331.882,50000.000,68.00,0
22401,-4198.470,-7732.058,50000.000,47.00,-5475.941,-1890.059,50000.000,62.00,0
22451,-4997.823,-6745.941,50000.000,64.00,-5490.882,246.529,50000.000,61.00,0
22501,-5662.706,-6865.470,50000.000,66.00,-5221.941,881.529,50000.000,85.00,0
22551,-5214.470,-9487.646,50000.000,37.00,-6409.764,-1703.294,50000.000,56.00,0
22601,-5065.059,-9823.823,50000.000,43.00,-6768.353,-4504.764,50000.000,78.00,0
22651,-4258.235,-8075.706,50000.000,50.00,-5946.588,-6081.059,50000.000,54.00,0
22701,-3675.529,-7866.529,50000.000,58.00,-5281.706,-5520.764,50000.000,42.00,0
22751,-3914.588,-7866.529,50000.000,43.00,-5289.176,-2749.176,50000.000,30.00,0
22801,-4736.353,-6178.176,50000.000,84.00,-4736.353,-717.176,50000.000,49.00,0
22851,-4512.235,-8957.234,50000.000,43.00,-5505.823,-1785.470,50000.000,53.00,0
22901,-4572.000,-8972.176,50000.000,45.00,-5976.470,-2420.470,50000.000,62.00,0
22951,-4572.000,-6379.882,50000.000,43.00,-5154.706,-2861.235,50000.000,48.00,0
23001,-3847.353,-6372.411,50000.000,40.00,-5259.294,-3331.882,50000.000,59.00,0
23051,-3966.882,-7052.235,50000.000,40.00,-4855.882,-2032.000,50000.000,49.00,0
23101,-4049.059,-5625.353,50000.000,54.00,-4288.117,-44.824,50000.000,63.00,0
23151,-4303.059,-5027.706,50000.000,66.00,-4034.117,597.647,50000.000,93.00,0
23201,-4220.882,-7679.764,50000.000,32.00,-5221.941,-1860.176,50000.000,67.00,0
23251,-4041.588,-8195.234,50000.000,55.00,-5565.588,-3197.412,50000.000,67.00,0
23301,-4078.941,-7657.353,50000.000,38.00,-4953.000,-4803.588,50000.000,57.00,0
23351,-3137.647,-6260.353,50000.000,34.00,-4758.764,-5924.176,50000.000,65.00,0
23401,-3048.000,-5700.059,50000.000,51.00,-3899.647,-4504.764,50000.000,70.00,0
23451,-3331.882,-5446.059,50000.000,38.00,-4108.823,-2069.353,50000.000,70.00,0
23501,-3712.882,-3720.353,50000.000,38.00,-3638.176,-769.471,50000.000,79.00,0
23551,-3653.117,-6357.470,50000.000,34.00,-4026.647,-1763.059,50000.000,77.00,0
23601,-3055.470,-8755.529,50000.000,41.00,-4930.588,-3712.882,50000.000,91.00,0
23651,-3062.941,-6760.882,50000.000,31.00,-3810.000,-4893.235,50000.000,59.00,0
23701,-2256.117,-4557.059,50000.000,39.00,-3354.294,-5767.294,50000.000,81.00,0
23751,-1852.706,-4691.529,50000.000,37.00,-2719.294,-5080.000,50000.000,60.00,0
23801,-2375.647,-5789.706,50000.000,45.00,-3175.000,-3003.176,50000.000,29.00,0
23851,-2517.588,-4945.529,50000.000,41.00,-3070.412,-1531.470,50000.000,58.00,0
23901,-2562.412,-5475.941,50000.000,46.00,-2913.529,-2502.647,50000.000,65.00,0
23951,-1815.353,-6447.117,50000.000,36.00,-3451.412,-4064.000,50000.000,69.00,0
24001,-1531.470,-4527.176,50000.000,25.00,-2435.412,-4026.647,50000.000,62.00,0
24051,-1397.000,-2764.117,50000.000,29.00,-1837.765,-2801.470,50000.000,63.00,0
24101,-1090.706,-1374.588,50000.000,34.00,-1456.765,-1546.412,50000.000,73.00,0
24151,-724.647,-754.529,50000.000,43.00,-717.176,-508.000,50000.000,56.00,0
24201,-463.176,-784.412,50000.000,25.00,-545.353,127.000,50000.000,44.00,0
24251,-276.412,-1023.471,50000.000,23.00,-216.647,268.941,50000.000,52.00,0
24301,216.647,-1419.412,50000.000,24.00,0.000,82.176,50000.000,65.00,0
24351,724.647,-672.353,50000.000,33.00,537.882,851.647,50000.000,83.00,0
24401,635.000,1830.294,50000.000,59.00,1322.294,2786.529,50000.000,57.00,0
24451,709.706,4064.000,50000.000,42.00,2009.588,4721.412,50000.000,60.00,0
24501,216.647,5513.294,50000.000,40.00,2151.529,6320.117,50000.000,41.00,0
24551,-911.412,4706.470,50000.000,38.00,1083.235,5304.117,50000.000,78.00,0
24601,-1680.882,-298.824,50000.000,37.00,-1120.588,2517.588,50000.000,74.00,0
24651,-1329.765,-1688.353,50000.000,30.00,-1792.941,493.059,50000.000,81.00,0
24701,112.059,2913.529,50000.000,46.00,866.588,-261.471,50000.000,72.00,0
24751,2831.353,2779.059,50000.000,31.00,2532.529,-2039.470,50000.000,76.00,0
24801,4796.117,754.529,50000.000,52.00,3242.235,-3638.176,50000.000,52.00,0
24851,5707.529,844.176,50000.000,40.00,4534.647,-3720.353,50000.000,84.00,0
24901,7216.588,1299.882,50000.000,33.00,6125.882,-2293.470,50000.000,64.00,0
24951,8635.999,2928.470,50000.000,38.00,7986.058,-2136.588,50000.000,82.00,0
25001,9158.940,4639.235,50000.000,44.00,8703.234,97.118,50000.000,80.00,0
25051,7986.058,6290.235,50000.000,52.00,9099.176,3406.588,50000.000,54.00,0
25101,6992.470,6297.706,50000.000,47.00,8232.588,5162.176,50000.000,59.00,0
25151,5670.176,5543.176,50000.000,33.00,6753.411,4870.823,50000.000,76.00,0
25201,5094.941,2876.176,50000.000,29.00,5647.764,4250.765,50000.000,76.00,0
25251,4676.588,2233.706,50000.000,45.00,5259.294,3862.294,50000.000,86.00,0
25301,4512.235,3630.706,50000.000,32.00,5094.941,2465.294,50000.000,79.00,0
25351,3735.294,3518.647,50000.000,47.00,4370.294,2106.706,50000.000,84.00,0
25401,3862.294,2846.294,50000.000,28.00,4183.529,1195.294,50000.000,76.00,0
25451,4011.706,2061.882,50000.000,47.00,3638.176,-1255.059,50000.000,67.00,0
25501,4191.000,1217.706,50000.000,39.00,3623.235,-896.471,50000.000,58.00,0
25551,4885.764,2906.059,50000.000,39.00,4870.823,-552.823,50000.000,66.00,0
25601,6484.470,2487.706,50000.000,41.00,5498.353,-2689.412,50000.000,79.00,0
25651,6790.764,2106.706,50000.000,46.00,5528.235,-3010.647,50000.000,73.00,0
25701,6260.353,5020.235,50000.000,37.00,5961.529,-1733.176,50000.000,49.00,0
25751,5640.294,7806.764,50000.000,44.00,5632.823,-1524.000,50000.000,59.00,0
25801,5221.941,10481.234,50000.000,44.00,5401.235,-2114.176,50000.000,82.00,0
25851,4601.882,11138.646,50000.000,52.00,5311.588,-1083.235,50000.000,68.00,0
25901,3795.059,7761.940,50000.000,43.00,4318.000,-261.471,50000.000,59.00,0
25951,2995.706,2510.117,50000.000,43.00,2667.000,-1157.941,50000.000,92.00,0
26001,3145.117,672.353,50000.000,42.00,2457.823,-1658.470,50000.000,72.00,0
26051,4960.470,1404.470,50000.000,51.00,4235.823,-1912.470,50000.000,79.00,0
26101,7022.353,1733.176,50000.000,60.00,5535.706,-4639.235,50000.000,45.00,0
26151,9472.705,283.882,50000.000,57.00,7209.117,-8329.705,50000.000,35.00,0
26201,10458.823,-3765.176,50000.000,33.00,6663.764,-10219.764,50000.000,18.00,0
26251,11870.764,-2293.470,50000.000,50.00,7634.940,-11093.823,50000.000,38.00,0
26301,12953.999,1471.706,50000.000,51.00,10159.999,-10473.764,50000.000,19.00,0
26351,15015.881,1075.765,50000.000,56.00,12468.411,-10137.588,50000.000,30.00,0
26401,16651.939,-3249.706,50000.000,48.00,12968.940,-9980.705,50000.000,25.00,0
26451,17877.117,-4071.470,50000.000,18.00,12677.587,-10018.059,50000.000,51.00,0
26501,17085.234,-291.353,50000.000,44.00,13902.764,-7104.529,50000.000,43.00,0
26551,16622.059,1501.588,50000.000,46.00,14612.470,-4168.588,50000.000,32.00,0
26601,17376.588,1284.941,50000.000,58.00,15292.293,-5221.941,50000.000,43.00,0
26651,19259.176,-1113.118,50000.000,88.00,14642.352,-9674.411,50000.000,43.00,0
26701,19961.410,-522.941,50000.000,69.00,14522.822,-9816.353,50000.000,61.00,0
26751,20006.234,926.353,50000.000,70.00,14888.881,-9442.823,50000.000,76.00,0
26801,21089.469,156.882,50000.000,62.00,15479.058,-9121.588,50000.000,56.00,0
26851,21268.764,-1725.706,50000.000,38.00,17047.881,-6342.529,50000.000,50.00,0
26901,20775.705,-2046.941,50000.000,48.00,17159.939,-6477.000,50000.000,47.00,0
26951,22374.410,478.118,50000.000,62.00,16024.411,-9876.117,50000.000,65.00,0
27001,23315.705,687.294,50000.000,50.00,16226.116,-11743.764,50000.000,53.00,0
27051,23621.998,-433.294,50000.000,41.00,16487.588,-11108.764,50000.000,70.00,0
27101,23509.939,-291.353,50000.000,62.00,17779.998,-9816.353,50000.000,68.00,0
27151,23883.469,-328.706,50000.000,21.00,18086.293,-9868.646,50000.000,40.00,0
27201,25526.998,-89.647,50000.000,34.00,18967.822,-11474.822,50000.000,72.00,0
27251,24421.352,261.471,50000.000,40.00,18840.822,-14321.116,50000.000,83.00,0
27301,24466.176,-2883.647,50000.000,54.00,17824.822,-15112.999,50000.000,63.00,0
27351,22852.527,-6462.059,50000.000,50.00,16681.822,-12050.058,50000.000,85.00,0
27401,22673.234,-6282.764,50000.000,43.00,16450.234,-12528.176,50000.000,51.00,0
27451,22755.410,-470.647,50000.000,58.00,16599.646,-11332.882,50000.000,81.00,0
27501,21933.646,2390.588,50000.000,81.00,16778.939,-10533.528,50000.000,79.00,0
27551,22284.764,-926.353,50000.000,47.00,16188.764,-9965.764,50000.000,51.00,0
27601,21216.469,-3048.000,50000.000,55.00,16412.881,-8927.353,50000.000,65.00,0
27651,20476.881,-6618.941,50000.000,30.00,15195.176,-10488.705,50000.000,78.00,0
27701,20783.176,-5647.764,50000.000,35.00,14978.528,-13551.646,50000.000,62.00,0
27751,22157.764,-1456.765,50000.000,43.00,16360.587,-14717.058,50000.000,56.00,0
27801,21985.939,-2681.941,50000.000,53.00,15845.116,-12274.176,50000.000,24.00,0
27851,20820.527,-5266.764,50000.000,40.00,16285.881,-10966.823,50000.000,18.00,0
27901,20693.527,-5864.411,50000.000,26.00,15688.234,-11288.058,50000.000,43.00,0
27951,21208.998,-3369.235,50000.000,47.00,14888.881,-11855.822,50000.000,38.00,0
28001,20984.881,-1919.941,50000.000,63.00,14597.528,-12737.353,50000.000,65.00,0
28051,20133.234,-4161.117,50000.000,70.00,14575.116,-11026.588,50000.000,62.00,0
28101,18803.469,-6477.000,50000.000,70.00,14253.882,-9397.999,50000.000,80.00,0
28151,17369.117,-6940.176,50000.000,46.00,14111.940,-8695.764,50000.000,60.00,0
28201,16196.234,-7560.235,50000.000,66.00,13252.822,-8650.940,50000.000,63.00,0
28251,14985.999,-8613.588,50000.000,55.00,11444.940,-6723.529,50000.000,58.00,0
28301,14425.705,-7881.470,50000.000,57.00,10249.646,-5834.529,50000.000,56.00,0
28351,13066.058,-7149.353,50000.000,37.00,10219.764,-4736.353,50000.000,42.00,0
28401,12079.940,-6731.000,50000.000,48.00,9651.999,-3705.412,50000.000,61.00,0
28451,10892.117,-5207.000,50000.000,60.00,9390.528,-3518.647,50000.000,57.00,0
28501,10638.117,-4131.235,50000.000,31.00,8546.353,-3989.294,50000.000,86.00,0
28551,10159.999,-874.059,50000.000,43.00,8314.764,-3287.059,50000.000,75.00,0
28601,9793.940,1284.941,50000.000,44.00,8523.940,-3219.823,50000.000,42.00,0
28651,9353.176,4355.353,50000.000,49.00,8434.294,-2241.176,50000.000,58.00,0
28701,8262.470,4527.176,50000.000,73.00,8800.353,-1456.765,50000.000,30.00,0
28751,7776.882,2353.235,50000.000,40.00,6813.176,-1270.000,50000.000,42.00,0
28801,6902.823,4347.882,50000.000,58.00,6970.059,-201.706,50000.000,20.00,0
28851,5774.764,4766.235,50000.000,49.00,6499.411,-141.941,50000.000,18.00,0
28901,5483.412,2906.059,50000.000,52.00,5072.529,-687.294,50000.000,25.00,0
28951,4108.823,-179.294,50000.000,79.00,3832.412,-933.823,50000.000,13.00,0
29001,2876.176,-3981.823,50000.000,54.00,1322.294,-1553.882,50000.000,15.00,0
29051,2667.000,-6133.353,50000.000,50.00,37.353,-4609.353,50000.000,15.00,0
29101,3466.353,-6021.294,50000.000,45.00,134.471,-9099.176,50000.000,40.00,0
29151,4624.294,-3025.588,50000.000,48.00,1725.706,-10772.588,50000.000,36.00,0
29201,5677.646,1068.294,50000.000,37.00,3272.117,-10488.705,50000.000,51.00,0
29251,6125.882,4982.882,50000.000,37.00,4504.764,-7097.058,50000.000,76.00,0
29301,5856.941,5916.706,50000.000,46.00,5535.706,-3623.235,50000.000,53.00,0
29351,6432.176,3735.294,50000.000,43.00,5289.176,-4639.235,50000.000,60.00,0
29401,8284.882,3847.353,50000.000,33.00,6529.293,-5072.529,50000.000,68.00,0
29451,10249.646,5670.176,50000.000,37.00,9472.705,-5281.706,50000.000,50.00,0
29501,12662.646,3802.529,50000.000,48.00,10593.293,-9689.353,50000.000,44.00,0
29551,15673.293,-739.588,50000.000,30.00,10159.999,-14246.411,50000.000,74.00,0
29601,16046.822,500.529,50000.000,45.00,11056.470,-12423.587,50000.000,79.00,0
29651,17077.764,4273.176,50000.000,38.00,12445.999,-11093.823,50000.000,85.00,0
29701,18198.352,829.235,50000.000,49.00,12251.764,-11713.882,50000.000,44.00,0
29751,17137.527,-2816.412,50000.000,52.00,12229.353,-10772.588,50000.000,60.00,0
29801,14814.176,-2540.000,50000.000,43.00,10996.705,-7829.176,50000.000,60.00,0
29851,12924.117,-3137.647,50000.000,37.00,9114.117,-8695.764,50000.000,56.00,0
29901,12946.528,-3272.117,50000.000,36.00,8606.117,-9943.353,50000.000,75.00,0
29951,12535.646,-2502.647,50000.000,42.00,8322.234,-11743.764,50000.000,50.00,0
