timestamp[ms],left_dx[um],left_dy[um],left_dt[us],left_sq44right_dx[um],right_dy[um],right_dt[us],right_sq,waterPin
0,0.000,0.000,50155.000,48.00,-22.412,-7.471,50154.000,54.00,0
51,-7231.529,-4019.176,50000.000,48.00,-7425.764,-2114.176,49999.000,48.00,0
101,-7941.235,-2734.235,50000.000,45.00,-7866.529,-3309.470,50000.000,19.00,0
151,-6947.646,-5281.706,50000.000,47.00,-8523.940,-8075.706,50000.000,72.00,0
201,-5685.117,-8419.353,50000.000,44.00,-8232.588,-10750.176,50001.000,70.00,0
251,-5924.176,-8254.999,50000.000,51.00,-7941.235,-11631.705,50000.000,81.00,0
301,-6559.176,-5692.588,50000.000,33.00,-8202.705,-10189.882,49999.000,66.00,0
351,-6955.117,-2943.412,50000.000,59.00,-7739.529,-8314.764,50000.000,80.00,0
401,-7642.411,-2853.764,50000.000,68.00,-8837.705,-7261.411,50001.000,57.00,0
451,-7918.823,-3473.823,50000.000,68.00,-8837.705,-6716.059,49999.000,58.00,0
501,-7575.176,-5065.059,50000.000,51.00,-9129.059,-6745.941,50000.000,60.00,0
551,-7425.764,-4497.294,50000.000,73.00,-8583.705,-6081.059,50001.000,72.00,0
601,-6604.000,-2883.647,50000.000,56.00,-7941.235,-6828.117,49999.000,47.00,0
651,-7104.529,-164.353,50000.000,54.00,-7642.411,-5199.529,50000.000,68.00,0
701,-6992.470,2465.294,50000.000,83.00,-7067.176,-3877.235,50000.000,73.00,0
751,-5737.411,2510.117,50000.000,80.00,-5080.000,-2121.647,50000.000,64.00,0
801,-3675.529,156.882,50000.000,73.00,-3944.470,-3488.764,50000.000,50.00,0
851,-1524.000,-2696.882,50000.000,63.00,-3257.176,-7298.764,50000.000,38.00,0
901,-44.824,-4579.470,50000.000,71.00,-3048.000,-10047.940,50000.000,62.00,0
951,1030.941,-3862.294,50000.000,46.00,-2218.765,-9995.646,50001.000,77.00,0
1001,545.353,933.823,50000.000,62.00,-1464.235,-8807.823,49999.000,75.00,0
1051,799.353,1979.706,50000.000,83.00,-971.176,-9883.588,50001.000,64.00,0
1101,2069.353,-3414.059,50000.000,44.00,-1718.235,-12498.293,50000.000,84.00,0
1151,2457.823,-5065.059,50000.000,66.00,-1688.353,-14418.234,49999.000,49.00,0
1201,2935.941,-1740.647,50000.000,42.00,-67.235,-10929.470,50000.000,54.00,0
1251,3227.294,4938.059,50000.000,62.00,2622.176,-3391.647,50000.000,86.00,0
1301,4915.646,8083.176,50000.000,92.00,5289.176,-2622.176,50000.000,56.00,0
1351,7918.823,4258.235,50000.000,62.00,6028.764,-5221.941,50000.000,35.00,0
1401,8508.999,112.059,50000.000,79.00,5849.470,-7545.293,50000.000,51.00,0
1451,9188.823,-2487.706,50000.000,57.00,5677.646,-8030.882,50001.000,52.00,0
1501,6178.176,-2517.588,50000.000,56.00,4131.235,-5871.882,49999.000,79.00,0
1551,5020.235,-2487.706,50000.000,59.00,2756.647,-7455.646,50000.000,47.00,0
1601,4773.706,-2734.235,50000.000,44.00,1038.412,-9136.528,50000.000,51.00,0
1651,3160.059,455.706,50000.000,98.00,1598.706,-6320.117,50000.000,51.00,0
1701,2472.765,-2203.823,50000.000,73.00,971.176,-6656.293,50000.000,52.00,0
1751,2271.059,-6439.646,50000.000,52.00,-1621.118,-9039.411,50000.000,36.00,0
1801,530.412,-5610.412,50000.000,78.00,-1875.118,-8157.882,50000.000,66.00,0
1851,-1135.529,-5438.588,50000.000,49.00,-2338.294,-4840.941,50001.000,79.00,0
1901,-2427.941,-5094.941,50000.000,44.00,-3488.764,-4572.000,49999.000,70.00,0
1951,-2420.470,-4527.176,50000.000,49.00,-3989.294,-6820.646,50000.000,70.00,0
2001,-2420.470,-4131.235,50000.000,58.00,-4176.059,-7567.706,50000.000,35.00,0
2051,-2659.529,-6267.823,50000.000,30.00,-4661.647,-8038.353,50000.000,61.00,0
2101,-3279.588,-6118.411,50000.000,45.00,-5827.059,-8994.588,50000.000,49.00,0
2151,-3765.176,-5244.353,50000.000,48.00,-5759.823,-8456.705,50000.000,59.00,0
2201,-4086.411,-4960.470,50000.000,53.00,-6350.000,-8090.646,50000.000,45.00,0
2251,-4721.412,-2794.000,50000.000,49.00,-5632.823,-6469.529,50001.000,56.00,0
2301,-5109.882,-1434.353,50000.000,44.00,-6155.764,-6267.823,49999.000,48.00,0
2351,-4318.000,-1314.823,50000.000,48.00,-5356.412,-7246.470,50000.000,35.00,0
2401,-3249.706,-2696.882,50000.000,41.00,-5005.294,-7687.235,50001.000,68.00,0
2451,-3040.529,-3862.294,50000.000,45.00,-4766.235,-8583.705,49999.000,36.00,0
2501,-3556.000,-2846.294,50000.000,41.00,-5199.529,-7373.470,50000.000,52.00,0
2551,-4303.059,1397.000,50000.000,42.00,-4930.588,-3727.823,50000.000,58.00,0
2601,-4415.117,6514.353,50000.000,50.00,-2525.059,1277.470,50000.000,83.00,0
2651,-2928.470,4863.353,50000.000,58.00,-1628.588,948.765,50001.000,68.00,0
2701,-903.941,-261.471,50000.000,34.00,-1897.529,-3563.470,49999.000,57.00,0
2751,-179.294,-1994.647,50000.000,47.00,-1710.765,-5154.706,50000.000,78.00,0
2801,537.882,-2995.706,50000.000,44.00,-1157.941,-5565.588,50001.000,61.00,0
2851,268.941,-3354.294,50000.000,44.00,-1270.000,-3757.706,49999.000,32.00,0
2901,-605.118,-1210.235,50000.000,33.00,-986.118,-2405.529,50000.000,61.00,0
2951,-395.941,-52.294,50000.000,42.00,-687.294,-1135.529,50000.000,84.00,0
3001,-1748.118,-1255.059,50000.000,40.00,-1606.176,-328.706,50000.000,78.00,0
3051,-2345.765,-1673.412,50000.000,49.00,-2659.529,-164.353,50001.000,76.00,0
3101,-1553.882,2024.529,50000.000,36.00,-933.823,620.059,49999.000,77.00,0
3151,418.353,2465.294,50000.000,58.00,896.471,-283.882,50001.000,66.00,0
3201,635.000,89.647,50000.000,46.00,216.647,866.588,50000.000,75.00,0
3251,67.235,4930.588,50000.000,61.00,1501.588,3653.117,50000.000,71.00,0
3301,2726.764,7044.764,50000.000,63.00,4056.529,1695.823,50000.000,80.00,0
3351,6835.588,3309.470,50000.000,63.00,5341.470,-4430.059,49999.000,50.00,0
3401,9607.176,-455.706,50000.000,49.00,5849.470,-9315.823,50001.000,49.00,0
3451,10107.705,-1949.823,50000.000,40.00,5632.823,-10720.293,49999.000,52.00,0
3501,10421.470,-3832.412,50000.000,29.00,5916.706,-10533.528,50000.000,72.00,0
3551,10884.646,-2696.882,50000.000,38.00,6379.882,-9741.646,50000.000,73.00,0
3601,10137.588,4235.823,50000.000,28.00,8344.646,-7112.000,50000.000,86.00,0
3651,9300.882,7283.823,50000.000,84.00,9046.882,-6103.470,50000.000,33.00,0
3701,10899.588,3937.000,50000.000,71.00,8501.529,-8165.353,50000.000,98.00,0
3751,11131.176,388.471,50000.000,45.00,7836.646,-8904.940,50000.000,56.00,0
3801,10518.588,-933.823,50000.000,38.00,6790.764,-9756.588,50000.000,51.00,0
3851,9778.999,440.765,50000.000,69.00,5998.882,-10212.293,50001.000,42.00,0
3901,9711.764,1778.000,50000.000,47.00,6372.411,-9883.588,49999.000,55.00,0
3951,9002.059,5453.529,50000.000,53.00,6447.117,-8396.940,50000.000,69.00,0
4001,9039.411,7358.529,50000.000,54.00,7747.000,-7724.588,50000.000,72.00,0
4051,9950.823,1987.176,50000.000,42.00,7313.706,-8240.059,50000.000,55.00,0
4101,9539.940,-1718.235,50000.000,39.00,6073.588,-9368.117,50000.000,63.00,0
4151,8516.470,-2995.706,50000.000,47.00,5050.117,-8807.823,50000.000,54.00,0
4201,6469.529,-2278.529,50000.000,40.00,3884.706,-7478.058,50000.000,63.00,0
4251,6088.529,-702.235,50000.000,34.00,3511.176,-7388.411,50000.000,81.00,0
4301,5087.470,747.059,50000.000,23.00,2973.294,-7313.706,50000.000,77.00,0
4351,4848.412,2652.059,50000.000,47.00,3048.000,-7911.353,50000.000,74.00,0
4401,5281.706,-1651.000,50000.000,43.00,2704.353,-9681.882,50000.000,72.00,0
4451,4781.176,-6491.941,50000.000,42.00,993.588,-11385.176,50000.000,65.00,0
4501,4624.294,-8105.588,50000.000,23.00,67.235,-13581.528,50000.000,46.00,0
4551,3675.529,-5812.117,50000.000,39.00,-799.353,-12692.528,50000.000,38.00,0
4601,2442.882,-1651.000,50000.000,34.00,37.353,-10130.117,50000.000,36.00,0
4651,1807.882,82.176,50000.000,45.00,-254.000,-8210.176,50000.000,52.00,0
4701,1531.470,-2801.470,50000.000,37.00,-261.471,-7612.529,50000.000,59.00,0
4751,515.471,-5050.117,50000.000,57.00,-2218.765,-8987.117,50001.000,68.00,0
4801,74.706,-6925.235,50000.000,31.00,-3018.117,-12154.646,49999.000,55.00,0
4851,104.588,-7022.353,50000.000,36.00,-4213.412,-13476.940,50000.000,51.00,0
4901,-560.294,-4243.294,50000.000,49.00,-3055.470,-10653.058,50000.000,39.00,0
4951,-971.176,-4542.117,50000.000,45.00,-3675.529,-10152.528,50000.000,66.00,0
5001,-814.294,-6656.293,50000.000,41.00,-3451.412,-9898.528,50000.000,52.00,0
5051,-1785.470,-6917.764,50000.000,50.00,-3907.117,-8733.117,50000.000,53.00,0
5101,-2652.059,-6312.646,50000.000,51.00,-4176.059,-7575.176,50000.000,44.00,0
5151,-3436.470,-5274.235,50000.000,61.00,-5334.000,-8942.294,50001.000,33.00,0
5201,-3757.706,-6275.293,50000.000,58.00,-6073.588,-10555.940,49999.000,65.00,0
5251,-4728.882,-8508.999,50000.000,54.00,-6596.529,-9883.588,50000.000,57.00,0
5301,-5655.235,-10197.353,50000.000,51.00,-7986.058,-10040.470,50000.000,42.00,0
5351,-6477.000,-9435.353,50000.000,53.00,-8456.705,-8695.764,50000.000,37.00,0
5401,-7493.000,-7769.411,50000.000,40.00,-8904.940,-5438.588,50000.000,49.00,0
5451,-8053.293,-6850.529,50000.000,37.00,-9256.059,-4549.588,50000.000,45.00,0
5501,-8523.940,-6462.059,50000.000,38.00,-9375.588,-4377.765,50001.000,55.00,0
5551,-8591.176,-5050.117,50000.000,34.00,-9173.882,-2383.117,50000.000,61.00,0
5601,-8658.411,-3242.235,50000.000,35.00,-8105.588,-1374.588,49999.000,53.00,0
5651,-8247.529,-4826.000,50000.000,44.00,-8404.411,-3130.176,50001.000,52.00,0
5701,-8299.823,-6051.176,50000.000,42.00,-9734.176,-6006.353,49999.000,64.00,0
5751,-8075.706,-4818.529,50000.000,58.00,-9256.059,-5759.823,50000.000,66.00,0
5801,-7896.411,-1882.588,50000.000,50.00,-7739.529,-3369.235,50001.000,45.00,0
5851,-6043.706,-44.824,50000.000,52.00,-6267.823,-4019.176,49999.000,85.00,0
5901,-3570.941,2278.529,50000.000,65.00,-3914.588,-4183.529,50000.000,65.00,0
5951,-1942.353,1546.412,50000.000,80.00,-2076.823,-5812.117,50001.000,35.00,0
6001,-216.647,-3062.941,50000.000,55.00,-2846.294,-8710.705,49999.000,66.00,0
6051,-1591.235,-4788.647,50000.000,74.00,-3488.764,-7844.117,50000.000,68.00,0
6101,-3085.353,-2114.176,50000.000,70.00,-4161.117,-6170.706,50000.000,73.00,0
6151,-3742.764,1359.647,50000.000,96.00,-3653.117,-5431.117,50000.000,72.00,0
6201,-2577.353,-82.176,50000.000,62.00,-3750.235,-9532.470,50001.000,61.00,0
6251,-1187.823,-6096.000,50000.000,72.00,-4982.882,-13193.058,49999.000,64.00,0
6301,-2375.647,-6992.470,50000.000,87.00,-5580.529,-13469.470,50001.000,59.00,0
6351,-2398.059,-5072.529,50000.000,88.00,-5236.882,-11220.823,50000.000,51.00,0
6401,-3115.235,-3324.412,50000.000,95.00,-4900.706,-9666.940,49999.000,78.00,0
6451,-2801.470,-5199.529,50000.000,97.00,-5087.470,-9696.823,50001.000,37.00,0
6501,-3548.529,-8419.353,50000.000,50.00,-6110.941,-9270.999,49999.000,79.00,0
6551,-3824.941,-8135.470,50000.000,64.00,-6424.706,-9547.411,50001.000,73.00,0
6601,-4228.353,-5498.353,50000.000,53.00,-5894.294,-8157.882,50000.000,69.00,0
6651,-4295.588,-2032.000,50000.000,69.00,-5005.294,-5595.470,49999.000,82.00,0
6701,-3884.706,567.765,50000.000,67.00,-4086.411,-5035.176,50000.000,47.00,0
6751,-2502.647,-112.059,50000.000,87.00,-3421.529,-7089.588,50000.000,71.00,0
6801,-1576.294,-3062.941,50000.000,69.00,-3346.823,-7522.882,50000.000,70.00,0
6851,-2540.000,-4265.706,50000.000,68.00,-4161.117,-8501.529,50000.000,81.00,0
6901,-3055.470,-4041.588,50000.000,61.00,-4997.823,-9883.588,50000.000,71.00,0
6951,-2599.765,-2808.941,50000.000,51.00,-4684.059,-10272.059,50001.000,63.00,0
7001,-2390.588,806.823,50000.000,62.00,-3720.353,-9218.705,49999.000,58.00,0
7051,-1919.941,3436.470,50000.000,81.00,-2995.706,-8860.117,50000.000,70.00,0
7101,-672.353,-1322.294,50000.000,40.00,-3137.647,-11362.764,50000.000,70.00,0
7151,44.824,-6215.529,50000.000,50.00,-4310.529,-14799.234,50000.000,70.00,0
7201,-97.118,-5490.882,50000.000,47.00,-3810.000,-12580.470,50000.000,76.00,0
7251,-2233.706,851.647,50000.000,57.00,-2794.000,-6170.706,50001.000,64.00,0
7301,-2091.765,3219.823,50000.000,71.00,-2383.117,-6529.293,49999.000,80.00,0
7351,-336.176,-1434.353,50000.000,51.00,-3077.882,-10877.176,50001.000,58.00,0
7401,261.471,-5983.941,50000.000,48.00,-3892.176,-14888.881,49999.000,50.00,0
7451,530.412,-6738.470,50000.000,43.00,-4616.823,-15972.116,50000.000,38.00,0
7501,-821.765,-2988.235,50000.000,31.00,-3862.294,-12976.411,50001.000,62.00,0
7551,-1591.235,-1703.294,50000.000,54.00,-3959.411,-11123.705,49999.000,62.00,0
7601,-1329.765,-6208.059,50000.000,37.00,-4459.941,-11631.705,50000.000,57.00,0
7651,-2413.000,-8172.823,50000.000,32.00,-5139.764,-11108.764,50001.000,45.00,0
7701,-2786.529,-5677.646,50000.000,45.00,-5050.117,-9412.940,49999.000,65.00,0
7751,-3421.529,-2906.059,50000.000,37.00,-4557.059,-9360.646,50001.000,58.00,0
7801,-1815.353,-4370.294,50000.000,55.00,-4676.588,-10555.940,49999.000,41.00,0
7851,-2263.588,-8942.294,50000.000,38.00,-4923.117,-9569.823,50001.000,25.00,0
7901,-844.176,-9293.411,50000.000,43.00,-4235.823,-9861.176,50000.000,56.00,0
7951,-1337.235,-6693.646,50000.000,44.00,-4086.411,-9778.999,49999.000,33.00,0
8001,-1927.412,-3989.294,50000.000,48.00,-3810.000,-10533.528,50000.000,19.00,0
8051,-1247.588,-4071.470,50000.000,52.00,-3787.588,-10989.234,50000.000,57.00,0
8101,-1016.000,-6230.470,50000.000,34.00,-3399.117,-9009.528,50000.000,36.00,0
8151,-2442.882,-5924.176,50000.000,25.00,-4265.706,-6970.059,50001.000,58.00,0
8201,-4026.647,-3570.941,50000.000,36.00,-4676.588,-3264.647,49999.000,18.00,0
8251,-4034.117,-5087.470,50000.000,42.00,-5169.646,-4967.941,50001.000,40.00,0
8301,-4220.882,-6783.293,50000.000,32.00,-6200.588,-7963.646,49999.000,26.00,0
8351,-4579.470,-6058.646,50000.000,42.00,-6858.000,-9480.176,50000.000,58.00,0
8401,-5311.588,-5236.882,50000.000,42.00,-6753.411,-8889.999,50000.000,32.00,0
8451,-5192.059,-8128.000,50000.000,54.00,-7448.176,-10018.059,50000.000,34.00,0
8501,-5378.823,-9943.353,50000.000,43.00,-8322.234,-12064.999,50000.000,45.00,0
8551,-6589.059,-7971.117,50000.000,42.00,-8501.529,-8830.234,50000.000,43.00,0
8601,-7702.176,-5229.412,50000.000,44.00,-8344.646,-4542.117,50000.000,48.00,0
8651,-9031.940,-5431.117,50000.000,50.00,-9726.705,-4572.000,50001.000,23.00,0
8701,-8650.940,-7425.764,50000.000,51.00,-10145.059,-7836.646,49999.000,42.00,0
8751,-7620.000,-10548.470,50000.000,46.00,-10892.117,-10862.234,50000.000,31.00,0
8801,-7918.823,-9965.764,50000.000,51.00,-10682.940,-12109.822,50001.000,67.00,0
8851,-8404.411,-7209.117,50000.000,65.00,-10018.059,-10877.176,49999.000,83.00,0
8901,-9076.764,-6447.117,50000.000,64.00,-10227.234,-7978.588,50001.000,62.00,0
8951,-9472.705,-7052.235,50000.000,44.00,-10369.176,-5767.294,49999.000,78.00,0
9001,-10369.176,-6118.411,50000.000,46.00,-10944.411,-4826.000,50000.000,75.00,0
9051,-10765.117,-6185.646,50000.000,65.00,-11796.058,-5954.059,50001.000,45.00,0
9101,-11415.058,-7687.235,50000.000,51.00,-13491.882,-6872.941,49999.000,51.00,0
9151,-11788.588,-7470.588,50000.000,70.00,-13626.352,-7769.411,50000.000,58.00,0
9201,-11175.999,-7366.000,50000.000,42.00,-13469.470,-9076.764,50001.000,42.00,0
9251,-10862.234,-8621.059,50000.000,48.00,-13118.353,-8606.117,49999.000,71.00,0
9301,-10182.411,-8217.646,50000.000,78.00,-12416.117,-10070.353,50000.000,52.00,0
9351,-10294.470,-4579.470,50000.000,49.00,-11385.176,-7209.117,50000.000,76.00,0
9401,-10563.411,433.294,50000.000,52.00,-10062.882,-3951.941,50000.000,63.00,0
9451,-10503.646,2607.235,50000.000,75.00,-9435.353,-1845.235,50001.000,67.00,0
9501,-9450.294,582.706,50000.000,71.00,-9203.764,-3907.117,49999.000,78.00,0
9551,-7694.706,-1919.941,50000.000,70.00,-8665.882,-7903.882,50000.000,64.00,0
9601,-6985.000,-3757.706,50000.000,35.00,-9031.940,-12528.176,50000.000,54.00,0
9651,-5969.000,-3854.823,50000.000,47.00,-8434.294,-12767.234,50000.000,62.00,0
9701,-5446.059,-806.823,50000.000,33.00,-6252.882,-8292.353,50000.000,73.00,0
9751,-5012.764,963.706,50000.000,46.00,-5946.588,-8359.588,50000.000,63.00,0
9801,-3929.529,-2345.765,50000.000,32.00,-5632.823,-9666.940,50001.000,72.00,0
9851,-3862.294,-5289.176,50000.000,29.00,-6327.588,-9599.705,50000.000,59.00,0
9901,-4176.059,-4848.412,50000.000,40.00,-6021.294,-9241.117,49999.000,51.00,0
9951,-4661.647,-4138.706,50000.000,27.00,-6432.176,-8830.234,50000.000,72.00,0
10001,-4669.117,-3847.353,50000.000,36.00,-6140.823,-9510.059,50000.000,73.00,0
10051,-3989.294,-6357.470,50000.000,36.00,-6193.117,-9876.117,50001.000,53.00,0
10101,-4870.823,-8120.529,50000.000,41.00,-6955.117,-8710.705,49999.000,67.00,0
10151,-5408.706,-7179.235,50000.000,34.00,-6932.706,-7022.353,50000.000,61.00,0
10201,-6596.529,-6320.117,50000.000,47.00,-7717.117,-4721.412,50000.000,65.00,0
10251,-6902.823,-6021.294,50000.000,41.00,-7851.588,-5588.000,50000.000,70.00,0
10301,-6895.353,-6813.176,50000.000,41.00,-8837.705,-6738.470,50000.000,63.00,0
10351,-7433.235,-7141.882,50000.000,24.00,-8643.470,-4863.353,50001.000,61.00,0
10401,-7933.764,-4833.470,50000.000,32.00,-8337.176,-3130.176,49999.000,66.00,0
10451,-7933.764,-4205.941,50000.000,43.00,-7724.588,-3033.059,50000.000,55.00,0
10501,-8419.353,-3653.117,50000.000,37.00,-8919.882,-2898.588,50000.000,43.00,0
10551,-9054.353,-2816.412,50000.000,54.00,-8987.117,-4086.411,50000.000,16.00,0
10601,-8740.588,-4519.706,50000.000,36.00,-10309.411,-6118.411,50000.000,24.00,0
10651,-8800.353,-6066.117,50000.000,41.00,-10361.705,-6872.941,50000.000,55.00,0
10701,-9480.176,-6364.941,50000.000,38.00,-10757.646,-5139.764,50000.000,24.00,0
10751,-10645.588,-5528.235,50000.000,48.00,-11452.411,-4332.941,50000.000,36.00,0
10801,-11900.646,-4586.941,50000.000,47.00,-12483.353,-3854.823,50000.000,53.00,0
10851,-13140.764,-5461.000,50000.000,49.00,-14216.528,-4280.647,50001.000,48.00,0
10901,-13701.058,-3922.059,50000.000,52.00,-14709.587,-4826.000,49999.000,52.00,0
10951,-13828.058,-1008.529,50000.000,57.00,-13693.587,-4459.941,50000.000,87.00,0
11001,-13178.117,-963.706,50000.000,61.00,-12819.528,-4288.117,50001.000,62.00,0
11051,-12460.940,-5946.588,50000.000,49.00,-13349.940,-5939.117,49999.000,46.00,0
11101,-12699.999,-9681.882,50000.000,37.00,-14545.234,-8075.706,50000.000,70.00,0
11151,-13559.117,-9397.999,50000.000,44.00,-14657.293,-7067.176,50000.000,49.00,0
11201,-13842.999,-7082.117,50000.000,63.00,-14604.999,-6312.646,50000.000,63.00,0
11251,-14388.352,-6320.117,50000.000,50.00,-14604.999,-5834.529,50000.000,65.00,0
11301,-14037.234,-6775.823,50000.000,57.00,-14791.764,-7597.588,50001.000,54.00,0
11351,-13320.058,-9203.764,50000.000,44.00,-14582.587,-7089.588,49999.000,79.00,0
11401,-13693.587,-10772.588,50000.000,36.00,-14806.705,-7754.470,50001.000,80.00,0
11451,-13910.234,-9637.059,50000.000,36.00,-14634.882,-8643.470,49999.000,71.00,0
11501,-13641.293,-6357.470,50000.000,57.00,-14365.940,-7156.823,50001.000,46.00,0
11551,-13626.352,-4161.117,50000.000,32.00,-14059.646,-5774.764,49999.000,91.00,0
11601,-12513.234,-5139.764,50000.000,43.00,-13895.293,-7582.646,50001.000,72.00,0
11651,-12012.705,-7164.293,50000.000,51.00,-13887.822,-8583.705,49999.000,60.00,0
11701,-11444.940,-6589.059,50000.000,47.00,-13491.882,-7433.235,50000.000,49.00,0
11751,-11467.353,-5289.176,50000.000,34.00,-12886.764,-6208.059,50000.000,62.00,0
11801,-11698.940,-4773.706,50000.000,45.00,-12991.353,-6917.764,50001.000,69.00,0
11851,-11034.058,-5744.882,50000.000,43.00,-13021.234,-8479.117,49999.000,47.00,0
11901,-10757.646,-8060.764,50000.000,40.00,-13222.940,-7844.117,50000.000,57.00,0
11951,-11063.940,-6932.706,50000.000,43.00,-12363.822,-6402.293,50000.000,78.00,0
12001,-11123.705,-5565.588,50000.000,34.00,-12154.646,-5401.235,50000.000,58.00,0
12051,-11997.764,-4572.000,50000.000,36.00,-11549.528,-3787.588,50001.000,62.00,0
12101,-12035.117,-4938.059,50000.000,43.00,-12035.117,-2278.529,49999.000,68.00,0
12151,-11661.588,-4205.941,50000.000,53.00,-11556.999,-2719.294,50000.000,49.00,0
12201,-10765.117,-1725.706,50000.000,33.00,-10145.059,-575.235,50000.000,57.00,0
12251,-10884.646,1292.412,50000.000,50.00,-8770.470,2338.294,50000.000,78.00,0
12301,-10608.234,2696.882,50000.000,42.00,-8329.705,2577.353,50000.000,65.00,0
12351,-11161.058,799.353,50000.000,31.00,-9846.234,590.176,50000.000,52.00,0
12401,-11870.764,-993.588,50000.000,37.00,-10862.234,-605.118,50000.000,63.00,0
12451,-12617.822,-2622.176,50000.000,53.00,-12102.353,-1561.353,50000.000,58.00,0
12501,-11549.528,-2652.059,50000.000,30.00,-11280.588,-2375.647,50000.000,46.00,0
12551,-9771.528,470.647,50000.000,44.00,-9054.353,-859.118,50001.000,62.00,0
12601,-6118.411,3324.412,50000.000,39.00,-5311.588,-2084.294,49999.000,54.00,0
12651,-1598.706,3272.117,50000.000,50.00,-3204.882,-7224.058,50000.000,54.00,0
12701,-74.706,3802.529,50000.000,40.00,-1733.176,-8187.764,50001.000,40.00,0
12751,-470.647,4609.353,50000.000,70.00,-889.000,-6387.353,49999.000,53.00,0
12801,2383.117,-74.706,50000.000,55.00,-448.235,-12109.822,50000.000,75.00,0
12851,4340.412,-2935.941,50000.000,66.00,-455.706,-15008.411,50000.000,46.00,0
12901,3429.000,-2502.647,50000.000,39.00,239.059,-11512.176,50001.000,77.00,0
12951,2159.000,1524.000,50000.000,58.00,851.647,-6514.353,50000.000,49.00,0
13001,2480.235,2472.765,50000.000,54.00,1800.412,-7067.176,49999.000,72.00,0
13051,4116.294,-2345.765,50000.000,28.00,1075.765,-8471.646,50000.000,56.00,0
13101,2734.235,-3705.412,50000.000,53.00,859.118,-7440.706,50000.000,37.00,0
13151,1509.059,-4295.588,50000.000,45.00,-515.471,-7171.764,50000.000,24.00,0
13201,1546.412,-3369.235,50000.000,45.00,-1202.765,-7425.764,50001.000,42.00,0
13251,784.412,-2099.235,50000.000,50.00,-963.706,-8703.234,49999.000,32.00,0
13301,1494.118,-3862.294,50000.000,33.00,-1875.118,-10376.646,50001.000,56.00,0
13351,1733.176,-5916.706,50000.000,47.00,-1643.529,-10286.999,50000.000,57.00,0
13401,717.176,-5752.353,50000.000,57.00,-1957.294,-7844.117,49999.000,66.00,0
13451,-1195.294,-4953.000,50000.000,41.00,-2129.117,-4497.294,50001.000,22.00,0
13501,-2099.235,-5319.059,50000.000,43.00,-3406.588,-4325.470,49999.000,35.00,0
13551,-2480.235,-4997.823,50000.000,38.00,-3578.412,-4116.294,50001.000,43.00,0
13601,-1905.000,-2547.470,50000.000,46.00,-2704.353,-3847.353,49999.000,34.00,0
13651,-433.294,-911.412,50000.000,45.00,-1150.470,-3526.117,50000.000,23.00,0
13701,814.294,112.059,50000.000,46.00,-261.471,-4071.470,50000.000,32.00,0
13751,1807.882,993.588,50000.000,35.00,679.823,-6133.353,50000.000,72.00,0
13801,2853.764,-448.235,50000.000,46.00,1367.118,-6656.293,50000.000,70.00,0
13851,3600.823,-2368.176,50000.000,36.00,1733.176,-6850.529,50000.000,47.00,0
13901,4594.412,89.647,50000.000,30.00,2622.176,-8643.470,50000.000,59.00,0
13951,5423.646,2726.764,50000.000,41.00,3593.353,-11198.411,50000.000,70.00,0
14001,6648.823,-171.824,50000.000,36.00,3951.941,-11975.353,50000.000,85.00,0
14051,6970.059,-2861.235,50000.000,35.00,3795.059,-12729.882,50000.000,70.00,0
14101,6985.000,-4116.294,50000.000,40.00,3376.706,-14328.587,50001.000,68.00,0
14151,6260.353,-1501.588,50000.000,52.00,3369.235,-12438.528,49999.000,70.00,0
14201,5363.882,-224.118,50000.000,63.00,3010.647,-10466.293,50000.000,71.00,0
14251,4086.411,-1710.765,50000.000,42.00,2540.000,-5408.706,50000.000,64.00,0
14301,1785.470,-37.353,50000.000,47.00,1411.941,635.000,50000.000,74.00,0
14351,485.588,1800.412,50000.000,33.00,1538.941,3645.647,50001.000,61.00,0
14401,-97.118,313.765,50000.000,46.00,702.235,3010.647,49999.000,88.00,0
14451,-941.294,-2002.118,50000.000,57.00,-1008.529,388.471,50001.000,71.00,0
14501,-1897.529,-3466.353,50000.000,48.00,-2293.470,-1755.588,50000.000,79.00,0
14551,-2099.235,-6282.764,50000.000,39.00,-3436.470,-5431.117,49999.000,68.00,0
14601,-1688.353,-6745.941,50000.000,40.00,-3683.000,-6267.823,50000.000,48.00,0
14651,-2480.235,-3675.529,50000.000,31.00,-3421.529,-5027.706,50000.000,78.00,0
14701,-2786.529,-1120.588,50000.000,60.00,-3033.059,-4108.823,50000.000,58.00,0
14751,-2159.000,-1665.941,50000.000,51.00,-2988.235,-2771.588,50001.000,64.00,0
14801,-2114.176,59.765,50000.000,35.00,-1792.941,343.647,49999.000,69.00,0
14851,-2749.176,-351.118,50000.000,48.00,-1695.823,1516.529,50001.000,77.00,0
14901,-3331.882,-3556.000,50000.000,34.00,-4131.235,-1905.000,50000.000,77.00,0
14951,-3907.117,-4863.353,50000.000,53.00,-5124.823,-3996.764,49999.000,34.00,0
15001,-3869.764,-3204.882,50000.000,46.00,-4586.941,-3443.941,50000.000,64.00,0
15051,-2121.647,-2786.529,50000.000,57.00,-2883.647,-5565.588,50001.000,42.00,0
15101,-127.000,-1621.118,50000.000,69.00,-2562.412,-7403.353,49999.000,40.00,0
15151,29.882,2203.823,50000.000,53.00,-933.823,-5774.764,50000.000,69.00,0
15201,791.882,2256.117,50000.000,56.00,-216.647,-6394.823,50000.000,55.00,0
15251,2241.176,-1359.647,50000.000,48.00,-216.647,-7141.882,50001.000,73.00,0
15301,1748.118,-2786.529,50000.000,92.00,291.353,-6357.470,49999.000,43.00,0
15351,1815.353,-4669.117,50000.000,51.00,-67.235,-5334.000,50000.000,54.00,0
15401,1165.412,-3204.882,50000.000,62.00,-239.059,-2166.470,50001.000,50.00,0
15451,-216.647,-246.529,50000.000,78.00,649.941,1651.000,49999.000,54.00,0
15501,-104.588,-112.059,50000.000,71.00,343.647,1643.529,50000.000,64.00,0
15551,194.235,-1613.647,50000.000,71.00,-89.647,-889.000,50000.000,57.00,0
15601,605.118,-3869.764,50000.000,62.00,-896.471,-3376.706,50000.000,58.00,0
15651,470.647,-2241.176,50000.000,62.00,-657.412,-2211.294,50001.000,53.00,0
15701,552.823,1337.235,50000.000,76.00,889.000,-515.471,49999.000,80.00,0
15751,1785.470,2913.529,50000.000,59.00,1964.765,1105.647,50001.000,68.00,0
15801,1785.470,4497.294,50000.000,91.00,2928.470,3996.764,49999.000,86.00,0
15851,2099.235,3787.588,50000.000,58.00,3182.470,3249.706,50000.000,76.00,0
15901,2958.353,806.823,50000.000,67.00,2607.235,-254.000,50000.000,56.00,0
15951,3473.823,-1143.000,50000.000,56.00,1972.235,-3227.294,50001.000,64.00,0
16001,3488.764,-164.353,50000.000,59.00,2637.117,-941.294,49999.000,57.00,0
16051,2547.470,2181.412,50000.000,48.00,3772.647,4788.647,50000.000,45.00,0
16101,2046.941,2233.706,50000.000,59.00,3959.411,8038.353,50000.000,65.00,0
16151,2629.647,-784.412,50000.000,46.00,3092.823,5147.235,50001.000,61.00,0
16201,3115.235,-2614.706,50000.000,54.00,2734.235,1912.470,50000.000,51.00,0
16251,3145.117,-366.059,50000.000,61.00,3294.529,1352.176,50000.000,65.00,0
16301,3832.412,1240.118,50000.000,40.00,3399.117,-717.176,50000.000,43.00,0
16351,3623.235,156.882,50000.000,51.00,3025.588,-672.353,50000.000,68.00,0
16401,2876.176,-590.176,50000.000,48.00,2838.823,971.176,49999.000,69.00,0
16451,2592.294,-1352.176,50000.000,45.00,2562.412,1045.882,50001.000,62.00,0
16501,2353.235,-1942.353,50000.000,42.00,1845.235,261.471,50000.000,53.00,0
16551,1852.706,-425.823,50000.000,45.00,1591.235,395.941,49999.000,70.00,0
16601,1023.471,933.823,50000.000,49.00,1426.882,283.882,50000.000,74.00,0
16651,134.471,-2502.647,50000.000,53.00,-403.412,-254.000,50000.000,91.00,0
16701,-933.823,-4557.059,50000.000,55.00,-1262.529,433.294,50001.000,71.00,0
16751,-1217.706,-2383.117,50000.000,46.00,-1143.000,1942.353,49999.000,80.00,0
16801,-1255.059,1942.353,50000.000,65.00,-141.941,1890.059,50001.000,83.00,0
16851,-1464.235,-1411.941,50000.000,48.00,-1150.470,567.765,49999.000,88.00,0
16901,-1987.176,-7493.000,50000.000,49.00,-2846.294,478.118,50001.000,72.00,0
16951,-2061.882,-6036.235,50000.000,41.00,-2569.882,963.706,50000.000,67.00,0
17001,-1568.823,1187.823,50000.000,49.00,-986.118,926.353,50000.000,71.00,0
17051,-1060.823,5700.059,50000.000,59.00,328.706,104.588,49999.000,61.00,0
17101,-530.412,1583.765,50000.000,63.00,-649.941,-2211.294,50001.000,69.00,0
17151,-283.882,-2002.118,50000.000,91.00,-1053.353,-3712.882,49999.000,63.00,0
17201,-216.647,-6716.059,50000.000,73.00,-2084.294,-6581.588,50000.000,77.00,0
17251,201.706,-10018.059,50000.000,55.00,-3160.059,-8314.764,50001.000,72.00,0
17301,410.882,-9689.353,50000.000,48.00,-2345.765,-6895.353,49999.000,51.00,0
17351,1105.647,-6910.293,50000.000,66.00,-1165.412,-7141.882,50000.000,70.00,0
17401,2592.294,-4527.176,50000.000,41.00,89.647,-8352.117,50000.000,52.00,0
17451,2263.588,-1270.000,50000.000,67.00,321.235,-5617.882,50000.000,51.00,0
17501,1120.588,231.588,50000.000,74.00,963.706,-4288.117,50001.000,53.00,0
17551,1628.588,-5221.941,50000.000,57.00,-739.588,-5976.470,49999.000,67.00,0
17601,941.294,-4721.412,50000.000,70.00,-1598.706,-5991.411,50000.000,60.00,0
17651,-388.471,-1957.294,50000.000,74.00,-1255.059,-3966.882,50000.000,58.00,0
17701,-1045.882,-2562.412,50000.000,84.00,-1740.647,-2771.588,50000.000,61.00,0
17751,-1120.588,-3145.117,50000.000,77.00,-2196.353,-5109.882,50000.000,59.00,0
17801,-829.235,-3466.353,50000.000,78.00,-2913.529,-7014.882,50000.000,49.00,0
17851,-889.000,-4347.882,50000.000,71.00,-2338.294,-6088.529,50000.000,57.00,0
17901,-194.235,-5050.117,50000.000,62.00,-1688.353,-3720.353,50001.000,78.00,0
17951,-67.235,-2159.000,50000.000,91.00,-366.059,-971.176,49999.000,54.00,0
18001,-440.765,-590.176,50000.000,83.00,291.353,1045.882,50001.000,69.00,0
18051,1113.118,-1262.529,50000.000,98.00,709.706,-948.765,49999.000,74.00,0
18101,2562.412,-3309.470,50000.000,95.00,1262.529,-4400.176,50000.000,66.00,0
18151,3249.706,-5946.588,50000.000,77.00,1068.294,-7403.353,50000.000,77.00,0
18201,3795.059,-5692.588,50000.000,53.00,963.706,-6985.000,50000.000,70.00,0
18251,3287.059,-156.882,50000.000,58.00,2398.059,-2592.294,50000.000,46.00,0
18301,2390.588,-1434.353,50000.000,60.00,1979.706,-1374.588,50000.000,74.00,0
18351,1987.176,-4818.529,50000.000,45.00,560.294,-3369.235,50001.000,52.00,0
18401,1882.588,-3690.470,50000.000,55.00,478.118,-2510.117,50000.000,70.00,0
18451,1090.706,-179.294,50000.000,48.00,1038.412,-336.176,49999.000,62.00,0
18501,1449.294,3100.294,50000.000,66.00,2054.412,844.176,50000.000,90.00,0
18551,2734.235,4482.353,50000.000,87.00,3496.235,605.118,50000.000,70.00,0
18601,4579.470,3234.764,50000.000,57.00,4191.000,-754.529,50000.000,41.00,0
18651,6895.353,2898.588,50000.000,83.00,5498.353,-5707.529,50000.000,60.00,0
18701,9480.176,470.647,50000.000,61.00,5468.470,-9629.588,50000.000,52.00,0
18751,9300.882,-1792.941,50000.000,49.00,5080.000,-9666.940,50000.000,62.00,0
18801,10257.117,358.588,50000.000,93.00,7620.000,-7836.646,50000.000,77.00,0
18851,11691.470,2667.000,50000.000,50.00,8919.882,-8008.470,50000.000,57.00,0
18901,13536.705,5700.059,50000.000,78.00,10399.059,-9995.646,50000.000,68.00,0
18951,15792.822,1441.823,50000.000,57.00,11967.882,-9039.411,50000.000,63.00,0
19001,15897.411,-1905.000,50000.000,72.00,11960.411,-6723.529,50000.000,41.00,0
19051,15800.293,-4624.294,50000.000,59.00,12057.528,-10570.882,50000.000,84.00,0
19101,16390.469,-6088.529,50000.000,48.00,10227.234,-13215.470,50001.000,59.00,0
19151,15897.411,-2069.353,50000.000,63.00,11422.528,-11661.588,49999.000,60.00,0
19201,15307.234,-1344.706,50000.000,36.00,11474.822,-11011.646,50001.000,75.00,0
19251,15635.940,-2801.470,50000.000,43.00,11131.176,-10481.234,49999.000,60.00,0
19301,15606.058,-3302.000,50000.000,38.00,11317.940,-10286.999,50000.000,74.00,0
19351,15964.646,2876.176,50000.000,39.00,12924.117,-8359.588,50000.000,51.00,0
19401,16375.528,3899.647,50000.000,29.00,12991.353,-10257.117,50000.000,57.00,0
19451,16876.059,-37.353,50000.000,38.00,12782.176,-9114.117,50000.000,63.00,0
19501,15994.528,-224.118,50000.000,43.00,13409.705,-6036.235,50000.000,83.00,0
19551,13686.117,-1195.294,50000.000,34.00,11459.882,-3922.059,50000.000,68.00,0
19601,11781.117,-2465.294,50000.000,37.00,8994.588,-6880.411,50000.000,76.00,0
19651,12177.058,-3003.176,50000.000,49.00,7403.353,-11497.234,50000.000,58.00,0
19701,12221.882,2644.588,50000.000,55.00,8591.176,-10003.117,50001.000,51.00,0
19751,13842.999,5393.764,50000.000,54.00,11280.588,-10018.059,49999.000,49.00,0
19801,14664.764,911.412,50000.000,38.00,10944.411,-9046.882,50000.000,92.00,0
19851,14978.528,-1583.765,50000.000,48.00,11265.646,-8576.234,50000.000,68.00,0
19901,14769.352,-4437.529,50000.000,40.00,11123.705,-7141.882,50000.000,62.00,0
19951,13364.882,-5251.823,50000.000,19.00,10174.940,-5520.764,50001.000,63.00,0
20001,12595.411,-1561.353,50000.000,41.00,10555.940,-3578.412,49999.000,74.00,0
20051,11482.293,-1053.353,50000.000,24.00,9793.940,-3085.353,50001.000,72.00,0
20101,11183.470,-3578.412,50000.000,34.00,8972.176,-5087.470,50000.000,84.00,0
20151,10824.882,-6163.235,50000.000,33.00,8367.059,-6775.823,49999.000,84.00,0
20201,10540.999,-7829.176,50000.000,42.00,7493.000,-8120.529,50000.000,62.00,0
20251,10107.705,-7776.882,50000.000,44.00,7059.706,-8680.823,50000.000,50.00,0
20301,9607.176,-7112.000,50000.000,47.00,6469.529,-8449.234,50000.000,52.00,0
20351,9226.176,-5662.706,50000.000,46.00,6193.117,-8897.470,50001.000,45.00,0
20401,8897.470,-3705.412,50000.000,82.00,5901.764,-9592.234,49999.000,52.00,0
20451,8299.823,-2719.294,50000.000,47.00,4938.059,-9786.470,50000.000,59.00,0
20501,7836.646,-1553.882,50000.000,87.00,5236.882,-6895.353,50000.000,83.00,0
20551,6551.706,-1075.765,50000.000,59.00,5431.117,-1882.588,50000.000,66.00,0
20601,5393.764,1329.765,50000.000,92.00,5229.412,1180.353,50000.000,80.00,0
20651,4191.000,4153.647,50000.000,83.00,5311.588,3989.294,50000.000,65.00,0
20701,3212.353,4153.647,50000.000,61.00,4751.294,5573.059,50000.000,59.00,0
20751,3481.294,-1270.000,50000.000,91.00,3481.294,3854.823,50000.000,66.00,0
20801,2584.823,-3705.412,50000.000,87.00,2629.647,4654.176,50000.000,78.00,0
20851,1187.823,-5453.529,50000.000,102.00,1957.294,6140.823,50000.000,65.00,0
20901,821.765,-9487.646,50000.000,74.00,179.294,3443.941,50000.000,81.00,0
20951,829.235,-9823.823,50000.000,47.00,-612.588,-141.941,50000.000,60.00,0
21001,1075.765,-4893.235,50000.000,46.00,-664.882,-3466.353,50001.000,87.00,0
21051,926.353,649.941,50000.000,94.00,97.118,-3772.647,49999.000,73.00,0
21101,-627.529,1165.412,50000.000,71.00,-500.529,-1561.353,50000.000,69.00,0
21151,-1942.353,-545.353,50000.000,72.00,-1628.588,134.471,50001.000,61.00,0
21201,-2487.706,-5050.117,50000.000,46.00,-2771.588,425.823,49999.000,61.00,0
21251,-2965.823,-6813.176,50000.000,61.00,-3847.353,-1083.235,50000.000,64.00,0
21301,-2771.588,-6357.470,50000.000,53.00,-3757.706,-3384.176,50000.000,84.00,0
21351,-3137.647,-7231.529,50000.000,41.00,-4549.588,-5207.000,50000.000,64.00,0
21401,-3690.470,-6357.470,50000.000,53.00,-5087.470,-5490.882,50001.000,72.00,0
21451,-3608.294,-2696.882,50000.000,59.00,-4034.117,-2457.823,49999.000,79.00,0
21501,-3451.412,373.529,50000.000,68.00,-2861.235,74.706,50000.000,42.00,0
21551,-2823.882,470.647,50000.000,78.00,-2450.353,-1725.706,50001.000,70.00,0
21601,-1516.529,-1979.706,50000.000,77.00,-2554.941,-5199.529,49999.000,47.00,0
21651,-209.176,-1150.470,50000.000,75.00,-2263.588,-6865.470,50001.000,75.00,0
21701,254.000,-7.471,50000.000,72.00,-336.176,-3473.823,49999.000,53.00,0
21751,956.235,-1822.823,50000.000,44.00,-44.824,-4684.059,50000.000,71.00,0
21801,2046.941,-4191.000,50000.000,57.00,-560.294,-7089.588,50000.000,77.00,0
21851,986.118,-3406.588,50000.000,76.00,-112.059,-4430.059,50001.000,74.00,0
21901,1434.353,-4176.059,50000.000,42.00,-627.529,-5005.294,49999.000,56.00,0
21951,2442.882,-298.824,50000.000,45.00,1441.823,-4870.823,50000.000,78.00,0
22001,5184.588,1919.941,50000.000,49.00,3212.353,-5304.117,50000.000,46.00,0
22051,5221.941,5139.764,50000.000,60.00,4482.353,-2323.353,50001.000,59.00,0
22101,5378.823,6506.882,50000.000,91.00,5983.941,-1755.588,49999.000,52.00,0
22151,7209.117,-590.176,50000.000,38.00,5296.646,-3892.176,50000.000,76.00,0
22201,9293.411,-3369.235,50000.000,42.00,5886.823,-6880.411,50000.000,64.00,0
22251,11325.411,-3145.117,50000.000,43.00,7986.058,-9009.528,50000.000,67.00,0
22301,13342.470,-2794.000,50000.000,49.00,8381.999,-10951.882,50000.000,64.00,0
22351,12281.646,-2465.294,50000.000,67.00,8591.176,-11571.940,50000.000,61.00,0
22401,11280.588,-4258.235,50000.000,56.00,6125.882,-12311.528,50000.000,60.00,0
22451,10787.528,-5184.588,50000.000,62.00,6477.000,-10660.528,50001.000,77.00,0
22501,10690.411,-5393.764,50000.000,57.00,6798.235,-8471.646,49999.000,61.00,0
22551,9883.588,-2024.529,50000.000,66.00,7634.940,-6872.941,50000.000,34.00,0
22601,9674.411,-2084.294,50000.000,68.00,7201.646,-7627.470,50000.000,40.00,0
22651,8568.764,-6895.353,50000.000,37.00,4840.941,-7963.646,50000.000,65.00,0
22701,7724.588,-8195.234,50000.000,49.00,4392.706,-7395.882,50001.000,81.00,0
22751,6805.706,-6454.588,50000.000,45.00,4198.470,-5700.059,49999.000,57.00,0
22801,6633.882,-5453.529,50000.000,26.00,4534.647,-5490.882,50000.000,52.00,0
22851,6768.353,-5274.235,50000.000,20.00,3929.529,-6917.764,50000.000,48.00,0
22901,6342.529,-3137.647,50000.000,24.00,3548.529,-8344.646,50000.000,55.00,0
22951,6185.646,-1509.059,50000.000,39.00,3466.353,-9009.528,50000.000,80.00,0
23001,5715.000,-3705.412,50000.000,46.00,3272.117,-6656.293,50000.000,71.00,0
23051,4116.294,-4407.647,50000.000,32.00,2323.353,-3817.470,50001.000,61.00,0
23101,3414.059,-3130.176,50000.000,31.00,2114.176,-3369.235,50000.000,73.00,0
23151,3137.647,-1979.706,50000.000,46.00,2099.235,-1748.118,49999.000,76.00,0
23201,2383.117,1284.941,50000.000,40.00,2592.294,1867.647,50000.000,76.00,0
23251,971.176,4549.588,50000.000,42.00,2741.706,5558.117,50000.000,57.00,0
23301,620.059,3884.706,50000.000,36.00,2704.353,6193.117,50000.000,29.00,0
23351,1546.412,-739.588,50000.000,33.00,1524.000,2398.059,50000.000,60.00,0
23401,1404.470,-2547.470,50000.000,46.00,851.647,-470.647,50000.000,49.00,0
23451,926.353,-5446.059,50000.000,32.00,-425.823,-4131.235,50000.000,50.00,0
23501,1105.647,-5610.412,50000.000,20.00,-1673.412,-6312.646,50000.000,72.00,0
23551,762.000,-1553.882,50000.000,33.00,-612.588,-5505.823,50000.000,65.00,0
23601,799.353,3227.294,50000.000,31.00,724.647,-3122.706,50000.000,59.00,0
23651,2405.529,4026.647,50000.000,46.00,2054.412,-4415.117,50000.000,75.00,0
23701,5005.294,3025.588,50000.000,39.00,2853.764,-7507.940,50000.000,73.00,0
23751,6611.470,4975.412,50000.000,28.00,4594.412,-8068.235,50000.000,70.00,0
23801,7911.353,3832.412,50000.000,32.00,6439.646,-5334.000,50000.000,52.00,0
23851,8628.529,1105.647,50000.000,43.00,6245.411,-7014.882,50001.000,47.00,0
23901,11116.234,2024.529,50000.000,43.00,7881.470,-8105.588,49999.000,55.00,0
23951,12677.587,4153.647,50000.000,43.00,10301.940,-7530.353,50001.000,53.00,0
24001,15972.116,1016.000,50000.000,54.00,11810.999,-11377.705,50000.000,79.00,0
24051,17847.234,-2853.764,50000.000,41.00,11273.117,-12744.822,49999.000,70.00,0
24101,18101.234,-4347.882,50000.000,49.00,11788.588,-12012.705,50000.000,70.00,0
24151,19042.527,1404.470,50000.000,40.00,12812.058,-11385.176,50000.000,76.00,0
24201,18459.822,8053.293,50000.000,70.00,14649.822,-11048.999,50000.000,71.00,0
24251,19886.705,4303.059,50000.000,72.00,14261.352,-11422.528,50000.000,70.00,0
24301,20349.881,-112.059,50000.000,50.00,13984.940,-11019.117,50000.000,56.00,0
24351,19423.527,-1830.294,50000.000,45.00,13790.705,-10921.999,50000.000,55.00,0
24401,18564.410,-941.294,50000.000,43.00,14082.058,-8889.999,50000.000,50.00,1
24451,15725.587,4437.529,50000.000,54.00,14507.882,-3003.176,50000.000,38.00,1
24501,13282.705,5879.353,50000.000,58.00,13454.528,-1195.294,50001.000,20.00,0
24551,14238.940,1247.588,50000.000,55.00,11758.705,-5266.764,49999.000,40.00,0
24601,15553.764,-866.588,50000.000,45.00,11930.528,-8426.823,50000.000,63.00,0
24651,15277.352,-3003.176,50000.000,47.00,11497.234,-8359.588,50001.000,62.00,0
24701,12475.882,-2293.470,50000.000,54.00,10219.764,-3787.588,49999.000,48.00,0
24751,8598.646,-358.588,50000.000,38.00,8038.353,-119.529,50000.000,33.00,0
24801,5550.646,-3331.882,50000.000,46.00,4743.823,-2592.294,50001.000,31.00,0
24851,5251.823,-6820.646,50000.000,30.00,2121.647,-7388.411,49999.000,52.00,0
24901,4945.529,-5124.823,50000.000,38.00,2144.059,-9368.117,50000.000,63.00,0
24951,5147.235,-500.529,50000.000,51.00,2973.294,-7239.000,50000.000,23.00,0
25001,5475.941,4452.470,50000.000,75.00,4123.765,-7239.000,50000.000,45.00,0
25051,6170.706,971.176,50000.000,46.00,3884.706,-11407.588,50001.000,59.00,0
25101,6320.117,-3436.470,50000.000,40.00,2383.117,-14522.822,49999.000,52.00,0
25151,6103.470,-6633.882,50000.000,54.00,2495.176,-15269.881,50000.000,80.00,0
25201,6223.000,-7500.470,50000.000,30.00,1942.353,-13297.646,50000.000,77.00,0
25251,5371.353,-2218.765,50000.000,57.00,2980.764,-9002.059,50000.000,71.00,0
25301,5214.470,859.118,50000.000,63.00,3294.529,-7164.293,50000.000,46.00,0
25351,5169.646,-1949.823,50000.000,40.00,2928.470,-9397.999,50000.000,89.00,0
25401,5961.529,-5834.529,50000.000,46.00,1957.294,-11205.882,50001.000,63.00,0
25451,4728.882,-7493.000,50000.000,42.00,1262.529,-10712.823,50000.000,57.00,0
25501,4445.000,-7724.588,50000.000,28.00,508.000,-10339.293,49999.000,47.00,0
25551,4235.823,-6103.470,50000.000,37.00,1038.412,-9256.059,50000.000,50.00,0
25601,3615.764,-3929.529,50000.000,38.00,1830.294,-5640.294,50000.000,73.00,0
25651,2808.941,-2211.294,50000.000,37.00,1703.294,-4318.000,50000.000,64.00,0
25701,2838.823,-2562.412,50000.000,44.00,1509.059,-5655.235,50000.000,74.00,0
25751,2749.176,-6357.470,50000.000,26.00,590.176,-6066.117,50000.000,70.00,0
25801,1972.235,-7044.764,50000.000,41.00,44.824,-4863.353,50001.000,51.00,0
25851,1553.882,-7067.176,50000.000,47.00,82.176,-4743.823,50000.000,54.00,0
25901,1255.059,-8038.353,50000.000,40.00,-1382.059,-6058.646,49999.000,54.00,0
25951,1090.706,-5311.588,50000.000,19.00,-470.647,-4362.823,50000.000,59.00,0
26001,829.235,-3160.059,50000.000,45.00,22.412,-3615.764,50000.000,53.00,0
26051,1128.059,-4437.529,50000.000,26.00,-381.000,-4228.353,50000.000,60.00,0
26101,918.882,-6133.353,50000.000,36.00,-1045.882,-4586.941,50000.000,68.00,0
26151,649.941,-5005.294,50000.000,29.00,-664.882,-3219.823,50000.000,74.00,0
26201,-14.941,-3929.529,50000.000,35.00,-620.059,-1860.176,50001.000,35.00,0
26251,-567.765,-5610.412,50000.000,39.00,-1367.118,-3033.059,50000.000,25.00,0
26301,-59.765,-7806.764,50000.000,35.00,-2427.941,-6006.353,49999.000,47.00,0
26351,-59.765,-6985.000,50000.000,41.00,-2151.529,-6006.353,50001.000,36.00,0
26401,-119.529,-4459.941,50000.000,38.00,-1352.176,-3966.882,49999.000,28.00,0
26451,-381.000,-4474.882,50000.000,38.00,-1322.294,-3750.235,50000.000,21.00,0
26501,-194.235,-6357.470,50000.000,45.00,-1860.176,-4527.176,50000.000,49.00,0
26551,-500.529,-4870.823,50000.000,37.00,-1531.470,-2681.941,50000.000,35.00,0
26601,-1113.118,-3578.412,50000.000,42.00,-1471.706,-1187.823,50001.000,24.00,0
26651,-1411.941,-4415.117,50000.000,55.00,-2278.529,-2472.765,49999.000,40.00,0
26701,-1456.765,-4766.235,50000.000,54.00,-2554.941,-2988.235,50000.000,34.00,0
26751,-1359.647,-3810.000,50000.000,56.00,-2054.412,-2883.647,50001.000,56.00,0
26801,-1255.059,-3481.294,50000.000,53.00,-1867.647,-2054.412,49999.000,47.00,0
26851,-1411.941,-1090.706,50000.000,33.00,-1621.118,-119.529,50000.000,30.00,0
26901,-1329.765,545.353,50000.000,52.00,-672.353,224.118,50000.000,22.00,0
26951,-941.294,-2241.176,50000.000,55.00,-1232.647,-1359.647,50000.000,45.00,0
27001,-1008.529,-4639.235,50000.000,41.00,-2121.647,-2315.882,50000.000,48.00,0
27051,-1202.765,-4855.882,50000.000,32.00,-1897.529,-2906.059,50000.000,35.00,0
27101,-1060.823,-4041.588,50000.000,23.00,-2017.059,-2704.353,50001.000,61.00,0
27151,-1165.412,-2674.470,50000.000,50.00,-1546.412,-1755.588,50000.000,72.00,0
27201,-1389.529,-2181.412,50000.000,31.00,-1426.882,-268.941,49999.000,52.00,0
27251,-1994.647,-3712.882,50000.000,55.00,-1949.823,-493.059,50001.000,29.00,0
27301,-1651.000,-7044.764,50000.000,42.00,-3130.176,-3197.412,49999.000,45.00,0
27351,-948.765,-7149.353,50000.000,33.00,-2779.059,-5050.117,50000.000,46.00,0
27401,-560.294,-5050.117,50000.000,56.00,-2166.470,-5782.235,50000.000,45.00,0
27451,-52.294,-3526.117,50000.000,49.00,-1688.353,-6611.470,50000.000,35.00,0
27501,37.353,-5027.706,50000.000,52.00,-1733.176,-7082.117,50000.000,53.00,0
27551,-762.000,-5490.882,50000.000,39.00,-2039.470,-4131.235,50000.000,51.00,0
27601,-1598.706,-5602.941,50000.000,57.00,-2129.117,-1740.647,50000.000,46.00,0
27651,-1822.823,-7560.235,50000.000,28.00,-3145.117,-3645.647,50001.000,70.00,0
27701,-1628.588,-6320.117,50000.000,31.00,-3107.764,-4699.000,50001.000,77.00,0
27751,-1232.647,-4235.823,50000.000,28.00,-2144.059,-4474.882,50000.000,73.00,0
27801,-911.412,-3690.470,50000.000,47.00,-1987.176,-4273.176,50000.000,73.00,0
27851,-724.647,-4474.882,50000.000,42.00,-1546.412,-3810.000,50000.000,48.00,0
27901,-687.294,-6633.882,50000.000,29.00,-2293.470,-4885.764,50000.000,65.00,0
27951,-903.941,-6387.353,50000.000,32.00,-2218.765,-4056.529,50000.000,67.00,0
28001,-1673.412,-4064.000,50000.000,45.00,-2129.117,-1651.000,50000.000,56.00,0
28051,-1613.647,-3503.706,50000.000,49.00,-1748.118,-1703.294,50000.000,41.00,0
28101,-1001.059,-6006.353,50000.000,29.00,-2218.765,-4019.176,50000.000,60.00,0
28151,-784.412,-5602.941,50000.000,34.00,-2121.647,-4161.117,50000.000,78.00,0
28201,-664.882,-4796.117,50000.000,28.00,-1621.118,-3832.412,50000.000,65.00,0
28251,-762.000,-4960.470,50000.000,32.00,-2054.412,-3548.529,50000.000,69.00,0
28301,-806.823,-4721.412,50000.000,40.00,-1740.647,-4303.059,50000.000,75.00,0
28351,-209.176,-6775.823,50000.000,35.00,-2211.294,-5782.235,50000.000,53.00,0
28401,-231.588,-5954.059,50000.000,32.00,-1837.765,-4198.470,50000.000,62.00,0
28451,-433.294,-4736.353,50000.000,47.00,-986.118,-2002.118,50000.000,57.00,0
28501,-687.294,-6843.059,50000.000,48.00,-1680.882,-3107.764,50000.000,89.00,0
28551,-410.882,-7052.235,50000.000,58.00,-2405.529,-4900.706,50000.000,58.00,0
28601,-612.588,-4430.059,50000.000,40.00,-1688.353,-4586.941,50000.000,78.00,0
28651,-194.235,-3541.059,50000.000,36.00,-1434.353,-4549.588,50000.000,53.00,0
28701,104.588,-4885.764,50000.000,64.00,-1501.588,-4676.588,50000.000,73.00,0
28751,-104.588,-6125.882,50000.000,56.00,-1621.118,-4101.353,50000.000,68.00,0
28801,-552.823,-5244.353,50000.000,64.00,-1524.000,-2472.765,50000.000,77.00,0
28851,-1284.941,-4235.823,50000.000,82.00,-1561.353,-769.471,50000.000,76.00,0
28901,-1538.941,-5969.000,50000.000,61.00,-1890.059,-1397.000,50000.000,77.00,0
28951,-956.235,-7493.000,50000.000,47.00,-2577.353,-3623.235,50000.000,43.00,0
29001,-508.000,-4355.353,50000.000,59.00,-1665.941,-3548.529,50000.000,55.00,0
29051,7.471,-1643.529,50000.000,61.00,-732.118,-3563.470,50000.000,65.00,0
29101,620.059,-2211.294,50000.000,86.00,-776.941,-4631.764,50000.000,56.00,0
29151,776.941,-5042.646,50000.000,62.00,-1165.412,-4512.235,50000.000,29.00,0
29201,-127.000,-4997.823,50000.000,55.00,-1210.235,-2921.000,50000.000,42.00,0
29251,-358.588,-3795.059,50000.000,53.00,-903.941,-1621.118,50000.000,47.00,0
29301,-590.176,-3055.470,50000.000,50.00,-971.176,-784.412,50000.000,53.00,0
29351,-605.118,-1897.529,50000.000,73.00,-642.471,74.706,50000.000,41.00,0
29401,-1016.000,-3227.294,50000.000,51.00,-1045.882,-97.118,50000.000,53.00,0
29451,-1008.529,-5386.294,50000.000,99.00,-2061.882,-1397.000,50000.000,44.00,0
29501,-1225.176,-5229.412,50000.000,58.00,-1987.176,-2286.000,50000.000,60.00,0
29551,-799.353,-3847.353,50000.000,49.00,-1695.823,-3653.117,50000.000,42.00,0
29601,-127.000,-2465.294,50000.000,65.00,-1180.353,-3496.235,50000.000,73.00,0
29651,-328.706,-3018.117,50000.000,54.00,-1240.118,-4415.117,50000.000,67.00,0
29701,7.471,-5423.646,50000.000,58.00,-2017.059,-5259.294,50000.000,50.00,0
29751,-844.176,-4960.470,50000.000,42.00,-2054.412,-3279.588,50000.000,53.00,0
29801,-1486.647,-4474.882,50000.000,65.00,-1695.823,-1255.059,50000.000,76.00,0
29851,-1613.647,-7171.764,50000.000,44.00,-2622.176,-3279.588,50000.000,58.00,0
29901,-1128.059,-7014.882,50000.000,58.00,-3257.176,-5192.059,50000.000,51.00,0
29951,-1143.000,-4093.882,50000.000,45.00,-2061.882,-4855.882,50000.000,47.00,0
