timestamp[ms],left_dx[um],left_dy[um],left_dt[us],left_sq44right_dx[um],right_dy[um],right_dt[us],right_sq,waterPin
0,0.000,0.000,50153.000,50.00,0.000,0.000,50153.000,69.00,0
51,-30001.881,-19707.410,50000.000,54.00,-29643.293,-224.118,50000.000,70.00,0
101,-30255.881,-20700.998,50000.000,36.00,-29254.822,2935.941,50000.000,43.00,0
151,-30748.939,-20312.527,50000.000,27.00,-29434.115,2861.235,50000.000,10.00,0
201,-30958.115,-18564.410,50000.000,41.00,-29351.939,-836.706,50000.000,23.00,0
251,-30965.586,-17025.469,50000.000,46.00,-29486.410,-1404.470,50000.000,23.00,0
301,-30838.586,-17623.117,50000.000,40.00,-28425.586,403.412,50000.000,10.00,0
351,-30487.469,-18175.939,50000.000,21.00,-24959.234,-896.471,50000.000,17.00,0
401,-30196.115,-18317.881,50000.000,29.00,-28903.703,-3399.117,50000.000,31.00,0
451,-30255.881,-19505.705,50000.000,47.00,-30270.822,-2562.412,50000.000,17.00,0
501,-30606.998,-21059.586,50000.000,33.00,-28799.115,-1180.353,50000.000,27.00,0
551,-30420.232,-20536.646,50000.000,64.00,-29561.115,-2921.000,50000.000,53.00,0
601,-30883.410,-20424.586,50000.000,36.00,-30188.645,-2704.353,50000.000,35.00,0
651,-30614.469,-22583.586,50000.000,50.00,-29844.998,567.765,50000.000,56.00,0
701,-30345.527,-22531.293,50000.000,44.00,-29732.939,-881.529,50000.000,84.00,0
751,-29957.057,-21978.469,50000.000,43.00,-29740.410,-3862.294,50000.000,52.00,0
801,-29224.939,-20245.293,50000.000,34.00,-29419.174,-2562.412,50000.000,80.00,0
851,-26617.703,-14776.822,50000.000,32.00,-26259.115,-560.294,50000.000,68.00,0
901,-24615.586,-9980.705,50000.000,30.00,-25788.469,-2711.823,50000.000,62.00,0
951,-23293.293,-5386.294,50000.000,37.00,-23487.527,-3309.470,50000.000,62.00,0
1001,-22912.293,-1344.706,50000.000,50.00,-21612.410,-3391.647,50000.000,65.00,0
1051,-21418.176,448.235,50000.000,44.00,-19834.410,-3720.353,50000.000,57.00,0
1101,-19602.822,933.823,50000.000,67.00,-18026.527,-5423.646,50000.000,75.00,0
1151,-17496.117,-328.706,50000.000,30.00,-16644.469,-7366.000,50000.000,65.00,0
1201,-16539.881,-463.176,50000.000,39.00,-15815.234,-8501.529,50000.000,80.00,0
1251,-16016.940,1718.235,50000.000,50.00,-15127.940,-6491.941,50000.000,54.00,0
1301,-15045.764,1651.000,50000.000,64.00,-14164.234,-5610.412,50000.000,50.00,0
1351,-11758.705,-2607.235,50000.000,35.00,-12714.940,-10436.411,50000.000,69.00,0
1401,-10159.999,-3996.764,50000.000,51.00,-11527.117,-12953.999,50000.000,65.00,0
1451,-9898.528,-3683.000,50000.000,52.00,-11019.117,-9838.764,50000.000,73.00,0
1501,-9711.764,-3750.235,50000.000,84.00,-10384.117,-8277.411,50000.000,75.00,0
1551,-8598.646,-8680.823,50000.000,62.00,-10578.353,-9465.234,50000.000,86.00,0
1601,-8703.234,-13447.058,50000.000,51.00,-11422.528,-11347.823,50000.000,93.00,0
1651,-8807.823,-12774.705,50000.000,70.00,-11243.234,-11639.176,50000.000,50.00,0
1701,-9427.882,-13805.646,50000.000,43.00,-11706.411,-11497.234,50000.000,59.00,0
1751,-9510.059,-17010.527,50000.000,40.00,-12453.470,-8770.470,50000.000,37.00,0
1801,-8904.940,-19572.939,50000.000,34.00,-12752.293,-7829.176,50000.000,40.00,0
1851,-9084.234,-19871.764,50000.000,49.00,-12602.882,-9793.940,50000.000,11.00,0
1901,-8972.176,-21530.234,50000.000,22.00,-12602.882,-9577.294,50000.000,8.00,0
1951,-8822.764,-23838.645,50000.000,32.00,-11093.823,-7380.941,50000.000,8.00,0
2001,-8665.882,-22127.881,50000.000,30.00,-6626.411,-5677.646,50000.000,21.00,0
2051,-8494.059,-21201.527,50000.000,62.00,-12281.646,-11235.764,50000.000,40.00,0
2101,-8531.411,-21619.881,50000.000,40.00,-12812.058,-10174.940,50000.000,21.00,0
2151,-8434.294,-20573.998,50000.000,18.00,-12236.822,-10705.353,50000.000,40.00,0
2201,-8523.940,-19826.939,50000.000,39.00,-12147.176,-12259.234,50000.000,71.00,0
2251,-9069.294,-20282.646,50000.000,36.00,-12737.353,-11026.588,50000.000,24.00,0
2301,-8972.176,-20088.410,50000.000,25.00,-13088.470,-10824.882,50000.000,39.00,0
2351,-8770.470,-18654.057,50000.000,47.00,-12042.588,-12647.705,50000.000,47.00,0
2401,-9106.646,-17832.293,50000.000,41.00,-12251.764,-12259.234,50000.000,49.00,0
2451,-8807.823,-16218.646,50000.000,56.00,-11818.470,-10257.117,50000.000,59.00,0
2501,-8187.764,-12251.764,50000.000,58.00,-10421.470,-10645.588,50000.000,54.00,0
2551,-7941.235,-8546.353,50000.000,55.00,-9876.117,-11579.411,50000.000,42.00,0
2601,-6484.470,-7507.940,50000.000,52.00,-8964.705,-10862.234,50000.000,55.00,0
2651,-6043.706,-6633.882,50000.000,59.00,-7679.764,-8635.999,50000.000,63.00,0
2701,-4945.529,-6096.000,50000.000,53.00,-6880.411,-9846.234,50000.000,83.00,0
2751,-4407.647,-3414.059,50000.000,69.00,-5976.470,-11781.117,50000.000,60.00,0
2801,-3369.235,-3966.882,50000.000,75.00,-5946.588,-13626.352,50000.000,44.00,0
2851,-3578.412,-8367.059,50000.000,51.00,-7171.764,-13506.822,50000.000,74.00,0
2901,-4071.470,-9749.117,50000.000,67.00,-7948.706,-14119.411,50000.000,43.00,0
2951,-4908.176,-10339.293,50000.000,89.00,-8090.646,-12431.058,50000.000,56.00,0
3001,-5453.529,-12513.234,50000.000,62.00,-8449.234,-10473.764,50000.000,45.00,0
3051,-6185.646,-16517.469,50000.000,66.00,-8748.059,-9405.470,50000.000,77.00,0
3101,-6387.353,-18482.234,50000.000,43.00,-9569.823,-9651.999,50000.000,62.00,0
3151,-6872.941,-19363.764,50000.000,42.00,-9719.234,-9584.764,50000.000,64.00,0
3201,-7358.529,-21141.764,50000.000,38.00,-10376.646,-8128.000,50000.000,55.00,0
3251,-6379.882,-23285.822,50000.000,27.00,-10294.470,-5834.529,50000.000,56.00,0
3301,-7410.823,-23106.527,50000.000,35.00,-10309.411,-6118.411,50000.000,72.00,0
3351,-7679.764,-23524.881,50000.000,24.00,-10794.999,-5543.176,50000.000,80.00,0
3401,-8240.059,-22912.293,50000.000,42.00,-10944.411,-4437.529,50000.000,63.00,0
3451,-8606.117,-23031.822,50000.000,84.00,-11332.882,-6148.294,50000.000,71.00,0
3501,-9106.646,-25452.293,50000.000,72.00,-11900.646,-5670.176,50000.000,64.00,0
3551,-9330.764,-23808.764,50000.000,59.00,-11713.882,-4945.529,50000.000,54.00,0
3601,-9375.588,-23285.822,50000.000,47.00,-12513.234,-6477.000,50002.000,66.00,0
3651,-9637.059,-21388.293,50000.000,61.00,-12445.999,-6066.117,50000.000,40.00,0
3701,-10025.528,-20536.646,50000.000,52.00,-12333.940,-3832.412,50000.000,27.00,0
3751,-10242.176,-19864.293,50000.000,42.00,-12819.528,-3832.412,50000.000,23.00,0
3801,-10974.293,-18691.410,50000.000,42.00,-13813.117,-5042.646,50000.000,62.00,0
3851,-11243.234,-17645.527,50000.000,47.00,-14022.293,-3765.176,50000.000,50.00,0
3901,-11952.940,-16345.646,50000.000,32.00,-13021.234,29.882,50000.000,58.00,0
3951,-12528.176,-16397.939,50000.000,30.00,-13902.764,-1890.059,50000.000,78.00,0
4001,-13133.293,-16831.234,50000.000,48.00,-14821.646,-2965.823,50000.000,92.00,0
4051,-14328.587,-16345.646,50000.000,44.00,-15142.881,-1217.706,50000.000,74.00,0
4101,-15561.234,-14829.116,50000.000,49.00,-15172.764,1486.647,50000.000,42.00,0
4151,-15837.646,-13678.646,50000.000,61.00,-15994.528,-418.353,50000.000,59.00,0
4201,-16039.352,-12968.940,50000.000,56.00,-16995.588,-1651.000,50000.000,65.00,0
4251,-16517.469,-13222.940,50000.000,79.00,-17032.939,-545.353,50000.000,73.00,0
4301,-17533.469,-14134.352,50000.000,49.00,-16846.176,1680.882,50000.000,69.00,0
4351,-18146.057,-15374.470,50000.000,65.00,-17824.822,582.706,50000.000,87.00,0
4401,-18855.764,-15882.470,50000.000,44.00,-18855.764,-1157.941,50000.000,49.00,0
4451,-18967.822,-15927.293,50000.000,63.00,-19236.764,-463.176,50000.000,61.00,0
4501,-19162.057,-15830.176,50000.000,40.00,-19722.352,717.176,50000.000,43.00,0
4551,-19012.646,-17481.176,50000.000,40.00,-20499.293,-1875.118,50000.000,55.00,0
4601,-19214.352,-18362.705,50000.000,29.00,-20148.176,-2323.353,50000.000,53.00,0
4651,-19154.588,-18101.234,50000.000,35.00,-19991.293,-313.765,50000.000,84.00,0
4701,-19386.176,-17720.234,50000.000,34.00,-20469.410,134.471,50000.000,66.00,0
4751,-19744.764,-17032.939,50000.000,66.00,-20626.293,-2569.882,50000.000,67.00,0
4801,-20349.881,-16099.116,50000.000,54.00,-21044.646,-2764.117,50000.000,63.00,0
4851,-20140.705,-14096.999,50000.000,50.00,-20663.646,1359.647,50000.000,69.00,0
4901,-19655.117,-12072.470,50000.000,45.00,-20730.881,1210.235,50000.000,74.00,0
4951,-19595.352,-11810.999,50000.000,66.00,-21231.410,-2039.470,50000.000,64.00,0
5001,-20469.410,-11713.882,50000.000,40.00,-21589.998,-2323.353,50000.000,78.00,0
5051,-20663.646,-12662.646,50000.000,57.00,-21806.646,-112.059,50000.000,37.00,0
5101,-21268.764,-13222.940,50000.000,24.00,-22441.646,963.706,50000.000,22.00,0
5151,-20999.822,-13215.470,50000.000,59.00,-23128.939,-2091.765,50000.000,33.00,0
5201,-20185.527,-13245.352,50000.000,45.00,-22023.293,-4452.470,50000.000,65.00,0
5251,-19572.939,-14687.176,50000.000,44.00,-20872.822,-4400.176,50000.000,69.00,0
5301,-18534.527,-13925.176,50000.000,33.00,-19318.939,-4863.353,50000.000,56.00,0
5351,-17525.998,-12169.588,50000.000,41.00,-18863.234,-7097.058,50000.000,57.00,0
5401,-17286.939,-10003.117,50000.000,53.00,-17511.059,-7986.058,50000.000,64.00,0
5451,-17137.527,-11034.058,50000.000,70.00,-18004.117,-7231.529,50000.000,83.00,0
5501,-18131.117,-13984.940,50000.000,96.00,-18915.527,-4474.882,50000.000,68.00,0
5551,-19020.117,-15591.116,50000.000,56.00,-19445.939,-3869.764,50000.000,62.00,0
5601,-18302.939,-13058.587,50000.000,75.00,-19109.764,-4616.823,50000.000,47.00,0
5651,-18123.646,-12154.646,50000.000,58.00,-19102.293,-5244.353,50000.000,61.00,0
5701,-18788.527,-15105.528,50000.000,67.00,-19640.176,-3451.412,50000.000,72.00,0
5751,-19401.117,-17391.527,50000.000,39.00,-20230.352,-3272.117,50000.000,64.00,0
5801,-18870.705,-17921.939,50000.000,52.00,-19722.352,-5207.000,50000.000,51.00,0
5851,-19035.057,-19049.998,50000.000,34.00,-19991.293,-4848.412,50000.000,68.00,0
5901,-19064.939,-20775.705,50000.000,41.00,-20633.764,-1090.706,50000.000,63.00,0
5951,-19266.646,-19587.881,50000.000,33.00,-21156.705,-1441.823,50000.000,77.00,0
6001,-20036.117,-17555.881,50000.000,39.00,-21134.293,-1822.823,50000.000,87.00,0
6051,-21530.234,-17608.176,50002.000,37.00,-20895.234,2233.706,50000.000,25.00,0
6101,-22777.822,-18048.939,50000.000,56.00,-22904.822,2211.294,50000.000,50.00,0
6151,-22934.705,-17951.822,49998.000,55.00,-23270.881,209.176,49999.000,75.00,0
6201,-23494.998,-18250.646,50000.000,53.00,-22732.998,1807.882,49999.000,39.00,0
6251,-23935.764,-17361.646,50000.000,62.00,-21485.410,4542.117,50000.000,78.00,0
6301,-23995.527,-17660.469,50000.000,38.00,-23614.527,2136.588,50000.000,58.00,0
6351,-24264.469,-16136.470,50000.000,38.00,-24256.998,1516.529,50000.000,30.00,0
6401,-23001.939,-13387.293,50000.000,32.00,-22419.234,5109.882,50001.000,39.00,0
6451,-22859.998,-13215.470,50000.000,27.00,-23943.234,4131.235,49999.000,44.00,0
6501,-22732.998,-13969.999,50000.000,36.00,-24712.705,1075.765,50000.000,70.00,0
6551,-22949.645,-13215.470,50000.000,40.00,-24398.939,1232.647,50000.000,37.00,0
6601,-23681.764,-12767.234,50000.000,49.00,-23136.410,4781.176,50000.000,60.00,0
6651,-26184.410,-12490.822,50000.000,55.00,-24832.234,4512.235,50000.000,33.00,0
6701,-27357.293,-12602.882,50000.000,56.00,-26782.057,956.235,50000.000,70.00,0
6751,-28470.410,-13424.646,50000.000,87.00,-27424.527,201.706,50000.000,47.00,0
6801,-30024.293,-16778.939,50000.000,44.00,-27738.293,2584.823,50000.000,95.00,0
6851,-29889.822,-18654.057,50000.000,39.00,-28858.881,2510.117,50000.000,80.00,0
6901,-29919.703,-17070.293,50000.000,28.00,-28776.703,1411.941,50000.000,70.00,0
6951,-30084.057,-17070.293,50000.000,43.00,-29239.881,1680.882,50000.000,71.00,0
7001,-30300.703,-18504.646,50000.000,57.00,-28522.703,4519.706,50000.000,62.00,0
7051,-29807.645,-18235.705,50000.000,50.00,-29038.174,2876.176,50000.000,81.00,0
7101,-29740.410,-17742.646,50000.000,44.00,-29284.703,127.000,50000.000,77.00,0
7151,-30225.998,-17070.293,50000.000,55.00,-29456.527,1090.706,50000.000,57.00,0
7201,-31114.998,-15411.822,50000.000,47.00,-28948.527,3264.647,50000.000,28.00,0
7251,-30771.352,-14298.705,50000.000,61.00,-29792.703,-22.412,50000.000,78.00,0
7301,-31092.586,-13775.764,50000.000,47.00,-29800.174,-1083.235,50000.000,48.00,0
7351,-31473.586,-14978.528,50000.000,66.00,-29732.939,1314.823,50000.000,66.00,0
7401,-31540.822,-17331.764,50000.000,47.00,-30024.293,2413.000,50000.000,24.00,0
7451,-31032.822,-17496.117,50000.000,43.00,-29979.469,-1568.823,50000.000,59.00,0
7501,-30614.469,-16360.587,50000.000,44.00,-30016.822,-1546.412,50000.000,57.00,0
7551,-30621.939,-18033.998,50000.000,37.00,-29307.115,2338.294,50000.000,53.00,0
7601,-30211.057,-18668.998,50000.000,47.00,-29471.469,3055.470,50000.000,40.00,0
7651,-30240.939,-18258.117,50000.000,71.00,-29605.939,-1210.235,50000.000,46.00,1
7701,-30524.822,-17824.822,50000.000,56.00,-29523.764,-3234.764,50000.000,58.00,1
7751,-30196.115,-19035.057,50000.000,45.00,-29157.703,-993.588,50000.000,49.00,0
7801,-30943.174,-18400.057,50000.000,41.00,-29082.998,1359.647,50000.000,75.00,0
7851,-30375.410,-17070.293,50000.000,51.00,-29441.586,74.706,50000.000,80.00,0
7901,-30285.762,-12953.999,50000.000,48.00,-29262.293,-724.647,50000.000,56.00,0
7951,-27730.822,-9218.705,50000.000,24.00,-27611.293,635.000,50000.000,60.00,0
8001,-25594.234,-4243.294,50000.000,38.00,-23480.057,4990.353,50000.000,49.00,0
8051,-24877.057,-351.118,50000.000,29.00,-20865.352,5453.529,50000.000,52.00,0
8101,-23158.822,1919.941,50000.000,45.00,-21724.469,2308.412,50000.000,67.00,0
8151,-21664.705,3048.000,50000.000,40.00,-20768.234,1329.765,50000.000,78.00,0
8201,-22538.764,1411.941,50000.000,42.00,-20798.117,2159.000,50000.000,61.00,0
8251,-24167.352,112.059,50000.000,65.00,-20850.410,4228.353,50000.000,68.00,0
8301,-26640.115,-381.000,50000.000,60.00,-22120.410,3839.882,50000.000,87.00,0
8351,-28425.586,-2263.588,50000.000,82.00,-24533.410,2218.765,50000.000,64.00,0
8401,-29449.057,-2584.823,50000.000,43.00,-25616.645,366.059,50000.000,48.00,0
8451,-29000.822,-1098.176,50000.000,65.00,-25586.764,-179.294,50000.000,34.00,0
8501,-28141.703,410.882,50000.000,94.00,-23988.057,1023.471,50000.000,46.00,0
8551,-27424.527,-2846.294,50000.000,80.00,-22673.234,2061.882,50000.000,64.00,0
8601,-23599.586,-6193.117,50000.000,60.00,-22262.352,268.941,50000.000,56.00,0
8651,-20603.881,-4982.882,50000.000,66.00,-20506.764,-2667.000,50000.000,47.00,0
8701,-18840.822,-3989.294,50000.000,44.00,-18414.998,-4982.882,50000.000,39.00,0
8751,-17652.998,-2965.823,50000.000,36.00,-17085.234,-5371.353,50000.000,65.00,0
8801,-16920.881,-2084.294,50000.000,26.00,-16166.352,-3033.059,50000.000,89.00,0
8851,-15733.058,-4093.882,50000.000,48.00,-14657.293,-649.941,50000.000,39.00,0
8901,-13940.117,-8695.764,50000.000,42.00,-14463.058,-1807.882,50000.000,70.00,0
8951,-13611.411,-9338.234,50000.000,32.00,-14634.882,-3003.176,50000.000,39.00,0
9001,-13491.882,-9270.999,50000.000,33.00,-14059.646,-4064.000,50000.000,39.00,0
9051,-12236.822,-7791.823,50000.000,34.00,-13738.411,-4833.470,50000.000,68.00,0
9101,-11893.176,-4019.176,50000.000,47.00,-12363.822,-4713.941,50000.000,73.00,0
9151,-10989.234,-1576.294,50000.000,66.00,-10533.528,-3197.412,50000.000,59.00,0
9201,-10189.882,-4923.117,50000.000,67.00,-10040.470,-2330.823,50000.000,38.00,0
9251,-9734.176,-8023.411,50000.000,41.00,-10951.882,-3092.823,50000.000,47.00,0
9301,-9584.764,-8650.940,50000.000,45.00,-10234.705,-2226.235,50000.000,69.00,0
9351,-9749.117,-9099.176,50000.000,43.00,-10436.411,-2696.882,50000.000,85.00,0
9401,-9263.528,-6872.941,50000.000,63.00,-10130.117,-4049.059,50000.000,56.00,0
9451,-8523.940,-3443.941,50000.000,60.00,-9054.353,-4407.647,50000.000,46.00,0
9501,-7986.058,-3802.529,50000.000,66.00,-8411.882,-4430.059,50000.000,38.00,0
9551,-7672.293,-7134.411,50000.000,43.00,-8553.823,-4071.470,50000.000,49.00,0
9601,-8157.882,-7717.117,50000.000,46.00,-8755.529,-2883.647,50000.000,56.00,0
9651,-8292.353,-7664.823,50000.000,62.00,-8621.059,-1972.235,50000.000,54.00,0
9701,-8172.823,-7956.176,50000.000,43.00,-9002.059,-3018.117,50000.000,58.00,0
9751,-7276.353,-6581.588,50000.000,37.00,-8553.823,-4385.235,50000.000,65.00,0
9801,-6596.529,-4265.706,50000.000,55.00,-7851.588,-5281.706,50000.000,36.00,0
9851,-5969.000,-4579.470,50000.000,53.00,-6895.353,-5065.059,50000.000,75.00,0
9901,-5819.588,-7575.176,50000.000,60.00,-7179.235,-3854.823,50000.000,98.00,0
9951,-6469.529,-7590.117,50000.000,44.00,-7194.176,-2054.412,50000.000,75.00,0
10001,-6409.764,-7530.353,50000.000,46.00,-6872.941,-1531.470,50000.000,83.00,0
10051,-6103.470,-9330.764,50000.000,32.00,-7537.823,-3750.235,50000.000,70.00,0
10101,-5221.941,-7037.293,50000.000,48.00,-6820.646,-5625.353,50000.000,47.00,0
10151,-4534.647,-3458.882,50000.000,40.00,-5483.412,-5289.176,50000.000,48.00,0
10201,-4176.059,-3257.176,50000.000,39.00,-4788.647,-3272.117,50000.000,75.00,0
10251,-3839.882,-3981.823,50000.000,43.00,-4743.823,-2749.176,50000.000,64.00,0
10301,-3324.412,-3055.470,50000.000,36.00,-4168.588,-2039.470,50000.000,44.00,0
10351,-3526.117,351.118,50000.000,35.00,-2883.647,1382.059,50000.000,58.00,0
10401,-3548.529,2360.706,50000.000,39.00,-1651.000,3824.941,50000.000,73.00,0
10451,-3787.588,1284.941,50000.000,45.00,-2398.059,3488.764,50000.000,72.00,0
10501,-4609.353,-1016.000,50000.000,47.00,-3937.000,1359.647,50000.000,75.00,0
10551,-4542.117,-1919.941,50000.000,39.00,-4669.117,179.294,50000.000,58.00,0
10601,-3705.412,1568.823,50000.000,43.00,-2614.706,2076.823,50000.000,74.00,0
10651,-1897.529,4228.353,50000.000,43.00,-328.706,3212.353,50000.000,51.00,0
10701,119.529,3107.764,50000.000,42.00,963.706,2435.412,50000.000,67.00,0
10751,1748.118,276.412,50000.000,42.00,1307.353,-321.235,50000.000,63.00,0
10801,1882.588,-545.353,50000.000,42.00,1075.765,-1441.823,50000.000,69.00,0
10851,112.059,-1636.059,50000.000,39.00,-343.647,-1419.412,50000.000,77.00,0
10901,-560.294,-814.294,50000.000,33.00,-724.647,261.471,50000.000,71.00,0
10951,-575.235,1434.353,50000.000,34.00,366.059,2300.941,50000.000,63.00,0
11001,1277.470,2144.059,50000.000,45.00,2196.353,2786.529,50000.000,35.00,0
11051,3787.588,-455.706,50000.000,42.00,2988.235,-851.647,50000.000,61.00,0
11101,5700.059,-194.235,50000.000,54.00,4474.882,-2136.588,50000.000,58.00,0
11151,7522.882,209.176,50000.000,33.00,6693.646,-806.823,50000.000,70.00,0
11201,9823.823,1949.823,50000.000,52.00,9375.588,1232.647,50001.000,75.00,0
11251,12535.646,642.471,50000.000,22.00,11347.823,-373.529,49999.000,67.00,0
11301,13693.587,425.823,50000.000,39.00,11870.764,478.118,50000.000,46.00,0
11351,13536.705,3466.353,50000.000,42.00,14373.411,3488.764,50000.000,71.00,0
11401,13491.882,2704.353,50000.000,47.00,13372.352,3122.706,50000.000,64.00,0
11451,12438.528,1628.588,50000.000,36.00,11788.588,1546.412,50001.000,84.00,0
11501,11908.117,381.000,50000.000,46.00,10406.528,-306.294,49999.000,62.00,0
11551,11549.528,52.294,50000.000,36.00,10204.823,119.529,50000.000,56.00,0
11601,10832.353,1344.706,50000.000,41.00,10212.293,1957.294,50000.000,77.00,0
11651,11392.646,3018.117,50000.000,51.00,10847.293,1382.059,50000.000,36.00,0
11701,12610.353,-283.882,50000.000,43.00,11228.293,-1613.647,50001.000,54.00,0
11751,14672.234,-1882.588,50000.000,36.00,12124.764,-4138.706,49999.000,50.00,0
11801,16636.998,-1875.118,50000.000,51.00,13618.882,-4878.294,50000.000,65.00,0
11851,15396.881,1778.000,50000.000,49.00,14507.882,-2368.176,50000.000,39.00,0
11901,12012.705,4258.235,50000.000,48.00,12438.528,52.294,50000.000,21.00,0
11951,9913.470,3750.235,50000.000,45.00,10085.293,1516.529,50001.000,16.00,0
12001,8180.293,2711.823,50000.000,44.00,8202.705,1023.471,49999.000,16.00,0
12051,7268.882,3697.941,50000.000,44.00,6618.941,-1703.294,50000.000,14.00,0
12101,6813.176,4893.235,50000.000,40.00,6245.411,-2480.235,50000.000,17.00,0
12151,5617.882,4430.059,50000.000,35.00,5244.353,-508.000,50000.000,13.00,0
12201,4706.470,5162.176,50000.000,45.00,2465.294,-1165.412,50000.000,14.00,0
12251,4228.353,5483.412,50000.000,46.00,1628.588,-2315.882,50000.000,25.00,0
12301,3354.294,2883.647,50000.000,41.00,2779.059,-1658.470,50000.000,12.00,0
12351,3660.588,104.588,50000.000,53.00,3160.059,-1090.706,50000.000,23.00,0
12401,5886.823,-2472.765,50000.000,47.00,3750.235,-3376.706,50000.000,32.00,0
12451,8359.588,-4885.764,50000.000,44.00,5707.529,-5670.176,50000.000,22.00,0
12501,10316.882,-7156.823,50000.000,50.00,6193.117,-7455.646,50000.000,24.00,0
12551,10921.999,-6962.588,50000.000,33.00,8240.059,-9442.823,50000.000,30.00,0
12601,11504.705,-2801.470,50000.000,38.00,9084.234,-6678.706,50000.000,20.00,0
12651,11788.588,948.765,50000.000,24.00,10227.234,-3675.529,50000.000,38.00,0
12701,11840.882,-1583.765,50000.000,51.00,10331.823,-2457.823,50000.000,20.00,0
12751,12154.646,-4415.117,50000.000,56.00,10100.234,-3772.647,50000.000,37.00,0
12801,12759.764,-4586.941,50000.000,56.00,10354.234,-5348.941,50000.000,29.00,0
12851,12670.117,-4669.117,50000.000,44.00,10040.470,-5856.941,50000.000,62.00,0
12901,12490.822,-1001.059,50000.000,45.00,10682.940,-3040.529,50000.000,37.00,0
12951,11997.764,1628.588,50000.000,71.00,10496.176,-3966.882,50000.000,65.00,0
13001,14022.293,-276.412,50000.000,63.00,10735.234,-7179.235,50000.000,70.00,0
13051,15023.352,-1815.353,50000.000,38.00,10929.470,-7253.941,50000.000,83.00,0
13101,15449.176,-1748.118,50000.000,66.00,11923.058,-6267.823,50000.000,50.00,0
13151,14582.587,-2360.706,50000.000,50.00,11489.764,-4519.706,50000.000,51.00,0
13201,12094.882,-4781.176,50000.000,51.00,9965.764,-3481.294,50000.000,49.00,0
13251,10787.528,-5662.706,50000.000,70.00,9241.117,-956.235,50000.000,47.00,0
13301,9263.528,-5423.646,50000.000,54.00,8277.411,-672.353,50000.000,30.00,0
13351,9801.411,-6178.176,50000.000,37.00,7186.706,-4803.588,50000.000,71.00,0
13401,10802.470,-4168.588,50000.000,56.00,7657.353,-6828.117,50000.000,73.00,0
13451,11960.411,358.588,50000.000,57.00,9203.764,-6947.646,50000.000,72.00,0
13501,11639.176,-776.941,50000.000,59.00,9106.646,-7963.646,50000.000,44.00,0
13551,11407.588,-5580.529,50000.000,43.00,7022.353,-10212.293,50000.000,38.00,0
13601,10346.764,-6581.588,50000.000,47.00,7141.882,-7582.646,50000.000,58.00,0
13651,9846.234,-5505.823,50000.000,49.00,7844.117,-4250.765,50000.000,32.00,0
13701,11086.353,-3160.059,50000.000,52.00,8344.646,-6970.059,50000.000,23.00,0
13751,12572.999,582.706,50000.000,37.00,9158.940,-10690.411,50000.000,40.00,0
13801,13506.822,2950.882,50000.000,40.00,10025.528,-12894.234,50000.000,71.00,0
13851,14433.176,2502.647,50000.000,43.00,11026.588,-11108.764,50000.000,76.00,0
13901,14156.764,1568.823,50000.000,35.00,11601.822,-7918.823,50000.000,73.00,0
13951,14470.528,-874.059,50000.000,45.00,11542.058,-6110.941,50000.000,80.00,0
14001,14492.940,-2622.176,50000.000,35.00,11639.176,-5543.176,50000.000,69.00,0
14051,14380.882,-2584.823,50000.000,48.00,11564.470,-6342.529,50000.000,47.00,0
14101,15232.528,-2973.294,50000.000,31.00,11803.528,-8486.588,50000.000,83.00,0
14151,15957.176,-6962.588,50000.000,53.00,11661.588,-10391.588,50000.000,78.00,0
14201,16442.764,-8135.470,50000.000,44.00,11295.528,-11146.117,50000.000,80.00,0
14251,16091.646,-4960.470,50000.000,44.00,11183.470,-11415.058,50000.000,77.00,0
14301,15456.646,-2726.764,50000.000,46.00,10623.176,-12191.999,50000.000,74.00,0
14351,15284.822,-5259.294,50000.000,58.00,10563.411,-9891.059,50000.000,74.00,0
14401,13760.822,-7702.176,50000.000,36.00,9629.588,-7874.000,50000.000,59.00,0
14451,12744.822,-7597.588,50000.000,39.00,8591.176,-8949.764,50000.000,87.00,0
14501,12610.353,-5842.000,50000.000,44.00,8494.059,-10040.470,50000.000,83.00,0
14551,12789.646,-1695.823,50000.000,56.00,9412.940,-9450.294,50000.000,41.00,0
14601,12879.293,896.471,50000.000,43.00,9808.882,-9711.764,50000.000,80.00,0
14651,13499.352,268.941,50000.000,44.00,10301.940,-7366.000,50001.000,55.00,0
14701,13506.822,1150.470,50000.000,52.00,11975.353,-4646.706,49999.000,43.00,0
14751,14515.352,119.529,50000.000,45.00,12879.293,-3511.176,50000.000,11.00,0
14801,15912.352,-1210.235,50000.000,47.00,12744.822,-4549.588,50000.000,31.00,0
14851,16651.939,-1598.706,50000.000,46.00,13730.940,-4990.353,50000.000,24.00,0
14901,16114.058,-2928.470,50000.000,33.00,13148.234,-4377.765,50000.000,34.00,0
14951,16054.293,-3182.470,50000.000,57.00,12662.646,-4407.647,50000.000,11.00,0
15001,16166.352,-3025.588,50000.000,30.00,11743.764,-6484.470,50000.000,21.00,0
15051,16935.822,-3839.882,50000.000,54.00,13155.705,-8120.529,50000.000,50.00,0
15101,17137.527,-4474.882,50000.000,48.00,14164.234,-8157.882,50000.000,20.00,0
15151,17697.822,-2838.823,50000.000,62.00,13835.528,-11213.353,50001.000,68.00,0
15201,17189.822,-1075.765,50000.000,81.00,11908.117,-12849.411,49999.000,67.00,0
15251,16905.939,-3578.412,50000.000,63.00,11078.882,-12998.822,50000.000,37.00,0
15301,16293.352,-6320.117,50000.000,65.00,11146.117,-11863.293,50000.000,75.00,0
15351,15299.764,-7485.529,50000.000,48.00,10720.293,-10839.823,50000.000,47.00,0
15401,14769.352,-7104.529,50000.000,35.00,9121.588,-12050.058,50000.000,39.00,0
15451,13730.940,-4848.412,50000.000,49.00,9360.646,-11317.940,50000.000,53.00,0
15501,12408.646,-3391.647,50000.000,62.00,9046.882,-9405.470,50000.000,43.00,0
15551,11071.411,-4766.235,50000.000,52.00,9069.294,-5715.000,50000.000,53.00,0
15601,10018.059,-5886.823,50000.000,43.00,7433.235,-4400.176,50000.000,59.00,0
15651,9973.234,-4923.117,50000.000,39.00,7276.353,-5102.412,50000.000,81.00,0
15701,10794.999,-2248.647,50000.000,40.00,8299.823,-5842.000,50000.000,72.00,0
15751,12348.882,-567.765,50000.000,59.00,9764.059,-6290.235,50000.000,51.00,0
15801,12849.411,-321.235,50000.000,45.00,9831.293,-7560.235,50000.000,29.00,0
15851,13379.822,1486.647,50000.000,53.00,10653.058,-10324.353,50000.000,85.00,0
15901,13887.822,1180.353,50000.000,39.00,11093.823,-8247.529,50000.000,68.00,0
15951,13633.822,-821.765,50000.000,58.00,10682.940,-5954.059,50000.000,70.00,0
16001,12281.646,-4011.706,50000.000,44.00,10055.411,-5124.823,50000.000,73.00,0
16051,11923.058,-4385.235,50000.000,30.00,9801.411,-4213.412,50000.000,78.00,0
16101,12356.353,-3122.706,50000.000,38.00,9846.234,-4736.353,50000.000,66.00,0
16151,10735.234,-1150.470,50000.000,40.00,9076.764,-1987.176,50000.000,68.00,0
16201,8337.176,-179.294,50000.000,26.00,7717.117,978.647,50000.000,48.00,0
16251,7380.941,-2129.117,50000.000,42.00,6611.470,425.823,50000.000,67.00,0
16301,6267.823,-3937.000,50000.000,35.00,5334.000,657.412,50000.000,43.00,0
16351,4631.764,-3466.353,50000.000,35.00,4176.059,1143.000,50000.000,53.00,0
16401,2868.706,-1875.118,50000.000,32.00,3003.176,1434.353,50000.000,54.00,0
16451,2009.588,-3167.529,50000.000,47.00,1718.235,433.294,50000.000,57.00,0
16501,1060.823,-6805.706,50000.000,41.00,388.471,-298.824,50000.000,53.00,0
16551,-134.471,-8083.176,50000.000,31.00,-1598.706,-1426.882,50000.000,45.00,0
16601,-1098.176,-3884.706,50000.000,43.00,-1815.353,-1979.706,50000.000,77.00,0
16651,-1419.412,306.294,50000.000,43.00,-948.765,470.647,50001.000,31.00,0
16701,-2420.470,-2405.529,50000.000,38.00,-1957.294,-567.765,49999.000,42.00,0
16751,-2696.882,-7306.235,50000.000,50.00,-4586.941,-2726.764,50000.000,73.00,0
16801,-4093.882,-8381.999,50000.000,38.00,-5371.353,-3175.000,50000.000,46.00,0
16851,-3907.117,-8165.353,50000.000,18.00,-5528.235,-4318.000,50000.000,67.00,0
16901,-3824.941,-7605.058,50000.000,31.00,-4997.823,-2726.764,50000.000,59.00,0
16951,-4086.411,-7119.470,50000.000,30.00,-4616.823,-1621.118,50000.000,72.00,0
17001,-3839.882,-7903.882,50000.000,38.00,-4982.882,-2069.353,50000.000,48.00,0
17051,-3981.823,-8404.411,50000.000,30.00,-5655.235,-4654.176,50000.000,56.00,0
17101,-3511.176,-7179.235,50000.000,42.00,-5177.117,-7022.353,50000.000,75.00,0
17151,-3787.588,-6671.235,50000.000,44.00,-5326.529,-8120.529,50000.000,88.00,0
17201,-3369.235,-7276.353,50000.000,56.00,-4900.706,-6880.411,50000.000,72.00,0
17251,-3227.294,-7664.823,50000.000,52.00,-4400.176,-6133.353,50000.000,86.00,0
17301,-2472.765,-7672.293,50000.000,39.00,-4303.059,-7201.646,50000.000,66.00,0
17351,-1934.882,-5192.059,50000.000,51.00,-3847.353,-8755.529,50000.000,45.00,0
17401,-1561.353,-1905.000,50000.000,74.00,-3242.235,-8748.059,50000.000,70.00,0
17451,-896.471,-1456.765,50000.000,80.00,-2569.882,-7590.117,50000.000,67.00,0
17501,194.235,-2921.000,50000.000,69.00,-1419.412,-5901.764,50000.000,77.00,0
17551,1105.647,-6223.000,50000.000,84.00,-1210.235,-7126.941,50000.000,79.00,0
17601,1583.765,-8658.411,50000.000,77.00,-2099.235,-9323.294,50000.000,71.00,0
17651,1524.000,-6828.117,50000.000,79.00,-2188.882,-10503.646,50000.000,62.00,0
17701,1098.176,-6596.529,50000.000,95.00,-2398.059,-10257.117,50000.000,45.00,0
17751,560.294,-8307.294,50000.000,73.00,-2786.529,-8583.705,50000.000,53.00,0
17801,194.235,-9928.411,50000.000,57.00,-2913.529,-8807.823,50000.000,62.00,0
17851,254.000,-9562.353,50000.000,46.00,-3316.941,-9315.823,50000.000,35.00,0
17901,-455.706,-7328.646,50000.000,62.00,-2965.823,-8120.529,50000.000,60.00,0
17951,-948.765,-7141.882,50000.000,56.00,-3107.764,-7425.764,50000.000,63.00,0
18001,-971.176,-8277.411,50000.000,70.00,-3010.647,-6932.706,50000.000,49.00,0
18051,-1307.353,-10981.764,50000.000,54.00,-3279.588,-6693.646,50000.000,56.00,0
18101,-1045.882,-11415.058,50000.000,42.00,-3623.235,-7224.058,50000.000,63.00,0
18151,-1583.765,-10406.528,50000.000,44.00,-3824.941,-8217.646,50001.000,60.00,0
18201,-2046.941,-10593.293,50000.000,50.00,-4445.000,-8598.646,49999.000,51.00,0
18251,-2711.823,-12333.940,50000.000,39.00,-4781.176,-5901.764,50000.000,72.00,0
18301,-3316.941,-13656.234,50000.000,38.00,-5849.470,-4385.235,50000.000,61.00,0
18351,-3877.235,-12064.999,50000.000,38.00,-6006.353,-5655.235,50000.000,65.00,0
18401,-4146.176,-11392.646,50000.000,39.00,-5879.353,-6297.706,50000.000,53.00,0
18451,-4669.117,-12079.940,50000.000,41.00,-6947.646,-5147.235,50000.000,64.00,0
18501,-5700.059,-12251.764,50000.000,49.00,-7014.882,-1979.706,50000.000,69.00,0
18551,-7156.823,-12640.234,50000.000,50.00,-7844.117,-829.235,50000.000,77.00,0
18601,-7911.353,-14246.411,50000.000,27.00,-8852.646,-3331.882,50000.000,41.00,0
18651,-8411.882,-16368.058,50000.000,38.00,-10077.823,-5087.470,50000.000,44.00,0
18701,-8628.529,-16465.176,50000.000,42.00,-10242.176,-4078.941,50000.000,80.00,0
18751,-9607.176,-15120.470,50000.000,56.00,-10376.646,-2271.059,50000.000,72.00,0
18801,-9861.176,-14104.470,50000.000,52.00,-11235.764,-4497.294,50000.000,47.00,0
18851,-9876.117,-13379.822,50000.000,55.00,-11235.764,-5259.294,50000.000,62.00,0
18901,-9995.646,-12438.528,50000.000,36.00,-11624.234,-4818.529,50000.000,62.00,0
18951,-9965.764,-12819.528,50000.000,47.00,-11317.940,-3742.764,50000.000,56.00,0
19001,-10219.764,-13013.764,50000.000,30.00,-11459.882,-4258.235,50000.000,38.00,0
19051,-9076.764,-8232.588,50000.000,50.00,-10809.940,-6506.882,50000.000,58.00,0
19101,-7732.058,-1456.765,50000.000,63.00,-8344.646,-7866.529,50000.000,42.00,0
19151,-6230.470,-2338.294,50000.000,65.00,-7687.235,-8718.176,50000.000,42.00,0
19201,-5969.000,-7881.470,50000.000,45.00,-8307.294,-7694.706,50000.000,50.00,0
19251,-6760.882,-9562.353,50000.000,46.00,-9121.588,-7261.411,50000.000,51.00,0
19301,-7493.000,-9330.764,50000.000,33.00,-9233.646,-5916.706,50000.000,33.00,0
19351,-7814.235,-9158.940,50000.000,28.00,-9166.411,-5610.412,50000.000,42.00,0
19401,-7328.646,-9502.588,50000.000,43.00,-8994.588,-6372.411,50000.000,38.00,0
19451,-6895.353,-10615.705,50000.000,45.00,-8508.999,-4833.470,50000.000,63.00,0
19501,-6364.941,-11527.117,50000.000,51.00,-8860.117,-5416.176,50000.000,62.00,0
19551,-5969.000,-9158.940,50000.000,34.00,-7978.588,-7074.646,50000.000,75.00,0
19601,-4848.412,-6006.353,50000.000,43.00,-6170.706,-6985.000,50000.000,83.00,0
19651,-3914.588,-5393.764,50000.000,31.00,-5132.294,-6835.588,50000.000,72.00,0
19701,-2973.294,-6454.588,50000.000,40.00,-4153.647,-5625.353,50000.000,90.00,0
19751,-2308.412,-6843.059,50000.000,31.00,-4064.000,-7134.411,50000.000,79.00,0
19801,-1651.000,-7201.646,50000.000,43.00,-3884.706,-7709.646,50000.000,65.00,0
19851,-1157.941,-3556.000,50000.000,48.00,-2719.294,-6895.353,50000.000,83.00,0
19901,-201.706,664.882,50000.000,49.00,-1464.235,-6439.646,50000.000,84.00,0
19951,1030.941,1030.941,50000.000,90.00,-321.235,-6887.882,50000.000,65.00,0
20001,1994.647,-3115.235,50000.000,38.00,351.118,-6103.470,50000.000,80.00,0
20051,2405.529,-5408.706,50000.000,63.00,500.529,-7186.706,50000.000,77.00,0
20101,3212.353,-6103.470,50000.000,41.00,896.471,-7978.588,50000.000,71.00,0
20151,4332.941,-2853.764,50000.000,44.00,2024.529,-7590.117,50000.000,56.00,0
20201,5356.412,1949.823,50000.000,55.00,3488.764,-7515.411,50000.000,86.00,0
20251,6379.882,156.882,50000.000,61.00,3623.235,-8083.176,50000.000,62.00,0
20301,6947.646,-2622.176,50000.000,41.00,4116.294,-6618.941,50000.000,65.00,0
20351,7597.588,-2599.765,50000.000,66.00,5901.764,-4855.882,50000.000,46.00,0
20401,9330.764,-1890.059,50000.000,48.00,7216.588,-3922.059,50000.000,65.00,0
20451,11048.999,1023.471,50000.000,62.00,9285.940,-3638.176,50000.000,62.00,0
20501,12744.822,1456.765,50000.000,30.00,10787.528,-3951.941,50000.000,59.00,0
20551,13641.293,-799.353,50000.000,24.00,11019.117,-4564.529,50000.000,76.00,0
20601,14537.764,-4303.059,50000.000,38.00,10765.117,-6723.529,50000.000,89.00,0
20651,15284.822,-7702.176,50000.000,29.00,10003.117,-9323.294,50000.000,43.00,0
20701,15523.881,-6686.176,50000.000,40.00,10847.293,-7537.823,50000.000,52.00,0
20751,15165.293,-926.353,50000.000,38.00,12229.353,-4833.470,50000.000,72.00,0
20801,14388.352,1875.118,50000.000,50.00,12759.764,-3795.059,50000.000,63.00,0
20851,14164.234,403.412,50000.000,58.00,12348.882,-2614.706,50000.000,71.00,0
20901,13887.822,-3712.882,50000.000,31.00,11228.293,-2375.647,50000.000,68.00,0
20951,13536.705,-3048.000,50000.000,59.00,11026.588,-2554.941,50000.000,86.00,0
21001,13334.999,-1516.529,50000.000,51.00,11594.353,-1464.235,50000.000,56.00,0
21051,12976.411,-1172.882,50000.000,50.00,11078.882,470.647,50000.000,44.00,0
21101,12229.353,-515.471,50000.000,42.00,10944.411,-410.882,50000.000,70.00,0
21151,11863.293,14.941,50000.000,10.00,9988.176,-1740.647,50000.000,71.00,0
21201,11168.528,-567.765,50000.000,39.00,9786.470,-2024.529,50000.000,64.00,0
21251,10914.528,-1180.353,50000.000,45.00,8733.117,-2457.823,50000.000,69.00,0
21301,9607.176,-246.529,50000.000,43.00,8688.294,-1643.529,50000.000,74.00,0
21351,8449.234,-410.882,50000.000,34.00,7089.588,-1471.706,50000.000,65.00,0
21401,7724.588,-2188.882,50000.000,43.00,6379.882,-1957.294,50000.000,74.00,0
21451,5901.764,-4990.353,50000.000,17.00,4355.353,-2106.706,50001.000,49.00,0
21501,4116.294,-5886.823,50000.000,33.00,2764.117,-2032.000,49999.000,58.00,0
21551,3287.059,-5759.823,50000.000,35.00,1919.941,-2293.470,50000.000,48.00,0
21601,3384.176,-4997.823,50000.000,25.00,1680.882,-5558.117,50000.000,66.00,0
21651,4056.529,-4713.941,50000.000,53.00,1397.000,-9778.999,50000.000,47.00,0
21701,4310.529,-5513.294,50000.000,55.00,1090.706,-12050.058,50000.000,60.00,0
21751,3466.353,-8703.234,50000.000,47.00,-194.235,-11385.176,50000.000,57.00,0
21801,2002.118,-10466.293,50000.000,68.00,-1509.059,-8725.646,50000.000,38.00,0
21851,1471.706,-9629.588,50000.000,49.00,-1471.706,-7209.117,50000.000,73.00,0
21901,1807.882,-4788.647,50000.000,79.00,-657.412,-8471.646,50000.000,60.00,0
21951,2196.353,-1636.059,50000.000,91.00,112.059,-9465.234,50000.000,70.00,0
22001,2009.588,-4743.823,50000.000,91.00,-702.235,-9263.528,50000.000,41.00,0
22051,1060.823,-8919.882,50000.000,69.00,-1882.588,-7515.411,50001.000,41.00,0
22101,-97.118,-10794.999,50000.000,60.00,-3040.529,-7149.353,49999.000,45.00,0
22151,-874.059,-10436.411,50000.000,64.00,-3570.941,-8015.940,50000.000,46.00,0
22201,-941.294,-9793.940,50000.000,66.00,-3623.235,-9696.823,50000.000,66.00,0
22251,-1075.765,-9891.059,50000.000,74.00,-3556.000,-8830.234,50000.000,68.00,0
22301,-1583.765,-10951.882,50000.000,37.00,-3272.117,-4960.470,50000.000,41.00,0
22351,-2383.117,-11347.823,50000.000,58.00,-3765.176,-3287.059,50000.000,49.00,0
22401,-2823.882,-11302.999,50000.000,41.00,-4579.470,-5139.764,50000.000,52.00,0
22451,-2965.823,-11728.822,50000.000,54.00,-5080.000,-7463.117,50000.000,63.00,0
22501,-3107.764,-12729.882,50000.000,56.00,-5543.176,-7664.823,50000.000,69.00,0
22551,-3884.706,-13917.705,50000.000,46.00,-5371.353,-3062.941,50000.000,43.00,0
22601,-4639.235,-13551.646,50000.000,26.00,-6088.529,-1837.765,50000.000,47.00,0
22651,-5087.470,-14209.058,50000.000,40.00,-6865.470,-3951.941,50000.000,90.00,0
22701,-5729.941,-15239.999,50000.000,36.00,-7634.940,-4243.294,50001.000,58.00,0
22751,-7067.176,-13193.058,50000.000,41.00,-7754.470,-911.412,49999.000,54.00,0
22801,-7761.940,-10780.058,50000.000,41.00,-7620.000,2323.353,50000.000,53.00,0
22851,-8688.294,-12670.117,50000.000,33.00,-9420.411,-7.471,50000.000,63.00,0
22901,-9270.999,-14522.822,50000.000,45.00,-10234.705,-2472.765,50000.000,64.00,0
22951,-9666.940,-14037.234,50000.000,48.00,-10369.176,-1860.176,50000.000,75.00,0
23001,-9898.528,-12692.528,50000.000,99.00,-10182.411,1531.470,50000.000,94.00,0
23051,-10526.059,-12849.411,50000.000,49.00,-10615.705,1718.235,50000.000,66.00,0
23101,-10540.999,-13820.587,50000.000,67.00,-11751.234,-2121.647,50000.000,65.00,0
23151,-10735.234,-14014.822,50000.000,51.00,-11908.117,-3018.117,50000.000,65.00,0
23201,-10929.470,-13828.058,50000.000,58.00,-11952.940,-1105.647,50000.000,64.00,0
23251,-11273.117,-13088.470,50000.000,58.00,-11370.234,1419.412,50001.000,74.00,0
23301,-11347.823,-14223.999,50000.000,47.00,-12931.587,-2226.235,49999.000,76.00,0
23351,-11056.470,-15337.116,50000.000,61.00,-13267.764,-5341.470,50000.000,54.00,0
23401,-10996.705,-15523.881,50000.000,37.00,-13327.528,-5147.235,50000.000,74.00,0
23451,-11497.234,-15396.881,50000.000,31.00,-13028.705,-3339.353,50000.000,51.00,0
23501,-11534.588,-14111.940,50000.000,40.00,-13290.176,-3757.706,50000.000,74.00,0
23551,-12699.999,-14111.940,50000.000,34.00,-14164.234,-3959.411,50000.000,87.00,0
23601,-13588.999,-13768.293,50000.000,46.00,-14821.646,-2741.706,50000.000,71.00,0
23651,-14687.176,-13850.470,50000.000,36.00,-14731.999,216.647,50000.000,59.00,0
23701,-15165.293,-14022.293,50000.000,46.00,-15284.822,-381.000,50000.000,37.00,0
23751,-15904.881,-14791.764,50000.000,40.00,-15718.116,-1763.059,50000.000,73.00,0
23801,-16704.234,-14649.822,50000.000,60.00,-16763.998,-1651.000,50000.000,49.00,0
23851,-16920.881,-14209.058,50000.000,69.00,-16786.410,-44.824,50000.000,56.00,0
23901,-16965.705,-12356.353,50000.000,49.00,-17398.998,328.706,50000.000,74.00,0
23951,-17204.764,-11549.528,50000.000,69.00,-18317.881,-1195.294,50000.000,33.00,0
24001,-18818.410,-10473.764,50000.000,79.00,-19154.588,-418.353,50000.000,47.00,0
24051,-19543.057,-10615.705,50000.000,75.00,-18683.939,3219.823,50000.000,89.00,0
24101,-19483.293,-11063.940,50000.000,29.00,-19490.764,3414.059,50000.000,37.00,0
24151,-19012.646,-10436.411,50000.000,83.00,-20633.764,-298.824,50000.000,55.00,0
24201,-19132.176,-10354.234,50000.000,36.00,-20693.527,-2637.117,50000.000,31.00,0
24251,-18967.822,-10488.705,50000.000,52.00,-20140.705,-1247.588,50000.000,40.00,0
24301,-17638.059,-10369.176,50000.000,44.00,-18295.469,1247.588,50000.000,42.00,0
24351,-16763.998,-9599.705,50000.000,38.00,-16487.588,410.882,50000.000,41.00,0
24401,-16681.822,-8680.823,50000.000,52.00,-15972.116,-2024.529,50000.000,54.00,0
24451,-16255.999,-9577.294,50000.000,30.00,-16233.587,-2540.000,50000.000,55.00,0
24501,-16248.528,-10122.646,50000.000,42.00,-17085.234,-3160.059,50000.000,49.00,0
24551,-15777.881,-9046.882,50000.000,72.00,-15352.058,-1643.529,50000.000,40.00,0
24601,-14238.940,-10406.528,50000.000,60.00,-14918.764,-889.000,50000.000,71.00,0
24651,-15217.587,-10488.705,50000.000,37.00,-15695.705,-851.647,50000.000,67.00,0
24701,-16031.881,-8889.999,50000.000,62.00,-15374.470,-1240.118,50000.000,70.00,0
24751,-16644.469,-8322.234,50000.000,43.00,-15852.587,59.765,50000.000,84.00,0
24801,-16719.176,-8613.588,50000.000,100.00,-15733.058,508.000,50000.000,52.00,0
24851,-16099.116,-10697.882,50000.000,53.00,-16151.411,2017.059,50000.000,79.00,0
24901,-16868.588,-11579.411,50000.000,38.00,-16651.939,2054.412,50000.000,70.00,0
24951,-16831.234,-10824.882,50000.000,56.00,-16838.705,-1008.529,50000.000,55.00,0
25001,-17354.176,-10406.528,50000.000,39.00,-17436.352,-2263.588,50000.000,62.00,0
25051,-17085.234,-10511.117,50000.000,40.00,-16980.646,141.941,50000.000,73.00,0
25101,-16808.822,-11474.822,50000.000,30.00,-16816.293,4504.764,50000.000,59.00,0
25151,-17174.881,-11982.822,50000.000,38.00,-17294.410,1957.294,50000.000,62.00,0
25201,-17257.059,-12677.587,50000.000,37.00,-17787.469,-1651.000,50000.000,69.00,0
25251,-17204.764,-13125.822,50000.000,33.00,-18310.410,-2181.412,50000.000,61.00,0
25301,-16816.293,-13118.353,50000.000,31.00,-16928.352,1150.470,50000.000,70.00,0
25351,-16719.176,-12035.117,50000.000,55.00,-16114.058,2921.000,50000.000,76.00,0
25401,-17092.705,-11168.528,50000.000,42.00,-16995.588,-425.823,50000.000,63.00,0
25451,-17309.352,-10533.528,50000.000,58.00,-18392.588,-3384.176,50000.000,47.00,0
25501,-17772.527,-10234.705,50000.000,94.00,-18683.939,-3526.117,50000.000,54.00,0
25551,-18190.881,-11452.411,50000.000,46.00,-18541.998,-1068.294,50000.000,63.00,0
25601,-17854.705,-12020.176,50000.000,38.00,-18900.588,567.765,50000.000,75.00,0
25651,-18041.469,-10780.058,50000.000,73.00,-19229.293,-590.176,50000.000,68.00,0
25701,-19535.588,-10234.705,50000.000,55.00,-19834.410,-2562.412,50000.000,44.00,0
25751,-19124.705,-11325.411,50000.000,51.00,-20588.939,-2039.470,50000.000,72.00,0
25801,-18900.588,-13588.999,50000.000,47.00,-20424.586,1113.118,50000.000,43.00,0
25851,-19266.646,-14567.646,50000.000,53.00,-20476.881,-254.000,50000.000,40.00,0
25901,-19162.057,-13708.528,50000.000,46.00,-20192.998,-3234.764,50000.000,61.00,0
25951,-19162.057,-13349.940,50000.000,43.00,-20700.998,-2480.235,50000.000,47.00,0
26001,-19401.117,-14410.764,50000.000,51.00,-20581.469,1486.647,50000.000,52.00,0
26051,-20222.881,-15112.999,50000.000,45.00,-20506.764,3003.176,50000.000,30.00,0
26101,-20813.057,-14238.940,50000.000,38.00,-22434.176,649.941,50000.000,52.00,0
26151,-21007.293,-12326.470,50000.000,43.00,-22508.881,0.000,50000.000,79.00,0
26201,-20940.057,-11175.999,50000.000,41.00,-21141.764,2637.117,50000.000,94.00,0
26251,-21933.646,-11019.117,50000.000,44.00,-20237.822,4915.646,50000.000,63.00,0
26301,-21059.586,-11512.176,50000.000,48.00,-21836.527,620.059,50000.000,56.00,0
26351,-20768.234,-11706.411,50000.000,39.00,-21866.410,-2801.470,50000.000,46.00,0
26401,-21268.764,-10854.764,50000.000,63.00,-22598.527,-1636.059,50000.000,79.00,0
26451,-22927.234,-10526.059,50000.000,44.00,-22105.469,2278.529,50000.000,66.00,0
26501,-22718.057,-10705.353,50000.000,41.00,-23128.939,3018.117,50000.000,67.00,0
26551,-22150.293,-9106.646,50000.000,48.00,-23345.586,261.471,50000.000,78.00,0
26601,-22389.352,-9016.999,50000.000,35.00,-23532.352,-620.059,50000.000,75.00,0
26651,-21941.115,-9457.764,50000.000,43.00,-23367.998,-903.941,50000.000,59.00,0
26701,-22591.057,-12274.176,50000.000,35.00,-23360.527,1105.647,50000.000,75.00,0
26751,-23666.822,-12677.587,50000.000,32.00,-23808.764,1643.529,50001.000,44.00,0
26801,-24451.234,-9129.059,50000.000,79.00,-24017.939,-149.412,49999.000,39.00,0
26851,-26087.293,-7888.940,50000.000,53.00,-24690.293,-1456.765,50000.000,43.00,0
26901,-26393.586,-8591.176,50000.000,81.00,-24989.115,-1934.882,50000.000,49.00,0
26951,-27431.998,-11474.822,50000.000,57.00,-25609.174,283.882,50000.000,65.00,0
27001,-26707.352,-10533.528,50000.000,32.00,-26669.998,1987.176,50000.000,49.00,0
27051,-25235.645,-6656.293,50000.000,43.00,-25818.352,-67.235,50000.000,35.00,0
27101,-24466.176,-3324.412,50000.000,56.00,-24115.057,-672.353,50000.000,40.00,0
27151,-22800.234,-2046.941,50000.000,52.00,-22195.115,-2121.647,50000.000,38.00,0
27201,-20297.586,-2771.588,50000.000,31.00,-20021.176,-2114.176,50000.000,53.00,0
27251,-19162.057,-3309.470,50000.000,49.00,-18265.588,-1957.294,50001.000,22.00,0
27301,-18086.293,-4669.117,50000.000,41.00,-17473.705,-5199.529,49999.000,48.00,0
27351,-16524.939,-3944.470,50000.000,40.00,-16517.469,-7507.940,50000.000,62.00,0
27401,-14463.058,799.353,50000.000,47.00,-14104.470,-5513.294,50000.000,53.00,0
27451,-12057.528,4340.412,50000.000,49.00,-11161.058,-2891.117,50000.000,54.00,0
27501,-9749.117,2771.588,50000.000,80.00,-8897.470,-2173.941,50000.000,50.00,0
27551,-7022.353,-1740.647,50000.000,62.00,-7291.293,-3167.529,50000.000,35.00,0
27601,-3892.176,-3384.176,50000.000,39.00,-5214.470,-5356.412,50000.000,74.00,0
27651,-515.471,-74.706,50000.000,46.00,-1807.882,-5812.117,50000.000,67.00,0
27701,2271.059,4639.235,50000.000,59.00,1621.118,-5655.235,50000.000,80.00,0
27751,3989.294,7097.058,50000.000,89.00,3152.588,-6305.176,50000.000,76.00,0
27801,6282.764,2286.000,50000.000,59.00,4362.823,-6985.000,50000.000,78.00,0
27851,7821.706,-3272.117,50000.000,40.00,4848.412,-5842.000,50000.000,64.00,0
27901,8949.764,-3204.882,50000.000,44.00,6760.882,-4332.941,50000.000,59.00,0
27951,9771.528,-560.294,50000.000,49.00,8456.705,-1270.000,50000.000,68.00,0
28001,8367.059,963.706,50000.000,69.00,8875.059,3115.235,50000.000,32.00,0
28051,8718.176,-545.353,50000.000,41.00,8770.470,2405.529,50000.000,47.00,0
28101,9622.117,-1718.235,50000.000,37.00,7986.058,134.471,50000.000,73.00,0
28151,8538.882,-664.882,50000.000,38.00,7829.176,859.118,50000.000,51.00,0
28201,8284.882,-552.823,50000.000,52.00,7694.706,440.765,50000.000,42.00,0
28251,8912.411,-1524.000,50000.000,38.00,7276.353,-1322.294,50000.000,63.00,0
28301,9002.059,-769.471,50000.000,49.00,7485.529,-1830.294,50000.000,77.00,0
28351,7537.823,-37.353,50000.000,50.00,7201.646,-388.471,50000.000,47.00,0
28401,6402.293,-1187.823,50000.000,27.00,5550.646,44.824,50000.000,46.00,0
28451,5184.588,-545.353,50000.000,37.00,4728.882,254.000,50000.000,49.00,0
28501,3839.882,-388.471,50000.000,40.00,3712.882,44.824,50000.000,42.00,0
28551,2323.353,-2360.706,50000.000,45.00,1830.294,-649.941,50000.000,41.00,0
28601,1770.529,-6506.882,50000.000,44.00,530.412,-2457.823,50000.000,48.00,0
28651,739.588,-11205.882,50000.000,36.00,-1352.176,-3862.294,50000.000,56.00,0
28701,-351.118,-12341.411,50000.000,32.00,-2592.294,-4504.764,50000.000,75.00,0
28751,-1240.118,-11437.470,50000.000,41.00,-3175.000,-3175.000,50000.000,75.00,0
28801,-2965.823,-10331.823,50000.000,26.00,-3675.529,-7.471,50000.000,65.00,0
28851,-4168.588,-9308.353,50000.000,46.00,-4534.647,1441.823,50000.000,36.00,0
28901,-5431.117,-10787.528,50000.000,42.00,-6066.117,-425.823,50000.000,39.00,0
28951,-6208.059,-13955.058,50000.000,45.00,-7933.764,-2756.647,50000.000,72.00,0
29001,-7059.706,-13626.352,50000.000,47.00,-8628.529,-2233.706,50000.000,85.00,0
29051,-7545.293,-11975.353,50000.000,56.00,-7754.470,1845.235,50000.000,26.00,0
29101,-8703.234,-13514.293,50000.000,45.00,-8733.117,1606.176,50000.000,31.00,0
29151,-9420.411,-14739.470,50000.000,51.00,-10473.764,-1023.471,50000.000,36.00,0
29201,-9853.705,-12662.646,50000.000,45.00,-10981.764,-1292.412,50000.000,75.00,0
29251,-10413.999,-9883.588,50000.000,41.00,-10309.411,1441.823,50000.000,74.00,0
29301,-11721.353,-8150.411,50000.000,54.00,-10615.705,2935.941,50000.000,62.00,0
29351,-11975.353,-9674.411,50000.000,46.00,-12386.234,-724.647,50000.000,71.00,0
29401,-12363.822,-11698.940,50000.000,44.00,-14082.058,-2076.823,50000.000,59.00,0
29451,-13364.882,-12206.940,50000.000,45.00,-14515.352,-1128.059,50000.000,56.00,0
29501,-14298.705,-12498.293,50000.000,50.00,-14582.587,2547.470,50000.000,57.00,0
29551,-15628.470,-12050.058,50000.000,43.00,-15053.234,3623.235,50000.000,64.00,0
29601,-15673.293,-10585.823,50000.000,38.00,-15404.352,1262.529,50000.000,61.00,0
29651,-16674.352,-9749.117,50000.000,54.00,-16323.234,-134.471,50000.000,48.00,0
29701,-17100.176,-9838.764,50000.000,41.00,-16427.822,2719.294,50000.000,50.00,0
29751,-18004.117,-10391.588,50000.000,33.00,-16920.881,5685.117,50000.000,60.00,0
29801,-17585.764,-9450.294,50000.000,40.00,-17115.117,1553.882,50000.000,63.00,0
29851,-17092.705,-9973.234,50000.000,30.00,-17391.527,-1247.588,50000.000,61.00,0
29901,-17660.469,-9046.882,50000.000,48.00,-18138.588,-1202.765,50000.000,33.00,0
29951,-18676.469,-8785.411,50000.000,57.00,-17458.764,2622.176,50000.000,63.00,0
