timestamp[ms],left_dx[um],left_dy[um],left_dt[us],left_sq44right_dx[um],right_dy[um],right_dt[us],right_sq,waterPin
0,0.000,0.000,50153.000,18.00,0.000,0.000,50153.000,36.000,0
51,358.588,0.000,50000.000,25.00,343.647,-22.412,50000.000,38.000,0
101,291.353,44.824,50000.000,14.00,343.647,0.000,50000.000,38.000,0
151,209.176,59.765,50000.000,22.00,366.059,44.824,50000.000,35.000,0
201,268.941,-14.941,50000.000,16.00,283.882,37.353,50000.000,36.000,0
251,239.059,-22.412,50000.000,19.00,261.471,-14.941,50000.000,33.000,0
301,209.176,29.882,50000.000,19.00,283.882,0.000,50000.000,32.000,0
351,186.765,29.882,50000.000,12.00,171.824,14.941,50000.000,33.000,0
401,179.294,22.412,50000.000,21.00,141.941,22.412,50000.000,36.000,0
451,112.059,52.294,50000.000,12.00,164.353,37.353,50000.000,36.000,0
501,104.588,-7.471,50000.000,17.00,104.588,0.000,50000.000,31.000,0
551,74.706,-22.412,50000.000,16.00,59.765,-7.471,50000.000,39.000,0
601,59.765,0.000,50000.000,16.00,67.235,7.471,50000.000,32.000,0
651,29.882,0.000,50000.000,14.00,22.412,-7.471,50000.000,28.000,0
701,22.412,0.000,50000.000,18.00,0.000,-14.941,50000.000,31.000,0
751,-14.941,29.882,50000.000,13.00,0.000,29.882,50000.000,38.000,0
801,-52.294,-37.353,50000.000,18.00,-52.294,0.000,50000.000,39.000,0
851,-44.824,-52.294,50000.000,14.00,-82.176,-37.353,50000.000,38.000,0
901,-59.765,0.000,50000.000,16.00,-52.294,0.000,50000.000,30.000,0
951,-67.235,0.000,50000.000,17.00,-82.176,-22.412,50000.000,31.000,0
1001,-67.235,7.471,50000.000,16.00,-104.588,-14.941,50000.000,31.000,0
1051,-112.059,37.353,50000.000,13.00,-74.706,0.000,50000.000,32.000,0
1101,-134.471,-14.941,50000.000,16.00,-82.176,-7.471,50000.000,22.000,0
1151,-67.235,-52.294,50000.000,23.00,-104.588,-52.294,50000.000,30.000,0
1201,-112.059,0.000,50000.000,17.00,-82.176,-14.941,50000.000,31.000,0
1251,-74.706,7.471,50000.000,21.00,-74.706,-29.882,50000.000,27.000,0
1301,-29.882,0.000,50000.000,19.00,-74.706,-14.941,50000.000,30.000,0
1351,-59.765,14.941,50000.000,13.00,-22.412,14.941,50000.000,36.000,0
1401,-59.765,-14.941,50000.000,22.00,-59.765,7.471,50000.000,37.000,0
1451,-14.941,-59.765,50000.000,20.00,-29.882,-29.882,50000.000,28.000,0
1501,0.000,7.471,50000.000,19.00,0.000,-14.941,50000.000,32.000,0
1551,0.000,7.471,50000.000,15.00,-7.471,0.000,50000.000,26.000,0
1601,0.000,7.471,50000.000,18.00,14.941,37.353,50000.000,31.000,0
1651,0.000,7.471,50000.000,15.00,14.941,14.941,50000.000,34.000,0
1701,37.353,-22.412,50000.000,14.00,7.471,-7.471,50000.000,32.000,0
1751,74.706,-7.471,50000.000,18.00,59.765,-7.471,50000.000,30.000,0
1801,52.294,0.000,50000.000,17.00,67.235,0.000,50000.000,23.000,0
1851,52.294,-14.941,50000.000,18.00,59.765,-7.471,50000.000,29.000,0
1901,82.176,0.000,50000.000,19.00,44.824,-14.941,50000.000,36.000,0
1951,29.882,59.765,50000.000,17.00,74.706,44.824,50000.000,37.000,0
2001,22.412,-7.471,50000.000,13.00,22.412,7.471,50000.000,32.000,0
2051,52.294,-59.765,50000.000,14.00,7.471,-14.941,50000.000,27.000,0
2101,14.941,14.941,50000.000,19.00,37.353,0.000,50000.000,29.000,0
2151,7.471,14.941,50000.000,12.00,14.941,0.000,50000.000,22.000,0
2201,14.941,0.000,50000.000,14.00,0.000,-29.882,50000.000,32.000,0
2251,-7.471,52.294,50000.000,17.00,0.000,44.824,50000.000,25.000,0
2301,-29.882,22.412,50000.000,14.00,0.000,37.353,50000.000,27.000,0
2351,-7.471,-52.294,50000.000,15.00,-44.824,-22.412,50000.000,28.000,0
2401,-7.471,-37.353,50000.000,22.00,-29.882,-22.412,50000.000,33.000,0
2451,-22.412,37.353,50000.000,16.00,-14.941,-7.471,50000.000,35.000,0
2501,-14.941,67.235,50000.000,16.00,0.000,0.000,50000.000,38.000,0
2551,-7.471,-22.412,50000.000,16.00,-7.471,0.000,50000.000,37.000,0
2601,0.000,-52.294,50000.000,20.00,0.000,0.000,50000.000,31.000,0
2651,29.882,0.000,50000.000,14.00,22.412,-14.941,50000.000,29.000,0
2701,14.941,44.824,50000.000,18.00,44.824,-7.471,50000.000,31.000,0
2751,0.000,29.882,50000.000,20.00,22.412,14.941,50000.000,30.000,0
2801,7.471,-22.412,50000.000,19.00,14.941,0.000,50000.000,31.000,0
2851,29.882,-52.294,50000.000,17.00,0.000,-14.941,50000.000,35.000,0
2901,14.941,0.000,50000.000,24.00,22.412,0.000,50000.000,27.000,0
2951,14.941,7.471,50000.000,15.00,14.941,-29.882,50000.000,27.000,0
3001,7.471,7.471,50000.000,13.00,7.471,0.000,50000.000,37.000,0
3051,-14.941,37.353,50000.000,15.00,-52.294,-52.294,50000.000,27.000,0
3101,-7.471,-14.941,50000.000,14.00,-14.941,-7.471,50000.000,28.000,0
3151,14.941,-44.824,50000.000,13.00,-14.941,-22.412,50000.000,26.000,0
3201,7.471,0.000,50000.000,17.00,7.471,-14.941,50000.000,28.000,0
3251,7.471,22.412,50000.000,12.00,7.471,0.000,50000.000,33.000,0
3301,0.000,29.882,50000.000,15.00,14.941,7.471,50000.000,33.000,0
3351,7.471,0.000,50000.000,14.00,14.941,7.471,50000.000,28.000,0
3401,7.471,-29.882,50000.000,10.00,0.000,-7.471,50000.000,29.000,0
3451,7.471,0.000,50000.000,14.00,14.941,-7.471,50000.000,35.000,0
3501,0.000,0.000,50000.000,12.00,14.941,0.000,50000.000,34.000,0
3551,0.000,0.000,50000.000,19.00,-14.941,-7.471,50000.000,33.000,0
3601,-7.471,22.412,50000.000,13.00,0.000,52.294,50000.000,34.000,0
3651,-37.353,7.471,50000.000,16.00,7.471,14.941,50000.000,32.000,0
3701,0.000,-59.765,50000.000,17.00,-37.353,-22.412,50000.000,25.000,0
3751,-14.941,-29.882,50000.000,17.00,-7.471,-29.882,50000.000,37.000,0
3801,-37.353,0.000,50000.000,17.00,-7.471,-7.471,50000.000,32.000,0
3851,-7.471,0.000,50000.000,19.00,-29.882,-29.882,50000.000,28.000,0
3901,-29.882,22.412,50000.000,17.00,-37.353,7.471,50000.000,31.000,0
3951,-74.706,7.471,50000.000,26.00,-14.941,29.882,50000.000,36.000,0
4001,-14.941,-37.353,50000.000,9.00,-52.294,-14.941,50000.000,35.000,0
4051,-14.941,-37.353,50000.000,20.00,-14.941,-22.412,50000.000,36.000,0
4101,-22.412,0.000,50000.000,19.00,-14.941,7.471,50000.000,30.000,0
4151,-14.941,-7.471,50000.000,17.00,-29.882,-22.412,50000.000,40.000,0
4201,-7.471,0.000,50000.000,16.00,-22.412,-14.941,50000.000,28.000,0
4251,-29.882,44.824,50000.000,20.00,7.471,59.765,50000.000,31.000,0
4301,-29.882,-7.471,50000.000,22.00,0.000,7.471,50000.000,34.000,0
4351,7.471,-22.412,50000.000,23.00,-7.471,-7.471,50000.000,37.000,0
4401,0.000,7.471,50000.000,16.00,14.941,-7.471,50000.000,34.000,0
4451,7.471,22.412,50000.000,14.00,14.941,7.471,50000.000,32.000,0
4501,0.000,14.941,50000.000,16.00,7.471,14.941,50000.000,28.000,0
4551,0.000,0.000,50000.000,14.00,44.824,-7.471,50000.000,36.000,0
4601,22.412,-59.765,50000.000,18.00,0.000,-7.471,50000.000,31.000,0
4651,37.353,0.000,50000.000,16.00,22.412,0.000,50000.000,31.000,0
4701,7.471,82.176,50000.000,17.00,74.706,44.824,50000.000,34.000,0
4751,29.882,-29.882,50000.000,14.00,22.412,0.000,50000.000,35.000,0
4801,52.294,-89.647,50000.000,18.00,7.471,-29.882,50000.000,22.000,0
4851,37.353,44.824,50000.000,13.00,44.824,67.235,50000.000,31.000,0
4901,14.941,52.294,50000.000,14.00,97.118,44.824,50000.000,31.000,0
4951,104.588,-97.118,50000.000,12.00,22.412,-59.765,50000.000,28.000,0
5001,97.118,-89.647,50000.000,15.00,44.824,-37.353,50000.000,35.000,0
5051,14.941,37.353,50000.000,16.00,141.941,67.235,50000.000,27.000,0
5101,59.765,37.353,50000.000,17.00,97.118,14.941,50000.000,23.000,0
5151,156.882,-37.353,50000.000,17.00,52.294,-67.235,50000.000,36.000,0
5201,59.765,14.941,50000.000,13.00,112.059,7.471,50000.000,37.000,0
5251,29.882,22.412,50000.000,21.00,82.176,59.765,50000.000,28.000,0
5301,52.294,-37.353,50000.000,18.00,14.941,0.000,50000.000,36.000,0
5351,44.824,-14.941,50000.000,14.00,37.353,-7.471,50000.000,31.000,0
5401,14.941,14.941,50000.000,15.00,22.412,7.471,50000.000,30.000,0
5451,14.941,29.882,50000.000,20.00,7.471,7.471,50000.000,33.000,0
5501,0.000,0.000,50000.000,16.00,0.000,0.000,50000.000,32.000,0
5551,0.000,-14.941,50000.000,14.00,-7.471,0.000,50000.000,31.000,0
5601,-14.941,-7.471,50000.000,14.00,0.000,0.000,50000.000,33.000,0
5651,0.000,7.471,50000.000,19.00,0.000,0.000,50000.000,33.000,0
5701,-14.941,-7.471,50000.000,18.00,-44.824,0.000,50000.000,40.000,0
5751,-14.941,-14.941,50000.000,18.00,-44.824,-7.471,50000.000,33.000,0
5801,-29.882,29.882,50000.000,11.00,-22.412,0.000,50000.000,25.000,0
5851,-44.824,7.471,50000.000,19.00,-14.941,22.412,50000.000,40.000,0
5901,-14.941,-22.412,50000.000,14.00,-52.294,-14.941,50000.000,35.000,0
5951,-22.412,-29.882,50000.000,17.00,-22.412,-14.941,50000.000,44.000,0
6001,-37.353,29.882,50000.000,17.00,0.000,0.000,50000.000,37.000,0
6051,-7.471,0.000,50000.000,18.00,-29.882,-44.824,50000.000,29.000,0
6101,-7.471,22.412,50000.000,19.00,-7.471,14.941,50000.000,37.000,0
6151,-29.882,0.000,50000.000,16.00,0.000,0.000,50000.000,33.000,0
6201,0.000,-44.824,50000.000,16.00,-7.471,0.000,50000.000,29.000,0
6251,0.000,-7.471,50000.000,19.00,0.000,-22.412,50000.000,30.000,0
6301,-7.471,82.176,50000.000,15.00,7.471,7.471,50000.000,35.000,0
6351,-7.471,7.471,50000.000,16.00,7.471,0.000,50000.000,35.000,0
6401,7.471,-44.824,50000.000,13.00,-7.471,-14.941,50000.000,36.000,0
6451,0.000,-22.412,50000.000,18.00,0.000,0.000,50000.000,37.000,0
6501,0.000,22.412,50000.000,16.00,0.000,0.000,50000.000,35.000,0
6551,0.000,22.412,50000.000,17.00,0.000,0.000,50000.000,36.000,0
6601,0.000,0.000,50000.000,16.00,22.412,-7.471,50000.000,34.000,0
6651,14.941,-29.882,50000.000,20.00,-7.471,0.000,50000.000,38.000,0
6701,29.882,-29.882,50000.000,16.00,0.000,-7.471,50000.000,32.000,0
6751,7.471,97.118,50000.000,19.00,59.765,14.941,50000.000,33.000,0
6801,7.471,7.471,50000.000,16.00,7.471,0.000,50000.000,27.000,0
6851,37.353,-89.647,50000.000,14.00,-14.941,-7.471,50000.000,32.000,0
6901,14.941,0.000,50000.000,14.00,7.471,0.000,50000.000,28.000,0
6951,14.941,44.824,50000.000,17.00,52.294,-14.941,50000.000,31.000,0
7001,14.941,7.471,50000.000,20.00,14.941,-14.941,50000.000,37.000,0
7051,14.941,-52.294,50000.000,14.00,-7.471,0.000,50000.000,32.000,0
7101,7.471,-82.176,50000.000,20.00,7.471,-7.471,50000.000,32.000,0
7151,59.765,-22.412,50000.000,17.00,37.353,0.000,50000.000,35.000,0
7201,14.941,-22.412,50000.000,17.00,59.765,82.176,50000.000,29.000,0
7251,97.118,-186.765,50000.000,14.00,52.294,52.294,50000.000,25.000,0
7301,201.706,-239.059,50000.000,16.00,89.647,-52.294,50000.000,34.000,0
7351,127.000,-37.353,50000.000,16.00,283.882,104.588,50000.000,33.000,0
7401,164.353,0.000,50000.000,13.00,276.412,104.588,50000.000,33.000,0
7451,209.176,67.235,50000.000,13.00,179.294,-59.765,50000.000,27.000,0
7501,14.941,0.000,50000.000,13.00,37.353,59.765,50000.000,32.000,0
7551,-216.647,-164.353,50000.000,10.00,-224.118,537.882,50000.000,24.000,0
7601,-261.471,-351.118,50000.000,12.00,-291.353,381.000,50000.000,35.000,0
7651,127.000,-537.882,50000.000,14.00,-216.647,-530.412,50000.000,32.000,0
7701,141.941,82.176,50000.000,14.00,44.824,-403.412,50000.000,29.000,0
7751,-358.588,605.118,50000.000,18.00,0.000,478.118,50000.000,34.000,0
7801,-642.471,141.941,50000.000,13.00,-403.412,552.823,50000.000,36.000,0
7851,-254.000,-627.529,50000.000,11.00,-851.647,-455.706,50000.000,35.000,0
7901,-366.059,-381.000,50000.000,17.00,-754.529,-470.647,50000.000,34.000,0
7951,-612.588,209.176,50000.000,22.00,-627.529,-29.882,50000.000,32.000,0
8001,-769.471,224.118,50000.000,18.00,-679.823,-44.824,50000.000,34.000,0
8051,-545.353,14.941,50000.000,19.00,-836.706,-179.294,50000.000,28.000,0
8101,-814.294,-97.118,50000.000,15.00,-881.529,-52.294,50000.000,34.000,0
8151,-657.412,-89.647,50000.000,13.00,-1113.118,0.000,50000.000,32.000,0
8201,-754.529,-14.941,50000.000,15.00,-956.235,-134.471,50000.000,33.000,0
8251,-881.529,22.412,50000.000,14.00,-889.000,-134.471,50000.000,34.000,0
8301,-336.176,7.471,50000.000,21.00,-1098.176,-82.176,50000.000,29.000,0
8351,-605.118,-89.647,50000.000,17.00,-1120.588,-44.824,50000.000,34.000,0
8401,-896.471,-119.529,50000.000,19.00,-1098.176,-44.824,50000.000,27.000,0
8451,-874.059,-74.706,50000.000,24.00,-993.588,-127.000,50000.000,33.000,0
8501,-769.471,-29.882,50000.000,17.00,-791.882,-119.529,50000.000,34.000,0
8551,-620.059,-29.882,50000.000,14.00,-762.000,-67.235,50000.000,43.000,0
8601,-478.118,-52.294,50000.000,16.00,-664.882,-89.647,50000.000,36.000,0
8651,-403.412,-29.882,50000.000,20.00,-478.118,-59.765,50000.000,30.000,0
8701,-321.235,0.000,50000.000,22.00,-336.176,0.000,50000.000,40.000,0
8751,-194.235,0.000,50000.000,8.00,-164.353,-22.412,50000.000,41.000,0
8801,-29.882,37.353,50000.000,15.00,-22.412,-29.882,50000.000,38.000,0
8851,104.588,59.765,50000.000,17.00,156.882,-14.941,50000.000,36.000,0
8901,254.000,74.706,50000.000,20.00,343.647,22.412,50000.000,33.000,0
8951,418.353,-22.412,50000.000,14.00,440.765,14.941,50000.000,29.000,0
9001,508.000,-14.941,50000.000,19.00,612.588,37.353,50000.000,33.000,0
9051,560.294,37.353,50000.000,15.00,687.294,29.882,50000.000,39.000,0
9101,620.059,67.235,50000.000,15.00,791.882,29.882,50000.000,24.000,0
9151,806.823,22.412,50000.000,12.00,799.353,0.000,50000.000,29.000,0
9201,732.118,59.765,50000.000,19.00,903.941,29.882,50000.000,27.000,0
9251,762.000,59.765,50000.000,19.00,963.706,112.059,50000.000,34.000,0
9301,336.176,7.471,50000.000,18.00,926.353,112.059,50000.000,29.000,0
9351,605.118,-37.353,50000.000,20.00,1008.529,37.353,50000.000,33.000,0
9401,941.294,52.294,50000.000,18.00,1053.353,22.412,50000.000,31.000,0
9451,926.353,74.706,50000.000,16.00,1001.059,97.118,50000.000,33.000,0
9501,903.941,0.000,50000.000,12.00,948.765,29.882,50000.000,34.000,0
9551,851.647,14.941,50000.000,21.00,963.706,29.882,50000.000,36.000,0
9601,874.059,127.000,50000.000,16.00,1016.000,97.118,50000.000,31.000,0
9651,747.059,0.000,50000.000,20.00,911.412,52.294,50000.000,30.000,0
9701,806.823,0.000,50000.000,14.00,866.588,0.000,50000.000,34.000,0
9751,717.176,-7.471,50000.000,16.00,799.353,44.824,50000.000,28.000,0
9801,627.529,-7.471,50000.000,17.00,762.000,14.941,50000.000,29.000,0
9851,597.647,0.000,50000.000,22.00,679.823,14.941,50000.000,34.000,0
9901,515.471,59.765,50000.000,22.00,679.823,82.176,50000.000,27.000,0
9951,470.647,82.176,50000.000,17.00,620.059,37.353,50000.000,35.000,0
10001,448.235,37.353,50000.000,14.00,455.706,29.882,50000.000,35.000,0
10051,343.647,-7.471,50000.000,19.00,366.059,14.941,50000.000,40.000,0
10101,261.471,-14.941,50000.000,18.00,373.529,14.941,50000.000,35.000,0
10151,261.471,37.353,50000.000,12.00,298.824,7.471,50000.000,38.000,0
10201,194.235,44.824,50000.000,14.00,194.235,14.941,50000.000,37.000,0
10251,97.118,22.412,50000.000,15.00,179.294,-7.471,50000.000,34.000,0
10301,74.706,-29.882,50000.000,15.00,44.824,0.000,50000.000,27.000,0
10351,14.941,-22.412,50000.000,17.00,0.000,0.000,50000.000,28.000,0
10401,-37.353,-14.941,50000.000,13.00,-14.941,0.000,50000.000,31.000,0
10451,-74.706,-14.941,50000.000,14.00,-134.471,0.000,50000.000,33.000,0
10501,-134.471,0.000,50000.000,22.00,-156.882,7.471,50000.000,34.000,0
10551,-209.176,-37.353,50000.000,18.00,-201.706,7.471,50000.000,30.000,0
10601,-194.235,-74.706,50000.000,12.00,-261.471,-14.941,50000.000,36.000,0
10651,-209.176,-14.941,50000.000,15.00,-268.941,-37.353,50000.000,29.000,0
10701,-283.882,37.353,50000.000,22.00,-246.529,14.941,50000.000,38.000,0
10751,-313.765,-14.941,50000.000,15.00,-366.059,-14.941,50000.000,31.000,0
10801,-313.765,-82.176,50000.000,15.00,-448.235,0.000,50000.000,36.000,0
10851,-410.882,52.294,50000.000,15.00,-425.823,29.882,50000.000,36.000,0
10901,-433.294,14.941,50000.000,13.00,-515.471,-7.471,50000.000,34.000,0
10951,-395.941,-82.176,50000.000,12.00,-485.588,-44.824,50000.000,30.000,0
11001,-283.882,-29.882,50000.000,18.00,-418.353,-112.059,50000.000,34.000,0
11051,-515.471,29.882,50000.000,16.00,-500.529,-52.294,50000.000,36.000,0
11101,-448.235,0.000,50000.000,15.00,-605.118,-37.353,50000.000,32.000,0
11151,-478.118,-14.941,50000.000,18.00,-508.000,-104.588,50000.000,32.000,0
11201,-485.588,29.882,50000.000,18.00,-485.588,-37.353,50000.000,35.000,0
11251,-478.118,14.941,50000.000,19.00,-552.823,-44.824,50000.000,29.000,0
11301,-448.235,0.000,50000.000,18.00,-433.294,-127.000,50000.000,29.000,0
11351,-485.588,-89.647,50000.000,20.00,-522.941,-14.941,50000.000,31.000,0
11401,-537.882,-37.353,50000.000,10.00,-493.059,29.882,50000.000,28.000,0
11451,-231.588,515.471,50000.000,14.00,-156.882,343.647,50000.000,32.000,0
11501,522.941,2652.059,50000.000,17.00,1673.412,298.824,50000.000,27.000,0
11551,2988.235,6252.882,50000.000,16.00,5199.529,-2054.412,50000.000,25.000,0
11601,5991.411,3712.882,50000.000,18.00,6454.588,-6267.823,50000.000,23.000,0
11651,7186.706,-2383.117,50000.000,16.00,4549.588,-5595.470,50000.000,27.000,0
11701,6581.588,-3429.000,50000.000,23.00,3414.059,-1972.235,50000.000,25.000,0
11751,6051.176,-1277.470,50000.000,13.00,5737.411,-1733.176,50000.000,32.000,0
11801,8516.470,-2009.588,50000.000,16.00,8053.293,-6125.882,50000.000,27.000,0
11851,9420.411,-1740.647,50000.000,16.00,7769.411,-6484.470,50000.000,26.000,0
11901,8098.117,-1710.765,50000.000,17.00,9995.646,-6379.882,50000.000,36.000,0
11951,10555.940,-4863.353,50000.000,9.00,10152.528,-6872.941,50000.000,33.000,0
12001,9622.117,-6551.706,50000.000,18.00,8927.353,-6723.529,50000.000,31.000,0
12051,8882.529,-5304.117,50000.000,11.00,10018.059,-7126.941,50000.000,31.000,0
12101,9943.353,-4736.353,50000.000,15.00,11407.588,-6267.823,50000.000,35.000,0
12151,12057.528,-6529.293,50000.000,14.00,10413.999,-6648.823,50000.000,28.000,0
12201,11698.940,-7926.293,50000.000,17.00,9465.234,-6872.941,50000.000,17.000,0
12251,8994.588,-7239.000,50000.000,10.00,7814.235,-2756.647,50000.000,25.000,0
12301,6678.706,-4721.412,50000.000,21.00,6200.588,1307.353,50000.000,30.000,0
12351,4347.882,-1314.823,50000.000,19.00,5767.294,4071.470,50000.000,35.000,0
12401,3175.000,-2450.353,50000.000,15.00,4303.059,3436.470,50000.000,30.000,0
12451,1942.353,-3481.294,50000.000,15.00,1284.941,2980.764,50000.000,24.000,0
12501,-268.941,-1636.059,50000.000,16.00,119.529,3234.764,50000.000,35.000,0
12551,-1561.353,-1591.235,50000.000,18.00,-1494.118,2278.529,50000.000,23.000,0
12601,-2816.412,-1277.470,50000.000,15.00,-3735.294,791.882,50000.000,30.000,0
12651,-4631.764,552.823,50000.000,16.00,-4788.647,851.647,50000.000,25.000,0
12701,-7119.470,2390.588,50000.000,12.00,-6417.235,2510.117,50000.000,27.000,0
12751,-9935.882,1606.176,50000.000,25.00,-9510.059,4437.529,50000.000,31.000,0
12801,-12057.528,216.647,50000.000,14.00,-12289.117,2667.000,50000.000,35.000,0
12851,-12191.999,-29.882,50000.000,16.00,-13454.528,-59.765,50000.000,24.000,0
12901,-12587.940,-1030.941,50000.000,12.00,-14926.234,-1008.529,50000.000,38.000,0
12951,-13432.117,-448.235,50000.000,9.00,-16599.646,-455.706,50000.000,27.000,0
13001,-13596.470,29.882,50000.000,20.00,-16487.588,-1695.823,50000.000,27.000,0
13051,-9614.646,1748.118,50000.000,18.00,-14209.058,-6828.117,50000.000,22.000,0
13101,-6394.823,3847.353,50000.000,16.00,-10227.234,-10638.117,50000.000,33.000,0
13151,-5236.882,2510.117,50000.000,13.00,-8374.529,-11952.940,50000.000,27.000,0
13201,-3376.706,-2786.529,50000.000,15.00,-9166.411,-15710.646,50000.000,32.000,0
13251,-2741.706,-7380.941,50000.000,18.00,-9995.646,-17451.293,50000.000,32.000,0
13301,-3249.706,-10249.646,50000.000,16.00,-10257.117,-16278.411,50000.000,33.000,0
13351,-3309.470,-8889.999,50000.000,15.00,-9950.823,-11646.646,50000.000,27.000,0
13401,-4056.529,-5939.117,50000.000,13.00,-8098.117,-5961.529,50000.000,26.000,0
13451,-4459.941,-9069.294,50000.000,13.00,-7896.411,-5274.235,50000.000,23.000,0
13501,-4318.000,-13110.882,50000.000,15.00,-10384.117,-5535.706,50000.000,25.000,0
13551,-5162.176,-16084.176,50000.000,8.00,-11728.822,-4833.470,50000.000,29.000,0
13601,-5341.470,-16741.588,50000.000,11.00,-11071.411,-7433.235,50000.000,32.000,0
13651,-5020.235,-16233.587,50000.000,19.00,-11041.528,-8314.764,50000.000,39.000,0
13701,-7440.706,-14306.176,50000.000,13.00,-12976.411,-2002.118,50000.000,31.000,0
13751,-9054.353,-12020.176,50000.000,16.00,-13529.234,1927.412,50000.000,37.000,0
13801,-10159.999,-9383.059,50000.000,12.00,-14089.528,2084.294,50000.000,26.000,0
13851,-12050.058,-7224.058,50000.000,15.00,-14888.881,2076.823,50000.000,23.000,0
13901,-13312.587,-8314.764,50000.000,14.00,-15815.234,2622.176,50000.000,27.000,0
13951,-14238.940,-11758.705,50000.000,14.00,-18601.764,3862.294,50000.000,29.000,0
14001,-13409.705,-12946.528,50000.000,20.00,-19617.764,5528.235,50000.000,28.000,0
14051,-12685.058,-12692.528,50000.000,13.00,-20215.410,3227.294,50000.000,18.000,0
14101,-12774.705,-14291.234,50000.000,9.00,-20700.998,-3003.176,50000.000,17.000,0
14151,-12909.176,-14590.058,50000.000,16.00,-20394.705,-2502.647,50000.000,26.000,0
14201,-13178.117,-14731.999,50000.000,14.00,-20185.527,1568.823,50000.000,30.000,0
14251,-12939.058,-15389.411,50000.000,11.00,-21829.057,-889.000,50000.000,24.000,0
14301,-12819.528,-16226.116,50000.000,14.00,-22852.527,-3817.470,50000.000,22.000,0
14351,-15538.822,-16084.176,50000.000,23.00,-21993.410,1636.059,50000.000,17.000,0
14401,-16509.998,-15344.587,50000.000,13.00,-22456.586,5020.235,50000.000,34.000,0
14451,-16054.293,-14029.764,50000.000,15.00,-24503.527,2009.588,50000.000,34.000,0
14501,-17779.998,-15568.705,50000.000,23.00,-25579.293,-194.235,50000.000,28.000,0
14551,-18616.705,-17832.293,50000.000,14.00,-25728.705,2330.823,50000.000,26.000,0
14601,-16883.527,-16390.469,50000.000,16.00,-26161.998,3361.764,50000.000,17.000,0
14651,-16958.234,-17010.527,50000.000,19.00,-26923.998,-291.353,50000.000,29.000,0
14701,-16666.881,-17839.764,50000.000,14.00,-28462.939,-1090.706,50000.000,31.000,0
14751,-12976.411,-15598.587,50000.000,11.00,-27745.764,1008.529,50000.000,32.000,0
14801,-11937.999,-14358.470,50000.000,21.00,-28403.174,-14.941,50000.000,27.000,0
14851,-12774.705,-14717.058,50000.000,15.00,-29665.703,-926.353,50000.000,38.000,0
14901,-14388.352,-17017.998,50000.000,13.00,-28530.174,500.529,50000.000,21.000,0
14951,-14821.646,-17951.822,50000.000,17.00,-28276.174,993.588,50000.000,30.000,0
15001,-16031.881,-17966.764,50000.000,16.00,-28851.410,-859.118,50000.000,17.000,0
15051,-15030.822,-18175.939,50000.000,14.00,-29105.410,-1815.353,50000.000,18.000,0
15101,-15441.705,-20372.293,50000.000,15.00,-29366.881,201.706,50000.000,24.000,0
15151,-15180.234,-21059.586,50000.000,16.00,-32153.410,-2831.353,50000.000,32.000,0
15201,-16831.234,-24085.176,50000.000,15.00,-21821.586,-3257.176,50000.000,14.000,0
15251,-16121.528,-22157.764,50000.000,16.00,-25937.881,-1598.706,50000.000,30.000,0
15301,-16592.176,-22239.939,50000.000,18.00,-33752.117,-6835.588,50000.000,25.000,0
15351,-17122.588,-22486.469,50000.000,18.00,-33468.234,-5976.470,50000.000,27.000,0
15401,-15822.705,-20506.764,50000.000,12.00,-33318.820,-1972.235,50000.000,20.000,0
15451,-16584.705,-21216.469,50000.000,14.00,-34685.938,-6454.588,50000.000,27.000,0
15501,-14941.176,-18683.939,50000.000,13.00,-35134.176,-5416.176,50000.000,20.000,0
15551,-11332.882,-13947.587,50000.000,22.00,-33378.586,-2278.529,50000.000,26.000,0
15601,-14694.646,-18982.764,50000.000,15.00,-33901.527,-6753.411,50000.000,25.000,0
15651,-14149.293,-18377.646,50000.000,14.00,-34491.703,-6701.117,50000.000,32.000,0
15701,-14492.940,-20648.705,50000.000,10.00,-30539.762,-2965.823,50000.000,25.000,0
15751,-15650.881,-20827.998,50000.000,12.00,-31241.998,-7687.235,50000.000,18.000,0
15801,-15874.999,-20708.469,50000.000,11.00,-30360.469,-8979.646,50000.000,12.000,0
15851,-16173.822,-20185.527,50000.000,11.00,-25676.410,-2749.176,50000.000,34.000,0
15901,-14156.764,-17234.646,50000.000,13.00,-32272.939,-8269.940,50000.000,16.000,0
15951,-11952.940,-14814.176,50000.000,12.00,-29202.527,-7776.882,50000.000,16.000,0
16001,-13723.470,-15576.176,50000.000,17.00,-23128.939,-1710.765,50000.000,24.000,0
16051,-14096.999,-15733.058,50000.000,15.00,-31832.174,-2876.176,50000.000,36.000,0
16101,-14687.176,-16726.646,50000.000,20.00,-34984.762,-9046.882,50000.000,17.000,0
16151,-16614.588,-18280.527,50000.000,17.00,-31010.410,-4250.765,50000.000,22.000,0
16201,-17003.059,-17832.293,50000.000,14.00,-33856.703,-1217.706,50000.000,36.000,0
16251,-17854.705,-16636.998,50000.000,11.00,-35769.176,-4885.764,50000.000,29.000,0
16301,-17974.234,-16084.176,50000.000,10.00,-35358.293,-3257.176,50000.000,27.000,0
16351,-13715.999,-13925.176,50000.000,14.00,-34491.703,963.706,50000.000,23.000,0
16401,-13880.352,-14560.176,50000.000,13.00,-34865.234,-1830.294,50000.000,32.000,0
16451,-14821.646,-16950.764,50000.000,17.00,-35186.469,-4161.117,50000.000,29.000,0
16501,-14567.646,-17227.176,50000.000,9.00,-34222.762,-1180.353,50000.000,22.000,0
16551,-14903.822,-17115.117,50000.000,18.00,-33311.352,-2084.294,50000.000,27.000,0
16601,-15740.528,-18400.057,50000.000,11.00,-34431.938,-6536.764,50000.000,25.000,0
16651,-14649.822,-17959.293,50000.000,14.00,-32765.998,-4340.412,50000.000,18.000,0
16701,-11437.470,-14134.352,50000.000,17.00,-32429.822,134.471,50000.000,30.000,0
16751,-14418.234,-18519.588,50000.000,7.00,-33744.645,-4923.117,50000.000,12.000,0
16801,-13977.470,-18041.469,50000.000,9.00,-24256.998,-4572.000,50000.000,22.000,0
16851,-12535.646,-14492.940,50000.000,10.00,-27723.352,-687.294,50000.000,25.000,0
16901,-14029.764,-15374.470,50000.000,12.00,-34775.586,-4400.176,50000.000,26.000,0
16951,-16001.999,-18661.527,50000.000,25.00,-35813.996,-8718.176,50000.000,26.000,0
17001,-16024.411,-18609.234,50000.000,15.00,-34028.527,-2637.117,50000.000,31.000,0
17051,-17219.705,-17966.764,50000.000,13.00,-35201.410,-2375.647,50000.000,24.000,0
17101,-16666.881,-18848.293,50000.000,10.00,-36590.938,-8269.940,50000.000,27.000,0
17151,-12886.764,-14844.058,50000.000,12.00,-36075.469,-5886.823,50000.000,28.000,0
17201,-12595.411,-15098.058,50000.000,19.00,-34954.879,-2420.470,50000.000,25.000,0
17251,-12558.058,-16136.470,50000.000,17.00,-35686.996,-7485.529,50000.000,31.000,0
17301,-14933.705,-20021.176,50000.000,10.00,-36082.938,-9614.646,50000.000,23.000,0
17351,-13798.176,-18400.057,50000.000,15.00,-33961.293,-2906.059,50000.000,26.000,0
17401,-14537.764,-18355.234,50000.000,16.00,-33580.293,-4684.059,50000.000,30.000,0
17451,-15531.352,-20133.234,50000.000,14.00,-33961.293,-9002.059,50000.000,19.000,0
17501,-12737.353,-14477.999,50000.000,15.00,-29336.998,-3795.059,50000.000,22.000,0
17551,-13857.940,-15650.881,50000.000,10.00,-31055.232,-2883.647,50000.000,27.000,0
17601,-13857.940,-16121.528,50000.000,15.00,-30696.645,-6753.411,50000.000,17.000,0
17651,-13439.587,-12655.176,50000.000,15.00,-28858.881,-3548.529,50000.000,20.000,0
17701,-16562.293,-9898.528,50000.000,14.00,-29202.527,1524.000,50000.000,26.000,0
17751,-17174.881,-5700.059,50000.000,15.00,-28208.939,-956.235,50000.000,25.000,0
17801,-17003.059,-2540.000,50000.000,12.00,-25915.469,-4863.353,50000.000,32.000,0
17851,-16711.705,-1157.941,50000.000,15.00,-24623.057,-4572.000,50000.000,22.000,0
17901,-18011.588,-1852.706,50000.000,14.00,-24115.057,-1023.471,50000.000,21.000,0
17951,-17346.705,-4011.706,50000.000,16.00,-23756.469,-754.529,50000.000,26.000,0
18001,-17032.939,-7911.353,50000.000,20.00,-21888.822,-7261.411,50000.000,31.000,0
18051,-14545.234,-9263.528,50000.000,18.00,-21582.527,-13551.646,50000.000,29.000,0
18101,-12356.353,-5655.235,50000.000,14.00,-20768.234,-10869.705,50000.000,26.000,0
18151,-15015.881,-5588.000,50000.000,25.00,-19610.293,-8591.176,50000.000,24.000,0
18201,-16121.528,-9383.059,50000.000,16.00,-19625.234,-10533.528,50000.000,31.000,0
18251,-12408.646,-10817.411,50000.000,12.00,-19789.586,-12804.587,50000.000,30.000,0
18301,-12490.822,-10309.411,50000.000,15.00,-19102.293,-10518.588,50000.000,19.000,0
18351,-13133.293,-7366.000,50000.000,13.00,-20043.586,-2442.882,50000.000,24.000,0
18401,-14687.176,-7582.646,50000.000,17.00,-18683.939,-560.294,50000.000,19.000,0
18451,-14507.882,-9853.705,50000.000,15.00,-19587.881,-3018.117,50000.000,27.000,0
18501,-10959.353,-12154.646,50000.000,13.00,-19094.822,-9016.999,50000.000,34.000,0
18551,-10212.293,-14201.587,50000.000,14.00,-18093.764,-12580.470,50000.000,24.000,0
18601,-8292.353,-9741.646,50000.000,17.00,-17936.881,-12909.176,50000.000,29.000,0
18651,-8897.470,-10234.705,50000.000,14.00,-18534.527,-9323.294,50000.000,31.000,0
18701,-11571.940,-14627.411,50000.000,19.00,-20297.586,-6230.470,50000.000,26.000,0
18751,-11347.823,-13596.470,50000.000,9.00,-20499.293,-6110.941,50000.000,23.000,0
18801,-11183.470,-11691.470,50000.000,15.00,-19625.234,-4915.646,50000.000,38.000,0
18851,-13633.822,-15366.999,50000.000,9.00,-21403.234,-3107.764,50000.000,27.000,0
18901,-12191.999,-18474.764,50000.000,13.00,-24331.705,425.823,50000.000,24.000,0
18951,-13080.999,-16203.705,50000.000,11.00,-24279.410,1165.412,50000.000,26.000,0
19001,-15419.293,-16323.234,50000.000,16.00,-22755.410,1449.294,50000.000,20.000,0
19051,-16001.999,-17025.469,50000.000,16.00,-23831.176,3242.235,50000.000,22.000,0
19101,-15583.646,-16091.646,50000.000,13.00,-24787.410,4982.882,50000.000,22.000,0
19151,-14567.646,-12998.822,50000.000,13.00,-25713.764,2808.941,50000.000,16.000,0
19201,-15830.176,-14067.116,50000.000,13.00,-26401.057,440.765,50000.000,29.000,0
19251,-15987.058,-15217.587,50000.000,19.00,-26550.469,2368.176,50000.000,24.000,0
19301,-16412.881,-16674.352,50000.000,15.00,-26923.998,3354.294,50000.000,29.000,0
19351,-15344.587,-15396.881,50000.000,11.00,-27267.645,194.235,50000.000,32.000,0
19401,-15695.705,-17645.527,50000.000,13.00,-28276.174,-1516.529,50000.000,22.000,0
19451,-13409.705,-14261.352,50000.000,13.00,-29538.703,381.000,50000.000,29.000,0
19501,-11661.588,-12147.176,50000.000,10.00,-27872.764,1135.529,50000.000,23.000,0
19551,-13581.528,-15733.058,50000.000,13.00,-28761.764,-4751.294,50002.000,27.000,0
19601,-12132.234,-15105.528,50000.000,17.00,-31398.881,-7082.117,50000.000,20.000,0
19651,-11302.999,-13835.528,50000.000,20.00,-29986.939,-1314.823,50000.000,21.000,0
19701,-14881.411,-17906.998,50000.000,10.00,-31249.469,-2457.823,50000.000,29.000,0
19751,-15344.587,-19677.527,50000.000,14.00,-32534.410,-6125.882,50000.000,27.000,0
19801,-14231.470,-17779.998,50000.000,18.00,-32810.820,-3750.235,50000.000,28.000,0
19851,-12752.293,-15217.587,50000.000,10.00,-34035.996,-724.647,50000.000,24.000,0
19901,-13506.822,-14642.352,50000.000,19.00,-33819.352,-3780.117,50000.000,31.000,0
19951,-14776.822,-14746.940,50000.000,8.00,-34416.996,-4153.647,50000.000,26.000,0
20001,-13910.234,-14746.940,50000.000,9.00,-36000.762,201.706,50000.000,30.000,0
20051,-14425.705,-14067.116,50000.000,16.00,-36456.469,-2218.765,50000.000,22.000,0
20101,-15576.176,-15538.822,50000.000,18.00,-36448.996,-5886.823,50000.000,23.000,0
20151,-14836.587,-15023.352,50000.000,19.00,-37532.234,-2696.882,50000.000,25.000,0
20201,-16629.527,-17122.588,50000.000,14.00,-38533.293,-649.941,50000.000,27.000,0
20251,-16554.822,-15882.470,50000.000,18.00,-38197.113,-5281.706,50000.000,22.000,0
20301,-17077.764,-18459.822,50000.000,8.00,-37554.645,-5670.176,50000.000,15.000,0
20351,-17824.822,-18414.998,50000.000,8.00,-38495.938,-724.647,50000.000,21.000,0
20401,-13043.646,-12610.353,50000.000,20.00,-39041.293,-3145.117,50000.000,34.000,0
20451,-14082.058,-12206.940,50000.000,14.00,-37823.586,-5102.412,50000.000,23.000,0
20501,-17518.527,-16211.176,50000.000,8.00,-38309.176,-1748.118,50000.000,27.000,0
20551,-16793.881,-15501.470,50000.000,11.00,-39960.172,-1576.294,50000.000,29.000,0
20601,-15479.058,-14425.705,50000.000,15.00,-38884.410,-5782.235,50000.000,38.000,0
20651,-17234.646,-14380.882,50000.000,17.00,-38824.645,-5289.176,50000.000,19.000,0
20701,-17593.234,-14425.705,50000.000,13.00,-38212.055,1090.706,50000.000,22.000,0
20751,-15060.705,-12326.470,50000.000,14.00,-40214.172,-1284.941,50000.000,26.000,0
20801,-16487.588,-14821.646,50000.000,14.00,-39892.938,-8262.470,50000.000,26.000,0
20851,-15142.881,-13544.176,50000.000,9.00,-39855.586,-7605.058,50000.000,28.000,0
20901,-18175.939,-17047.881,50000.000,13.00,-39586.645,-2398.059,50000.000,18.000,0
20951,-21007.293,-18654.057,50000.000,12.00,-41252.586,-5774.764,50000.000,29.000,0
21001,-16524.939,-14246.411,50000.000,14.00,-41409.469,-8105.588,50000.000,29.000,0
21051,-19191.939,-17242.117,50000.000,9.00,-40961.234,-2300.941,50000.000,25.000,0
21101,-20596.410,-18743.705,50000.000,13.00,-42320.879,-1172.882,50000.000,23.000,0
21151,-16816.293,-14216.528,50000.000,13.00,-41528.996,-5453.529,50000.000,26.000,0
21201,-20461.939,-17092.705,50000.000,15.00,-41020.996,-4684.059,50000.000,22.000,0
21251,-23181.234,-21597.469,50000.000,17.00,-42828.879,-156.882,50000.000,21.000,0
21301,-18728.764,-15994.528,50000.000,16.00,-43187.469,-2577.353,50000.000,18.000,0
21351,-15180.234,-12789.646,50000.000,17.00,-41073.293,-6716.059,50000.000,20.000,0
21401,-17623.117,-14649.822,50000.000,17.00,-41222.703,-3406.588,50000.000,25.000,0
21451,-20484.352,-17040.410,50000.000,10.00,-41514.055,-7.471,50000.000,31.000,0
21501,-19811.998,-17040.410,50000.000,16.00,-42492.703,-6297.706,50000.000,23.000,0
21551,-18265.588,-15874.999,50000.000,16.00,-42791.527,-8987.117,50000.000,21.000,0
21601,-24159.881,-22127.881,50000.000,14.00,-42955.879,-2241.176,50000.000,20.000,0
21651,-25145.998,-23330.645,50000.000,12.00,-43575.938,-2637.117,50000.000,29.000,0
21701,-16046.822,-14926.234,50000.000,17.00,-42343.293,-9009.528,50000.000,28.000,0
21751,-18870.705,-17264.527,50000.000,10.00,-42671.996,-6103.470,50000.000,30.000,0
21801,-21507.822,-12909.176,50000.000,14.00,-42746.703,-1942.353,50000.000,30.000,0
21851,-13783.234,-12490.822,50001.000,14.00,-41760.586,-9450.294,50000.000,31.000,0
21901,-15254.940,-13529.234,50000.000,13.00,-42066.879,-12864.353,49999.000,23.000,0
21951,-21238.881,-21485.410,49999.000,10.00,-41304.879,-7567.706,49999.000,30.000,0
22001,-19692.469,-20133.234,50000.000,10.00,-42649.586,-8613.588,50000.000,29.000,0
22051,-15225.058,-13133.293,50000.000,15.00,-42649.586,-11796.058,50000.000,23.000,0
22101,-20499.293,-17174.881,50000.000,14.00,-41200.293,-7530.353,50000.000,23.000,0
22151,-20999.822,-19797.057,50000.000,11.00,-43120.230,-4146.176,50000.000,20.000,0
22201,-15299.764,-12946.528,50000.000,11.00,-42544.996,-10369.176,50000.000,29.000,0
22251,-23584.645,-20185.527,50000.000,12.00,-41596.234,-10548.470,50000.000,20.000,0
22301,-24772.469,-23943.234,50000.000,13.00,-42268.586,-4953.000,50000.000,23.000,0
22351,-17757.588,-17914.469,50000.000,10.00,-43142.645,-7575.176,50000.000,16.000,0
22401,-16786.410,-15075.646,50000.000,11.00,-42365.703,-12057.528,50000.000,24.000,0
22451,-20491.822,-20080.939,50000.000,10.00,-41924.938,-8247.529,50000.000,24.000,0
22501,-19057.469,-19580.410,50000.000,17.00,-43075.410,-8531.411,50000.000,25.000,0
22551,-10675.470,-11810.999,50000.000,16.00,-42978.293,-13999.882,50000.000,17.000,0
22601,-15314.705,-14933.705,50000.000,11.00,-41939.879,-11452.411,50000.000,30.000,0
22651,-22083.057,-22583.586,50000.000,10.00,-41342.234,-7410.823,50000.000,21.000,0
22701,-16622.059,-16920.881,50000.000,10.00,-43277.113,-13753.352,50000.000,23.000,0
22751,-15658.352,-14851.528,50000.000,17.00,-42074.352,-12752.293,50000.000,30.000,0
22801,-18250.646,-18355.234,50000.000,16.00,-41506.586,-6335.059,50000.000,32.000,0
22851,-14926.234,-14336.058,50000.000,7.00,-43448.938,-8508.999,50000.000,28.000,0
22901,-16905.939,-14851.528,50000.000,11.00,-42791.527,-9435.353,50000.000,27.000,0
22951,-24936.822,-22635.881,50000.000,17.00,-41797.938,-3160.059,50000.000,30.000,0
23001,-26102.234,-23614.527,50000.000,11.00,-44255.762,-3316.941,50000.000,18.000,0
23051,-18019.057,-15359.528,50000.000,18.00,-43433.996,-7082.117,50000.000,28.000,0
23101,-17667.939,-14298.705,50000.000,14.00,-42268.586,-3787.588,50000.000,15.000,0
23151,-22030.764,-18056.410,50000.000,12.00,-42843.820,231.588,50000.000,25.000,0
23201,-18960.352,-13708.528,50000.000,12.00,-42940.938,-4385.235,50000.000,27.000,0
23251,-21754.352,-14619.940,50000.000,22.00,-41185.352,-7522.882,50000.000,29.000,0
23301,-23905.881,-17443.822,50000.000,10.00,-41693.352,-3847.353,50000.000,24.000,0
23351,-22986.998,-19274.117,50000.000,15.00,-43546.055,-851.647,50000.000,27.000,0
23401,-17660.469,-12968.940,50000.000,19.00,-43478.820,-2831.353,50000.000,22.000,0
23451,-19864.293,-12543.117,50000.000,18.00,-41439.352,-3496.235,50000.000,22.000,0
23501,-27932.527,-17085.234,50000.000,10.00,-41446.820,-1404.470,50000.000,20.000,0
23551,-25698.822,-18198.352,50000.000,13.00,-42328.352,1404.470,50000.000,25.000,0
23601,-25624.115,-15508.940,50000.000,17.00,-41857.703,440.765,50000.000,18.000,0
23651,-28851.410,-16382.999,50000.000,14.00,-40176.820,-649.941,50000.000,22.000,0
23701,-30024.293,-19318.939,50000.000,16.00,-41394.527,-1016.000,50000.000,17.000,0
23751,-22830.115,-16666.881,50000.000,12.00,-41551.410,97.118,50000.000,31.000,0
23801,-22942.176,-15493.999,50000.000,14.00,-42388.113,-1778.000,50000.000,29.000,0
23851,-25183.352,-16390.469,50000.000,18.00,-40796.879,-3234.764,50000.000,27.000,0
23901,-25123.586,-18175.939,50000.000,13.00,-41349.703,-1165.412,50000.000,29.000,0
23951,-24107.586,-19498.234,50000.000,7.00,-42828.879,-381.000,50000.000,21.000,0
24001,-20432.057,-15927.293,50000.000,13.00,-42350.762,-4967.941,50000.000,17.000,0
24051,-20544.117,-15075.646,50000.000,22.00,-42089.293,-5864.411,50000.000,20.000,0
24101,-22030.764,-18310.410,50000.000,12.00,-42589.820,-1374.588,50000.000,25.000,0
24151,-20603.881,-17936.881,50000.000,14.00,-43717.879,-2435.412,50000.000,26.000,0
24201,-18639.117,-14507.882,50000.000,14.00,-42126.645,-4497.294,50000.000,24.000,0
24251,-25616.645,-18885.646,50000.000,12.00,-42335.820,-1322.294,50000.000,12.000,0
24301,-28164.115,-22232.469,50000.000,17.00,-43277.113,1658.470,50000.000,27.000,0
24351,-18205.822,-13753.352,50000.000,13.00,-42500.172,-560.294,50000.000,20.000,0
24401,-21649.764,-14881.411,50000.000,14.00,-41207.762,-1038.412,50000.000,26.000,0
24451,-26759.645,-19789.586,50000.000,18.00,-41394.527,1284.941,50000.000,21.000,0
24501,-24331.705,-19991.293,50000.000,12.00,-43202.410,560.294,50000.000,29.000,0
24551,-23614.527,-20133.234,50000.000,13.00,-42604.762,-2696.882,50000.000,25.000,0
24601,-23211.115,-18915.527,50000.000,15.00,-41581.293,-1434.353,50000.000,29.000,0
24651,-22351.998,-19087.352,50000.000,12.00,-42701.879,687.294,50000.000,19.000,0
24701,-22090.527,-19199.410,50000.000,20.00,-43419.055,-4101.353,50000.000,27.000,0
24751,-23748.998,-20200.469,50000.000,15.00,-43314.469,-6805.706,50000.000,26.000,0
24801,-20357.352,-18071.352,50000.000,7.00,-42559.938,-1837.765,50000.000,16.000,0
24851,-19804.527,-17152.469,50000.000,10.00,-42559.938,-149.412,50000.000,30.000,0
24901,-16397.939,-12849.411,50000.000,14.00,-42642.113,-1262.529,50000.000,30.000,0
24951,-21933.646,-15576.176,50000.000,12.00,-41282.469,-739.588,50000.000,25.000,0
25001,-29127.822,-21589.998,50000.000,19.00,-40811.820,3018.117,50000.000,22.000,0
25051,-21604.939,-17227.176,50000.000,15.00,-41655.996,1277.470,50000.000,19.000,0
25101,-24996.586,-20424.586,50000.000,15.00,-39750.996,-2002.118,50000.000,20.000,0
25151,-23801.293,-18146.057,50000.000,13.00,-34536.527,-1598.706,50000.000,20.000,0
25201,-25205.764,-17862.176,50000.000,21.00,-33737.176,351.118,50000.000,25.000,0
25251,-31294.293,-22867.469,50000.000,16.00,-40288.879,-3578.412,50000.000,18.000,0
25301,-24167.352,-17690.352,50000.000,15.00,-40625.055,-7627.470,50000.000,24.000,0
25351,-22359.469,-15195.176,50000.000,14.00,-39213.113,-3832.412,50000.000,23.000,0
25401,-24264.469,-17391.527,50000.000,12.00,-39653.879,515.471,50000.000,34.000,0
25451,-23270.881,-17376.588,50000.000,12.00,-40363.586,-2921.000,50000.000,24.000,0
25501,-22934.705,-16636.998,50000.000,12.00,-39967.645,-5998.882,50000.000,25.000,0
25551,-22172.705,-15964.646,50000.000,22.00,-40049.820,-4930.588,50000.000,24.000,0
25601,-19214.352,-15508.940,50000.000,12.00,-40079.703,-1680.882,50000.000,22.000,0
25651,-15740.528,-13618.882,50000.000,19.00,-40236.586,-3914.588,50000.000,19.000,0
25701,-17189.822,-14410.764,50000.000,12.00,-38197.113,-6499.411,50000.000,20.000,0
25751,-24383.998,-20536.646,50000.000,9.00,-38600.527,-3787.588,50000.000,19.000,0
25801,-18527.057,-17167.410,50000.000,13.00,-39444.703,-1763.059,50000.000,17.000,0
25851,-17481.176,-15172.764,50000.000,14.00,-39549.293,-5722.470,50000.000,34.000,0
25901,-19714.881,-16607.117,50000.000,13.00,-38974.055,-6783.293,50000.000,19.000,0
25951,-19864.293,-17189.822,50000.000,10.00,-37143.762,-2046.941,50000.000,21.000,0
26001,-20170.586,-16524.939,50000.000,12.00,-40131.996,-2173.941,50000.000,24.000,0
26051,-19132.176,-14530.293,50000.000,14.00,-39765.938,-5655.235,50000.000,25.000,0
26101,-22239.939,-15628.470,50000.000,8.00,-39556.762,-4198.470,50000.000,26.000,0
26151,-20192.998,-13887.822,50000.000,20.00,-39623.996,664.882,50000.000,17.000,0
26201,-22426.705,-14956.116,50000.000,13.00,-40109.586,-829.235,50000.000,21.000,0
26251,-26647.586,-16487.588,50000.000,8.00,-40221.645,-2846.294,50000.000,17.000,0
26301,-27715.881,-17085.234,50000.000,20.00,-40184.293,-3496.235,50000.000,19.000,0
26351,-25429.881,-18340.293,50000.000,15.00,-41050.879,-889.000,50000.000,24.000,0
26401,-20910.176,-17077.764,50000.000,15.00,-42365.703,239.059,50000.000,25.000,0
26451,-19259.176,-13088.470,50000.000,18.00,-40460.703,-702.235,50000.000,24.000,0
26501,-27775.645,-17638.059,50000.000,12.00,-38899.352,-971.176,50000.000,16.000,0
26551,-26864.234,-17518.527,50000.000,10.00,-38869.469,-209.176,50000.000,15.000,0
26601,-23509.939,-17257.059,50000.000,7.00,-37644.293,119.529,50000.000,23.000,0
26651,-22725.527,-16838.705,50000.000,10.00,-40991.113,-3653.117,50000.000,23.000,0
26701,-22800.234,-15755.470,50000.000,17.00,-39123.469,-4654.176,50000.000,30.000,0
26751,-32198.232,-21582.527,50000.000,15.00,-39504.469,-1105.647,50000.000,21.000,0
26801,-29202.527,-20835.469,50000.000,11.00,-41125.586,724.647,50000.000,31.000,0
26851,-23995.527,-15628.470,50000.000,13.00,-41155.469,-545.353,50000.000,21.000,0
26901,-24436.293,-14657.293,50000.000,8.00,-39848.113,-1053.353,50000.000,21.000,0
26951,-27925.057,-17869.646,50000.000,14.00,-40498.055,-2039.470,50000.000,31.000,0
27001,-22292.234,-16726.646,50000.000,14.00,-40834.234,-1703.294,50000.000,22.000,0
27051,-22471.527,-17735.176,50000.000,19.00,-40639.996,-4422.588,50000.000,19.000,0
27101,-23487.527,-16666.881,50000.000,12.00,-39855.586,-5864.411,50000.000,28.000,0
27151,-24204.705,-17421.410,50000.000,17.00,-37905.762,-2039.470,50000.000,13.000,0
27201,-21403.234,-16039.352,50000.000,14.00,-39123.469,179.294,50000.000,20.000,0
27251,-15329.646,-11011.646,50000.000,17.00,-39990.055,-2315.882,50000.000,16.000,0
27301,-22650.822,-15591.116,50000.000,20.00,-36284.645,-2547.470,50000.000,19.000,0
27351,-25116.115,-18325.352,50000.000,11.00,-38301.703,-381.000,50000.000,23.000,0
27401,-21328.527,-17421.410,50000.000,10.00,-40961.234,-29.882,50000.000,28.000,0
27451,-23203.645,-18146.057,50000.000,12.00,-40834.234,-2218.765,50000.000,17.000,0
27501,-26976.293,-19557.998,50000.000,20.00,-40281.410,-2846.294,50000.000,27.000,0
27551,-29209.998,-23128.939,50000.000,18.00,-41932.410,-1800.412,50000.000,27.000,0
27601,-18459.822,-16016.940,50000.000,17.00,-41924.938,-2211.294,50000.000,22.000,0
27651,-14448.116,-10391.588,50000.000,18.00,-40796.879,-2629.647,50000.000,27.000,0
27701,-19580.410,-13857.940,50000.000,18.00,-40647.469,-1927.412,50000.000,20.000,0
27751,-21208.998,-17443.822,50000.000,11.00,-40378.527,-1852.706,50000.000,21.000,0
27801,-19729.822,-17234.646,50000.000,13.00,-40737.113,-6103.470,50000.000,33.000,0
27851,-21067.057,-17331.764,50000.000,17.00,-40057.293,-5834.529,50000.000,20.000,0
27901,-22919.764,-19154.588,50000.000,17.00,-37958.055,119.529,50000.000,23.000,0
27951,-17227.176,-15075.646,50000.000,14.00,-39198.172,-1501.588,50000.000,29.000,0
28001,-14156.764,-11676.528,50000.000,13.00,-38869.469,-5558.117,50000.000,18.000,0
28051,-18788.527,-15381.940,50000.000,13.00,-34402.055,-2801.470,50000.000,14.000,0
28101,-18654.057,-15830.176,50000.000,13.00,-36747.820,-209.176,50000.000,21.000,0
28151,-19124.705,-16285.881,50000.000,8.00,-40632.527,-4579.470,50000.000,26.000,0
28201,-17892.057,-15553.764,50000.000,15.00,-39915.352,-6648.823,50000.000,30.000,0
28251,-23016.881,-21679.646,50000.000,12.00,-39997.527,-2315.882,50000.000,28.000,0
28301,-19909.117,-18870.705,50000.000,12.00,-40752.055,-3070.412,50000.000,29.000,0
28351,-15576.176,-13402.234,50000.000,13.00,-39795.820,-5378.823,50000.000,39.000,0
28401,-15830.176,-14350.999,50000.000,21.00,-38914.293,-3369.235,50000.000,20.000,0
28451,-14993.470,-14903.822,50000.000,12.00,-39108.527,-2390.588,50000.000,22.000,0
28501,-16554.822,-16480.117,50000.000,14.00,-39467.113,-8449.234,50000.000,28.000,0
28551,-15882.470,-15441.705,50000.000,16.00,-39369.996,-8449.234,50000.000,24.000,0
28601,-16285.881,-16151.411,50000.000,16.00,-37875.879,-2286.000,50000.000,21.000,0
28651,-14014.822,-14313.646,50000.000,19.00,-37644.293,-5378.823,50000.000,16.000,0
28701,-18422.469,-17473.705,50000.000,16.00,-37098.938,-7268.882,50000.000,13.000,0
28751,-18444.881,-17361.646,50000.000,10.00,-35253.703,-2032.000,50000.000,31.000,0
28801,-18093.764,-16487.588,50000.000,15.00,-37450.055,-2831.353,50000.000,25.000,0
28851,-18788.527,-15658.352,50000.000,16.00,-37816.113,-6902.823,50000.000,28.000,0
28901,-17257.059,-14784.293,50000.000,17.00,-36904.703,-3854.823,50000.000,13.000,0
28951,-19490.764,-17615.646,50000.000,13.00,-38749.938,82.176,50000.000,28.000,0
29001,-19147.117,-15927.293,50000.000,11.00,-39653.879,-2838.823,50000.000,27.000,0
29051,-18952.881,-14776.822,50000.000,17.00,-39153.352,-3795.059,50000.000,31.000,0
29101,-19490.764,-16554.822,50000.000,13.00,-39818.234,-1120.588,50000.000,26.000,0
29151,-16495.059,-14037.234,50000.000,8.00,-40983.645,-3869.764,50000.000,23.000,0
29201,-12587.940,-10279.528,50000.000,17.00,-40595.172,-9031.940,50000.000,22.000,0
29251,-17727.705,-15486.528,50000.000,15.00,-40027.410,-7859.058,50000.000,24.000,0
29301,-19520.646,-19184.469,50000.000,15.00,-40438.293,-3907.117,50000.000,22.000,0
29351,-15815.234,-14933.705,50000.000,11.00,-39900.410,-4728.882,50000.000,23.000,0
29401,-18960.352,-16054.293,50000.000,15.00,-38010.352,-4788.647,50000.000,16.000,0
29451,-22269.822,-18280.527,50000.000,10.00,-38630.410,-1329.765,50000.000,19.000,0
29501,-15000.940,-12289.117,50000.000,17.00,-38593.055,-433.294,50000.000,31.000,0
29551,-22426.705,-18452.352,50000.000,15.00,-38085.055,-3175.000,50000.000,17.000,0
29601,-25863.174,-18482.234,50000.000,9.00,-38092.527,-2622.176,50000.000,16.000,0
29651,-25444.822,-18258.117,50000.000,15.00,-34200.352,1561.353,50000.000,31.000,0
29701,-24025.410,-17615.646,50000.000,17.00,-38443.645,-134.471,50000.000,25.000,0
29751,-21067.057,-15867.528,50000.000,13.00,-39018.879,-5565.588,50000.000,22.000,0
29801,-19819.469,-15142.881,50000.000,17.00,-36389.234,-5446.059,50000.000,29.000,0
29851,-16211.176,-13633.822,50000.000,13.00,-39138.410,-2084.294,50000.000,30.000,0
29901,-17847.234,-15187.705,50000.000,13.00,-41103.172,-4975.412,50000.000,18.000,0
29951,-18235.705,-15232.528,50000.000,14.00,-40968.703,-9285.940,50000.000,29.000,0
30001,-18033.998,-16726.646,50000.000,12.00,-40438.293,-6835.588,50000.000,30.000,0
30051,-18063.881,-18952.881,50000.000,13.00,-39870.527,-3996.764,50000.000,31.000,0
30101,-17458.764,-16711.705,50000.000,22.00,-39698.703,-6342.529,50000.000,25.000,0
30151,-17518.527,-15650.881,50000.000,15.00,-38585.586,-5632.823,50000.000,25.000,0
30201,-20925.117,-20051.057,50000.000,15.00,-38428.703,-762.000,50000.000,15.000,0
30251,-15919.822,-15598.587,50000.000,15.00,-38891.879,-3062.941,50000.000,19.000,0
30301,-17100.176,-17025.469,50000.000,15.00,-37689.113,-7709.646,50000.000,17.000,0
30351,-16823.764,-16241.058,50000.000,18.00,-35694.469,-3324.412,50000.000,21.000,0
30401,-17548.410,-16659.410,50000.000,9.00,-36732.879,-2226.235,50000.000,30.000,0
30451,-16158.881,-15643.411,50000.000,13.00,-39160.820,-7926.293,50000.000,24.000,0
30501,-15733.058,-14649.822,50000.000,16.00,-37980.469,-6925.235,50000.000,27.000,0
30551,-16831.234,-16136.470,50000.000,8.00,-37666.703,-1934.882,50000.000,23.000,0
30601,-16099.116,-14515.352,50000.000,12.00,-39369.996,-5348.941,50000.000,22.000,0
30651,-14836.587,-13140.764,50000.000,13.00,-39683.762,-10331.823,50000.000,24.000,0
30701,-16472.646,-15755.470,50000.000,11.00,-38966.586,-6544.235,50000.000,22.000,0
30751,-17219.705,-17750.117,50000.000,9.00,-38316.645,-3929.529,50000.000,36.000,0
30801,-16397.939,-15374.470,50000.000,15.00,-39310.234,-8606.117,50000.000,21.000,0
30851,-17115.117,-15023.352,50000.000,17.00,-38413.762,-7806.764,50000.000,21.000,0
30901,-16532.410,-16128.999,50000.000,13.00,-37076.527,-881.529,50000.000,21.000,0
30951,-14724.528,-13207.999,50000.000,15.00,-37196.055,-1576.294,50000.000,23.000,0
31001,-13095.940,-10809.940,50000.000,19.00,-37420.176,-4579.470,50000.000,26.000,0
31051,-18766.117,-15643.411,50000.000,12.00,-36023.176,-2442.882,50000.000,26.000,0
31101,-19012.646,-16255.999,50000.000,16.00,-32937.820,-276.412,50000.000,24.000,0
31151,-17772.527,-15112.999,50000.000,16.00,-37397.762,-4288.117,50000.000,18.000,0
31201,-17286.939,-14612.470,50000.000,22.00,-36688.055,-6491.941,50000.000,16.000,0
31251,-20349.881,-17488.646,50000.000,14.00,-35328.410,-1763.059,50000.000,30.000,0
31301,-19199.410,-16771.469,50000.000,14.00,-37838.527,-1651.000,50000.000,22.000,0
31351,-16950.764,-14119.411,50000.000,13.00,-39175.762,-6096.000,50000.000,28.000,0
31401,-20319.998,-16330.705,50000.000,16.00,-38017.820,-5341.470,50000.000,24.000,0
31451,-18945.410,-15927.293,50000.000,13.00,-37173.645,-478.118,50000.000,27.000,0
31501,-14731.999,-11026.588,50000.000,14.00,-37181.113,545.353,50000.000,16.000,0
31551,-19079.881,-11325.411,50000.000,14.00,-35567.469,-67.235,50000.000,31.000,0
31601,-24369.057,-12483.353,50000.000,18.00,-35358.293,-306.294,50000.000,28.000,0
31651,-22897.352,-10578.353,50000.000,12.00,-34715.820,-141.941,50000.000,22.000,0
31701,-21970.998,-10540.999,50000.000,15.00,-32063.762,605.118,50000.000,20.000,0
31751,-22351.998,-12244.293,50000.000,8.00,-31070.174,493.059,50000.000,32.000,0
31801,-15015.881,-7874.000,50000.000,8.00,-32773.469,-1486.647,50000.000,23.000,0
31851,-13439.587,-4773.706,50000.000,11.00,-28642.232,-3130.176,50000.000,13.000,0
31901,-21716.998,-5109.882,50000.000,15.00,-23681.764,-4176.059,50000.000,24.000,0
31951,-20357.352,-7545.293,50000.000,15.00,-26782.057,-7754.470,50000.000,31.000,0
32001,-16001.999,-12752.293,50000.000,13.00,-27775.645,-10959.353,50000.000,21.000,0
32051,-15523.881,-13066.058,50000.000,13.00,-25624.115,-11116.234,50000.000,25.000,0
32101,-15269.881,-12094.882,50000.000,15.00,-25444.822,-10697.882,50000.000,11.000,0
32151,-14283.764,-8710.705,50000.000,15.00,-21873.881,-6559.176,50000.000,18.000,0
32201,-18594.293,-12274.176,50000.000,12.00,-26557.939,-7313.706,50000.000,24.000,0
32251,-19214.352,-17466.234,50000.000,11.00,-29404.232,-6125.882,50000.000,28.000,0
32301,-12931.587,-13940.117,50000.000,12.00,-29949.586,-3757.706,50000.000,20.000,0
32351,-14575.116,-12139.705,50000.000,24.00,-29277.232,-971.176,50000.000,25.000,0
32401,-16323.234,-11624.234,50000.000,15.00,-28335.939,366.059,50000.000,27.000,0
32451,-17294.410,-12662.646,50000.000,13.00,-28612.352,971.176,50000.000,28.000,0
32501,-17249.588,-11489.764,50000.000,19.00,-29038.174,1277.470,50000.000,28.000,0
32551,-16808.822,-13327.528,50000.000,19.00,-29665.703,-732.118,50000.000,19.000,0
32601,-15710.646,-11698.940,50000.000,11.00,-29546.174,-1016.000,50000.000,18.000,0
32651,-14926.234,-9629.588,50000.000,10.00,-27050.998,5446.059,50000.000,30.000,0
32701,-15359.528,-9928.411,50000.000,14.00,-27118.234,4228.353,50000.000,24.000,0
32751,-15650.881,-10839.823,50000.000,15.00,-29105.410,799.353,50000.000,21.000,0
32801,-9054.353,-6200.588,50000.000,13.00,-29060.586,-141.941,50000.000,21.000,0
32851,-15591.116,-11601.822,50000.000,11.00,-28395.703,-522.941,50000.000,17.000,0
32901,-17936.881,-15598.587,50000.000,12.00,-28978.410,1232.647,50000.000,31.000,0
32951,-14477.999,-13506.822,50000.000,13.00,-30420.232,1090.706,50000.000,24.000,0
33001,-16636.998,-13409.705,50000.000,11.00,-29038.174,149.412,50000.000,24.000,0
33051,-17697.822,-14022.293,50000.000,19.00,-30143.822,-388.471,50000.000,24.000,0
33101,-18534.527,-15038.293,50000.000,16.00,-30352.998,1202.765,50000.000,32.000,0
33151,-21156.705,-17047.881,50000.000,9.00,-30532.293,433.294,50000.000,41.000,0
33201,-19513.176,-16674.352,50000.000,18.00,-32093.645,-3451.412,50000.000,29.000,0
33251,-16009.470,-14111.940,50000.000,16.00,-32280.410,-6379.882,50000.000,28.000,0
33301,-16248.528,-14657.293,50000.000,13.00,-31264.410,-1934.882,50000.000,24.000,0
33351,-15127.940,-15329.646,50000.000,15.00,-31682.762,-164.353,50000.000,29.000,0
33401,-12543.117,-11796.058,50000.000,14.00,-32340.174,-2921.000,50000.000,19.000,0
33451,-13895.293,-12961.470,50000.000,11.00,-31354.057,-4818.529,50000.000,26.000,0
33501,-14896.352,-15165.293,50000.000,14.00,-32018.939,-3085.353,50000.000,29.000,0
33551,-14918.764,-16315.764,50000.000,9.00,-31062.703,-776.941,50000.000,33.000,0
33601,-15374.470,-14642.352,50000.000,16.00,-30846.057,-2980.764,50000.000,26.000,0
33651,-16607.117,-15419.293,50000.000,15.00,-30838.586,-4669.117,50000.000,21.000,0
33701,-16039.352,-16166.352,50000.000,15.00,-30584.586,-1426.882,50000.000,24.000,0
33751,-14059.646,-14463.058,50000.000,16.00,-31182.232,-874.059,50000.000,25.000,0
33801,-13207.999,-14321.116,50000.000,16.00,-31107.527,-5169.646,50000.000,23.000,0
33851,-16188.764,-18601.764,50000.000,16.00,-30875.939,-6731.000,50000.000,14.000,0
33901,-13820.587,-15464.116,50000.000,11.00,-29374.352,-1665.941,50000.000,21.000,0
33951,-15337.116,-16622.059,50000.000,14.00,-31735.057,-2629.647,50000.000,24.000,0
34001,-15195.176,-18160.998,50000.000,14.00,-33625.117,-9136.528,50000.000,20.000,0
34051,-14694.646,-16255.999,50000.000,15.00,-33296.410,-7104.529,50000.000,18.000,0
34101,-15762.940,-16472.646,50000.000,16.00,-31174.762,-3033.059,50000.000,29.000,0
34151,-14604.999,-15075.646,50000.000,11.00,-32848.176,-9495.117,50000.000,28.000,0
34201,-13872.882,-13715.999,50000.000,11.00,-32721.174,-13521.764,50000.000,21.000,0
34251,-13327.528,-14560.176,50000.000,12.00,-31227.057,-10989.234,50000.000,29.000,0
34301,-12266.705,-13999.882,50000.000,19.00,-30823.645,-10443.882,50000.000,28.000,0
34351,-13842.999,-13058.587,50000.000,16.00,-27237.764,-12057.528,50000.000,29.000,0
34401,-16644.469,-15157.822,50000.000,22.00,-25713.764,-14052.176,50000.000,31.000,0
34451,-16607.117,-17301.881,50000.000,17.00,-25190.822,-12677.587,50000.000,35.000,0
34501,-15471.587,-17951.822,50000.000,8.00,-23143.881,-12341.411,50000.000,26.000,0
34551,-15098.058,-15098.058,50000.000,12.00,-20260.234,-10959.353,50000.000,15.000,0
34601,-13574.058,-11370.234,50000.000,12.00,-14328.587,-8172.823,50000.000,18.000,0
34651,-15785.352,-15202.646,50000.000,15.00,-18392.588,-9554.882,50000.000,21.000,0
34701,-14343.528,-16861.117,50000.000,12.00,-20394.705,-9226.176,50000.000,21.000,0
34751,-12259.234,-12042.588,50000.000,17.00,-20798.117,-6701.117,50000.000,15.000,0
34801,-11736.293,-8807.823,50000.000,18.00,-20940.057,-5319.059,50000.000,25.000,0
34851,-14851.528,-11923.058,50000.000,11.00,-21246.352,-3623.235,50000.000,26.000,0
34901,-15665.822,-16375.528,50000.000,12.00,-23950.705,-620.059,50000.000,24.000,0
34951,-14433.176,-14380.882,50000.000,19.00,-24884.527,-403.412,50000.000,24.000,0
35001,-15172.764,-13349.940,50000.000,19.00,-23517.410,-2749.176,50000.000,22.000,0
35051,-17496.117,-15830.176,50000.000,12.00,-24481.115,-5976.470,50000.000,27.000,0
35101,-16300.822,-16345.646,50000.000,16.00,-23719.115,-5700.059,50000.000,24.000,0
35151,-16801.352,-18228.234,50000.000,19.00,-22419.234,-5535.706,50000.000,33.000,0
35201,-15665.822,-16898.469,50000.000,17.00,-23076.645,-9427.882,50000.000,29.000,0
35251,-14769.352,-16278.411,50000.000,14.00,-21716.998,-11078.882,50000.000,20.000,0
35301,-15434.234,-19924.057,50000.000,11.00,-22942.176,-7844.117,50000.000,32.000,0
35351,-14201.587,-20402.176,50000.000,17.00,-25190.822,-6462.059,50000.000,40.000,0
35401,-11429.999,-14985.999,50000.000,13.00,-22643.352,-9435.353,50000.000,34.000,0
35451,-12005.234,-16211.176,50000.000,17.00,-21560.115,-11078.882,50000.000,29.000,0
35501,-12714.940,-19072.410,50000.000,10.00,-22598.527,-7545.293,50000.000,22.000,0
35551,-13103.411,-20708.469,50000.000,10.00,-22202.586,-6947.646,50000.000,26.000,0
35601,-12647.705,-20200.469,50000.000,14.00,-21141.764,-11213.353,50000.000,23.000,0
35651,-12199.470,-19804.527,50000.000,19.00,-21604.939,-10817.411,50000.000,30.000,0
35701,-14448.116,-23726.586,50000.000,15.00,-21642.293,-7029.823,50000.000,19.000,0
35751,-14044.705,-21784.234,50000.000,14.00,-22112.939,-9480.176,50000.000,20.000,0
35801,-12513.234,-18885.646,50000.000,15.00,-21664.705,-10570.882,50000.000,14.000,0
35851,-10018.059,-13701.058,50000.000,16.00,-22165.234,-5505.823,50000.000,21.000,0
35901,-11138.646,-11878.234,50000.000,19.00,-20790.646,-590.176,50000.000,23.000,0
35951,-10996.705,-8508.999,50000.000,12.00,-22232.469,-1785.470,50000.000,24.000,0
36001,-15680.764,-10174.940,50000.000,15.00,-22538.764,-1792.941,50000.000,27.000,0
36051,-16547.352,-9532.470,50000.000,15.00,-23711.645,-209.176,50000.000,22.000,0
36101,-16285.881,-10286.999,50000.000,16.00,-24129.998,3429.000,50000.000,23.000,0
36151,-16091.646,-10130.117,50000.000,14.00,-24174.822,5729.941,50000.000,31.000,0
36201,-16495.059,-9143.999,50000.000,19.00,-25848.234,2554.941,50000.000,25.000,0
36251,-17354.176,-8180.293,50000.000,9.00,-26184.410,-29.882,50000.000,25.000,0
36301,-17488.646,-6731.000,50000.000,12.00,-24921.881,-2136.588,50000.000,20.000,0
36351,-17757.588,-7552.764,50000.000,20.00,-24212.176,-4056.529,50000.000,26.000,0
36401,-17966.764,-10182.411,50000.000,22.00,-24675.352,-4773.706,50000.000,19.000,0
36451,-16031.881,-12005.234,50000.000,17.00,-24847.174,-4781.176,50000.000,27.000,0
36501,-15501.470,-13006.293,50000.000,19.00,-23905.881,-6357.470,50000.000,28.000,0
36551,-14455.587,-11444.940,50000.000,15.00,-23883.469,-8621.059,50000.000,24.000,0
36601,-13828.058,-9756.588,50000.000,19.00,-22531.293,-9173.882,50000.000,33.000,0
36651,-15150.352,-12520.705,50000.000,17.00,-22516.352,-7455.646,50000.000,29.000,0
36701,-13641.293,-14873.940,50000.000,21.00,-22904.822,-3384.176,50000.000,32.000,0
36751,-13170.646,-15845.116,50000.000,15.00,-23211.115,-1217.706,50000.000,29.000,0
36801,-12035.117,-12042.588,50000.000,15.00,-23121.469,-1240.118,50000.000,35.000,0
36851,-13738.411,-13245.352,50000.000,15.00,-21948.586,-1964.765,50000.000,35.000,0
36901,-15486.528,-16577.234,50000.000,24.00,-22478.998,-2069.353,50000.000,30.000,0
36951,-15083.116,-20424.586,50000.000,16.00,-23883.469,-97.118,50000.000,22.000,0
37001,-12154.646,-17167.410,50000.000,16.00,-24115.057,-2741.706,50000.000,25.000,0
37051,-12468.411,-18213.293,50000.000,20.00,-21552.646,-7179.235,50000.000,27.000,0
37101,-13581.528,-19744.764,50000.000,12.00,-22232.469,-5580.529,50000.000,28.000,0
37151,-12558.058,-18153.527,50000.000,19.00,-24189.764,-1553.882,50000.000,22.000,0
37201,-12050.058,-16547.352,50000.000,8.00,-23487.527,-5289.176,50000.000,29.000,0
37251,-12475.882,-17204.764,50000.000,8.00,-22725.527,-7971.117,50000.000,22.000,0
37301,-13379.822,-16255.999,50000.000,11.00,-24496.057,-2771.588,50000.000,29.000,0
37351,-15568.705,-16584.705,50000.000,13.00,-24466.176,1060.823,50000.000,24.000,0
37401,-16076.705,-15643.411,50000.000,16.00,-25616.645,-2151.529,50000.000,29.000,0
37451,-15329.646,-13663.705,50000.000,13.00,-25512.057,-3974.353,50000.000,31.000,0
37501,-15060.705,-13245.352,50000.000,17.00,-26005.115,-1404.470,50000.000,33.000,0
37551,-16412.881,-15464.116,50000.000,12.00,-25937.881,2218.765,50000.000,31.000,1
37601,-13656.234,-11444.940,50000.000,12.00,-26415.998,896.471,50000.000,30.000,1
37651,-13058.587,-9390.528,50000.000,13.00,-26714.822,-836.706,50000.000,28.000,0
37701,-15165.293,-11362.764,50000.000,21.00,-27021.115,-1837.765,50000.000,22.000,0
37751,-15688.234,-12699.999,50000.000,17.00,-27618.764,-717.176,50000.000,19.000,0
37801,-16905.939,-14111.940,50000.000,13.00,-28425.586,911.412,50000.000,24.000,0
37851,-11758.705,-9420.411,50000.000,9.00,-28515.232,-986.118,50000.000,29.000,0
37901,-12289.117,-9069.294,50000.000,15.00,-27798.057,-2345.765,50000.000,18.000,0
37951,-16562.293,-12670.117,50000.000,17.00,-28462.939,-1822.823,50000.000,24.000,0
38001,-18444.881,-16517.469,50000.000,15.00,-28970.939,1001.059,50000.000,28.000,0
38051,-17884.588,-17675.410,50000.000,15.00,-30584.586,119.529,50000.000,29.000,0
38101,-15516.411,-16569.764,50000.000,7.00,-29411.703,-2375.647,50000.000,19.000,0
38151,-15030.822,-16001.999,50000.000,16.00,-29725.469,-3130.176,50000.000,29.000,0
38201,-14089.528,-13417.176,50000.000,17.00,-29284.703,179.294,50000.000,26.000,0
38251,-16353.116,-15322.176,50000.000,10.00,-30069.115,104.588,50000.000,26.000,0
38301,-15837.646,-16039.352,50000.000,16.00,-31637.939,-4340.412,50000.000,26.000,0
38351,-15785.352,-15112.999,50000.000,16.00,-30793.762,-4684.059,50000.000,26.000,0
38401,-16315.764,-16412.881,50000.000,20.00,-30614.469,-44.824,50000.000,31.000,0
38451,-14530.293,-15000.940,50000.000,10.00,-32183.291,-22.412,50000.000,16.000,0
38501,-14403.293,-13260.293,50000.000,9.00,-31600.586,-1942.353,50000.000,23.000,0
38551,-16868.588,-15142.881,50000.000,16.00,-31428.762,-1509.059,50000.000,16.000,0
38601,-16084.176,-15366.999,50000.000,15.00,-31675.291,1255.059,50000.000,17.000,0
38651,-15904.881,-15733.058,50000.000,9.00,-32392.469,-410.882,50000.000,32.000,0
38701,-14739.470,-15449.176,50000.000,14.00,-33087.234,-3810.000,50000.000,27.000,0
38751,-14896.352,-15568.705,50000.000,10.00,-33445.820,-4601.882,50000.000,24.000,0
38801,-13364.882,-14096.999,50000.000,12.00,-32691.291,336.176,50000.000,21.000,0
38851,-11997.764,-12214.411,50000.000,11.00,-33841.762,-1262.529,50000.000,32.000,0
38901,-13895.293,-14851.528,50000.000,19.00,-33744.645,-6335.059,50000.000,21.000,0
38951,-15568.705,-16001.999,50000.000,14.00,-33094.703,-4579.470,50000.000,14.000,0
39001,-14978.528,-14395.822,50000.000,20.00,-32407.410,-762.000,50000.000,31.000,0
39051,-16255.999,-15187.705,50000.000,19.00,-34364.703,-5886.823,50000.000,22.000,0
39101,-14619.940,-13715.999,50000.000,14.00,-34476.762,-11034.058,50000.000,28.000,0
39151,-15493.999,-13984.940,50000.000,17.00,-33744.645,-6544.235,50000.000,26.000,0
39201,-16734.117,-15568.705,50000.000,12.00,-34148.055,-2173.941,50000.000,26.000,0
39251,-15449.176,-14253.882,50000.000,8.00,-34588.820,-6402.293,50000.000,23.000,0
39301,-13484.411,-12714.940,50000.000,14.00,-34708.352,-12296.588,50000.000,25.000,0
39351,-14829.116,-14365.940,50000.000,17.00,-35246.234,-10854.764,50000.000,23.000,0
39401,-11766.176,-12371.293,50000.000,16.00,-34424.469,-6170.706,50000.000,22.000,0
39451,-12737.353,-11295.528,50000.000,14.00,-34252.645,-9181.353,50000.000,23.000,0
39501,-16128.999,-12154.646,50000.000,14.00,-31652.881,-11235.764,50000.000,23.000,0
39551,-17242.117,-13349.940,50000.000,15.00,-30621.939,-9831.293,50000.000,21.000,0
39601,-17271.998,-14754.411,50000.000,16.00,-30696.645,-8658.411,50000.000,16.000,0
39651,-15994.528,-14463.058,50000.000,19.00,-30778.822,-11004.176,50000.000,17.000,0
39701,-14365.940,-10951.882,50000.000,11.00,-27357.293,-11840.882,50000.000,22.000,0
39751,-15127.940,-10996.705,50000.000,23.00,-22867.469,-11601.822,50000.000,23.000,0
39801,-16674.352,-16039.352,50000.000,14.00,-26288.998,-14201.587,50000.000,20.000,0
39851,-13088.470,-15262.411,50000.000,12.00,-29717.998,-15643.411,50000.000,17.000,0
39901,-12072.470,-10309.411,50000.000,15.00,-26684.939,-10316.882,50000.000,22.000,0
39951,-14873.940,-9928.411,50000.000,12.00,-25347.705,-6932.706,50000.000,29.000,0
40001,-16502.527,-14261.352,50000.000,14.00,-26438.410,-5588.000,50000.000,18.000,0
40051,-15994.528,-17974.234,50000.000,10.00,-28066.998,-2457.823,50000.000,29.000,0
40101,-12939.058,-13693.587,50000.000,16.00,-29247.352,-2465.294,50000.000,16.000,0
40151,-14978.528,-13342.470,50000.000,19.00,-27910.115,-2913.529,50000.000,21.000,0
40201,-16173.822,-12647.705,50000.000,15.00,-28440.527,-3361.764,50000.000,23.000,0
40251,-15381.940,-13245.352,50000.000,11.00,-28552.586,-1942.353,50000.000,19.000,0
40301,-16338.176,-14814.176,50000.000,15.00,-28477.881,-2644.588,50000.000,20.000,0
40351,-13267.764,-9338.234,50000.000,11.00,-27783.115,-5005.294,50000.000,20.000,0
40401,-16031.881,-2517.588,50000.000,16.00,-23853.586,-1367.118,50000.000,23.000,0
40451,-16151.411,1449.294,50000.000,19.00,-19871.764,3294.529,50000.000,26.000,0
40501,-17227.176,545.353,50000.000,16.00,-19296.527,1135.529,50000.000,22.000,0
40551,-14642.352,-724.647,50000.000,16.00,-19670.057,-1703.294,50000.000,38.000,0
40601,-13633.822,-104.588,50000.000,20.00,-18175.939,-717.176,50000.000,24.000,0
40651,-16338.176,-254.000,50000.000,23.00,-17563.352,328.706,50000.000,35.000,0
40701,-15650.881,-1090.706,50000.000,16.00,-18340.293,343.647,50000.000,28.000,0
40751,-13842.999,-806.823,50000.000,14.00,-17279.469,-156.882,50000.000,20.000,0
40801,-13678.646,-179.294,50000.000,13.00,-14500.411,-866.588,50000.000,25.000,0
40851,-12834.470,171.824,50000.000,15.00,-13977.470,-1128.059,50000.000,23.000,0
40901,-12064.999,179.294,50000.000,20.00,-12707.470,-590.176,50000.000,27.000,0
40951,-11041.528,-649.941,50000.000,22.00,-12244.293,-186.765,50000.000,34.000,0
41001,-9263.528,-1546.412,50000.000,17.00,-11280.588,-552.823,50000.000,31.000,0
41051,-7844.117,-1733.176,50000.000,17.00,-9726.705,-881.529,50000.000,29.000,0
41101,-6589.059,-1217.706,50000.000,20.00,-8015.940,-799.353,50000.000,38.000,0
41151,-5386.294,-859.118,50000.000,21.00,-6506.882,-515.471,50000.000,31.000,0
41201,-3914.588,-351.118,50000.000,17.00,-4586.941,-276.412,50000.000,35.000,0
41251,-2599.765,-141.941,50000.000,14.00,-2973.294,-29.882,50000.000,33.000,0
41301,-903.941,141.941,50000.000,18.00,-948.765,627.529,50000.000,30.000,0
41351,971.176,395.941,50000.000,18.00,1606.176,1822.823,50000.000,37.000,0
41401,2846.294,485.588,50000.000,17.00,4019.176,2271.059,50000.000,37.000,0
41451,6477.000,500.529,50000.000,18.00,7620.000,-664.882,50000.000,32.000,0
41501,9457.764,2323.353,50000.000,17.00,10070.353,-276.412,50000.000,24.000,0
41551,10272.059,4220.882,50000.000,18.00,12737.353,3197.412,50000.000,28.000,0
41601,13193.058,2435.412,50000.000,12.00,15381.940,2383.117,50000.000,29.000,0
41651,15740.528,1045.882,50000.000,21.00,18287.998,-3526.117,50000.000,24.000,0
41701,19901.646,1060.823,50000.000,16.00,19057.469,-9696.823,50000.000,27.000,0
41751,20454.469,-141.941,50000.000,18.00,18900.588,-10780.058,50000.000,29.000,0
41801,18571.881,-1695.823,50000.000,18.00,19468.352,-5431.117,50000.000,35.000,0
41851,16330.705,-2002.118,50000.000,14.00,19378.705,732.118,50000.000,30.000,0
41901,15882.470,-2263.588,50000.000,12.00,19363.764,1113.118,50000.000,39.000,0
41951,15852.587,-2323.353,50000.000,16.00,18840.822,1150.470,50000.000,25.000,0
42001,13618.882,-1292.412,50000.000,13.00,18250.646,2838.823,50000.000,37.000,0
42051,12490.822,-612.588,50000.000,14.00,17921.939,4534.647,50000.000,28.000,0
42101,12042.588,455.706,50000.000,9.00,17384.059,6118.411,50000.000,25.000,0
42151,11467.353,2420.470,50000.000,21.00,16734.117,5490.882,50000.000,30.000,0
42201,11900.646,2502.647,50000.000,15.00,14956.116,2584.823,50000.000,24.000,0
42251,11639.176,1098.176,50000.000,16.00,12976.411,642.471,50000.000,20.000,0
42301,9599.705,717.176,50000.000,18.00,11310.470,336.176,50000.000,28.000,0
42351,7582.646,776.941,50000.000,17.00,9345.705,724.647,50000.000,30.000,0
42401,5924.176,366.059,50000.000,24.00,6828.117,687.294,50000.000,27.000,0
42451,4078.941,366.059,50000.000,20.00,4751.294,373.529,50000.000,28.000,0
42501,2330.823,455.706,50000.000,20.00,2726.764,156.882,50000.000,35.000,0
42551,403.412,-7.471,50000.000,13.00,343.647,-89.647,50000.000,25.000,0
42601,-1501.588,44.824,50000.000,21.00,-1755.588,-194.235,50000.000,33.000,0
42651,-3451.412,291.353,50000.000,10.00,-3638.176,-37.353,50000.000,27.000,0
42701,-5520.764,149.412,50000.000,20.00,-6185.646,-97.118,50000.000,30.000,0
42751,-7776.882,276.412,50000.000,17.00,-8628.529,-127.000,50000.000,30.000,0
42801,-10511.117,657.412,50000.000,15.00,-11116.234,470.647,50000.000,33.000,0
42851,-12998.822,-52.294,50000.000,13.00,-14052.176,-298.824,50000.000,26.000,0
42901,-13349.940,-1374.588,50000.000,11.00,-16734.117,-926.353,50000.000,31.000,0
42951,-14724.528,-1352.176,50000.000,18.00,-17959.293,-1270.000,50000.000,24.000,0
43001,-14926.234,-605.118,50000.000,20.00,-18534.527,-1195.294,50000.000,22.000,0
43051,-15919.822,-425.823,50000.000,15.00,-19064.939,-1023.471,50000.000,25.000,0
43101,-15000.940,-567.765,50000.000,20.00,-19274.117,-1337.235,50000.000,26.000,0
43151,-15531.352,-739.588,50000.000,13.00,-19572.939,-1718.235,50000.000,26.000,0
43201,-16741.588,-836.706,50000.000,15.00,-19692.469,-1494.118,50000.000,27.000,0
43251,-17331.764,-328.706,50000.000,15.00,-19804.527,-1247.588,50000.000,20.000,0
43301,-17354.176,-268.941,50000.000,20.00,-19782.117,-575.235,50000.000,32.000,0
43351,-16719.176,-657.412,50000.000,16.00,-19938.998,381.000,50000.000,29.000,0
43401,-16031.881,-1359.647,50000.000,19.00,-19587.881,-552.823,50000.000,22.000,0
43451,-15165.293,-1389.529,50000.000,14.00,-18915.527,-1882.588,50000.000,32.000,0
43501,-14246.411,-1703.294,50000.000,17.00,-18422.469,-2330.823,50000.000,19.000,0
43551,-14724.528,-1837.765,50000.000,18.00,-18205.822,-2390.588,50000.000,25.000,0
43601,-13730.940,-2009.588,50000.000,12.00,-17884.588,-2562.412,50000.000,21.000,0
43651,-13028.705,-1374.588,50000.000,20.00,-16711.705,-2652.059,50000.000,27.000,0
43701,-12102.353,508.000,50000.000,16.00,-13521.764,-2838.823,50000.000,18.000,0
43751,-9360.646,1964.765,50000.000,8.00,-10413.999,-3137.647,50000.000,26.000,0
43801,-7306.235,1763.059,50000.000,19.00,-8942.294,-306.294,50000.000,22.000,0
43851,-5849.470,-806.823,50000.000,19.00,-5789.706,2502.647,50000.000,32.000,0
43901,-2315.882,-2009.588,50000.000,9.00,-2256.117,1568.823,50000.000,30.000,0
43951,1643.529,-328.706,50000.000,19.00,1374.588,-1202.765,50000.000,28.000,0
44001,5879.353,74.706,50000.000,17.00,6066.117,-4183.529,50000.000,30.000,0
44051,8344.646,-112.059,50000.000,15.00,7500.470,-5617.882,50000.000,28.000,0
44101,9450.294,-1068.294,50000.000,17.00,8441.764,-4915.646,50000.000,28.000,0
44151,9487.646,-1785.470,50000.000,12.00,9532.470,-2398.059,50000.000,28.000,0
44201,9502.588,-2659.529,50000.000,16.00,10301.940,-709.706,50000.000,31.000,0
44251,6872.941,-2136.588,50000.000,15.00,11482.293,-605.118,50000.000,29.000,0
44301,7418.293,-702.235,50000.000,17.00,12453.470,268.941,50000.000,22.000,0
44351,10720.293,687.294,50000.000,16.00,12558.058,1628.588,50000.000,26.000,0
44401,11220.823,2368.176,50000.000,11.00,13618.882,1621.118,50000.000,23.000,0
44451,11235.764,2121.647,50000.000,23.00,14141.822,455.706,50000.000,29.000,0
44501,9786.470,784.412,50000.000,15.00,13693.587,-119.529,50000.000,28.000,0
44551,11616.764,709.706,50000.000,17.00,13753.352,351.118,50000.000,43.000,0
44601,11908.117,889.000,50000.000,18.00,13357.411,1240.118,50000.000,31.000,0
44651,9465.234,2719.294,50000.000,12.00,12378.764,4011.706,50000.000,25.000,0
44701,7239.000,4728.882,50000.000,12.00,11497.234,6970.059,50000.000,33.000,0
44751,5027.706,4041.588,50000.000,13.00,9524.999,7351.058,50000.000,31.000,0
44801,4243.294,3130.176,50000.000,25.00,6641.353,6103.470,50000.000,37.000,0
44851,2487.706,1524.000,50000.000,11.00,4661.647,4467.412,50000.000,28.000,0
44901,1314.823,1016.000,50000.000,19.00,1591.235,1157.941,50000.000,26.000,0
44951,-1591.235,926.353,50000.000,13.00,-1957.294,-747.059,50000.000,33.000,0
45001,-5879.353,7.471,50000.000,11.00,-7418.293,-1606.176,50000.000,33.000,0
45051,-9681.882,-1613.647,50000.000,12.00,-12602.882,-829.235,50000.000,23.000,0
45101,-13066.058,-3249.706,50000.000,18.00,-17212.234,-1524.000,50000.000,26.000,0
45151,-11265.646,-1957.294,50000.000,13.00,-18937.939,-3137.647,50000.000,26.000,0
45201,-13596.470,-500.529,50000.000,15.00,-18594.293,2823.882,50000.000,30.000,0
45251,-15882.470,-1710.765,50000.000,21.00,-19057.469,6237.941,50000.000,32.000,0
45301,-18198.352,-8643.470,50000.000,12.00,-25310.352,4646.706,50000.000,22.000,0
45351,-16651.939,-4751.294,50000.000,23.00,-25093.705,4310.529,50000.000,22.000,0
45401,-20700.998,-1247.588,50000.000,8.00,-23143.881,4908.176,50000.000,18.000,0
45451,-22068.115,-2084.294,50000.000,13.00,-21956.057,4743.823,50000.000,18.000,0
45501,-23980.586,-5154.706,50000.000,13.00,-29090.469,6484.470,50000.000,24.000,0
45551,-25893.057,-7978.588,50000.000,12.00,-35335.879,3077.882,50000.000,32.000,0
45601,-25392.527,-7874.000,50000.000,18.00,-36374.293,-268.941,50000.000,16.000,0
45651,-26191.881,-7089.588,50000.000,22.00,-32018.939,-836.706,50000.000,26.000,0
45701,-27170.527,-4699.000,50000.000,19.00,-33288.938,-3077.882,50000.000,22.000,0
45751,-25556.881,-2607.235,50000.000,18.00,-31712.645,-3488.764,50000.000,31.000,0
45801,-24040.352,-7440.706,50000.000,13.00,-31645.410,-4071.470,50000.000,30.000,0
45851,-17936.881,-8994.588,50000.000,12.00,-34095.762,-6170.706,50000.000,24.000,0
45901,-16039.352,-9637.059,50000.000,16.00,-33722.234,-8845.176,50000.000,25.000,0
45951,-16831.234,-11220.823,50000.000,10.00,-33236.645,-10421.470,50000.000,22.000,0
46001,-14007.352,-8613.588,50000.000,20.00,-31525.881,-8165.353,50000.000,24.000,0
46051,-15949.705,-6006.353,50000.000,13.00,-27282.586,-1972.235,50000.000,25.000,0
46101,-19072.410,-9510.059,50000.000,16.00,-24720.174,1374.588,50000.000,30.000,0
46151,-18474.764,-13245.352,50000.000,16.00,-25272.998,1337.235,50000.000,30.000,0
46201,-17301.881,-13275.234,50000.000,14.00,-26064.881,1927.412,50000.000,31.000,0
46251,-15359.528,-10787.528,50000.000,13.00,-24981.645,3272.117,50000.000,31.000,0
46301,-12289.117,-7022.353,50000.000,13.00,-24652.939,4482.353,50000.000,20.000,0
46351,-15942.234,-8232.588,50000.000,14.00,-25205.764,2263.588,50000.000,33.000,0
46401,-16397.939,-6955.117,50000.000,10.00,-25810.881,866.588,50000.000,21.000,0
46451,-17070.293,-3593.353,50000.000,13.00,-24847.174,1748.118,50000.000,24.000,0
46501,-20200.469,-2532.529,50000.000,15.00,-23666.822,1628.588,50000.000,23.000,0
46551,-18564.410,-1942.353,50000.000,10.00,-24092.645,-418.353,50000.000,19.000,0
46601,-16958.234,-291.353,50000.000,16.00,-21716.998,-2061.882,50000.000,23.000,0
46651,-16031.881,2398.059,50000.000,18.00,-18131.117,-3518.647,50000.000,24.000,0
46701,-12416.117,1165.412,50000.000,12.00,-16106.587,-6350.000,50000.000,25.000,0
46751,-10862.234,-679.823,50000.000,23.00,-13940.117,-6447.117,50000.000,27.000,0
46801,-9263.528,-1083.235,50000.000,24.00,-11235.764,-1411.941,50000.000,21.000,0
46851,-7425.764,-5662.706,50000.000,22.00,-9412.940,-3899.647,50000.000,28.000,0
46901,-4699.000,-9771.528,50000.000,11.00,-8583.705,-7537.823,50000.000,22.000,0
46951,-3242.235,-10555.940,50000.000,31.00,-6648.823,-8068.235,50000.000,29.000,0
47001,-3451.412,-12640.234,50000.000,13.00,-7500.470,-8613.588,50000.000,30.000,0
47051,-3227.294,-10286.999,50000.000,12.00,-7814.235,-7679.764,50000.000,27.000,0
47101,-2525.059,-2532.529,50000.000,21.00,-4205.941,-4347.882,50000.000,24.000,0
47151,-1613.647,-1344.706,50000.000,22.00,-1531.470,67.235,50000.000,38.000,0
47201,-1292.412,-418.353,50000.000,18.00,-1651.000,1344.706,50000.000,26.000,0
47251,-119.529,1680.882,50000.000,21.00,642.471,1337.235,50000.000,35.000,0
47301,306.294,1464.235,50000.000,17.00,1217.706,1053.353,50000.000,28.000,0
47351,22.412,-418.353,50000.000,16.00,-82.176,986.118,50000.000,36.000,0
47401,-261.471,-1643.529,50000.000,27.00,-381.000,186.765,50000.000,28.000,0
47451,283.882,-2749.176,50000.000,19.00,-448.235,-2472.765,50000.000,28.000,0
47501,537.882,-3720.353,50000.000,16.00,-791.882,-2554.941,50000.000,37.000,0
47551,-119.529,-4288.117,50000.000,21.00,-1172.882,-1800.412,50000.000,28.000,0
47601,-1374.588,-3944.470,50000.000,19.00,-2562.412,1785.470,50000.000,30.000,0
47651,-3839.882,-3518.647,50000.000,15.00,-4392.706,6357.470,50000.000,26.000,0
47701,-5752.353,-3496.235,50000.000,12.00,-5221.941,6678.706,50000.000,29.000,0
47751,-5864.411,-3615.764,50000.000,14.00,-6073.588,3593.353,50000.000,39.000,0
47801,-5169.646,-3697.941,50000.000,17.00,-6955.117,358.588,50000.000,27.000,0
47851,-5797.176,-3600.823,50000.000,16.00,-7552.764,-1023.471,50000.000,26.000,0
47901,-6753.411,-702.235,50000.000,16.00,-7933.764,-1165.412,50000.000,33.000,0
47951,-7037.293,590.176,50000.000,20.00,-7560.235,-29.882,50000.000,23.000,0
48001,-6790.764,522.941,50000.000,13.00,-7799.293,-859.118,50000.000,29.000,0
48051,-5371.353,1688.353,50000.000,13.00,-6955.117,-2442.882,50000.000,29.000,0
48101,-3660.588,2741.706,50000.000,18.00,-4848.412,-4108.823,50000.000,36.000,0
48151,-2532.529,3623.235,50000.000,18.00,-2532.529,-2427.941,50000.000,31.000,0
48201,-59.765,4377.765,50000.000,18.00,1150.470,-1352.176,50000.000,28.000,0
48251,3570.941,3219.823,50000.000,13.00,4340.412,-4161.117,50000.000,33.000,0
48301,6275.293,552.823,50000.000,14.00,5715.000,-6230.470,50000.000,34.000,0
48351,7941.235,1083.235,50000.000,11.00,8381.999,-6110.941,50000.000,29.000,0
48401,13170.646,485.588,50000.000,18.00,12490.822,-12206.940,50000.000,23.000,0
48451,14253.882,-515.471,50000.000,14.00,12595.411,-11736.293,50000.000,30.000,0
48501,12976.411,97.118,50000.000,17.00,12408.646,-8576.234,50000.000,30.000,0
48551,13305.117,-4870.823,50000.000,17.00,11713.882,-10249.646,50000.000,23.000,0
48601,11250.705,-8553.823,50000.000,21.00,8912.411,-8972.176,50000.000,27.000,0
48651,10204.823,-9084.234,50000.000,18.00,9935.882,-7336.117,50000.000,29.000,0
48701,10765.117,-8628.529,50000.000,14.00,9846.234,-7500.470,50000.000,26.000,0
48751,10981.764,-9599.705,50000.000,16.00,9726.705,-8254.999,50000.000,16.000,0
48801,9831.293,-11594.353,50000.000,14.00,6372.411,-4467.412,50000.000,19.000,0
48851,6992.470,-12326.470,50000.000,17.00,3429.000,911.412,50000.000,24.000,0
48901,5401.235,-12587.940,50000.000,11.00,3107.764,560.294,50000.000,27.000,0
48951,6372.411,-15568.705,50000.000,12.00,3242.235,-4340.412,50000.000,26.000,0
49001,5759.823,-13484.411,50000.000,17.00,2226.235,-3899.647,50000.000,30.000,0
49051,2577.353,-10145.059,50000.000,20.00,1897.529,-664.882,50000.000,26.000,0
49101,2816.412,-13312.587,50000.000,20.00,963.706,-2465.294,50000.000,28.000,0
49151,3623.235,-15957.176,50000.000,17.00,-246.529,-5946.588,50000.000,19.000,0
49201,2644.588,-17779.998,50000.000,14.00,-433.294,-3287.059,50000.000,35.000,0
49251,1083.235,-17817.352,50000.000,19.00,-1785.470,-702.235,50000.000,31.000,0
49301,298.824,-17189.822,50000.000,22.00,-2808.941,-2181.412,50000.000,31.000,0
49351,552.823,-19662.586,50000.000,13.00,-4459.941,-7418.293,50000.000,25.000,0
49401,-261.471,-20013.705,50000.000,13.00,-5177.117,-4982.882,50000.000,30.000,0
49451,-2136.588,-19475.822,50000.000,10.00,-7037.293,1927.412,50000.000,32.000,0
49501,-3518.647,-18243.176,50000.000,21.00,-8957.234,-963.706,50000.000,24.000,0
49551,-2696.882,-20275.176,50000.000,16.00,-9786.470,-4661.647,50000.000,27.000,0
49601,-5894.294,-19117.234,50000.000,17.00,-11340.353,156.882,50000.000,34.000,0
49651,-7679.764,-18273.057,50000.000,15.00,-11564.470,3473.823,50000.000,22.000,0
49701,-6932.706,-19035.057,50000.000,12.00,-13230.411,-1725.706,50000.000,28.000,0
49751,-6656.293,-19371.234,50000.000,14.00,-13656.234,-3018.117,50000.000,31.000,0
49801,-7268.882,-14672.234,50000.000,14.00,-13521.764,1845.235,50000.000,29.000,0
49851,-9009.528,-15658.352,50000.000,15.00,-14455.587,1695.823,50000.000,27.000,0
49901,-7739.529,-16831.234,50000.000,12.00,-17115.117,-3944.470,50000.000,26.000,0
49951,-8882.529,-17929.410,50000.000,14.00,-17697.822,-3638.176,50000.000,33.000,0
50001,-10257.117,-13813.117,50000.000,11.00,-17458.764,1994.647,50000.000,22.000,0
50051,-10847.293,-14993.470,50000.000,11.00,-18258.117,522.941,50000.000,23.000,0
50101,-10526.059,-12453.470,50000.000,19.00,-18295.469,-739.588,50000.000,21.000,0
50151,-12812.058,-11549.528,50000.000,14.00,-18482.234,575.235,50000.000,17.000,0
50201,-16308.293,-9039.411,50000.000,17.00,-18168.469,6775.823,50000.000,33.000,0
50251,-19191.939,-6738.470,50000.000,16.00,-19289.057,7754.470,50000.000,30.000,0
50301,-18601.764,-7179.235,50000.000,13.00,-21575.057,1576.294,50000.000,37.000,0
50351,-17496.117,-8299.823,50000.000,18.00,-22202.586,-3608.294,50000.000,31.000,0
50401,-16241.058,-9196.294,50000.000,11.00,-20857.881,-6447.117,50000.000,31.000,0
50451,-14567.646,-11579.411,50000.000,13.00,-22658.293,-5804.646,50000.000,26.000,0
50501,-13417.176,-12647.705,50000.000,10.00,-24884.527,-1060.823,50000.000,33.000,0
50551,-14993.470,-13118.353,50000.000,17.00,-24593.176,1374.588,50000.000,20.000,0
50601,-15546.293,-10346.764,50000.000,16.00,-25243.115,2286.000,50000.000,18.000,0
50651,-18751.176,-8165.353,50000.000,14.00,-24040.352,4601.882,50000.000,21.000,0
50701,-20327.469,-9016.999,50000.000,15.00,-24002.998,5715.000,50000.000,31.000,0
50751,-18474.764,-10757.646,50000.000,16.00,-25900.527,3130.176,50000.000,26.000,0
50801,-17115.117,-12543.117,50000.000,15.00,-26737.234,806.823,50000.000,29.000,0
50851,-16711.705,-11915.588,50000.000,20.00,-26535.527,-889.000,50000.000,27.000,0
50901,-15994.528,-9666.940,50000.000,19.00,-25131.057,-4594.412,50000.000,33.000,0
50951,-17772.527,-7888.940,50000.000,13.00,-24107.586,-3130.176,50000.000,26.000,0
51001,-18601.764,-6805.706,50000.000,18.00,-22553.705,-440.765,50000.000,21.000,0
51051,-18661.527,-7291.293,50000.000,12.00,-22919.764,-1456.765,50000.000,29.000,0
51101,-17144.998,-7231.529,50000.000,18.00,-21649.764,-3130.176,50000.000,22.000,0
51151,-14702.116,-6208.059,50000.000,13.00,-19909.117,-7201.646,50000.000,22.000,0
51201,-11833.411,-4908.176,50000.000,15.00,-17936.881,-11108.764,50000.000,24.000,0
51251,-9218.705,-373.529,50000.000,16.00,-15337.116,-9876.117,50000.000,23.000,0
51301,-9457.764,2054.412,50000.000,20.00,-12998.822,-5610.412,50002.000,19.000,0
51351,-9793.940,-3033.059,50000.000,11.00,-12289.117,-6312.646,50000.000,29.000,0
51401,-6686.176,-8456.705,50000.000,18.00,-11706.411,-10548.470,50000.000,22.000,0
51451,-6454.588,-12229.353,50000.000,13.00,-11437.470,-13917.705,50000.000,25.000,0
51501,-5707.529,-13200.528,50000.000,16.00,-8942.294,-11340.353,50000.000,18.000,0
51551,-6260.353,-10608.234,50000.000,18.00,-7253.941,-6529.293,50000.000,19.000,0
51601,-5573.059,-6925.235,50000.000,18.00,-8322.234,-5774.764,50000.000,29.000,0
51651,-5909.235,-9330.764,50000.000,16.00,-8882.529,-5991.411,50000.000,35.000,0
51701,-6043.706,-14455.587,50000.000,17.00,-10511.117,-4676.588,50000.000,31.000,0
51751,-7134.411,-17339.234,50000.000,15.00,-11265.646,-1240.118,50000.000,27.000,0
51801,-7388.411,-16674.352,50000.000,14.00,-12177.058,-3324.412,50000.000,32.000,0
51851,-6223.000,-14082.058,50000.000,21.00,-11863.293,-5378.823,50000.000,34.000,0
51901,-7545.293,-13118.353,50000.000,16.00,-12266.705,-3264.647,50000.000,29.000,0
51951,-7291.293,-12498.293,50000.000,24.00,-12797.117,3727.823,50000.000,32.000,0
52001,-7478.058,-8934.823,50000.000,17.00,-12946.528,6260.353,50000.000,35.000,0
52051,-9218.705,-8621.059,50000.000,14.00,-12841.940,3600.823,50000.000,37.000,0
52101,-9629.588,-9263.528,50000.000,11.00,-14283.764,881.529,50000.000,31.000,0
52151,-10189.882,-9031.940,50000.000,18.00,-15785.352,1038.412,50000.000,27.000,0
52201,-11265.646,-8426.823,50000.000,11.00,-15389.411,5797.176,50000.000,23.000,0
52251,-12924.117,-8404.411,50000.000,14.00,-16577.234,6088.529,50000.000,31.000,0
52301,-11586.882,-8860.117,50000.000,11.00,-17690.352,1016.000,50000.000,32.000,0
52351,-11228.293,-9666.940,50000.000,19.00,-18287.998,-3503.706,50000.000,29.000,0
52401,-11235.764,-9876.117,50000.000,24.00,-17518.527,-7052.235,50000.000,35.000,0
52451,-11639.176,-9980.705,50000.000,16.00,-17443.822,-5573.059,50000.000,22.000,0
52501,-12983.882,-9129.059,50000.000,22.00,-17182.352,-1195.294,50000.000,25.000,0
52551,-12998.822,-6364.941,50000.000,15.00,-16390.469,1113.118,50000.000,23.000,0
52601,-13439.587,-5528.235,50000.000,21.00,-15635.940,2465.294,50000.000,25.000,0
52651,-12707.470,-5304.117,50000.000,18.00,-15725.587,-635.000,50000.000,30.000,0
52701,-11683.999,-6798.235,50000.000,15.00,-15576.176,-5602.941,50000.000,27.000,0
52751,-12162.117,-6708.588,50000.000,15.00,-16681.822,-7328.646,50000.000,23.000,0
52801,-12363.822,-5632.823,50000.000,18.00,-16524.939,-7612.529,50000.000,28.000,0
52851,-12602.882,-6850.529,50000.000,11.00,-16913.410,-7209.117,50000.000,27.000,0
52901,-12124.764,-9554.882,50000.000,19.00,-17757.588,-4519.706,50000.000,21.000,0
52951,-11713.882,-10593.293,50000.000,19.00,-18190.881,-2009.588,50000.000,29.000,0
53001,-11258.176,-11400.117,50000.000,11.00,-18033.998,-986.118,50000.000,28.000,0
53051,-10159.999,-10451.353,50000.000,13.00,-18429.939,-1628.588,50000.000,27.000,0
53101,-9300.882,-8621.059,50000.000,10.00,-16973.176,-5102.412,50000.000,32.000,0
53151,-8561.294,-6148.294,50000.000,12.00,-15860.058,-5752.353,50000.000,17.000,0
53201,-10847.293,-5782.235,50000.000,10.00,-14634.882,-4609.353,50000.000,34.000,0
53251,-11848.353,-6178.176,50000.000,13.00,-14851.528,-1404.470,50000.000,30.000,0
53301,-12513.234,-5625.353,50000.000,18.00,-15165.293,889.000,50000.000,29.000,0
53351,-12274.176,-3384.176,50000.000,11.00,-14582.587,4474.882,50000.000,34.000,0
53401,-13230.411,-3040.529,50000.000,19.00,-15359.528,6648.823,50000.000,29.000,0
53451,-13514.293,-3556.000,50000.000,16.00,-16196.234,2958.353,50000.000,24.000,0
53501,-13058.587,-5139.764,50000.000,20.00,-16121.528,-1210.235,50000.000,23.000,0
53551,-12580.470,-4721.412,50000.000,20.00,-15269.881,-3189.941,50000.000,19.000,0
53601,-12401.176,-1792.941,50002.000,20.00,-13686.117,-2980.764,50000.000,20.000,0
53651,-13155.705,82.176,49999.000,21.00,-13058.587,-1225.176,49999.000,21.000,0
53701,-13036.176,149.412,49999.000,17.00,-13506.822,-582.706,49999.000,38.000,0
53751,-11840.882,-537.882,50000.000,8.00,-13267.764,-3025.588,50000.000,36.000,0
53801,-9495.117,-1725.706,50000.000,18.00,-12005.234,-6282.764,50000.000,28.000,0
53851,-8307.294,-3324.412,50000.000,19.00,-10787.528,-7530.353,50000.000,32.000,0
53901,-6245.411,-3832.412,50000.000,16.00,-9278.470,-7552.764,50000.000,31.000,0
53951,-4900.706,-3548.529,50000.000,10.00,-7321.176,-4975.412,50000.000,34.000,0
54001,-3705.412,-313.765,50000.000,16.00,-5117.353,-1531.470,50000.000,35.000,0
54051,-2256.117,1441.823,50000.000,15.00,-1875.118,22.412,50000.000,34.000,0
54101,-44.824,-829.235,50000.000,10.00,-545.353,-1927.412,50000.000,37.000,0
54151,1807.882,-2906.059,50000.000,16.00,717.176,-5498.353,50000.000,29.000,0
54201,3742.764,-3369.235,50000.000,11.00,2300.941,-7097.058,50000.000,33.000,0
54251,4624.294,-3399.117,50000.000,15.00,4086.411,-7851.588,50000.000,32.000,0
54301,6402.293,-3406.588,50000.000,11.00,5326.529,-7941.235,50000.000,21.000,0
54351,7612.529,-3100.294,50000.000,15.00,7089.588,-6723.529,50000.000,36.000,0
54401,7014.882,-1882.588,50000.000,18.00,7134.411,-4392.706,50000.000,32.000,0
54451,6850.529,-515.471,50000.000,11.00,8262.470,-1314.823,50000.000,25.000,0
54501,7732.058,-381.000,50000.000,15.00,8561.294,-201.706,50000.000,38.000,0
54551,8523.940,-119.529,50000.000,17.00,8882.529,-179.294,50000.000,31.000,0
54601,8875.059,231.588,50000.000,15.00,9838.764,-679.823,50000.000,26.000,0
54651,9233.646,425.823,50000.000,17.00,10085.293,-1060.823,50000.000,30.000,0
54701,9256.059,836.706,50000.000,12.00,10996.705,-1016.000,50000.000,25.000,0
54751,10085.293,791.882,50000.000,9.00,10951.882,-948.765,50000.000,20.000,0
54801,9891.059,1344.706,50000.000,12.00,11011.646,-194.235,50000.000,25.000,0
54851,9510.059,1202.765,50000.000,16.00,11347.823,567.765,50000.000,38.000,0
54901,9637.059,403.412,50000.000,14.00,10772.588,620.059,50000.000,24.000,0
54951,9539.940,216.647,50000.000,21.00,10966.823,500.529,50000.000,31.000,0
55001,9375.588,747.059,50000.000,15.00,11041.528,620.059,50000.000,36.000,0
55051,9517.528,635.000,50000.000,13.00,10944.411,373.529,50000.000,27.000,0
55101,8987.117,254.000,50000.000,11.00,10369.176,268.941,50000.000,32.000,0
55151,8949.764,395.941,50000.000,19.00,10092.764,403.412,50000.000,35.000,0
55201,8882.529,276.412,50000.000,13.00,9846.234,470.647,50000.000,27.000,0
55251,8225.117,448.235,50000.000,15.00,9442.823,351.118,50000.000,28.000,0
55301,7918.823,485.588,50000.000,16.00,9218.705,134.471,50000.000,32.000,0
55351,7231.529,283.882,50000.000,20.00,8635.999,179.294,50000.000,30.000,0
55401,6798.235,395.941,50000.000,16.00,7776.882,179.294,50000.000,25.000,0
55451,6193.117,97.118,50000.000,20.00,7336.117,52.294,50000.000,24.000,0
55501,5864.411,261.471,50000.000,17.00,6618.941,112.059,50000.000,26.000,0
55551,4990.353,283.882,50000.000,19.00,5924.176,201.706,50000.000,24.000,0
55601,4064.000,127.000,50000.000,17.00,5199.529,156.882,50000.000,26.000,0
55651,3675.529,119.529,50000.000,19.00,4318.000,82.176,50000.000,27.000,0
55701,2883.647,104.588,50000.000,12.00,3541.059,44.824,50000.000,26.000,0
55751,2061.882,82.176,50000.000,16.00,2674.470,37.353,50000.000,37.000,0
55801,1434.353,141.941,50000.000,15.00,1748.118,37.353,50000.000,34.000,0
55851,530.412,418.353,50000.000,13.00,709.706,7.471,50000.000,36.000,0
55901,-321.235,366.059,50000.000,25.00,-276.412,0.000,50000.000,28.000,0
55951,-1262.529,141.941,50000.000,18.00,-1471.706,0.000,50000.000,33.000,0
56001,-1994.647,-134.471,50000.000,15.00,-2495.176,-52.294,50000.000,24.000,0
56051,-2719.294,-97.118,50000.000,13.00,-3369.235,-261.471,50000.000,31.000,0
56101,-3309.470,-97.118,50000.000,21.00,-4123.765,-231.588,50000.000,33.000,0
56151,-4131.235,-82.176,50000.000,14.00,-4781.176,-104.588,50000.000,34.000,0
56201,-4639.235,-224.118,50000.000,17.00,-5371.353,-127.000,50000.000,34.000,0
56251,-4235.823,-134.471,50000.000,12.00,-5864.411,-216.647,50000.000,32.000,0
56301,-4878.294,-395.941,50000.000,16.00,-6275.293,-306.294,50000.000,30.000,0
56351,-5722.470,-351.118,50000.000,12.00,-6790.764,-403.412,50000.000,37.000,0
56401,-6013.823,-358.588,50000.000,16.00,-7059.706,-306.294,50000.000,27.000,0
56451,-6566.646,-328.706,50000.000,14.00,-7537.823,-201.706,50000.000,32.000,0
56501,-6731.000,-201.706,50000.000,17.00,-7799.293,-328.706,50000.000,32.000,0
56551,-7037.293,-268.941,50000.000,14.00,-8015.940,-410.882,50000.000,25.000,0
56601,-7366.000,-179.294,50000.000,17.00,-8523.940,-328.706,50000.000,29.000,0
56651,-7605.058,-216.647,50000.000,15.00,-9009.528,-22.412,50000.000,23.000,0
56701,-8075.706,-366.059,50000.000,15.00,-9405.470,246.529,50000.000,30.000,0
56751,-8800.353,-336.176,50000.000,15.00,-9495.117,194.235,50000.000,35.000,0
56801,-9069.294,-104.588,50000.000,15.00,-9801.411,7.471,50000.000,31.000,0
56851,-9457.764,-171.824,50000.000,13.00,-10234.705,216.647,50000.000,25.000,0
56901,-10145.059,-29.882,50000.000,17.00,-11019.117,836.706,50000.000,27.000,0
56951,-10712.823,-306.294,50000.000,17.00,-11385.176,747.059,50000.000,26.000,0
57001,-10361.705,-605.118,50000.000,16.00,-11915.588,-37.353,50000.000,30.000,0
57051,-10309.411,-657.412,50000.000,9.00,-11825.940,-859.118,50000.000,26.000,0
57101,-9524.999,-814.294,50000.000,15.00,-11930.528,-1688.353,50000.000,32.000,0
57151,-9121.588,-1060.823,50000.000,12.00,-12214.411,-1845.235,50000.000,32.000,0
57201,-10062.882,-582.706,50000.000,13.00,-12020.176,-1023.471,50000.000,28.000,0
57251,-10533.528,-881.529,50000.000,13.00,-12266.705,-963.706,50000.000,40.000,0
57301,-10092.764,-1210.235,50000.000,18.00,-12363.822,-806.823,50000.000,21.000,0
57351,-10159.999,-866.588,50000.000,18.00,-11915.588,-642.471,50000.000,34.000,0
57401,-9517.528,-1008.529,50000.000,15.00,-11758.705,-844.176,50000.000,23.000,0
57451,-8800.353,-1030.941,50000.000,14.00,-11325.411,-941.294,50000.000,30.000,0
57501,-9106.646,-1105.647,50000.000,8.00,-10697.882,-851.647,50000.000,30.000,0
57551,-8606.117,-933.823,50000.000,15.00,-10316.882,-956.235,50000.000,30.000,0
57601,-8449.234,-1083.235,50000.000,17.00,-9823.823,-821.765,50000.000,25.000,0
57651,-7500.470,-1113.118,50000.000,15.00,-9412.940,-739.588,50000.000,35.000,0
57701,-6783.293,-1157.941,50000.000,15.00,-8875.059,-971.176,50000.000,30.000,0
57751,-5812.117,-1150.470,50000.000,11.00,-7986.058,-1030.941,50000.000,35.000,0
57801,-5438.588,-1247.588,50000.000,15.00,-7373.470,-1172.882,50000.000,38.000,0
57851,-4967.941,-1210.235,50000.000,14.00,-6439.646,-1083.235,50000.000,23.000,0
57901,-4220.882,-1008.529,50000.000,14.00,-5386.294,-672.353,50000.000,29.000,0
57951,-3720.353,-679.823,50000.000,14.00,-4572.000,-575.235,50000.000,27.000,0
58001,-2943.412,-448.235,50000.000,15.00,-3660.588,-537.882,50000.000,41.000,0
58051,-2106.706,-291.353,50000.000,17.00,-2734.235,-478.118,50000.000,30.000,0
58101,-1658.470,-224.118,50000.000,16.00,-1994.647,-291.353,50000.000,32.000,0
58151,-956.235,-112.059,50000.000,14.00,-1247.588,-164.353,50000.000,36.000,0
58201,-276.412,-52.294,50000.000,16.00,-410.882,-112.059,50000.000,35.000,0
58251,261.471,-22.412,50000.000,13.00,321.235,-97.118,50000.000,35.000,0
58301,874.059,14.941,50000.000,14.00,956.235,-74.706,50000.000,30.000,0
58351,1262.529,89.647,50000.000,17.00,1568.823,59.765,50000.000,33.000,0
58401,1397.000,156.882,50000.000,14.00,2002.118,194.235,50000.000,37.000,0
58451,1785.470,164.353,50000.000,16.00,2420.470,89.647,50000.000,31.000,0
58501,2248.647,209.176,50000.000,15.00,2846.294,156.882,50000.000,31.000,0
58551,2510.117,179.294,50000.000,11.00,3122.706,149.412,50000.000,26.000,0
58601,2831.353,186.765,50000.000,13.00,3361.764,141.941,50000.000,28.000,0
58651,3264.647,216.647,50000.000,22.00,3548.529,246.529,50000.000,39.000,0
58701,3152.588,261.471,50000.000,16.00,3772.647,328.706,50000.000,33.000,0
58751,3406.588,246.529,50000.000,15.00,4026.647,239.059,50000.000,32.000,0
58801,3623.235,186.765,50000.000,18.00,4176.059,231.588,50000.000,37.000,0
58851,3593.353,268.941,50000.000,15.00,4161.117,306.294,50000.000,42.000,0
58901,3040.529,268.941,50000.000,13.00,4258.235,239.059,50000.000,25.000,0
58951,3376.706,239.059,50000.000,18.00,4415.117,216.647,50000.000,35.000,0
59001,3660.588,351.118,50000.000,17.00,4445.000,291.353,50000.000,32.000,0
59051,3839.882,373.529,50000.000,12.00,4445.000,283.882,50000.000,41.000,0
59101,3877.235,351.118,50000.000,16.00,4467.412,224.118,50000.000,20.000,0
59151,3690.470,209.176,50000.000,25.00,4355.353,328.706,50000.000,34.000,0
59201,3832.412,246.529,50000.000,22.00,4385.235,164.353,50000.000,37.000,0
59251,3787.588,298.824,50000.000,16.00,4392.706,224.118,50000.000,32.000,0
59301,3839.882,321.235,50000.000,12.00,4332.941,194.235,50000.000,28.000,0
59351,3556.000,298.824,50000.000,15.00,4340.412,186.765,50000.000,30.000,0
59401,3451.412,268.941,50000.000,20.00,4362.823,224.118,50000.000,30.000,0
59451,3406.588,119.529,50000.000,13.00,4250.765,231.588,50000.000,39.000,0
59501,3488.764,194.235,50000.000,13.00,4108.823,104.588,50000.000,38.000,0
59551,3436.470,321.235,50000.000,16.00,4153.647,141.941,50000.000,44.000,0
59601,3473.823,321.235,50000.000,13.00,4041.588,246.529,50000.000,29.000,0
59651,3242.235,186.765,50000.000,15.00,3839.882,224.118,50000.000,30.000,0
59701,3018.117,127.000,50000.000,17.00,3653.117,127.000,50000.000,30.000,1
59751,3077.882,127.000,50000.000,20.00,3511.176,97.118,50000.000,36.000,1
59801,2846.294,201.706,50000.000,18.00,3391.647,104.588,50000.000,30.000,0
59851,2741.706,351.118,50000.000,15.00,3354.294,97.118,50000.000,35.000,0
59901,2525.059,283.882,50000.000,23.00,3197.412,22.412,50000.000,32.000,0
59951,2554.941,171.824,50000.000,14.00,2958.353,7.471,50000.000,30.000,0
