timestamp[us],left_dx[um],left_dy[um],left_dt[us],right_dx[um],right_dy[um],right_dt[us]
0,0.000,0.000,50160.000,0.000,0.000,50154.000
50540,0.000,0.000,50000.000,0.000,0.000,50000.000
100489,0.000,0.000,50000.000,0.000,0.000,50000.000
150490,0.000,0.000,50000.000,0.000,0.000,50000.000
200490,0.000,0.000,50000.000,0.000,0.000,50000.000
250490,0.000,0.000,50000.000,0.000,0.000,50000.000
300490,0.000,0.000,50000.000,0.000,0.000,50000.000
350490,0.000,0.000,50000.000,0.000,0.000,50000.000
400490,0.000,0.000,50000.000,0.000,0.000,50000.000
450490,0.000,0.000,50000.000,0.000,0.000,50000.000
500490,0.000,0.000,50000.000,0.000,0.000,50000.000
550490,0.000,0.000,50000.000,0.000,0.000,50000.000
600490,0.000,0.000,50000.000,0.000,0.000,50000.000
650490,0.000,0.000,50000.000,0.000,0.000,50000.000
700490,0.000,0.000,50000.000,0.000,0.000,50000.000
750490,0.000,0.000,50000.000,0.000,0.000,50000.000
800490,0.000,0.000,50000.000,0.000,0.000,50000.000
850490,0.000,0.000,50000.000,0.000,0.000,50000.000
900490,0.000,0.000,50000.000,0.000,0.000,50000.000
950490,0.000,0.000,50000.000,0.000,0.000,50000.000
1000490,0.000,0.000,50000.000,0.000,0.000,50000.000
1050491,0.000,0.000,50000.000,0.000,0.000,50000.000
1100491,0.000,0.000,50000.000,0.000,0.000,50000.000
1150490,0.000,0.000,50000.000,0.000,0.000,50000.000
1200491,0.000,0.000,50000.000,0.000,0.000,50000.000
1250491,0.000,0.000,50000.000,0.000,0.000,50000.000
1300491,0.000,0.000,50000.000,0.000,0.000,50000.000
1350491,0.000,0.000,50000.000,0.000,0.000,50000.000
1400491,0.000,0.000,50000.000,0.000,0.000,50000.000
1450491,0.000,0.000,50000.000,0.000,0.000,50000.000
1500491,0.000,0.000,50000.000,0.000,0.000,50000.000
1550491,0.000,0.000,50000.000,0.000,0.000,50000.000
1600491,0.000,0.000,50000.000,0.000,0.000,50000.000
1650491,0.000,0.000,50000.000,0.000,0.000,50000.000
1700491,0.000,0.000,50000.000,0.000,0.000,50000.000
1750491,0.000,0.000,50000.000,0.000,0.000,50000.000
1800491,0.000,0.000,50000.000,0.000,0.000,50000.000
1850491,0.000,0.000,50000.000,0.000,0.000,50000.000
1900491,0.000,0.000,50000.000,0.000,0.000,50000.000
1950491,0.000,0.000,50000.000,0.000,0.000,50000.000
2000491,0.000,0.000,50000.000,0.000,0.000,50000.000
2050491,0.000,0.000,50000.000,0.000,0.000,50000.000
2100491,0.000,0.000,50000.000,0.000,0.000,50000.000
2150491,0.000,0.000,50000.000,0.000,0.000,50000.000
2200491,0.000,0.000,50000.000,0.000,0.000,50000.000
2250491,0.000,0.000,50000.000,0.000,0.000,50000.000
2300491,0.000,0.000,50000.000,0.000,0.000,50000.000
2350491,0.000,0.000,50000.000,0.000,0.000,50000.000
2400491,0.000,0.000,50000.000,0.000,0.000,50000.000
2450491,0.000,0.000,50000.000,0.000,0.000,50000.000
2500491,0.000,0.000,50000.000,0.000,0.000,50000.000
2550489,0.000,0.000,50000.000,0.000,0.000,50000.000
2600489,0.000,0.000,50000.000,0.000,0.000,50000.000
2650489,0.000,0.000,50000.000,0.000,0.000,50000.000
2700489,0.000,0.000,50000.000,0.000,0.000,50000.000
2750489,0.000,0.000,50000.000,0.000,0.000,50000.000
2800489,0.000,0.000,50000.000,0.000,0.000,50000.000
2850489,0.000,0.000,50000.000,0.000,0.000,50000.000
2900489,0.000,0.000,50000.000,0.000,0.000,50000.000
2950489,0.000,0.000,50000.000,0.000,0.000,50000.000
3000489,0.000,0.000,50000.000,0.000,0.000,50000.000
3050489,0.000,0.000,50000.000,0.000,0.000,50000.000
3100489,0.000,0.000,50000.000,0.000,0.000,50000.000
3150489,0.000,0.000,50000.000,0.000,0.000,50000.000
3200489,0.000,0.000,50000.000,0.000,0.000,50000.000
3250489,0.000,0.000,50000.000,0.000,0.000,50000.000
3300489,0.000,0.000,50000.000,0.000,0.000,50000.000
3350489,0.000,0.000,50000.000,0.000,0.000,50000.000
3400489,0.000,0.000,50000.000,0.000,0.000,50000.000
3450489,0.000,0.000,50000.000,0.000,0.000,50000.000
3500489,0.000,0.000,50000.000,0.000,0.000,50000.000
3550489,0.000,0.000,50000.000,0.000,0.000,50000.000
3600489,0.000,0.000,50000.000,0.000,0.000,50000.000
3650489,0.000,0.000,50000.000,0.000,0.000,50000.000
3700489,0.000,0.000,50000.000,0.000,0.000,50000.000
3750489,0.000,0.000,50000.000,0.000,0.000,50000.000
3800489,0.000,0.000,50000.000,0.000,0.000,50000.000
3850489,0.000,0.000,50000.000,0.000,0.000,50000.000
3900489,0.000,0.000,50000.000,0.000,0.000,50000.000
3950489,0.000,0.000,50000.000,0.000,0.000,50000.000
4000489,0.000,0.000,50000.000,0.000,0.000,50000.000
4050489,0.000,0.000,50000.000,0.000,0.000,50000.000
4100489,0.000,0.000,50000.000,0.000,0.000,50000.000
4150489,0.000,0.000,50000.000,0.000,0.000,50000.000
4200489,0.000,0.000,50000.000,0.000,0.000,50000.000
4250489,0.000,0.000,50000.000,0.000,0.000,50000.000
4300489,0.000,0.000,50000.000,0.000,0.000,50000.000
4350489,0.000,0.000,50000.000,0.000,0.000,50000.000
4400489,0.000,0.000,50000.000,0.000,0.000,50000.000
4450489,0.000,0.000,50000.000,0.000,0.000,50000.000
4500489,0.000,0.000,50000.000,0.000,0.000,50000.000
4550489,0.000,0.000,50000.000,0.000,0.000,50000.000
4600489,0.000,0.000,50000.000,0.000,0.000,50000.000
4650489,0.000,0.000,50000.000,0.000,0.000,50000.000
4700489,0.000,0.000,50000.000,0.000,0.000,50000.000
4750489,0.000,0.000,50000.000,0.000,0.000,50000.000
4800489,0.000,0.000,50000.000,0.000,0.000,50000.000
4850489,0.000,0.000,50000.000,0.000,0.000,50000.000
4900489,0.000,0.000,50000.000,0.000,0.000,50000.000
4950489,0.000,0.000,50000.000,0.000,0.000,50000.000
5000489,0.000,0.000,50000.000,0.000,0.000,50000.000
5050489,0.000,0.000,50000.000,0.000,0.000,50000.000
5100489,0.000,0.000,50000.000,0.000,0.000,50000.000
5150489,0.000,0.000,50000.000,0.000,0.000,50000.000
5200489,0.000,0.000,50000.000,0.000,0.000,50000.000
5250489,0.000,0.000,50000.000,0.000,0.000,50000.000
5300489,0.000,0.000,50000.000,0.000,0.000,50000.000
5350489,0.000,0.000,50000.000,0.000,0.000,50000.000
5400489,0.000,0.000,50000.000,0.000,0.000,50000.000
5450489,0.000,0.000,50000.000,0.000,0.000,50000.000
5500489,0.000,0.000,50000.000,0.000,0.000,50000.000
5550489,0.000,0.000,50000.000,0.000,0.000,50000.000
5600489,0.000,0.000,50000.000,0.000,0.000,50000.000
5650489,0.000,0.000,50000.000,0.000,0.000,50000.000
5700489,0.000,0.000,50000.000,0.000,0.000,50000.000
5750489,0.000,0.000,50000.000,0.000,0.000,50000.000
5800489,0.000,0.000,50000.000,0.000,0.000,50000.000
5850489,0.000,0.000,50000.000,0.000,0.000,50000.000
5900489,0.000,0.000,50000.000,0.000,0.000,50000.000
5950489,0.000,0.000,50000.000,0.000,0.000,50000.000
6000489,0.000,0.000,50000.000,0.000,0.000,50000.000
6050489,0.000,0.000,50000.000,0.000,0.000,50000.000
6100489,0.000,0.000,50000.000,0.000,0.000,50000.000
6150489,0.000,0.000,50000.000,0.000,0.000,50000.000
6200489,0.000,0.000,50000.000,0.000,0.000,50000.000
6250489,0.000,0.000,50000.000,0.000,0.000,50000.000
6300489,0.000,0.000,50000.000,0.000,0.000,50000.000
6350489,0.000,0.000,50000.000,0.000,0.000,50000.000
6400489,0.000,0.000,50000.000,0.000,0.000,50000.000
6450489,0.000,0.000,50000.000,0.000,0.000,50000.000
6500489,0.000,0.000,50000.000,0.000,0.000,50000.000
6550489,0.000,0.000,50000.000,0.000,0.000,50000.000
6600489,0.000,0.000,50000.000,0.000,0.000,50000.000
6650489,0.000,0.000,50000.000,0.000,0.000,50000.000
6700489,0.000,0.000,50000.000,0.000,0.000,50000.000
6750489,0.000,0.000,50000.000,0.000,0.000,50000.000
6800489,0.000,0.000,50000.000,0.000,0.000,50000.000
6850489,0.000,0.000,50000.000,0.000,0.000,50000.000
6900489,0.000,0.000,50000.000,0.000,0.000,50000.000
6950489,0.000,0.000,50000.000,0.000,0.000,50000.000
7000489,0.000,0.000,50000.000,0.000,0.000,50000.000
7050489,0.000,0.000,50000.000,0.000,0.000,50000.000
7100489,0.000,0.000,50000.000,0.000,0.000,50000.000
7150489,0.000,0.000,50000.000,0.000,0.000,50000.000
7200489,0.000,0.000,50000.000,0.000,0.000,50000.000
7250489,0.000,0.000,50000.000,0.000,0.000,50000.000
7300489,0.000,0.000,50000.000,0.000,0.000,50000.000
7350489,0.000,0.000,50000.000,0.000,0.000,50000.000
7400489,0.000,0.000,50000.000,0.000,0.000,50000.000
7450489,0.000,0.000,50000.000,0.000,0.000,50000.000
7500489,0.000,0.000,50000.000,0.000,0.000,50000.000
7550489,0.000,0.000,50000.000,0.000,0.000,50000.000
7600489,0.000,0.000,50000.000,0.000,0.000,50000.000
7650489,0.000,0.000,50000.000,0.000,0.000,50000.000
7700489,0.000,0.000,50000.000,0.000,0.000,50000.000
7750489,0.000,0.000,50000.000,0.000,0.000,50000.000
7800489,0.000,0.000,50000.000,0.000,0.000,50000.000
7850489,0.000,0.000,50000.000,0.000,0.000,50000.000
7900489,0.000,0.000,50000.000,0.000,0.000,50000.000
7950489,0.000,0.000,50000.000,0.000,0.000,50000.000
8000489,0.000,0.000,50000.000,0.000,0.000,50000.000
8050489,0.000,0.000,50000.000,0.000,0.000,50000.000
8100489,0.000,0.000,50000.000,0.000,0.000,50000.000
8150489,0.000,0.000,50000.000,0.000,0.000,50000.000
8200489,0.000,0.000,50000.000,0.000,0.000,50000.000
8250489,0.000,0.000,50000.000,0.000,0.000,50000.000
8300489,0.000,0.000,50000.000,0.000,0.000,50000.000
8350489,0.000,0.000,50000.000,0.000,0.000,50000.000
8400489,0.000,0.000,50000.000,0.000,0.000,50000.000
8450489,0.000,0.000,50000.000,0.000,0.000,50000.000
8500489,0.000,0.000,50000.000,0.000,0.000,50000.000
8550489,0.000,0.000,50000.000,0.000,0.000,50002.000
8600505,0.000,0.000,50000.000,0.000,0.000,50000.000
8650491,0.000,0.000,50000.000,0.000,0.000,50000.000
8700491,0.000,0.000,50000.000,0.000,0.000,50000.000
8750491,0.000,0.000,50000.000,0.000,0.000,50000.000
8800491,0.000,0.000,50000.000,0.000,0.000,50000.000
8850491,0.000,0.000,50000.000,0.000,0.000,50000.000
8900491,0.000,0.000,50000.000,0.000,0.000,50000.000
8950491,0.000,0.000,50000.000,0.000,0.000,50000.000
9000491,0.000,0.000,50000.000,0.000,0.000,50000.000
9050491,0.000,0.000,50000.000,0.000,0.000,50000.000
9100491,0.000,0.000,50000.000,0.000,0.000,50000.000
9150491,0.000,0.000,50000.000,0.000,0.000,50000.000
9200491,0.000,0.000,50000.000,0.000,0.000,50000.000
9250491,0.000,0.000,50000.000,0.000,0.000,50000.000
9300491,0.000,0.000,50000.000,0.000,0.000,50000.000
9350491,0.000,0.000,50000.000,0.000,0.000,50000.000
9400491,0.000,0.000,50000.000,0.000,0.000,49998.000
9450516,0.000,0.000,50000.000,0.000,0.000,50000.000
9500491,0.000,0.000,50000.000,0.000,0.000,50000.000
9550491,0.000,0.000,50000.000,0.000,0.000,50000.000
9600491,0.000,0.000,50000.000,0.000,0.000,50000.000
9650491,0.000,0.000,50000.000,0.000,0.000,50000.000
9700491,0.000,0.000,50000.000,0.000,0.000,50000.000
9750491,0.000,0.000,50000.000,0.000,0.000,50000.000
9800491,0.000,0.000,50000.000,0.000,0.000,50000.000
9850491,0.000,0.000,50000.000,0.000,0.000,50000.000
9900491,0.000,0.000,50000.000,0.000,0.000,50000.000
9950491,0.000,0.000,50000.000,0.000,0.000,50000.000
10000491,0.000,0.000,50000.000,0.000,0.000,50000.000
10050492,0.000,0.000,50000.000,0.000,0.000,50000.000
10100492,0.000,0.000,50000.000,0.000,0.000,50000.000
10150492,0.000,0.000,50000.000,0.000,0.000,50000.000
10200492,0.000,0.000,50000.000,0.000,0.000,50000.000
10250492,0.000,0.000,50000.000,0.000,0.000,50000.000
10300492,0.000,0.000,50000.000,0.000,0.000,50000.000
10350492,0.000,0.000,50000.000,0.000,0.000,50000.000
10400492,0.000,0.000,50000.000,0.000,0.000,50000.000
10450492,0.000,0.000,50000.000,0.000,0.000,50000.000
10500492,0.000,0.000,50000.000,0.000,0.000,50000.000
10550492,0.000,0.000,50000.000,0.000,0.000,50000.000
10600492,0.000,0.000,50000.000,0.000,0.000,50000.000
10650492,0.000,0.000,50000.000,0.000,0.000,50000.000
10700492,0.000,0.000,50000.000,0.000,0.000,50000.000
10750492,0.000,0.000,50000.000,0.000,0.000,50000.000
10800492,0.000,0.000,50000.000,0.000,0.000,50000.000
10850492,0.000,0.000,50000.000,0.000,0.000,50000.000
10900492,0.000,0.000,50000.000,0.000,0.000,50000.000
10950492,0.000,0.000,50000.000,0.000,0.000,50000.000
11000492,0.000,0.000,50000.000,0.000,0.000,50000.000
11050492,0.000,0.000,50000.000,0.000,0.000,50000.000
11100492,0.000,0.000,50000.000,0.000,0.000,50000.000
11150492,0.000,0.000,50000.000,0.000,0.000,50000.000
11200492,0.000,0.000,50000.000,0.000,0.000,50000.000
11250492,0.000,0.000,50000.000,0.000,0.000,50000.000
11300492,0.000,0.000,50000.000,0.000,0.000,50000.000
11350492,0.000,0.000,50000.000,0.000,0.000,50000.000
11400492,0.000,0.000,50000.000,0.000,0.000,50000.000
11450492,0.000,0.000,50000.000,0.000,0.000,50000.000
11500492,0.000,0.000,50000.000,0.000,0.000,50000.000
11550492,0.000,0.000,50000.000,0.000,0.000,50000.000
11600492,0.000,0.000,50000.000,0.000,0.000,50000.000
11650492,0.000,0.000,50000.000,0.000,0.000,50000.000
11700492,0.000,0.000,50000.000,0.000,0.000,50000.000
11750492,0.000,0.000,50000.000,0.000,0.000,50000.000
11800492,0.000,0.000,50000.000,0.000,0.000,50000.000
11850492,0.000,0.000,50000.000,0.000,0.000,50000.000
11900492,0.000,0.000,50000.000,0.000,0.000,50000.000
11950492,0.000,0.000,50000.000,0.000,0.000,50000.000
12000492,0.000,0.000,50000.000,0.000,0.000,50000.000
12050492,0.000,0.000,50000.000,0.000,0.000,50000.000
12100492,0.000,0.000,50000.000,0.000,0.000,50000.000
12150492,0.000,0.000,50000.000,0.000,0.000,50000.000
12200492,0.000,0.000,50000.000,0.000,0.000,50000.000
12250492,0.000,0.000,50000.000,0.000,0.000,50000.000
12300492,0.000,0.000,50000.000,0.000,0.000,50000.000
12350492,0.000,0.000,50000.000,0.000,0.000,50000.000
12400492,0.000,0.000,50000.000,0.000,0.000,50000.000
12450492,0.000,0.000,50000.000,0.000,0.000,50000.000
12500492,0.000,0.000,50000.000,0.000,0.000,50000.000
12550492,0.000,0.000,50000.000,0.000,0.000,50000.000
12600492,0.000,0.000,50000.000,0.000,0.000,50000.000
12650492,0.000,0.000,50000.000,0.000,0.000,50000.000
12700492,0.000,0.000,50000.000,0.000,0.000,50000.000
12750492,0.000,0.000,50000.000,0.000,0.000,50000.000
12800492,0.000,0.000,50000.000,0.000,0.000,50000.000
12850492,0.000,0.000,50000.000,0.000,0.000,50000.000
12900492,0.000,0.000,50000.000,0.000,0.000,50000.000
12950492,0.000,0.000,50000.000,0.000,0.000,50000.000
13000492,0.000,0.000,50000.000,0.000,0.000,50000.000
13050492,0.000,0.000,50000.000,0.000,0.000,50000.000
13100492,0.000,0.000,50000.000,0.000,0.000,50000.000
13150492,0.000,0.000,50000.000,0.000,0.000,50000.000
13200492,0.000,0.000,50000.000,0.000,0.000,50000.000
13250492,0.000,0.000,50000.000,0.000,0.000,50000.000
13300492,0.000,0.000,50000.000,0.000,0.000,50000.000
13350492,0.000,0.000,50000.000,0.000,0.000,50000.000
13400492,0.000,0.000,50000.000,0.000,0.000,50000.000
13450492,0.000,0.000,50000.000,0.000,0.000,50000.000
13500492,0.000,0.000,50000.000,0.000,0.000,50000.000
13550492,0.000,0.000,50000.000,0.000,0.000,50000.000
13600492,0.000,0.000,50000.000,0.000,0.000,50000.000
13650492,0.000,0.000,50000.000,0.000,0.000,50000.000
13700492,0.000,0.000,50000.000,0.000,0.000,50000.000
13750492,0.000,0.000,50000.000,0.000,0.000,50000.000
13800492,0.000,0.000,50000.000,0.000,0.000,50000.000
13850492,0.000,0.000,50000.000,0.000,0.000,50000.000
13900492,0.000,0.000,50000.000,0.000,0.000,50000.000
13950492,0.000,0.000,50000.000,0.000,0.000,50000.000
14000492,0.000,0.000,50000.000,0.000,0.000,50000.000
14050492,0.000,0.000,50000.000,0.000,0.000,50000.000
14100492,0.000,0.000,50000.000,0.000,0.000,50000.000
14150492,0.000,0.000,50000.000,0.000,0.000,50000.000
14200492,0.000,0.000,50000.000,0.000,0.000,50000.000
14250490,0.000,0.000,50000.000,0.000,0.000,50000.000
14300490,0.000,0.000,50000.000,0.000,0.000,50000.000
14350490,0.000,0.000,50000.000,0.000,0.000,50000.000
14400490,0.000,0.000,50000.000,0.000,0.000,50000.000
14450490,0.000,0.000,50000.000,0.000,0.000,50000.000
14500490,0.000,0.000,50000.000,0.000,0.000,50000.000
14550490,0.000,0.000,50000.000,0.000,0.000,50000.000
14600490,0.000,0.000,50000.000,0.000,0.000,50000.000
14650490,0.000,0.000,50000.000,0.000,0.000,50000.000
14700490,0.000,0.000,50000.000,0.000,0.000,50000.000
14750490,0.000,0.000,50000.000,0.000,0.000,50000.000
14800490,0.000,0.000,50000.000,0.000,0.000,50000.000
14850490,0.000,0.000,50000.000,0.000,0.000,50000.000
14900490,0.000,0.000,50000.000,0.000,0.000,50000.000
14950490,0.000,0.000,50000.000,0.000,0.000,50000.000
15000490,0.000,0.000,50000.000,0.000,0.000,50000.000
15050490,0.000,0.000,50000.000,0.000,0.000,50000.000
15100490,0.000,0.000,50000.000,0.000,0.000,50000.000
15150490,0.000,0.000,50000.000,0.000,0.000,50000.000
15200490,0.000,0.000,50000.000,0.000,0.000,50000.000
15250490,0.000,0.000,50000.000,0.000,0.000,50000.000
15300490,0.000,0.000,50000.000,0.000,0.000,50000.000
15350490,0.000,0.000,50000.000,0.000,0.000,50000.000
15400490,0.000,0.000,50000.000,0.000,0.000,50000.000
15450490,0.000,0.000,50000.000,0.000,0.000,50000.000
15500490,0.000,0.000,50000.000,0.000,0.000,50000.000
15550490,0.000,0.000,50000.000,0.000,0.000,50000.000
15600490,0.000,0.000,50000.000,0.000,0.000,50000.000
15650490,0.000,0.000,50000.000,0.000,0.000,50000.000
15700490,0.000,0.000,50000.000,0.000,0.000,50000.000
15750490,0.000,0.000,50000.000,0.000,0.000,50000.000
15800490,0.000,0.000,50000.000,0.000,0.000,50000.000
15850490,0.000,0.000,50000.000,0.000,0.000,50000.000
15900490,0.000,0.000,50000.000,0.000,0.000,50000.000
15950490,0.000,0.000,50000.000,0.000,0.000,50000.000
16000490,0.000,0.000,50000.000,0.000,0.000,50000.000
16050490,0.000,0.000,50000.000,0.000,0.000,50000.000
16100490,0.000,0.000,50000.000,0.000,0.000,50000.000
16150490,0.000,0.000,50000.000,0.000,0.000,50000.000
16200490,0.000,0.000,50000.000,0.000,0.000,50000.000
16250490,0.000,0.000,50000.000,0.000,0.000,50000.000
16300490,0.000,0.000,50000.000,0.000,0.000,50000.000
16350490,0.000,0.000,50000.000,0.000,0.000,50000.000
16400490,0.000,0.000,50000.000,0.000,0.000,50000.000
16450490,0.000,0.000,50000.000,0.000,0.000,50000.000
16500490,0.000,0.000,50000.000,0.000,0.000,50000.000
16550490,0.000,0.000,50000.000,0.000,0.000,50000.000
16600490,0.000,0.000,50000.000,0.000,0.000,50000.000
16650490,0.000,0.000,50000.000,0.000,0.000,50000.000
16700490,0.000,0.000,50000.000,0.000,0.000,50000.000
16750490,0.000,0.000,50000.000,0.000,0.000,50000.000
16800490,0.000,0.000,50000.000,0.000,0.000,50000.000
16850490,0.000,0.000,50000.000,0.000,0.000,50000.000
16900490,0.000,0.000,50000.000,0.000,0.000,50000.000
16950490,0.000,0.000,50000.000,0.000,0.000,50000.000
17000490,0.000,0.000,50000.000,0.000,0.000,50000.000
17050490,0.000,0.000,50000.000,0.000,0.000,50000.000
17100490,0.000,0.000,50000.000,0.000,0.000,50000.000
17150490,0.000,0.000,50000.000,0.000,0.000,50000.000
17200490,0.000,0.000,50000.000,0.000,0.000,50000.000
17250490,0.000,0.000,50000.000,0.000,0.000,50000.000
17300490,0.000,0.000,50000.000,0.000,0.000,50000.000
17350490,0.000,0.000,50000.000,0.000,0.000,50000.000
17400490,0.000,0.000,50000.000,0.000,0.000,50000.000
17450490,0.000,0.000,50000.000,0.000,0.000,50000.000
17500490,0.000,0.000,50000.000,0.000,0.000,50000.000
17550490,0.000,0.000,50000.000,0.000,0.000,50000.000
17600490,0.000,0.000,50000.000,0.000,0.000,50000.000
17650490,0.000,0.000,50000.000,0.000,0.000,50000.000
17700490,0.000,0.000,50000.000,0.000,0.000,50000.000
17750490,0.000,0.000,50000.000,0.000,0.000,50000.000
17800490,0.000,0.000,50000.000,0.000,0.000,50000.000
17850490,0.000,0.000,50000.000,0.000,0.000,50000.000
17900490,0.000,0.000,50000.000,0.000,0.000,50000.000
17950490,0.000,0.000,50000.000,0.000,0.000,50000.000
18000490,0.000,0.000,50000.000,0.000,0.000,50000.000
18050490,0.000,0.000,50000.000,0.000,0.000,50000.000
18100490,0.000,0.000,50000.000,0.000,0.000,50000.000
18150490,0.000,0.000,50000.000,0.000,0.000,50000.000
18200490,0.000,0.000,50000.000,0.000,0.000,50000.000
18250490,0.000,0.000,50000.000,0.000,0.000,50000.000
18300490,0.000,0.000,50000.000,0.000,0.000,50000.000
18350490,0.000,0.000,50000.000,0.000,0.000,50000.000
18400490,0.000,0.000,50000.000,0.000,0.000,50000.000
18450490,0.000,0.000,50000.000,0.000,0.000,50000.000
18500490,0.000,0.000,50000.000,0.000,0.000,50000.000
18550490,0.000,0.000,50000.000,0.000,0.000,50000.000
18600490,0.000,0.000,50000.000,0.000,0.000,50000.000
18650490,0.000,0.000,50000.000,0.000,0.000,50000.000
18700490,0.000,0.000,50000.000,0.000,0.000,50000.000
18750490,0.000,0.000,50000.000,0.000,0.000,50000.000
18800490,0.000,0.000,50000.000,0.000,0.000,50000.000
18850490,0.000,0.000,50000.000,0.000,0.000,50000.000
18900490,0.000,0.000,50000.000,0.000,0.000,50000.000
18950490,0.000,0.000,50000.000,0.000,0.000,50000.000
19000490,0.000,0.000,50000.000,0.000,0.000,50000.000
19050490,0.000,0.000,50000.000,0.000,0.000,50000.000
19100490,0.000,0.000,50000.000,0.000,0.000,50000.000
19150490,0.000,0.000,50000.000,0.000,0.000,50000.000
19200490,0.000,0.000,50000.000,0.000,0.000,50000.000
19250490,0.000,0.000,50000.000,0.000,0.000,50000.000
19300490,0.000,0.000,50000.000,0.000,0.000,50000.000
19350490,0.000,0.000,50000.000,0.000,0.000,50000.000
19400490,0.000,0.000,50000.000,0.000,0.000,50000.000
19450490,0.000,0.000,50000.000,0.000,0.000,50000.000
19500490,0.000,0.000,50000.000,0.000,0.000,50000.000
19550490,0.000,0.000,50000.000,0.000,0.000,50000.000
19600490,0.000,0.000,50000.000,0.000,0.000,50000.000
19650490,0.000,0.000,50000.000,0.000,0.000,50000.000
19700490,0.000,0.000,50000.000,0.000,0.000,50000.000
19750490,0.000,0.000,50000.000,0.000,0.000,50000.000
19800490,0.000,0.000,50000.000,0.000,0.000,50000.000
19850490,0.000,0.000,50000.000,0.000,0.000,50000.000
19900490,0.000,0.000,50000.000,0.000,0.000,50000.000
19950490,0.000,0.000,50000.000,0.000,0.000,50000.000
20000490,0.000,0.000,50000.000,0.000,0.000,50000.000
20050490,0.000,0.000,50000.000,0.000,0.000,50000.000
20100490,0.000,0.000,50000.000,0.000,0.000,50000.000
20150490,0.000,0.000,50000.000,0.000,0.000,50000.000
20200490,0.000,0.000,50001.000,0.000,0.000,50001.000
20250523,0.000,0.000,49999.000,0.000,0.000,50001.000
20300529,0.000,0.000,50000.000,0.000,0.000,50000.000
20350492,0.000,0.000,50000.000,0.000,0.000,50000.000
20400492,0.000,0.000,50000.000,0.000,0.000,50000.000
20450492,0.000,0.000,50000.000,0.000,0.000,50000.000
20500492,0.000,0.000,50000.000,0.000,0.000,50000.000
20550492,0.000,0.000,50000.000,0.000,0.000,50000.000
20600492,0.000,0.000,50000.000,0.000,0.000,50000.000
20650492,0.000,0.000,50000.000,0.000,0.000,50000.000
20700492,0.000,0.000,50000.000,0.000,0.000,50000.000
20750492,0.000,0.000,50000.000,0.000,0.000,50000.000
20800492,0.000,0.000,50000.000,0.000,0.000,50000.000
20850492,0.000,0.000,50000.000,0.000,0.000,50000.000
20900492,0.000,0.000,50000.000,0.000,0.000,50000.000
20950492,0.000,0.000,50000.000,0.000,0.000,50000.000
21000492,0.000,0.000,50000.000,0.000,0.000,50000.000
21050492,0.000,0.000,50000.000,0.000,0.000,50000.000
21100492,0.000,0.000,50000.000,0.000,0.000,49998.000
21150517,0.000,0.000,50000.000,0.000,0.000,50000.000
21200492,0.000,0.000,50000.000,0.000,0.000,50000.000
21250492,0.000,0.000,50000.000,0.000,0.000,50000.000
21300492,0.000,0.000,50000.000,0.000,0.000,50000.000
21350492,0.000,0.000,50000.000,0.000,0.000,50000.000
21400492,0.000,0.000,50000.000,0.000,0.000,50000.000
21450492,0.000,0.000,50000.000,0.000,0.000,50000.000
21500492,0.000,0.000,50000.000,0.000,0.000,50000.000
21550492,0.000,0.000,50000.000,0.000,0.000,50000.000
21600492,0.000,0.000,50000.000,0.000,0.000,50000.000
21650492,0.000,0.000,50000.000,0.000,0.000,50000.000
21700492,0.000,0.000,50000.000,0.000,0.000,50000.000
21750492,0.000,0.000,50000.000,0.000,0.000,50000.000
21800492,0.000,0.000,50000.000,0.000,0.000,50000.000
21850492,0.000,0.000,50000.000,0.000,0.000,50000.000
21900492,0.000,0.000,50000.000,0.000,0.000,50000.000
21950492,0.000,0.000,50000.000,0.000,0.000,50000.000
22000492,0.000,0.000,50000.000,0.000,0.000,50000.000
22050492,0.000,0.000,50000.000,0.000,0.000,50000.000
22100492,0.000,0.000,50000.000,0.000,0.000,50000.000
22150492,0.000,0.000,50000.000,0.000,0.000,50000.000
22200492,0.000,0.000,50000.000,0.000,0.000,50000.000
22250492,0.000,0.000,50000.000,0.000,0.000,50000.000
22300492,0.000,0.000,50000.000,0.000,0.000,50000.000
22350492,0.000,0.000,50000.000,0.000,0.000,50000.000
22400492,0.000,0.000,50000.000,0.000,0.000,50000.000
22450492,0.000,0.000,50000.000,0.000,0.000,50000.000
22500492,0.000,0.000,50000.000,0.000,0.000,50000.000
22550492,0.000,0.000,50000.000,0.000,0.000,50000.000
22600492,0.000,0.000,50000.000,0.000,0.000,50000.000
22650492,0.000,0.000,50000.000,0.000,0.000,50000.000
22700492,0.000,0.000,50000.000,0.000,0.000,50000.000
22750492,0.000,0.000,50000.000,0.000,0.000,50000.000
22800492,0.000,0.000,50000.000,0.000,0.000,50000.000
22850492,0.000,0.000,50000.000,0.000,0.000,50000.000
22900492,0.000,0.000,50000.000,0.000,0.000,50000.000
22950492,0.000,0.000,50000.000,0.000,0.000,50000.000
23000492,0.000,0.000,50000.000,0.000,0.000,50000.000
23050492,0.000,0.000,50000.000,0.000,0.000,50000.000
23100492,0.000,0.000,50000.000,0.000,0.000,50000.000
23150492,0.000,0.000,50000.000,0.000,0.000,50000.000
23200492,0.000,0.000,50000.000,0.000,0.000,50000.000
23250492,0.000,0.000,50000.000,0.000,0.000,50000.000
23300492,0.000,0.000,50000.000,0.000,0.000,50000.000
23350492,0.000,0.000,50000.000,0.000,0.000,50000.000
23400492,0.000,0.000,50000.000,0.000,0.000,50000.000
23450492,0.000,0.000,50000.000,0.000,0.000,50000.000
23500492,0.000,0.000,50000.000,0.000,0.000,50000.000
23550492,0.000,0.000,50000.000,0.000,0.000,50000.000
23600492,0.000,0.000,50000.000,0.000,0.000,50000.000
23650492,0.000,0.000,50000.000,0.000,0.000,50000.000
23700492,0.000,0.000,50000.000,0.000,0.000,50000.000
23750492,0.000,0.000,50000.000,0.000,0.000,50000.000
23800492,0.000,0.000,50000.000,0.000,0.000,50000.000
23850492,0.000,0.000,50000.000,0.000,0.000,50000.000
23900492,0.000,0.000,50000.000,0.000,0.000,50000.000
23950492,0.000,0.000,50000.000,0.000,0.000,50000.000
24000492,0.000,0.000,50000.000,0.000,0.000,50000.000
24050492,0.000,0.000,50000.000,0.000,0.000,50000.000
24100492,0.000,0.000,50000.000,0.000,0.000,50000.000
24150492,0.000,0.000,50000.000,0.000,0.000,50000.000
24200492,0.000,0.000,50000.000,0.000,0.000,50000.000
24250492,0.000,0.000,50000.000,0.000,0.000,50000.000
24300492,0.000,0.000,50000.000,0.000,0.000,50000.000
24350492,0.000,0.000,50000.000,0.000,0.000,50000.000
24400492,0.000,0.000,50000.000,0.000,0.000,50000.000
24450492,0.000,0.000,50000.000,0.000,0.000,50000.000
24500492,0.000,0.000,50000.000,0.000,0.000,50000.000
24550492,0.000,0.000,50000.000,0.000,0.000,50000.000
24600492,0.000,0.000,50000.000,0.000,0.000,50000.000
24650492,0.000,0.000,50000.000,0.000,0.000,50000.000
24700492,0.000,0.000,50000.000,0.000,0.000,50000.000
24750492,0.000,0.000,50000.000,0.000,0.000,50000.000
24800492,0.000,0.000,50000.000,0.000,0.000,50000.000
24850492,0.000,0.000,50000.000,0.000,0.000,50000.000
24900492,0.000,0.000,50000.000,0.000,0.000,50000.000
24950492,0.000,0.000,50000.000,0.000,0.000,50000.000
25000492,0.000,0.000,50000.000,0.000,0.000,50000.000
25050492,0.000,0.000,50000.000,0.000,0.000,50000.000
25100492,0.000,0.000,50000.000,0.000,0.000,50000.000
25150492,0.000,0.000,50000.000,0.000,0.000,50000.000
25200492,0.000,0.000,50000.000,0.000,0.000,50000.000
25250492,0.000,0.000,50000.000,0.000,0.000,50000.000
25300492,0.000,0.000,50000.000,0.000,0.000,50000.000
25350492,0.000,0.000,50000.000,0.000,0.000,50000.000
25400492,0.000,0.000,50000.000,0.000,0.000,50000.000
25450492,0.000,0.000,50000.000,0.000,0.000,50000.000
25500492,0.000,0.000,50000.000,0.000,0.000,50000.000
25550492,0.000,0.000,50000.000,0.000,0.000,50000.000
25600492,0.000,0.000,50000.000,0.000,0.000,50000.000
25650492,0.000,0.000,50000.000,0.000,0.000,50000.000
25700492,0.000,0.000,50000.000,0.000,0.000,50000.000
25750492,0.000,0.000,50000.000,0.000,0.000,50000.000
25800492,0.000,0.000,50000.000,0.000,0.000,50000.000
25850492,0.000,0.000,50000.000,0.000,0.000,50000.000
25900490,0.000,0.000,50000.000,0.000,0.000,50000.000
25950490,0.000,0.000,50000.000,0.000,0.000,50000.000
26000490,0.000,0.000,50000.000,0.000,0.000,50000.000
26050490,0.000,0.000,50000.000,0.000,0.000,50000.000
26100490,0.000,0.000,50000.000,0.000,0.000,50000.000
26150490,0.000,0.000,50000.000,0.000,0.000,50000.000
26200490,0.000,0.000,50000.000,0.000,0.000,50000.000
26250490,0.000,0.000,50000.000,0.000,0.000,50000.000
26300490,0.000,0.000,50000.000,0.000,0.000,50000.000
26350490,0.000,0.000,50000.000,0.000,0.000,50000.000
26400490,0.000,0.000,50000.000,0.000,0.000,50000.000
26450490,0.000,0.000,50000.000,0.000,0.000,50000.000
26500490,0.000,0.000,50000.000,0.000,0.000,50000.000
26550490,0.000,0.000,50000.000,0.000,0.000,50000.000
26600490,0.000,0.000,50000.000,0.000,0.000,50000.000
26650490,0.000,0.000,50000.000,0.000,0.000,50000.000
26700490,0.000,0.000,50000.000,0.000,0.000,50000.000
26750490,0.000,0.000,50000.000,0.000,0.000,50000.000
26800490,0.000,0.000,50000.000,0.000,0.000,50000.000
26850490,0.000,0.000,50000.000,0.000,0.000,50000.000
26900490,0.000,0.000,50000.000,0.000,0.000,50000.000
26950490,0.000,0.000,50000.000,0.000,0.000,50000.000
27000490,0.000,0.000,50000.000,0.000,0.000,50000.000
27050490,0.000,0.000,50000.000,0.000,0.000,50000.000
27100490,0.000,0.000,50000.000,0.000,0.000,50000.000
27150490,0.000,0.000,50000.000,0.000,0.000,50000.000
27200490,0.000,0.000,50000.000,0.000,0.000,50000.000
27250490,0.000,0.000,50000.000,0.000,0.000,50000.000
27300490,0.000,0.000,50000.000,0.000,0.000,50000.000
27350490,0.000,0.000,50000.000,0.000,0.000,50000.000
27400490,0.000,0.000,50000.000,0.000,0.000,50000.000
27450490,0.000,0.000,50000.000,0.000,0.000,50000.000
27500490,0.000,0.000,50000.000,0.000,0.000,50000.000
27550490,0.000,0.000,50000.000,0.000,0.000,50000.000
27600490,0.000,0.000,50000.000,0.000,0.000,50000.000
27650490,0.000,0.000,50000.000,0.000,0.000,50000.000
27700490,0.000,0.000,50000.000,0.000,0.000,50000.000
27750490,0.000,0.000,50000.000,0.000,0.000,50000.000
27800490,0.000,0.000,50000.000,0.000,0.000,50000.000
27850490,0.000,0.000,50000.000,0.000,0.000,50000.000
27900490,0.000,0.000,50000.000,0.000,0.000,50000.000
27950490,0.000,0.000,50000.000,0.000,0.000,50000.000
28000490,0.000,0.000,50000.000,0.000,0.000,50000.000
28050490,0.000,0.000,50000.000,0.000,0.000,50000.000
28100490,0.000,0.000,50000.000,0.000,0.000,50000.000
28150490,0.000,0.000,50000.000,0.000,0.000,50000.000
28200490,0.000,0.000,50000.000,0.000,0.000,50000.000
28250490,0.000,0.000,50000.000,0.000,0.000,50000.000
28300490,0.000,0.000,50000.000,0.000,0.000,50000.000
28350490,0.000,0.000,50000.000,0.000,0.000,50000.000
28400490,0.000,0.000,50000.000,0.000,0.000,50000.000
28450490,0.000,0.000,50000.000,0.000,0.000,50000.000
28500490,0.000,0.000,50000.000,0.000,0.000,50000.000
28550490,0.000,0.000,50000.000,0.000,0.000,50000.000
28600490,0.000,0.000,50000.000,0.000,0.000,50000.000
28650490,0.000,0.000,50000.000,0.000,0.000,50000.000
28700490,0.000,0.000,50000.000,0.000,0.000,50000.000
28750490,0.000,0.000,50000.000,0.000,0.000,50000.000
28800490,0.000,0.000,50000.000,0.000,0.000,50000.000
28850490,0.000,0.000,50000.000,0.000,0.000,50000.000
28900490,0.000,0.000,50000.000,0.000,0.000,50000.000
28950490,0.000,0.000,50000.000,0.000,0.000,50000.000
29000490,0.000,0.000,50000.000,0.000,0.000,50000.000
29050490,0.000,0.000,50000.000,0.000,0.000,50000.000
29100490,0.000,0.000,50000.000,0.000,0.000,50000.000
29150490,0.000,0.000,50000.000,0.000,0.000,50000.000
29200490,0.000,0.000,50000.000,0.000,0.000,50000.000
29250490,0.000,0.000,50000.000,0.000,0.000,50000.000
29300490,0.000,0.000,50000.000,0.000,0.000,50000.000
29350490,0.000,0.000,50000.000,0.000,0.000,50000.000
29400490,0.000,0.000,50000.000,0.000,0.000,50000.000
29450490,0.000,0.000,50000.000,0.000,0.000,50000.000
29500490,0.000,0.000,50000.000,0.000,0.000,50000.000
29550490,0.000,0.000,50000.000,0.000,0.000,50000.000
29600490,0.000,0.000,50000.000,0.000,0.000,50000.000
29650490,0.000,0.000,50000.000,0.000,0.000,50000.000
29700490,0.000,0.000,50000.000,0.000,0.000,50000.000
29750490,0.000,0.000,50000.000,0.000,0.000,50000.000
29800490,0.000,0.000,50000.000,0.000,0.000,50000.000
29850490,0.000,0.000,50000.000,0.000,0.000,50000.000
29900490,0.000,0.000,50000.000,0.000,0.000,50000.000
29950490,0.000,0.000,50000.000,0.000,0.000,50000.000
30000490,0.000,0.000,50000.000,0.000,0.000,50000.000
30050490,0.000,0.000,50000.000,0.000,0.000,50000.000
30100490,0.000,0.000,50000.000,0.000,0.000,50000.000
30150490,0.000,0.000,50000.000,0.000,0.000,50000.000
30200490,0.000,0.000,50000.000,0.000,0.000,50000.000
30250490,0.000,0.000,50000.000,0.000,0.000,50000.000
30300490,0.000,0.000,50000.000,0.000,0.000,50000.000
30350490,0.000,0.000,50000.000,0.000,0.000,50000.000
30400490,0.000,0.000,50000.000,0.000,0.000,50000.000
30450490,0.000,0.000,50000.000,0.000,0.000,50000.000
30500490,0.000,0.000,50000.000,0.000,0.000,50000.000
30550490,0.000,0.000,50000.000,0.000,0.000,50000.000
30600490,0.000,0.000,50000.000,0.000,0.000,50000.000
30650490,0.000,0.000,50000.000,0.000,0.000,50000.000
30700490,0.000,0.000,50000.000,0.000,0.000,50000.000
30750490,0.000,0.000,50000.000,0.000,0.000,50000.000
30800490,0.000,0.000,50000.000,0.000,0.000,50000.000
30850490,0.000,0.000,50000.000,0.000,0.000,50000.000
30900490,0.000,0.000,50000.000,0.000,0.000,50000.000
30950490,0.000,0.000,50000.000,0.000,0.000,50000.000
31000490,0.000,0.000,50000.000,0.000,0.000,50000.000
31050490,0.000,0.000,50000.000,0.000,0.000,50000.000
31100490,0.000,0.000,50000.000,0.000,0.000,50000.000
31150490,0.000,0.000,50000.000,0.000,0.000,50000.000
31200490,0.000,0.000,50000.000,0.000,0.000,50000.000
31250490,0.000,0.000,50000.000,0.000,0.000,50000.000
31300490,0.000,0.000,50000.000,0.000,0.000,50000.000
31350490,0.000,0.000,50000.000,0.000,0.000,50000.000
31400490,0.000,0.000,50000.000,0.000,0.000,50000.000
31450490,0.000,0.000,50000.000,0.000,0.000,50000.000
31500490,0.000,0.000,50000.000,0.000,0.000,50000.000
31550490,0.000,0.000,50000.000,0.000,0.000,50000.000
31600490,0.000,0.000,50000.000,0.000,0.000,50000.000
31650490,0.000,0.000,50000.000,0.000,0.000,50000.000
31700490,0.000,0.000,50000.000,0.000,0.000,50000.000
31750490,0.000,0.000,50000.000,0.000,0.000,50000.000
31800490,0.000,0.000,50000.000,0.000,0.000,50000.000
31850490,0.000,0.000,50000.000,0.000,0.000,50000.000
31900490,0.000,0.000,50001.000,0.000,0.000,50002.000
31950522,0.000,0.000,49999.000,0.000,0.000,50000.000
32000513,0.000,0.000,50000.000,0.000,0.000,50000.000
32050492,0.000,0.000,50000.000,0.000,0.000,50000.000
32100492,0.000,0.000,50000.000,0.000,0.000,50000.000
32150492,0.000,0.000,50000.000,0.000,0.000,50000.000
32200492,0.000,0.000,50000.000,0.000,0.000,50000.000
32250492,0.000,0.000,50000.000,0.000,0.000,50000.000
32300492,0.000,0.000,50000.000,0.000,0.000,50000.000
32350492,0.000,0.000,50000.000,0.000,0.000,50000.000
32400492,0.000,0.000,50000.000,0.000,0.000,50000.000
32450492,0.000,0.000,50000.000,0.000,0.000,50000.000
32500492,0.000,0.000,50000.000,0.000,0.000,50000.000
32550492,0.000,0.000,50000.000,0.000,0.000,50000.000
32600492,0.000,0.000,50000.000,0.000,0.000,50000.000
32650492,0.000,0.000,50000.000,0.000,0.000,50000.000
32700492,0.000,0.000,50000.000,0.000,0.000,50000.000
32750492,0.000,0.000,50000.000,0.000,0.000,50000.000
32800492,0.000,0.000,50000.000,0.000,0.000,49998.000
32850517,0.000,0.000,50000.000,0.000,0.000,50000.000
32900492,0.000,0.000,50000.000,0.000,0.000,50000.000
32950492,0.000,0.000,50000.000,0.000,0.000,50000.000
33000492,0.000,0.000,50000.000,0.000,0.000,50000.000
33050492,0.000,0.000,50000.000,0.000,0.000,50000.000
33100492,0.000,0.000,50000.000,0.000,0.000,50000.000
33150492,0.000,0.000,50000.000,0.000,0.000,50000.000
33200492,0.000,0.000,50000.000,0.000,0.000,50000.000
33250492,0.000,0.000,50000.000,0.000,0.000,50000.000
33300492,0.000,0.000,50000.000,0.000,0.000,50000.000
33350492,0.000,0.000,50000.000,0.000,0.000,50000.000
33400492,0.000,0.000,50000.000,0.000,0.000,50000.000
33450492,0.000,0.000,50000.000,0.000,0.000,50000.000
33500492,0.000,0.000,50000.000,0.000,0.000,50000.000
33550492,0.000,0.000,50000.000,0.000,0.000,50000.000
33600492,0.000,0.000,50000.000,0.000,0.000,50000.000
33650492,0.000,0.000,50000.000,0.000,0.000,50000.000
33700492,0.000,0.000,50000.000,0.000,0.000,50000.000
33750492,0.000,0.000,50000.000,0.000,0.000,50000.000
33800492,0.000,0.000,50000.000,0.000,0.000,50000.000
33850492,0.000,0.000,50000.000,0.000,0.000,50000.000
33900492,0.000,0.000,50000.000,0.000,0.000,50000.000
33950492,0.000,0.000,50000.000,0.000,0.000,50000.000
34000492,0.000,0.000,50000.000,0.000,0.000,50000.000
34050492,0.000,0.000,50000.000,0.000,0.000,50000.000
34100492,0.000,0.000,50000.000,0.000,0.000,50000.000
34150492,0.000,0.000,50000.000,0.000,0.000,50000.000
34200492,0.000,0.000,50000.000,0.000,0.000,50000.000
34250492,0.000,0.000,50000.000,0.000,0.000,50000.000
34300492,0.000,0.000,50000.000,0.000,0.000,50000.000
34350492,0.000,0.000,50000.000,0.000,0.000,50000.000
34400492,0.000,0.000,50000.000,0.000,0.000,50000.000
34450492,0.000,0.000,50000.000,0.000,0.000,50000.000
34500492,0.000,0.000,50000.000,0.000,0.000,50000.000
34550492,0.000,0.000,50000.000,0.000,0.000,50000.000
34600492,0.000,0.000,50000.000,0.000,0.000,50000.000
34650492,0.000,0.000,50000.000,0.000,0.000,50000.000
34700492,0.000,0.000,50000.000,0.000,0.000,50000.000
34750492,0.000,0.000,50000.000,0.000,0.000,50000.000
34800492,0.000,0.000,50000.000,0.000,0.000,50000.000
34850492,0.000,0.000,50000.000,0.000,0.000,50000.000
34900492,0.000,0.000,50000.000,0.000,0.000,50000.000
34950492,0.000,0.000,50000.000,0.000,0.000,50000.000
35000492,0.000,0.000,50000.000,0.000,0.000,50000.000
35050492,0.000,0.000,50000.000,0.000,0.000,50000.000
35100492,0.000,0.000,50000.000,0.000,0.000,50000.000
35150492,0.000,0.000,50000.000,0.000,0.000,50000.000
35200492,0.000,0.000,50000.000,0.000,0.000,50000.000
35250492,0.000,0.000,50000.000,0.000,0.000,50000.000
35300492,0.000,0.000,50000.000,0.000,0.000,50000.000
35350492,0.000,0.000,50000.000,0.000,0.000,50000.000
35400492,0.000,0.000,50000.000,0.000,0.000,50000.000
35450492,0.000,0.000,50000.000,0.000,0.000,50000.000
35500492,0.000,0.000,50000.000,0.000,0.000,50000.000
35550492,0.000,0.000,50000.000,0.000,0.000,50000.000
35600492,0.000,0.000,50000.000,0.000,0.000,50000.000
35650492,0.000,0.000,50000.000,0.000,0.000,50000.000
35700492,0.000,0.000,50000.000,0.000,0.000,50000.000
35750492,0.000,0.000,50000.000,0.000,0.000,50000.000
35800492,0.000,0.000,50000.000,0.000,0.000,50000.000
35850492,0.000,0.000,50000.000,0.000,0.000,50000.000
35900492,0.000,0.000,50000.000,0.000,0.000,50000.000
35950492,0.000,0.000,50000.000,0.000,0.000,50000.000
36000492,0.000,0.000,50000.000,0.000,0.000,50000.000
36050492,0.000,0.000,50000.000,0.000,0.000,50000.000
36100492,0.000,0.000,50000.000,0.000,0.000,50000.000
36150492,0.000,0.000,50000.000,0.000,0.000,50000.000
36200492,0.000,0.000,50000.000,0.000,0.000,50000.000
36250492,0.000,0.000,50000.000,0.000,0.000,50000.000
36300492,0.000,0.000,50000.000,0.000,0.000,50000.000
36350492,0.000,0.000,50000.000,0.000,0.000,50000.000
36400492,0.000,0.000,50000.000,0.000,0.000,50000.000
36450492,0.000,0.000,50000.000,0.000,0.000,50000.000
36500492,0.000,0.000,50000.000,0.000,0.000,50000.000
36550492,0.000,0.000,50000.000,0.000,0.000,50000.000
36600492,0.000,0.000,50000.000,0.000,0.000,50000.000
36650492,0.000,0.000,50000.000,0.000,0.000,50000.000
36700492,0.000,0.000,50000.000,0.000,0.000,50000.000
36750492,0.000,0.000,50000.000,0.000,0.000,50000.000
36800492,0.000,0.000,50000.000,0.000,0.000,50000.000
36850492,0.000,0.000,50000.000,0.000,0.000,50000.000
36900492,0.000,0.000,50000.000,0.000,0.000,50000.000
36950492,0.000,0.000,50000.000,0.000,0.000,50000.000
37000492,0.000,0.000,50000.000,0.000,0.000,50000.000
37050492,0.000,0.000,50000.000,0.000,0.000,50000.000
37100492,0.000,0.000,50000.000,0.000,0.000,50000.000
37150492,0.000,0.000,50000.000,0.000,0.000,50000.000
37200492,0.000,0.000,50000.000,0.000,0.000,50000.000
37250492,0.000,0.000,50000.000,0.000,0.000,50000.000
37300492,0.000,0.000,50000.000,0.000,0.000,50000.000
37350492,0.000,0.000,50000.000,0.000,0.000,50000.000
37400492,0.000,0.000,50000.000,0.000,0.000,50000.000
37450492,0.000,0.000,50000.000,0.000,0.000,50000.000
37500492,0.000,0.000,50000.000,0.000,0.000,50000.000
37550492,0.000,0.000,50000.000,0.000,0.000,50000.000
37600490,0.000,0.000,50000.000,0.000,0.000,50000.000
37650490,0.000,0.000,50000.000,0.000,0.000,50000.000
37700490,0.000,0.000,50000.000,0.000,0.000,50000.000
37750490,0.000,0.000,50000.000,0.000,0.000,50000.000
37800490,0.000,0.000,50000.000,0.000,0.000,50000.000
37850490,0.000,0.000,50000.000,0.000,0.000,50000.000
37900490,0.000,0.000,50000.000,0.000,0.000,50000.000
37950490,0.000,0.000,50000.000,0.000,0.000,50000.000
38000490,0.000,0.000,50000.000,0.000,0.000,50000.000
38050490,0.000,0.000,50000.000,0.000,0.000,50000.000
38100490,0.000,0.000,50000.000,0.000,0.000,50000.000
38150490,0.000,0.000,50000.000,0.000,0.000,50000.000
38200490,0.000,0.000,50000.000,0.000,0.000,50000.000
38250490,0.000,0.000,50000.000,0.000,0.000,50000.000
38300490,0.000,0.000,50000.000,0.000,0.000,50000.000
38350490,0.000,0.000,50000.000,0.000,0.000,50000.000
38400490,0.000,0.000,50000.000,0.000,0.000,50000.000
38450490,0.000,0.000,50000.000,0.000,0.000,50000.000
38500490,0.000,0.000,50000.000,0.000,0.000,50000.000
38550490,0.000,0.000,50000.000,0.000,0.000,50000.000
38600490,0.000,0.000,50000.000,0.000,0.000,50000.000
38650490,0.000,0.000,50000.000,0.000,0.000,50000.000
38700490,0.000,0.000,50000.000,0.000,0.000,50000.000
38750490,0.000,0.000,50000.000,0.000,0.000,50000.000
38800490,0.000,0.000,50000.000,0.000,0.000,50000.000
38850490,0.000,0.000,50000.000,0.000,0.000,50000.000
38900490,0.000,0.000,50000.000,0.000,0.000,50000.000
38950490,0.000,0.000,50000.000,0.000,0.000,50000.000
39000490,0.000,0.000,50000.000,0.000,0.000,50000.000
39050490,0.000,0.000,50000.000,0.000,0.000,50000.000
39100490,0.000,0.000,50000.000,0.000,0.000,50000.000
39150490,0.000,0.000,50000.000,0.000,0.000,50000.000
39200490,0.000,0.000,50000.000,0.000,0.000,50000.000
39250490,0.000,0.000,50000.000,0.000,0.000,50000.000
39300490,0.000,0.000,50000.000,0.000,0.000,50000.000
39350490,0.000,0.000,50000.000,0.000,0.000,50000.000
39400490,0.000,0.000,50000.000,0.000,0.000,50000.000
39450490,0.000,0.000,50000.000,0.000,0.000,50000.000
39500490,0.000,0.000,50000.000,0.000,0.000,50000.000
39550490,0.000,0.000,50000.000,0.000,0.000,50000.000
39600490,0.000,0.000,50000.000,0.000,0.000,50000.000
39650490,0.000,0.000,50000.000,0.000,0.000,50000.000
39700490,0.000,0.000,50000.000,0.000,0.000,50000.000
39750490,0.000,0.000,50000.000,0.000,0.000,50000.000
39800490,0.000,0.000,50000.000,0.000,0.000,50000.000
39850490,0.000,0.000,50000.000,0.000,0.000,50000.000
39900490,0.000,0.000,50000.000,0.000,0.000,50000.000
39950490,0.000,0.000,50000.000,0.000,0.000,50000.000
40000490,0.000,0.000,50000.000,0.000,0.000,50000.000
40050490,0.000,0.000,50000.000,0.000,0.000,50000.000
40100490,0.000,0.000,50000.000,0.000,0.000,50000.000
40150490,0.000,0.000,50000.000,0.000,0.000,50000.000
40200490,0.000,0.000,50000.000,0.000,0.000,50000.000
40250490,0.000,0.000,50000.000,0.000,0.000,50000.000
40300490,0.000,0.000,50000.000,0.000,0.000,50000.000
40350490,0.000,0.000,50000.000,0.000,0.000,50000.000
40400490,0.000,0.000,50000.000,0.000,0.000,50000.000
40450490,0.000,0.000,50000.000,0.000,0.000,50000.000
40500490,0.000,0.000,50000.000,0.000,0.000,50000.000
40550490,0.000,0.000,50000.000,0.000,0.000,50000.000
40600490,0.000,0.000,50000.000,0.000,0.000,50000.000
40650490,0.000,0.000,50000.000,0.000,0.000,50000.000
40700490,0.000,0.000,50000.000,0.000,0.000,50000.000
40750490,0.000,0.000,50000.000,0.000,0.000,50000.000
40800490,0.000,0.000,50000.000,0.000,0.000,50000.000
40850490,0.000,0.000,50000.000,0.000,0.000,50000.000
40900490,0.000,0.000,50000.000,0.000,0.000,50000.000
40950490,0.000,0.000,50000.000,0.000,0.000,50000.000
41000490,0.000,0.000,50000.000,0.000,0.000,50000.000
41050490,0.000,0.000,50000.000,0.000,0.000,50000.000
41100490,0.000,0.000,50000.000,0.000,0.000,50000.000
41150490,0.000,0.000,50000.000,0.000,0.000,50000.000
41200490,0.000,0.000,50000.000,0.000,0.000,50000.000
41250490,0.000,0.000,50000.000,0.000,0.000,50000.000
41300490,0.000,0.000,50000.000,0.000,0.000,50000.000
41350490,0.000,0.000,50000.000,0.000,0.000,50000.000
41400490,0.000,0.000,50000.000,0.000,0.000,50000.000
41450490,0.000,0.000,50000.000,0.000,0.000,50000.000
41500490,0.000,0.000,50000.000,0.000,0.000,50000.000
41550490,0.000,0.000,50000.000,0.000,0.000,50000.000
41600490,0.000,0.000,50000.000,0.000,0.000,50000.000
41650490,0.000,0.000,50000.000,0.000,0.000,50000.000
41700490,0.000,0.000,50000.000,0.000,0.000,50000.000
41750490,0.000,0.000,50000.000,0.000,0.000,50000.000
41800490,0.000,0.000,50000.000,0.000,0.000,50000.000
41850490,0.000,0.000,50000.000,0.000,0.000,50000.000
41900490,0.000,0.000,50000.000,0.000,0.000,50000.000
41950490,0.000,0.000,50000.000,0.000,0.000,50000.000
42000490,0.000,0.000,50000.000,0.000,0.000,50000.000
42050490,0.000,0.000,50000.000,0.000,0.000,50000.000
42100490,0.000,0.000,50000.000,0.000,0.000,50000.000
42150490,0.000,0.000,50000.000,0.000,0.000,50000.000
42200490,0.000,0.000,50000.000,0.000,0.000,50000.000
42250490,0.000,0.000,50000.000,0.000,0.000,50000.000
42300490,0.000,0.000,50000.000,0.000,0.000,50000.000
42350490,0.000,0.000,50000.000,0.000,0.000,50000.000
42400490,0.000,0.000,50000.000,0.000,0.000,50000.000
42450490,0.000,0.000,50000.000,0.000,0.000,50000.000
42500490,0.000,0.000,50000.000,0.000,0.000,50000.000
42550490,0.000,0.000,50000.000,0.000,0.000,50000.000
42600490,0.000,0.000,50000.000,0.000,0.000,50000.000
42650490,0.000,0.000,50000.000,0.000,0.000,50000.000
42700490,0.000,0.000,50000.000,0.000,0.000,50000.000
42750490,0.000,0.000,50000.000,0.000,0.000,50000.000
42800490,0.000,0.000,50000.000,0.000,0.000,50000.000
42850490,0.000,0.000,50000.000,0.000,0.000,50000.000
42900490,0.000,0.000,50000.000,0.000,0.000,50000.000
42950490,0.000,0.000,50000.000,0.000,0.000,50000.000
43000490,0.000,0.000,50000.000,0.000,0.000,50000.000
43050490,0.000,0.000,50000.000,0.000,0.000,50000.000
43100490,0.000,0.000,50000.000,0.000,0.000,50000.000
43150490,0.000,0.000,50000.000,0.000,0.000,50000.000
43200490,0.000,0.000,50000.000,0.000,0.000,50000.000
43250490,0.000,0.000,50000.000,0.000,0.000,50000.000
43300490,0.000,0.000,50000.000,0.000,0.000,50000.000
43350490,0.000,0.000,50000.000,0.000,0.000,50000.000
43400490,0.000,0.000,50000.000,0.000,0.000,50000.000
43450490,0.000,0.000,50000.000,0.000,0.000,50000.000
43500490,0.000,0.000,50000.000,0.000,0.000,50000.000
43550490,0.000,0.000,50000.000,0.000,0.000,50000.000
43600490,0.000,0.000,50000.000,0.000,0.000,50002.000
43650506,0.000,0.000,50000.000,0.000,0.000,50000.000
43700492,0.000,0.000,50000.000,0.000,0.000,50000.000
43750492,0.000,0.000,50000.000,0.000,0.000,50000.000
43800492,0.000,0.000,50000.000,0.000,0.000,50000.000
43850492,0.000,0.000,50000.000,0.000,0.000,50000.000
43900492,0.000,0.000,50000.000,0.000,0.000,50000.000
43950492,0.000,0.000,50000.000,0.000,0.000,50000.000
44000492,0.000,0.000,50000.000,0.000,0.000,50000.000
44050492,0.000,0.000,50000.000,0.000,0.000,50000.000
44100492,0.000,0.000,50000.000,0.000,0.000,50000.000
44150492,0.000,0.000,50000.000,0.000,0.000,50000.000
44200492,0.000,0.000,50000.000,0.000,0.000,50000.000
44250492,0.000,0.000,50000.000,0.000,0.000,50000.000
44300492,0.000,0.000,50000.000,0.000,0.000,50000.000
44350492,0.000,0.000,50000.000,0.000,0.000,50000.000
44400492,0.000,0.000,50000.000,0.000,0.000,50000.000
44450492,0.000,0.000,50000.000,0.000,0.000,49998.000
44500517,0.000,0.000,50000.000,0.000,0.000,50000.000
44550492,0.000,0.000,50000.000,0.000,0.000,50000.000
44600492,0.000,0.000,50000.000,0.000,0.000,50000.000
44650492,0.000,0.000,50000.000,0.000,0.000,50000.000
44700492,0.000,0.000,50000.000,0.000,0.000,50000.000
44750492,0.000,0.000,50000.000,0.000,0.000,50000.000
44800492,0.000,0.000,50000.000,0.000,0.000,50000.000
44850492,0.000,0.000,50000.000,0.000,0.000,50000.000
44900492,0.000,0.000,50000.000,0.000,0.000,50000.000
44950492,0.000,0.000,50000.000,0.000,0.000,50000.000
45000492,0.000,0.000,50000.000,0.000,0.000,50000.000
45050492,0.000,0.000,50000.000,0.000,0.000,50000.000
45100492,0.000,0.000,50000.000,0.000,0.000,50000.000
45150492,0.000,0.000,50000.000,0.000,0.000,50000.000
45200492,0.000,0.000,50000.000,0.000,0.000,50000.000
45250492,0.000,0.000,50000.000,0.000,0.000,50000.000
45300492,0.000,0.000,50000.000,0.000,0.000,50000.000
45350492,0.000,0.000,50000.000,0.000,0.000,50000.000
45400492,0.000,0.000,50000.000,0.000,0.000,50000.000
45450492,0.000,0.000,50000.000,0.000,0.000,50000.000
45500492,0.000,0.000,50000.000,0.000,0.000,50000.000
45550492,0.000,0.000,50000.000,0.000,0.000,50000.000
45600492,0.000,0.000,50000.000,0.000,0.000,50000.000
45650492,0.000,0.000,50000.000,0.000,0.000,50000.000
45700492,0.000,0.000,50000.000,0.000,0.000,50000.000
45750492,0.000,0.000,50000.000,0.000,0.000,50000.000
45800492,0.000,0.000,50000.000,0.000,0.000,50000.000
45850492,0.000,0.000,50000.000,0.000,0.000,50000.000
45900492,0.000,0.000,50000.000,0.000,0.000,50000.000
45950492,0.000,0.000,50000.000,0.000,0.000,50000.000
46000492,0.000,0.000,50000.000,0.000,0.000,50000.000
46050492,0.000,0.000,50000.000,0.000,0.000,50000.000
46100492,0.000,0.000,50000.000,0.000,0.000,50000.000
46150492,0.000,0.000,50000.000,0.000,0.000,50000.000
46200492,0.000,0.000,50000.000,0.000,0.000,50000.000
46250492,0.000,0.000,50000.000,0.000,0.000,50000.000
46300492,0.000,0.000,50000.000,0.000,0.000,50000.000
46350492,0.000,0.000,50000.000,0.000,0.000,50000.000
46400492,0.000,0.000,50000.000,0.000,0.000,50000.000
46450492,0.000,0.000,50000.000,0.000,0.000,50000.000
46500492,0.000,0.000,50000.000,0.000,0.000,50000.000
46550492,0.000,0.000,50000.000,0.000,0.000,50000.000
46600492,0.000,0.000,50000.000,0.000,0.000,50000.000
46650492,0.000,0.000,50000.000,0.000,0.000,50000.000
46700492,0.000,0.000,50000.000,0.000,0.000,50000.000
46750492,0.000,0.000,50000.000,0.000,0.000,50000.000
46800492,0.000,0.000,50000.000,0.000,0.000,50000.000
46850492,0.000,0.000,50000.000,0.000,0.000,50000.000
46900492,0.000,0.000,50000.000,0.000,0.000,50000.000
46950492,0.000,0.000,50000.000,0.000,0.000,50000.000
47000492,0.000,0.000,50000.000,0.000,0.000,50000.000
47050492,0.000,0.000,50000.000,0.000,0.000,50000.000
47100492,0.000,0.000,50000.000,0.000,0.000,50000.000
47150492,0.000,0.000,50000.000,0.000,0.000,50000.000
47200492,0.000,0.000,50000.000,0.000,0.000,50000.000
47250492,0.000,0.000,50000.000,0.000,0.000,50000.000
47300492,0.000,0.000,50000.000,0.000,0.000,50000.000
47350492,0.000,0.000,50000.000,0.000,0.000,50000.000
47400492,0.000,0.000,50000.000,0.000,0.000,50000.000
47450492,0.000,0.000,50000.000,0.000,0.000,50000.000
47500492,0.000,0.000,50000.000,0.000,0.000,50000.000
47550492,0.000,0.000,50000.000,0.000,0.000,50000.000
47600492,0.000,0.000,50000.000,0.000,0.000,50000.000
47650492,0.000,0.000,50000.000,0.000,0.000,50000.000
47700492,0.000,0.000,50000.000,0.000,0.000,50000.000
47750492,0.000,0.000,50000.000,0.000,0.000,50000.000
47800492,0.000,0.000,50000.000,0.000,0.000,50000.000
47850492,0.000,0.000,50000.000,0.000,0.000,50000.000
47900492,0.000,0.000,50000.000,0.000,0.000,50000.000
47950492,0.000,0.000,50000.000,0.000,0.000,50000.000
48000492,0.000,0.000,50000.000,0.000,0.000,50000.000
48050492,0.000,0.000,50000.000,0.000,0.000,50000.000
48100492,0.000,0.000,50000.000,0.000,0.000,50000.000
48150492,0.000,0.000,50000.000,0.000,0.000,50000.000
48200492,0.000,0.000,50000.000,0.000,0.000,50000.000
48250492,0.000,0.000,50000.000,0.000,0.000,50000.000
48300492,0.000,0.000,50000.000,0.000,0.000,50000.000
48350492,0.000,0.000,50000.000,0.000,0.000,50000.000
48400492,0.000,0.000,50000.000,0.000,0.000,50000.000
48450492,0.000,0.000,50000.000,0.000,0.000,50000.000
48500492,0.000,0.000,50000.000,0.000,0.000,50000.000
48550492,0.000,0.000,50000.000,0.000,0.000,50000.000
48600492,0.000,0.000,50000.000,0.000,0.000,50000.000
48650492,0.000,0.000,50000.000,0.000,0.000,50000.000
48700492,0.000,0.000,50000.000,0.000,0.000,50000.000
48750492,0.000,0.000,50000.000,0.000,0.000,50000.000
48800492,0.000,0.000,50000.000,0.000,0.000,50000.000
48850492,0.000,0.000,50000.000,0.000,0.000,50000.000
48900492,0.000,0.000,50000.000,0.000,0.000,50000.000
48950492,0.000,0.000,50000.000,0.000,0.000,50000.000
49000492,0.000,0.000,50000.000,0.000,0.000,50000.000
49050492,0.000,0.000,50000.000,0.000,0.000,50000.000
49100492,0.000,0.000,50000.000,0.000,0.000,50000.000
49150492,0.000,0.000,50000.000,0.000,0.000,50000.000
49200492,0.000,0.000,50000.000,0.000,0.000,50000.000
49250492,0.000,0.000,50000.000,0.000,0.000,50000.000
49300490,0.000,0.000,50000.000,0.000,0.000,50000.000
49350490,0.000,0.000,50000.000,0.000,0.000,50000.000
49400490,0.000,0.000,50000.000,0.000,0.000,50000.000
49450490,0.000,0.000,50000.000,0.000,0.000,50000.000
49500490,0.000,0.000,50000.000,0.000,0.000,50000.000
49550490,0.000,0.000,50000.000,0.000,0.000,50000.000
49600490,0.000,0.000,50000.000,0.000,0.000,50000.000
49650490,0.000,0.000,50000.000,0.000,0.000,50000.000
49700490,0.000,0.000,50000.000,0.000,0.000,50000.000
49750490,0.000,0.000,50000.000,0.000,0.000,50000.000
49800490,0.000,0.000,50000.000,0.000,0.000,50000.000
49850490,0.000,0.000,50000.000,0.000,0.000,50000.000
49900490,0.000,0.000,50000.000,0.000,0.000,50000.000
49950490,0.000,0.000,50000.000,0.000,0.000,50000.000
50000490,0.000,0.000,50000.000,0.000,0.000,50000.000
50050490,0.000,0.000,50000.000,0.000,0.000,50000.000
50100490,0.000,0.000,50000.000,0.000,0.000,50000.000
50150490,0.000,0.000,50000.000,0.000,0.000,50000.000
50200490,0.000,0.000,50000.000,0.000,0.000,50000.000
50250490,0.000,0.000,50000.000,0.000,0.000,50000.000
50300490,0.000,0.000,50000.000,0.000,0.000,50000.000
50350490,0.000,0.000,50000.000,0.000,0.000,50000.000
50400490,0.000,0.000,50000.000,0.000,0.000,50000.000
50450490,0.000,0.000,50000.000,0.000,0.000,50000.000
50500490,0.000,0.000,50000.000,0.000,0.000,50000.000
50550490,0.000,0.000,50000.000,0.000,0.000,50000.000
50600490,0.000,0.000,50000.000,0.000,0.000,50000.000
50650490,0.000,0.000,50000.000,0.000,0.000,50000.000
50700490,0.000,0.000,50000.000,0.000,0.000,50000.000
50750490,0.000,0.000,50000.000,0.000,0.000,50000.000
50800490,0.000,0.000,50000.000,0.000,0.000,50000.000
50850490,0.000,0.000,50000.000,0.000,0.000,50000.000
50900490,0.000,0.000,50000.000,0.000,0.000,50000.000
50950490,0.000,0.000,50000.000,0.000,0.000,50000.000
51000490,0.000,0.000,50000.000,0.000,0.000,50000.000
51050490,0.000,0.000,50000.000,0.000,0.000,50000.000
51100490,0.000,0.000,50000.000,0.000,0.000,50000.000
51150490,0.000,0.000,50000.000,0.000,0.000,50000.000
51200490,0.000,0.000,50000.000,0.000,0.000,50000.000
51250490,0.000,0.000,50000.000,0.000,0.000,50000.000
51300490,0.000,0.000,50000.000,0.000,0.000,50000.000
51350490,0.000,0.000,50000.000,0.000,0.000,50000.000
51400490,0.000,0.000,50000.000,0.000,0.000,50000.000
51450490,0.000,0.000,50000.000,0.000,0.000,50000.000
51500490,0.000,0.000,50000.000,0.000,0.000,50000.000
51550490,0.000,0.000,50000.000,0.000,0.000,50000.000
51600490,0.000,0.000,50000.000,0.000,0.000,50000.000
51650490,0.000,0.000,50000.000,0.000,0.000,50000.000
51700490,0.000,0.000,50000.000,0.000,0.000,50000.000
51750490,0.000,0.000,50000.000,0.000,0.000,50000.000
51800490,0.000,0.000,50000.000,0.000,0.000,50000.000
51850490,0.000,0.000,50000.000,0.000,0.000,50000.000
51900490,0.000,0.000,50000.000,0.000,0.000,50000.000
51950490,0.000,0.000,50000.000,0.000,0.000,50000.000
52000490,0.000,0.000,50000.000,0.000,0.000,50000.000
52050490,0.000,0.000,50000.000,0.000,0.000,50000.000
52100490,0.000,0.000,50000.000,0.000,0.000,50000.000
52150490,0.000,0.000,50000.000,0.000,0.000,50000.000
52200490,0.000,0.000,50000.000,0.000,0.000,50000.000
52250490,0.000,0.000,50000.000,0.000,0.000,50000.000
52300490,0.000,0.000,50000.000,0.000,0.000,50000.000
52350490,0.000,0.000,50000.000,0.000,0.000,50000.000
52400490,0.000,0.000,50000.000,0.000,0.000,50000.000
52450490,0.000,0.000,50000.000,0.000,0.000,50000.000
52500490,0.000,0.000,50000.000,0.000,0.000,50000.000
52550490,0.000,0.000,50000.000,0.000,0.000,50000.000
52600490,0.000,0.000,50000.000,0.000,0.000,50000.000
52650490,0.000,0.000,50000.000,0.000,0.000,50000.000
52700490,0.000,0.000,50000.000,0.000,0.000,50000.000
52750490,0.000,0.000,50000.000,0.000,0.000,50000.000
52800490,0.000,0.000,50000.000,0.000,0.000,50000.000
52850490,0.000,0.000,50000.000,0.000,0.000,50000.000
52900490,0.000,0.000,50000.000,0.000,0.000,50000.000
52950490,0.000,0.000,50000.000,0.000,0.000,50000.000
53000490,0.000,0.000,50000.000,0.000,0.000,50000.000
53050490,0.000,0.000,50000.000,0.000,0.000,50000.000
53100490,0.000,0.000,50000.000,0.000,0.000,50000.000
53150490,0.000,0.000,50000.000,0.000,0.000,50000.000
53200490,0.000,0.000,50000.000,0.000,0.000,50000.000
53250490,0.000,0.000,50000.000,0.000,0.000,50000.000
53300490,0.000,0.000,50000.000,0.000,0.000,50000.000
53350490,0.000,0.000,50000.000,0.000,0.000,50000.000
53400490,0.000,0.000,50000.000,0.000,0.000,50000.000
53450490,0.000,0.000,50000.000,0.000,0.000,50000.000
53500490,0.000,0.000,50000.000,0.000,0.000,50000.000
53550490,0.000,0.000,50000.000,0.000,0.000,50000.000
53600490,0.000,0.000,50000.000,0.000,0.000,50000.000
53650490,0.000,0.000,50000.000,0.000,0.000,50000.000
53700490,0.000,0.000,50000.000,0.000,0.000,50000.000
53750490,0.000,0.000,50000.000,0.000,0.000,50000.000
53800490,0.000,0.000,50000.000,0.000,0.000,50000.000
53850490,0.000,0.000,50000.000,0.000,0.000,50000.000
53900490,0.000,0.000,50000.000,0.000,0.000,50000.000
53950490,0.000,0.000,50000.000,0.000,0.000,50000.000
54000490,0.000,0.000,50000.000,0.000,0.000,50000.000
54050490,0.000,0.000,50000.000,0.000,0.000,50000.000
54100490,0.000,0.000,50000.000,0.000,0.000,50000.000
54150490,0.000,0.000,50000.000,0.000,0.000,50000.000
54200490,0.000,0.000,50000.000,0.000,0.000,50000.000
54250490,0.000,0.000,50000.000,0.000,0.000,50000.000
54300490,0.000,0.000,50000.000,0.000,0.000,50000.000
54350490,0.000,0.000,50000.000,0.000,0.000,50000.000
54400490,0.000,0.000,50000.000,0.000,0.000,50000.000
54450490,0.000,0.000,50000.000,0.000,0.000,50000.000
54500490,0.000,0.000,50000.000,0.000,0.000,50000.000
54550490,0.000,0.000,50000.000,0.000,0.000,50000.000
54600490,0.000,0.000,50000.000,0.000,0.000,50000.000
54650490,0.000,0.000,50000.000,0.000,0.000,50000.000
54700490,0.000,0.000,50000.000,0.000,0.000,50000.000
54750490,0.000,0.000,50000.000,0.000,0.000,50000.000
54800490,0.000,0.000,50000.000,0.000,0.000,50000.000
54850490,0.000,0.000,50000.000,0.000,0.000,50000.000
54900490,0.000,0.000,50000.000,0.000,0.000,50000.000
54950490,0.000,0.000,50000.000,0.000,0.000,50000.000
55000490,0.000,0.000,50000.000,0.000,0.000,50000.000
55050490,0.000,0.000,50000.000,0.000,0.000,50000.000
55100490,0.000,0.000,50000.000,0.000,0.000,50000.000
55150490,0.000,0.000,50000.000,0.000,0.000,50000.000
55200490,0.000,0.000,50000.000,0.000,0.000,50000.000
55250490,0.000,0.000,50001.000,0.000,0.000,50001.000
55300523,0.000,0.000,49999.000,0.000,0.000,50001.000
55350529,0.000,0.000,50000.000,0.000,0.000,50000.000
55400492,0.000,0.000,50000.000,0.000,0.000,50000.000
55450492,0.000,0.000,50000.000,0.000,0.000,50000.000
55500492,0.000,0.000,50000.000,0.000,0.000,50000.000
55550492,0.000,0.000,50000.000,0.000,0.000,50000.000
55600492,0.000,0.000,50000.000,0.000,0.000,50000.000
55650492,0.000,0.000,50000.000,0.000,0.000,50000.000
55700492,0.000,0.000,50000.000,0.000,0.000,50000.000
55750492,0.000,0.000,50000.000,0.000,0.000,50000.000
55800492,0.000,0.000,50000.000,0.000,0.000,50000.000
55850492,0.000,0.000,50000.000,0.000,0.000,50000.000
55900492,0.000,0.000,50000.000,0.000,0.000,50000.000
55950492,0.000,0.000,50000.000,0.000,0.000,50000.000
56000492,0.000,0.000,50000.000,0.000,0.000,50000.000
56050492,0.000,0.000,50000.000,0.000,0.000,50000.000
56100492,0.000,0.000,50000.000,0.000,0.000,50000.000
56150492,0.000,0.000,50000.000,0.000,0.000,49998.000
56200517,0.000,0.000,50000.000,0.000,0.000,50000.000
56250492,0.000,0.000,50000.000,0.000,0.000,50000.000
56300492,0.000,0.000,50000.000,0.000,0.000,50000.000
56350492,0.000,0.000,50000.000,0.000,0.000,50000.000
56400492,0.000,0.000,50000.000,0.000,0.000,50000.000
56450492,0.000,0.000,50000.000,0.000,0.000,50000.000
56500492,0.000,0.000,50000.000,0.000,0.000,50000.000
56550492,0.000,0.000,50000.000,0.000,0.000,50000.000
56600492,0.000,0.000,50000.000,0.000,0.000,50000.000
56650492,0.000,0.000,50000.000,0.000,0.000,50000.000
56700492,0.000,0.000,50000.000,0.000,0.000,50000.000
56750492,0.000,0.000,50000.000,0.000,0.000,50000.000
56800492,0.000,0.000,50000.000,0.000,0.000,50000.000
56850492,0.000,0.000,50000.000,0.000,0.000,50000.000
56900492,0.000,0.000,50000.000,0.000,0.000,50000.000
56950492,0.000,0.000,50000.000,0.000,0.000,50000.000
57000492,0.000,0.000,50000.000,0.000,0.000,50000.000
57050492,0.000,0.000,50000.000,0.000,0.000,50000.000
57100492,0.000,0.000,50000.000,0.000,0.000,50000.000
57150492,0.000,0.000,50000.000,0.000,0.000,50000.000
57200492,0.000,0.000,50000.000,0.000,0.000,50000.000
57250492,0.000,0.000,50000.000,0.000,0.000,50000.000
57300492,0.000,0.000,50000.000,0.000,0.000,50000.000
57350492,0.000,0.000,50000.000,0.000,0.000,50000.000
57400492,0.000,0.000,50000.000,0.000,0.000,50000.000
57450492,0.000,0.000,50000.000,0.000,0.000,50000.000
57500492,0.000,0.000,50000.000,0.000,0.000,50000.000
57550492,0.000,0.000,50000.000,0.000,0.000,50000.000
57600492,0.000,0.000,50000.000,0.000,0.000,50000.000
57650492,0.000,0.000,50000.000,0.000,0.000,50000.000
57700492,0.000,0.000,50000.000,0.000,0.000,50000.000
57750492,0.000,0.000,50000.000,0.000,0.000,50000.000
57800492,0.000,0.000,50000.000,0.000,0.000,50000.000
57850492,0.000,0.000,50000.000,0.000,0.000,50000.000
57900492,0.000,0.000,50000.000,0.000,0.000,50000.000
57950492,0.000,0.000,50000.000,0.000,0.000,50000.000
58000492,0.000,0.000,50000.000,0.000,0.000,50000.000
58050492,0.000,0.000,50000.000,0.000,0.000,50000.000
58100492,0.000,0.000,50000.000,0.000,0.000,50000.000
58150492,0.000,0.000,50000.000,0.000,0.000,50000.000
58200492,0.000,0.000,50000.000,0.000,0.000,50000.000
58250492,0.000,0.000,50000.000,0.000,0.000,50000.000
58300492,0.000,0.000,50000.000,0.000,0.000,50000.000
58350492,0.000,0.000,50000.000,0.000,0.000,50000.000
58400492,0.000,0.000,50000.000,0.000,0.000,50000.000
58450492,0.000,0.000,50000.000,0.000,0.000,50000.000
58500492,0.000,0.000,50000.000,0.000,0.000,50000.000
58550492,0.000,0.000,50000.000,0.000,0.000,50000.000
58600492,0.000,0.000,50000.000,0.000,0.000,50000.000
58650492,0.000,0.000,50000.000,0.000,0.000,50000.000
58700492,0.000,0.000,50000.000,0.000,0.000,50000.000
58750492,0.000,0.000,50000.000,0.000,0.000,50000.000
58800492,0.000,0.000,50000.000,0.000,0.000,50000.000
58850492,0.000,0.000,50000.000,0.000,0.000,50000.000
58900492,0.000,0.000,50000.000,0.000,0.000,50000.000
58950492,0.000,0.000,50000.000,0.000,0.000,50000.000
59000492,0.000,0.000,50000.000,0.000,0.000,50000.000
59050492,0.000,0.000,50000.000,0.000,0.000,50000.000
59100492,0.000,0.000,50000.000,0.000,0.000,50000.000
59150492,0.000,0.000,50000.000,0.000,0.000,50000.000
59200492,0.000,0.000,50000.000,0.000,0.000,50000.000
59250492,0.000,0.000,50000.000,0.000,0.000,50000.000
59300492,0.000,0.000,50000.000,0.000,0.000,50000.000
59350492,0.000,0.000,50000.000,0.000,0.000,50000.000
59400492,0.000,0.000,50000.000,0.000,0.000,50000.000
59450492,0.000,0.000,50000.000,0.000,0.000,50000.000
59500492,0.000,0.000,50000.000,0.000,0.000,50000.000
59550492,0.000,0.000,50000.000,0.000,0.000,50000.000
59600492,0.000,0.000,50000.000,0.000,0.000,50000.000
59650492,0.000,0.000,50000.000,0.000,0.000,50000.000
59700492,0.000,0.000,50000.000,0.000,0.000,50000.000
59750492,0.000,0.000,50000.000,0.000,0.000,50000.000
59800492,0.000,0.000,50000.000,0.000,0.000,50000.000
59850492,0.000,0.000,50000.000,0.000,0.000,50000.000
59900492,0.000,0.000,50000.000,0.000,0.000,50000.000
59950492,0.000,0.000,50000.000,0.000,0.000,50000.000
