timestamp[ms],left_dx[um],left_dy[um],left_dt[us],right_dx[um],right_dy[um],right_dt[us],waterPin
0,0.000,-22.412,50160.000,0.000,0.000,50155.000,0
51,-201.706,-7903.882,50000.000,-1240.118,-1322.294,50000.000,0
101,164.353,-10794.999,50000.000,-791.882,-1897.529,50000.000,0
151,1912.470,-10540.999,50000.000,-926.353,-3160.059,50000.000,0
201,1658.470,-8785.411,50000.000,-627.529,-3563.470,50000.000,0
251,649.941,-6850.529,50000.000,-276.412,-1979.706,50000.000,0
301,97.118,-6783.293,50000.000,-537.882,-1397.000,50000.000,0
351,-134.471,-8404.411,50000.000,-627.529,-836.706,50000.000,0
401,313.765,-10428.940,50000.000,-403.412,-918.882,50000.000,0
451,978.647,-11161.058,50000.000,-642.471,-2965.823,50000.000,0
501,1270.000,-10473.764,50000.000,-493.059,-3974.353,50000.000,0
551,1083.235,-9061.823,50000.000,-298.824,-2353.235,50000.000,0
601,-224.118,-7694.706,50000.000,-485.588,-806.823,50000.000,0
651,-1255.059,-6858.000,50000.000,-1568.823,-254.000,50000.000,0
701,-1553.882,-8486.588,50000.000,-2652.059,-747.059,50000.000,0
751,-702.235,-10324.353,50000.000,-2271.059,-1957.294,50000.000,0
801,-403.412,-12109.822,50000.000,-2263.588,-4078.941,50000.000,0
851,-22.412,-11004.176,50000.000,-1434.353,-3249.706,50000.000,0
901,-336.176,-10107.705,50000.000,-2106.706,-4504.764,50000.000,0
951,-1113.118,-9091.705,50000.000,-2293.470,-2883.647,50000.000,0
1001,-2061.882,-7433.235,50000.000,-2547.470,-1150.470,50000.000,0
1051,-2271.059,-7328.646,50000.000,-2599.765,-1882.588,50000.000,0
1101,-605.118,-9696.823,50000.000,-3966.882,-6753.411,50000.000,0
1151,44.824,-9958.293,50000.000,-2136.588,-4990.353,50000.000,0
1201,-37.353,-6185.646,50000.000,-956.235,-3421.529,50000.000,0
1251,-403.412,-6544.235,50000.000,-156.882,-478.118,50000.000,0
1301,-918.882,-4736.353,50000.000,-328.706,-373.529,50000.000,0
1351,-500.529,-3959.411,50000.000,-537.882,-926.353,50000.000,0
1401,97.118,-3316.941,50000.000,-493.059,-3869.764,50000.000,0
1451,1837.765,-2629.647,50000.000,-231.588,-5401.235,50000.000,0
1501,3122.706,-717.176,50000.000,597.647,-1680.882,50000.000,0
1551,3414.059,1957.294,50000.000,455.706,-627.529,50000.000,0
1601,3668.059,3944.470,50000.000,2554.941,-2032.000,50000.000,0
1651,4586.941,2510.117,50000.000,2921.000,-2345.765,50000.000,0
1701,5685.117,-1740.647,50000.000,3877.235,-5281.706,50000.000,0
1751,5124.823,-4661.647,50000.000,1553.882,-2629.647,50000.000,0
1801,5408.706,-6036.235,50000.000,754.529,-859.118,50000.000,0
1851,4863.353,-4586.941,50000.000,2091.765,-1389.529,50000.000,0
1901,6357.470,-3294.529,50000.000,3436.470,-2823.882,50000.000,0
1951,8157.882,-2532.529,50000.000,993.588,-933.823,50000.000,0
2001,8359.588,-620.059,50000.000,1240.118,-986.118,50000.000,0
2051,8538.882,1509.059,50000.000,2427.941,-1284.941,50000.000,0
2101,7926.293,2614.706,50000.000,4400.176,-2009.588,50000.000,0
2151,8396.940,313.765,50000.000,4728.882,-2584.823,50000.000,0
2201,9099.176,-3869.764,50000.000,4863.353,-3443.941,50000.000,0
2251,7926.293,-4878.294,50000.000,1860.176,-1157.941,50000.000,0
2301,6723.529,-3787.588,50000.000,829.235,-37.353,50000.000,0
2351,6006.353,-2622.176,50000.000,1501.588,201.706,50000.000,0
2401,5976.470,-2263.588,50000.000,4482.353,149.412,50000.000,0
2451,6237.941,-2151.529,50000.000,4250.765,-657.412,50000.000,0
2501,5864.411,-1606.176,50000.000,1120.588,-291.353,50000.000,0
2551,6648.823,-1030.941,50000.000,1083.235,-298.824,50000.000,0
2601,6865.470,-276.412,50000.000,5012.764,-933.823,50000.000,0
2651,7276.353,-298.824,50000.000,5580.529,-1098.176,50000.000,0
2701,7418.293,-156.882,50000.000,6312.646,-1284.941,50000.000,0
2751,7739.529,-239.059,50000.000,5311.588,-1045.882,50000.000,0
2801,8187.764,22.412,50000.000,5236.882,-627.529,50000.000,0
2851,7014.882,298.824,50000.000,6118.411,89.647,50000.000,0
2901,5991.411,37.353,50000.000,1957.294,194.235,50000.000,0
2951,5939.117,-127.000,50000.000,2151.529,597.647,50000.000,0
3001,4885.764,74.706,50000.000,4064.000,1262.529,50000.000,0
3051,4347.882,-127.000,50000.000,3443.941,1008.529,50000.000,0
3101,4138.706,-224.118,50000.000,1090.706,179.294,50000.000,0
3151,3824.941,-186.765,50000.000,851.647,-268.941,50000.000,0
3201,3287.059,-112.059,50000.000,1202.765,-508.000,50000.000,0
3251,1516.529,14.941,50000.000,522.941,-186.765,50000.000,0
3301,141.941,-500.529,50000.000,89.647,567.765,50000.000,0
3351,-971.176,-620.059,50000.000,-149.412,254.000,50000.000,0
3401,-1957.294,-433.294,50000.000,-1718.235,67.235,50000.000,0
3451,-3152.588,-1404.470,50000.000,-2315.882,-388.471,50000.000,0
3501,-4826.000,-2450.353,50000.000,-2420.470,-500.529,50000.000,0
3551,-5864.411,-2129.117,50000.000,-3070.412,-605.118,50000.000,0
3601,-6701.117,-1964.765,50000.000,-2607.235,-478.118,50000.000,0
3651,-7283.823,-2069.353,50000.000,-5416.176,-1172.882,50000.000,0
3701,-8187.764,-186.765,50000.000,-7911.353,-2181.412,50000.000,0
3751,-8210.176,283.882,50000.000,-8374.529,-2562.412,50000.000,0
3801,-8613.588,-7.471,50000.000,-8837.705,-2883.647,50000.000,0
3851,-8635.999,-261.471,50000.000,-7687.235,-2188.882,50000.000,0
3901,-8613.588,-2487.706,50000.000,-7515.411,-2667.000,50000.000,0
3951,-7433.235,-6125.882,50000.000,-6260.353,-2876.176,50000.000,0
4001,-6282.764,-6887.882,50000.000,-4586.941,-2487.706,50000.000,0
4051,-6275.293,-6925.235,50000.000,-1509.059,-933.823,50000.000,0
4101,-5378.823,-5124.823,50000.000,-2629.647,-2166.470,50000.000,0
4151,-5236.882,-1845.235,50000.000,-4310.529,-2293.470,50000.000,0
4201,-6693.646,-179.294,50000.000,-6305.176,-1053.353,50000.000,0
4251,-7373.470,-3197.412,50000.000,-3451.412,-14.941,50000.000,0
4301,-6745.941,-7642.411,50000.000,-1658.470,-216.647,50000.000,0
4351,-6970.059,-9816.353,50000.000,-5356.412,-231.588,50000.000,0
4401,-7201.646,-8837.705,50000.000,-6977.529,941.294,50000.000,0
4451,-7261.411,-7941.235,50000.000,-3600.823,620.059,50000.000,0
4501,-6559.176,-6574.117,50000.000,-956.235,14.941,50000.000,0
4551,-5954.059,-6028.764,50000.000,-2405.529,-537.882,50000.000,0
4601,-5378.823,-4430.059,50000.000,-2719.294,-896.471,50000.000,0
4651,-3862.294,-2547.470,50000.000,-246.529,-306.294,50000.000,0
4701,-1890.059,-2368.176,50000.000,-1008.529,-2076.823,50000.000,0
4751,-2032.000,-1837.765,50000.000,-1792.941,-2241.176,50000.000,0
4801,-2308.412,-1606.176,50000.000,-366.059,-321.235,50000.000,0
4851,-2300.941,-4579.470,50000.000,-179.294,-156.882,50000.000,0
4901,-1411.941,-7395.882,50000.000,-1531.470,-1113.118,50000.000,0
4951,-1240.118,-7702.176,50000.000,-1561.353,-1120.588,50000.000,0
5001,-1217.706,-7717.117,50000.000,-1299.882,-1389.529,50000.000,0
5051,-395.941,-6021.294,50000.000,-522.941,-851.647,50000.000,0
5101,-343.647,-2868.706,50000.000,-112.059,-351.118,50000.000,0
5151,-171.824,-844.176,50000.000,-141.941,-1060.823,50000.000,0
5201,-776.941,-1016.000,50000.000,-530.412,-1725.706,50000.000,0
5251,-1912.470,-4811.059,50000.000,-2054.412,-836.706,50000.000,0
5301,-2808.941,-8643.470,50000.000,-2958.353,127.000,50000.000,0
5351,-4347.882,-9584.764,50000.000,-3010.647,836.706,50000.000,0
5401,-5864.411,-10257.117,50000.000,-4870.823,1591.235,50000.000,0
5451,-5520.764,-10413.999,50000.000,-5490.882,104.588,50000.000,0
5501,-3466.353,-9166.411,50000.000,-2831.353,-1553.882,50000.000,0
5551,-2562.412,-10107.705,50000.000,-2771.588,-3227.294,50000.000,0
5601,-1807.882,-9046.882,50000.000,-3070.412,-4542.117,50000.000,0
5651,-3219.823,-6491.941,50000.000,-3070.412,-3257.176,50000.000,0
5701,-4691.529,-7097.058,50000.000,-3585.882,-1277.470,50000.000,0
5751,-4915.646,-7112.000,50000.000,-3645.647,-395.941,50000.000,0
5801,-4616.823,-10010.588,50000.000,-3361.764,-1800.412,50000.000,0
5851,-2891.117,-13260.293,50000.000,-5199.529,-5229.412,50000.000,0
5901,-1374.588,-15060.705,50000.000,-3249.706,-5207.000,50000.000,0
5951,-1845.235,-9569.823,50000.000,-2786.529,-5199.529,50000.000,0
6001,-3115.235,-5505.823,50000.000,-2965.823,-2517.588,50000.000,0
6051,-3720.353,-4997.823,50000.000,-3055.470,-1008.529,50000.000,0
6101,-4183.529,-6992.470,50000.000,-1329.765,-179.294,50000.000,0
6151,-4265.706,-8202.705,50000.000,-1053.353,-141.941,50000.000,0
6201,-3757.706,-8875.059,50000.000,-1501.588,-1030.941,50000.000,0
6251,-2188.882,-9009.528,50000.000,-2652.059,-2988.235,50000.000,0
6301,-1583.765,-10443.882,50000.000,-2293.470,-3563.470,50000.000,0
6351,-2786.529,-8232.588,50000.000,-3503.706,-4422.588,50000.000,0
6401,-3869.764,-7799.293,50000.000,-5132.294,-3242.235,50000.000,0
6451,-5431.117,-7380.941,50000.000,-6342.529,-605.118,50000.000,0
6501,-5558.117,-7343.588,50000.000,-3070.412,37.353,50000.000,0
6551,-5169.646,-8172.823,50000.000,-2151.529,-769.471,50000.000,0
6601,-4392.706,-8718.176,50000.000,-4691.529,-2749.176,50000.000,0
6651,-4400.176,-9031.940,50000.000,-3907.117,-3742.764,50000.000,0
6701,-3481.294,-7283.823,50000.000,-1270.000,-1344.706,50000.000,0
6751,-4108.823,-7321.176,50000.000,-2353.235,-2330.823,50000.000,0
6801,-5035.176,-9218.705,50000.000,-941.294,-791.882,50000.000,0
6851,-4960.470,-7507.940,50000.000,-336.176,-29.882,50000.000,0
6901,-5371.353,-9241.117,50000.000,-2883.647,-1068.294,50000.000,0
6951,-4474.882,-10204.823,50000.000,-6813.176,-4855.882,50000.000,0
7001,-1957.294,-9009.528,50000.000,-6514.353,-8090.646,50000.000,0
7051,-1822.823,-7425.764,50000.000,-3563.470,-5737.411,50000.000,0
7101,-2420.470,-4534.647,50000.000,-1606.176,-2300.941,50000.000,0
7151,-3302.000,-5416.176,50000.000,-1367.118,-1075.765,50000.000,0
7201,-3436.470,-7291.293,50000.000,-2906.059,-1733.176,50000.000,0
7251,-3660.588,-9061.823,50000.000,-2032.000,-1053.353,50000.000,0
7301,-3227.294,-10638.117,50000.000,-2577.353,-1695.823,50000.000,0
7351,-1598.706,-12057.528,50000.000,-560.294,-762.000,50000.000,0
7401,-590.176,-11840.882,50000.000,-1613.647,-2786.529,50000.000,0
7451,-1113.118,-8128.000,50000.000,-2353.235,-3690.470,50000.000,0
7501,-2696.882,-6536.764,50000.000,-3197.412,-3048.000,50000.000,0
7551,-3750.235,-7082.117,50000.000,-1785.470,-575.235,50000.000,0
7601,-4497.294,-7941.235,50000.000,-1763.059,-216.647,50000.000,0
7651,-4101.353,-10324.353,50000.000,-2465.294,-1561.353,50000.000,0
7701,-1807.882,-11952.940,50000.000,-2935.941,-3488.764,50000.000,0
7751,-881.529,-11594.353,50000.000,-2106.706,-3563.470,50000.000,0
7801,-1255.059,-8733.117,50000.000,-1464.235,-2442.882,50000.000,0
7851,-2674.470,-6536.764,50000.000,-2390.588,-1703.294,50000.000,0
7901,-3653.117,-7298.764,50000.000,-3414.059,-1232.647,50000.000,0
7951,-3406.588,-7425.764,50000.000,-4071.470,-1053.353,50000.000,0
8001,-3406.588,-9039.411,50000.000,-4273.176,-2159.000,50000.000,0
8051,-2398.059,-9143.999,50000.000,-4235.823,-3264.647,50000.000,0
8101,-2502.647,-8822.764,50000.000,-3429.000,-3145.117,50000.000,0
8151,-2465.294,-7881.470,50000.000,-2540.000,-3055.470,50000.000,0
8201,-2786.529,-7112.000,50000.000,-3488.764,-3824.941,50000.000,0
8251,-3914.588,-7702.176,50000.000,-6125.882,-2928.470,50000.000,0
8301,-5319.059,-7440.706,50000.000,-5124.823,-657.412,50000.000,0
8351,-5535.706,-7552.764,50000.000,-1546.412,-74.706,50000.000,0
8401,-5431.117,-7732.058,50000.000,-2233.706,-448.235,50000.000,0
8451,-5177.117,-7022.353,50000.000,-3204.882,-1748.118,50000.000,0
8501,-4041.588,-4542.117,50000.000,-2965.823,-2353.235,50000.000,0
8551,-3018.117,-2032.000,50000.000,-2667.000,-2472.765,50000.000,0
8601,-3862.294,-1613.647,50000.000,-1807.882,-1591.235,50000.000,0
8651,-4624.294,-4422.588,50000.000,-1494.118,-956.235,50000.000,0
8701,-4131.235,-6970.059,50000.000,-2704.353,-1733.176,50000.000,0
8751,-3466.353,-8075.706,50001.000,-3847.353,-2233.706,50000.000,0
8801,-3869.764,-9607.176,49999.000,-3780.117,-2069.353,50000.000,0
8851,-2883.647,-7560.235,50000.000,-1912.470,-1449.294,50000.000,0
8901,-2667.000,-4288.117,50000.000,-3451.412,-2457.823,50000.000,0
8951,-2853.764,44.824,50000.000,-3249.706,-784.412,50000.000,0
9001,-2457.823,1284.941,50000.000,-1240.118,149.412,50000.000,0
9051,-2203.823,-769.471,50000.000,-874.059,-358.588,50000.000,0
9101,-1852.706,-3167.529,50000.000,-2808.941,-1352.176,50000.000,0
9151,-1583.765,-4497.294,50000.000,-1270.000,-829.235,50000.000,0
9201,-739.588,-6066.117,50000.000,-485.588,-762.000,50000.000,0
9251,-29.882,-8852.646,50000.000,-1628.588,-3264.647,50000.000,0
9301,7.471,-9353.176,50000.000,-1262.529,-3160.059,50000.000,0
9351,-470.647,-5356.412,50000.000,-874.059,-1195.294,50000.000,0
9401,-1180.353,-3436.470,50000.000,-1120.588,-851.647,50000.000,0
9451,-1531.470,-4011.706,50000.000,-1807.882,-1270.000,50000.000,0
9501,-1531.470,-7478.058,50000.000,-3212.353,-1464.235,50000.000,0
9551,-1703.294,-10481.234,50000.000,-4332.941,-1890.059,50000.000,0
9601,-1897.529,-11728.822,50000.000,-3556.000,-1994.647,50000.000,0
9651,-1083.235,-12341.411,50000.000,-4228.353,-2599.765,50000.000,0
9701,-1262.529,-8277.411,50000.000,-3443.941,-3010.647,50000.000,0
9751,-1792.941,-5124.823,50000.000,-2061.882,-1949.823,50000.000,0
9801,-2390.588,-4489.823,50000.000,-799.353,-717.176,50000.000,0
9851,-3062.941,-8060.764,50000.000,-1292.412,-582.706,50000.000,0
9901,-4198.470,-5199.529,50000.000,-4392.706,-1240.118,50000.000,0
9951,-5647.764,-5438.588,50000.000,-3548.529,1449.294,50000.000,0
10001,-6133.353,-6230.470,50000.000,-6798.235,1449.294,50000.000,0
10051,-5842.000,-8576.234,50000.000,-5281.706,-687.294,50000.000,0
10101,-5759.823,-10951.882,50000.000,-4176.059,-2831.353,50000.000,0
10151,-4108.823,-10727.764,50000.000,-5856.941,-5662.706,50000.000,0
10201,-3018.117,-9233.646,50000.000,-1613.647,-1912.470,50000.000,0
10251,-4512.235,-7403.353,50000.000,-4161.117,-3361.764,50000.000,0
10301,-6282.764,-7463.117,50000.000,-3623.235,-1068.294,50000.000,0
10351,-7410.823,-8994.588,50000.000,-2188.882,-29.882,50000.000,0
10401,-6805.706,-10496.176,50000.000,-1494.118,-254.000,50000.000,0
10451,-5804.646,-12483.353,50000.000,-1785.470,-672.353,50000.000,0
10501,-4997.823,-13730.940,50000.000,-2002.118,-1897.529,50000.000,0
10551,-3675.529,-11937.999,50000.000,-2166.470,-2300.941,50000.000,0
10601,-5117.353,-8583.705,50000.000,-3399.117,-1942.353,50000.000,0
10651,-7067.176,-6947.646,50000.000,-3585.882,-291.353,50000.000,0
10701,-8434.294,-7522.882,50000.000,-3122.706,201.706,50000.000,0
10751,-7956.176,-10443.882,50000.000,-3115.235,-381.000,50000.000,0
10801,-6835.588,-11915.588,50000.000,-3346.823,-1270.000,50000.000,0
10851,-6066.117,-11706.411,50000.000,-4131.235,-2928.470,50000.000,0
10901,-4654.176,-10085.293,50000.000,-5700.059,-4788.647,50000.000,0
10951,-5580.529,-8142.940,50000.000,-5983.941,-3167.529,50000.000,0
11001,-6955.117,-6663.764,50000.000,-8337.176,-1232.647,50000.000,0
11051,-8762.999,-6185.646,50000.000,-7956.176,657.412,50000.000,0
11101,-8942.294,-5461.000,50000.000,-5080.000,448.235,50000.000,0
11151,-8157.882,-4781.176,50000.000,-4489.823,-119.529,50000.000,0
11201,-6843.059,-2868.706,50000.000,-2554.941,-283.882,50000.000,0
11251,-6432.176,-590.176,50000.000,-2510.117,-22.412,50000.000,0
11301,-6320.117,-381.000,50000.000,-605.118,-14.941,50000.000,0
11351,-5199.529,-418.353,50000.000,-3122.706,-896.471,50000.000,0
11401,-3018.117,403.412,50001.000,-1688.353,-1143.000,50000.000,0
11451,-1322.294,276.412,49999.000,-1688.353,-4437.529,50000.000,0
11501,440.765,-1367.118,50000.000,-1120.588,-9577.294,50000.000,0
11551,2032.000,-4288.117,50000.000,-470.647,-6895.353,50000.000,0
11601,1486.647,-4243.294,50000.000,-82.176,-2502.647,50000.000,0
11651,672.353,-2248.647,50000.000,14.941,-1329.765,50000.000,0
11701,112.059,-3854.823,50000.000,-74.706,-261.471,50000.000,0
11751,1195.294,-8546.353,50000.000,-268.941,-1172.882,50000.000,0
11801,1404.470,-11041.528,50000.000,-403.412,-799.353,50000.000,0
11851,635.000,-11415.058,50000.000,-328.706,-791.882,50000.000,0
11901,1733.176,-9173.882,50000.000,-403.412,-3227.294,50000.000,0
11951,1434.353,-6999.941,50000.000,-530.412,-3436.470,50000.000,0
12001,149.412,-5184.588,50000.000,-224.118,-1337.235,50000.000,0
12051,-754.529,-5969.000,50000.000,-642.471,0.000,50000.000,0
12101,-1688.353,-6910.293,50000.000,-1083.235,463.176,50000.000,0
12151,-1598.706,-8217.646,50000.000,-336.176,112.059,50000.000,0
12201,-2121.647,-9338.234,50000.000,-1621.118,-224.118,50000.000,0
12251,-2188.882,-9390.528,50000.000,-2562.412,-1060.823,50000.000,0
12301,-2330.823,-9143.999,50000.000,-2525.059,-1703.294,50000.000,0
12351,-3914.588,-9166.411,50000.000,-4736.353,-1210.235,50000.000,0
12401,-7119.470,-6185.646,50000.000,-7634.940,1740.647,50000.000,0
12451,-8374.529,-2846.294,50000.000,-5020.235,2794.000,50000.000,0
12501,-9651.999,-5027.706,50000.000,-1262.529,620.059,50000.000,0
12551,-8680.823,-7888.940,50000.000,-3466.353,-149.412,50000.000,0
12601,-7821.706,-7963.646,50000.000,-9016.999,-1284.941,50000.000,0
12651,-8217.646,-8217.646,50000.000,-5939.117,-2420.470,50000.000,0
12701,-7440.706,-8210.176,50000.000,-6320.117,-2980.764,50000.000,0
12751,-8150.411,-10018.059,50000.000,-8015.940,-2921.000,50000.000,0
12801,-8576.234,-11011.646,50000.000,-3593.353,-859.118,50000.000,0
12851,-8456.705,-9532.470,50000.000,-5513.294,-463.176,50000.000,0
12901,-9674.411,-9039.411,50000.000,-5700.059,-291.353,50000.000,0
12951,-8374.529,-7881.470,50000.000,-11893.176,-3757.706,50000.000,0
13001,-6895.353,-7380.941,50000.000,-5946.588,-3690.470,50000.000,0
13051,-5797.176,-5588.000,50000.000,-1449.294,-1344.706,50000.000,0
13101,-5976.470,-8322.234,50000.000,-1075.765,-776.941,50000.000,0
13151,-6843.059,-11945.470,50000.000,-4713.941,-2061.882,50000.000,0
13201,-7059.706,-11908.117,50000.000,-5371.353,-620.059,50000.000,0
13251,-7978.588,-12274.176,50000.000,-2032.000,-276.412,50000.000,0
13301,-7059.706,-10443.882,50000.000,-2256.117,-679.823,50000.000,0
13351,-5341.470,-8845.176,50000.000,-672.353,-440.765,50000.000,0
13401,-4826.000,-7149.353,50000.000,-1150.470,-1053.353,50000.000,0
13451,-5124.823,-7044.764,50000.000,-1979.706,-1949.823,50000.000,0
13501,-5453.529,-8919.882,50000.000,-3324.412,-1763.059,50000.000,0
13551,-5804.646,-8800.353,50000.000,-3690.470,-1135.529,50000.000,0
13601,-6193.117,-7470.588,50000.000,-2808.941,-37.353,50000.000,0
13651,-5856.941,-7724.588,50000.000,-605.118,14.941,50000.000,0
13701,-4646.706,-8359.588,50000.000,-2472.765,-1538.941,50000.000,0
13751,-4213.412,-8471.646,50000.000,-4108.823,-2779.059,50000.000,0
13801,-3443.941,-6178.176,50000.000,-2868.706,-2801.470,50000.000,0
13851,-2465.294,-4318.000,50000.000,-2383.117,-3316.941,50000.000,0
13901,-2293.470,-3443.941,50000.000,-1441.823,-2114.176,50000.000,0
13951,-2390.588,-6013.823,50000.000,-2950.882,-3122.706,50000.000,0
14001,-2114.176,-8277.411,50000.000,-4034.117,-2271.059,50000.000,0
14051,-2450.353,-9562.353,50000.000,-3727.823,-1538.941,50000.000,0
14101,-2218.765,-11273.117,50000.000,-2652.059,-1710.765,50000.000,0
14151,-358.588,-10757.646,50000.000,-1382.059,-1710.765,50000.000,0
14201,22.412,-8860.117,50000.000,-649.941,-2360.706,50000.000,0
14251,149.412,-5759.823,50000.000,-642.471,-2457.823,50000.000,0
14301,-336.176,-5334.000,50000.000,-948.765,-1740.647,50000.000,0
14351,-2002.118,-6708.588,50000.000,-1957.294,112.059,50000.000,0
14401,-3526.117,-8643.470,50000.000,-3167.529,1553.882,50000.000,0
14451,-3160.059,-9345.705,50000.000,-3137.647,149.412,50000.000,0
14501,-1613.647,-10152.528,50000.000,-1404.470,-963.706,50000.000,0
14551,-283.882,-11631.705,50000.000,-440.765,-776.941,50000.000,0
14601,74.706,-9756.588,50000.000,-1135.529,-2741.706,50000.000,0
14651,-747.059,-5894.294,50000.000,-1337.235,-3115.235,50000.000,0
14701,-2091.765,-5050.117,50000.000,-1023.471,-896.471,50000.000,0
14751,-1934.882,-6828.117,50000.000,-545.353,-321.235,50000.000,0
14801,-687.294,-10047.940,50000.000,-664.882,-1225.176,50000.000,0
14851,-134.471,-13775.764,50000.000,-747.059,-1934.882,50000.000,0
14901,1128.059,-13775.764,50000.000,-1090.706,-5147.235,50000.000,0
14951,418.353,-9323.294,50000.000,-306.294,-3473.823,50000.000,0
15001,-500.529,-7119.470,50000.000,-1314.823,-2592.294,50000.000,0
15051,-1576.294,-8718.176,50000.000,-1845.235,-1591.235,50000.000,0
15101,-1464.235,-11534.588,50000.000,-1374.588,-1262.529,50000.000,0
15151,-440.765,-12139.705,50000.000,-1561.353,-3092.823,50000.000,0
15201,-231.588,-12894.234,50000.000,-1688.353,-4161.117,50000.000,0
15251,-224.118,-12072.470,50000.000,-1210.235,-2592.294,50000.000,0
15301,-1337.235,-9016.999,50000.000,-2099.235,-1636.059,50000.000,0
15351,-3757.706,-8404.411,50000.000,-3443.941,-881.529,50000.000,0
15401,-3727.823,-10406.528,50000.000,-4512.235,-1606.176,50000.000,0
15451,-3010.647,-10227.234,50000.000,-7507.940,-4534.647,50000.000,0
15501,-2891.117,-10122.646,50000.000,-4467.412,-4176.059,50000.000,0
15551,-2106.706,-8912.411,50000.000,-2577.353,-3354.294,50000.000,0
15601,-2233.706,-10234.705,50000.000,-1262.529,-1553.882,50000.000,0
15651,-3772.647,-10667.999,50000.000,-851.647,-649.941,50000.000,0
15701,-5505.823,-10003.117,50000.000,-410.882,-104.588,50000.000,0
15751,-5281.706,-10062.882,50000.000,-1434.353,-769.471,50000.000,0
15801,-3862.294,-8964.705,50000.000,-896.471,-635.000,50000.000,0
15851,-3339.353,-8187.764,50000.000,-1665.941,-1919.941,50000.000,0
15901,-3354.294,-6133.353,50000.000,-2502.647,-2502.647,50000.000,0
15951,-4863.353,-8187.764,50000.000,-3742.764,-2876.176,50000.000,0
16001,-6237.941,-8568.764,50000.000,-6208.059,-1299.882,50000.000,0
16051,-7732.058,-6872.941,50000.000,-6723.529,567.765,50000.000,0
16101,-8299.823,-7231.529,50000.000,-6163.235,313.765,50000.000,0
16151,-7620.000,-7918.823,50000.000,-5871.882,-246.529,50000.000,0
16201,-6686.176,-7231.529,50000.000,-4138.706,-1359.647,50000.000,0
16251,-6454.588,-6738.470,50000.000,-3884.706,-2271.059,50000.000,0
16301,-5378.823,-6686.176,50000.000,-3907.117,-3951.941,50000.000,0
16351,-5207.000,-9196.294,50000.000,-2928.470,-3025.588,50000.000,0
16401,-5670.176,-10077.823,50000.000,-3899.647,-2054.412,50000.000,0
16451,-6499.411,-8979.646,50000.000,-4788.647,-963.706,50000.000,0
16501,-6760.882,-8015.940,50000.000,-2166.470,-612.588,50000.000,0
16551,-5894.294,-6701.117,50000.000,-4908.176,-2450.353,50000.000,0
16601,-5281.706,-4415.117,50000.000,-4004.235,-2801.470,50000.000,0
16651,-3810.000,-1441.823,50000.000,-1307.353,-1337.235,50000.000,0
16701,-4041.588,-2278.529,50000.000,-679.823,-724.647,50000.000,0
16751,-4721.412,-8374.529,50000.000,-1546.412,-1232.647,50000.000,0
16801,-5251.823,-11415.058,50000.000,-2592.294,-1023.471,50000.000,0
16851,-6469.529,-12154.646,50000.000,-1553.882,-321.235,50000.000,0
16901,-5042.646,-10750.176,50000.000,-2144.059,-881.529,50000.000,0
16951,-4228.353,-9995.646,50000.000,-2061.882,-1255.059,50000.000,0
17001,-3989.294,-9883.588,50000.000,-694.765,-784.412,50000.000,0
17051,-2607.235,-7507.940,50000.000,-448.235,-620.059,50000.000,0
17101,-2457.823,-7986.058,50000.000,-1785.470,-2540.000,50000.000,0
17151,-4728.882,-9898.528,50000.000,-4430.059,-2637.117,50000.000,0
17201,-6215.529,-10765.117,50000.000,-6178.176,-836.706,50000.000,0
17251,-6424.706,-11661.588,50000.000,-2928.470,-552.823,50000.000,0
17301,-4564.529,-12117.293,50000.000,-4131.235,-3548.529,50000.000,0
17351,-2398.059,-11377.705,50000.000,-2061.882,-2667.000,50000.000,0
17401,-1964.765,-9016.999,50000.000,-3010.647,-4295.588,50000.000,0
17451,-3234.764,-10286.999,50000.000,-4930.588,-4631.764,50000.000,0
17501,-5446.059,-11048.999,50000.000,-5094.941,-2188.882,50000.000,0
17551,-5700.059,-10615.705,50000.000,-2756.647,-1060.823,50000.000,0
17601,-4430.059,-10555.940,50000.000,-3877.235,-2861.235,50000.000,0
17651,-3346.823,-11444.940,50000.000,-1695.823,-1994.647,50000.000,0
17701,-3750.235,-12050.058,50000.000,-1568.823,-2099.235,50000.000,0
17751,-4362.823,-11004.176,50000.000,-4303.059,-2435.412,50000.000,0
17801,-7605.058,-10070.353,50000.000,-4512.235,-620.059,50000.000,0
17851,-7552.764,-9816.353,50000.000,-3533.588,-649.941,50000.000,0
17901,-7201.646,-11377.705,50000.000,-3175.000,-1464.235,50000.000,0
17951,-6858.000,-11444.940,50000.000,-2988.235,-2420.470,50000.000,0
18001,-6402.293,-11407.588,50000.000,-4848.412,-4415.117,50000.000,0
18051,-6783.293,-13080.999,50000.000,-8314.764,-4908.176,50000.000,0
18101,-7986.058,-12184.528,50000.000,-6155.764,-1352.176,50000.000,0
18151,-9114.117,-11078.882,50000.000,-5774.764,-1113.118,50000.000,0
18201,-9711.764,-11108.764,50000.000,-4205.941,-1770.529,50000.000,0
18251,-8733.117,-9793.940,50000.000,-10428.940,-4893.235,50000.000,0
18301,-9876.117,-10936.940,50000.000,-10443.882,-4303.059,50000.000,0
18351,-9651.999,-12199.470,50000.000,-4579.470,-1434.353,50000.000,0
18401,-8718.176,-11766.176,50000.000,-3630.706,-664.882,50000.000,0
18451,-9495.117,-10503.646,50000.000,-2136.588,-246.529,50000.000,0
18501,-9375.588,-8927.353,50000.000,-1217.706,-291.353,50000.000,0
18551,-9181.353,-7373.470,50000.000,-664.882,-164.353,50000.000,0
18601,-9016.999,-7605.058,50001.000,-1397.000,-381.000,50000.000,0
18651,-7119.470,-8501.529,49999.000,-1979.706,-1038.412,50000.000,0
18701,-6514.353,-11743.764,50000.000,-343.647,-254.000,50000.000,0
18751,-7037.293,-13745.882,50000.000,-485.588,-395.941,50000.000,0
18801,-7956.176,-10585.823,50000.000,-82.176,-29.882,50000.000,0
18851,-7253.941,-6805.706,50000.000,-866.588,-246.529,50000.000,0
18901,-6454.588,-6096.000,50000.000,-5632.823,-1942.353,50000.000,0
18951,-5423.646,-8561.294,50000.000,-7321.176,-2921.000,50000.000,0
19001,-6320.117,-12894.234,50000.000,-4101.353,-2442.882,50000.000,0
19051,-5879.353,-14433.176,50000.000,-8068.235,-6872.941,50000.000,0
19101,-4347.882,-13387.293,50000.000,-5528.235,-5311.588,50000.000,0
19151,-5588.000,-9203.764,50000.000,-4601.882,-1770.529,50000.000,0
19201,-6656.293,-7687.235,50000.000,-7186.706,-179.294,50000.000,0
19251,-6828.117,-10600.764,50000.000,-6066.117,-254.000,50000.000,0
19301,-6454.588,-11728.822,50000.000,-3466.353,-537.882,50000.000,0
19351,-6028.764,-10966.823,50000.000,-5012.764,-1135.529,50000.000,0
19401,-6671.235,-12580.470,50000.000,-3182.470,-1703.294,50000.000,0
19451,-5513.294,-11019.117,50000.000,-5588.000,-4265.706,50000.000,0
19501,-5378.823,-10279.528,50000.000,-6447.117,-3929.529,50000.000,0
19551,-6484.470,-9121.588,50000.000,-7403.353,-1934.882,50000.000,0
19601,-7732.058,-8837.705,50000.000,-5685.117,-29.882,50000.000,0
19651,-7201.646,-9778.999,50000.000,-3339.353,-687.294,50000.000,0
19701,-5535.706,-11818.470,50000.000,-2838.823,-1695.823,50000.000,0
19751,-4900.706,-11213.353,50000.000,-2457.823,-2465.294,50000.000,0
19801,-4370.294,-8225.117,50000.000,-4579.470,-4572.000,50000.000,0
19851,-5027.706,-6036.235,50000.000,-5886.823,-3847.353,50000.000,0
19901,-6028.764,-7664.823,50000.000,-6858.000,-2659.529,50000.000,0
19951,-6200.588,-10667.999,50000.000,-4220.882,-1344.706,50000.000,0
20001,-5319.059,-12789.646,50000.000,-3585.882,-2330.823,50000.000,0
20051,-3824.941,-13260.293,50000.000,-4459.941,-4482.353,50000.000,0
20101,-2420.470,-11355.293,50000.000,-2390.588,-2883.647,50000.000,0
20151,-1897.529,-8523.940,50000.000,-2420.470,-3473.823,50000.000,0
20201,-3772.647,-7978.588,50000.000,-2749.176,-2517.588,50000.000,0
20251,-4788.647,-7597.588,50000.000,-1240.118,-425.823,50000.000,0
20301,-6058.646,-8867.588,50000.000,-2689.412,186.765,50000.000,0
20351,-5767.294,-10847.293,50000.000,-7649.882,-1636.059,50000.000,0
20401,-4340.412,-10421.470,50000.000,-7395.882,-3048.000,50000.000,0
20451,-4631.764,-10399.059,50000.000,-5528.235,-3615.764,50000.000,0
20501,-3324.412,-9457.764,50000.000,-5662.706,-5520.764,50000.000,0
20551,-2816.412,-8359.588,50000.000,-508.000,-575.235,50000.000,0
20601,-4407.647,-8613.588,50000.000,-1150.470,-440.765,50000.000,0
20651,-5378.823,-8598.646,50000.000,-1568.823,-231.588,50000.000,0
20701,-4549.588,-8501.529,50000.000,-3212.353,-2159.000,50000.000,0
20751,-2248.647,-7971.117,50000.000,-3249.706,-3257.176,50000.000,0
20801,-1419.412,-9390.528,50000.000,-254.000,-433.294,50000.000,0
20851,-933.823,-8023.411,50000.000,-37.353,-59.765,50000.000,0
20901,-941.294,-7268.882,50000.000,-119.529,-179.294,50000.000,0
20951,-1733.176,-8591.176,50000.000,-59.765,-67.235,50000.000,0
21001,-1434.353,-9674.411,50000.000,-82.176,-67.235,50000.000,0
21051,-1621.118,-12386.234,50000.000,-1665.941,-1755.588,50000.000,0
21101,-261.471,-12281.646,50000.000,-844.176,-1307.353,50000.000,0
21151,7.471,-11108.764,50000.000,-971.176,-2435.412,50000.000,0
21201,-515.471,-8508.999,50000.000,-2173.941,-4049.059,50000.000,0
21251,-1785.470,-7418.293,50000.000,-2166.470,-1815.353,50000.000,0
21301,-2599.765,-7881.470,50000.000,-1658.470,-381.000,50000.000,0
21351,-1613.647,-10204.823,50000.000,-2487.706,-2831.353,50000.000,0
21401,-844.176,-15217.587,50000.000,-2883.647,-4512.235,50000.000,0
21451,149.412,-14717.058,50000.000,-1994.647,-4661.647,50000.000,0
21501,-82.176,-10824.882,50000.000,-2114.176,-4684.059,50000.000,0
21551,-1247.588,-7739.529,50000.000,-2532.529,-1994.647,50000.000,0
21601,-2413.000,-6910.293,50000.000,-2995.706,-560.294,50000.000,0
21651,-3197.412,-7351.058,50000.000,-3399.117,-552.823,50000.000,0
21701,-3346.823,-8733.117,50000.000,-4071.470,-1030.941,50000.000,0
21751,-3429.000,-10914.528,50000.000,-3503.706,-2002.118,50000.000,0
21801,-2278.529,-10638.117,50000.000,-1643.529,-1740.647,50000.000,0
21851,-1397.000,-9965.764,50000.000,-2054.412,-2786.529,50000.000,0
21901,-4093.882,-9114.117,50000.000,-1621.118,-627.529,50000.000,0
21951,-5655.235,-7522.882,50000.000,-4138.706,298.824,50000.000,0
22001,-5864.411,-7545.293,50000.000,-1561.353,298.824,50000.000,0
22051,-4639.235,-8740.588,50000.000,-1374.588,-657.412,50000.000,0
22101,-3272.117,-9831.293,50000.000,-1411.941,-1688.353,50000.000,0
22151,-2218.765,-8479.117,50000.000,-3234.764,-4601.882,50000.000,0
22201,-2435.412,-6633.882,50000.000,-3152.588,-4347.882,50000.000,0
22251,-2689.412,-7388.411,50000.000,-2323.353,-3391.647,50000.000,0
22301,-3040.529,-9031.940,50000.000,-3615.764,-1845.235,50000.000,0
22351,-3033.059,-10496.176,50000.000,-3018.117,-1912.470,50000.000,0
22401,-1426.882,-11220.823,50000.000,-1860.176,-2278.529,50000.000,0
22451,-239.059,-11437.470,50000.000,-1778.000,-3496.235,50000.000,0
22501,-366.059,-8165.353,50000.000,-1352.176,-4026.647,50000.000,0
22551,-560.294,-5005.294,50000.000,-896.471,-2099.235,50000.000,0
22601,-836.706,-5348.941,50000.000,-2218.765,-2674.470,50000.000,0
22651,-1598.706,-5774.764,50000.000,-2181.412,-1434.353,50000.000,0
22701,-2061.882,-3802.529,50000.000,-2076.823,-1038.412,50000.000,0
22751,-1628.588,-1516.529,50000.000,-2054.412,-806.823,50000.000,0
22801,-1210.235,-649.941,50000.000,-1710.765,-1030.941,50000.000,0
22851,-724.647,-896.471,50000.000,-1471.706,-1972.235,50000.000,0
22901,-478.118,-1060.823,50000.000,-971.176,-1187.823,50000.000,0
22951,-1329.765,-1957.294,50000.000,-156.882,-59.765,50000.000,0
23001,-1852.706,-2039.470,50000.000,-635.000,254.000,50000.000,0
23051,-2069.353,-2002.118,50000.000,-1987.176,978.647,50000.000,0
23101,-1964.765,-1568.823,50000.000,-2338.294,874.059,50000.000,0
23151,-2099.235,-1195.294,50000.000,-1718.235,478.118,50000.000,0
23201,-2054.412,-306.294,50000.000,-776.941,59.765,50000.000,0
23251,-2390.588,-67.235,50000.000,0.000,0.000,50000.000,0
23301,-2965.823,-291.353,50000.000,-268.941,14.941,50000.000,0
23351,-3100.294,-762.000,50000.000,-2353.235,0.000,50000.000,0
23401,-3175.000,-806.823,50000.000,-3712.882,-381.000,50000.000,0
23451,-3451.412,-410.882,50000.000,-4355.353,-373.529,50000.000,0
23501,-4601.882,-373.529,50000.000,-4601.882,-209.176,50000.000,0
23551,-4684.059,-306.294,50000.000,-4751.294,-276.412,50000.000,0
23601,-4691.529,-127.000,50000.000,-3742.764,-321.235,50000.000,0
23651,-4191.000,328.706,50000.000,-3204.882,-216.647,50000.000,0
23701,-3922.059,425.823,50000.000,-3623.235,-231.588,50000.000,0
23751,-3981.823,336.176,50000.000,-4123.765,-328.706,50000.000,0
23801,-3496.235,-44.824,50000.000,-3824.941,-291.353,50000.000,0
23851,-3369.235,-127.000,50000.000,-3092.823,-216.647,50000.000,0
23901,-2958.353,-127.000,50000.000,-1270.000,-67.235,50000.000,0
23951,-2151.529,82.176,50000.000,0.000,0.000,50000.000,0
24001,-1927.412,171.824,50000.000,-425.823,-22.412,50000.000,0
24051,-1143.000,1195.294,50000.000,-283.882,0.000,50000.000,0
24101,-119.529,2838.823,50000.000,448.235,418.353,50000.000,0
24151,1195.294,3085.353,50000.000,2218.765,1352.176,50000.000,0
24201,2525.059,1979.706,50000.000,1800.412,791.882,50000.000,0
24251,3824.941,567.765,50000.000,1987.176,67.235,50000.000,0
24301,5072.529,635.000,50000.000,948.765,-22.412,50000.000,0
24351,5677.646,1270.000,50000.000,522.941,-14.941,50000.000,0
24401,7126.941,1576.294,50000.000,4796.117,104.588,50000.000,0
24451,8718.176,1016.000,50000.000,8807.823,-22.412,50000.000,0
24501,10174.940,642.471,50000.000,8038.353,-127.000,50000.000,0
24551,9838.764,119.529,50000.000,6506.882,156.882,50000.000,0
24601,10921.999,448.235,50000.000,10989.234,672.353,50000.000,0
24651,11459.882,560.294,50000.000,10145.059,552.823,50000.000,0
24701,10578.353,948.765,50000.000,12236.822,455.706,50000.000,0
24751,10824.882,1426.882,50000.000,7836.646,179.294,50000.000,0
24801,11228.293,1060.823,50000.000,5573.059,313.765,50000.000,0
24851,9457.764,993.588,50000.000,5050.117,1733.176,50000.000,0
24901,5505.823,844.176,50000.000,7231.529,4064.000,50000.000,0
24951,4557.059,2076.823,50000.000,2644.588,2203.823,50000.000,0
25001,3824.941,2286.000,50000.000,2009.588,1479.176,50000.000,0
25051,3466.353,239.059,50000.000,2427.941,1165.412,50000.000,0
25101,2017.059,-739.588,50000.000,82.176,-29.882,50000.000,0
25151,-283.882,149.412,50000.000,-410.882,-620.059,50000.000,0
25201,-3541.059,381.000,50000.000,-2076.823,141.941,50000.000,0
25251,-7119.470,-276.412,50000.000,-2054.412,186.765,50000.000,0
25301,-8516.470,-448.235,50000.000,-4422.588,-22.412,50000.000,0
25351,-10204.823,-433.294,50000.000,-6850.529,-373.529,50000.000,0
25401,-12296.588,-896.471,50000.000,-3750.235,-171.824,50000.000,0
25451,-15105.528,-1143.000,50000.000,-8329.705,-149.412,50000.000,0
25501,-16674.352,-1546.412,50000.000,-12057.528,-425.823,50000.000,0
25551,-17593.234,-1770.529,50000.000,-12117.293,-679.823,50000.000,0
25601,-17623.117,-2129.117,50000.000,-10354.234,-545.353,50000.000,0
25651,-17496.117,-1352.176,50000.000,-17735.176,-1456.765,50000.000,0
25701,-18347.764,-358.588,50000.000,-9211.234,-709.706,50000.000,0
25751,-18556.939,806.823,50000.000,-5879.353,-306.294,50000.000,0
25801,-17174.881,1471.706,50000.000,-6843.059,-194.235,50000.000,0
25851,-16861.117,1172.882,50000.000,-6835.588,590.176,50000.000,0
25901,-14746.940,605.118,50000.000,-6387.353,941.294,50000.000,0
25951,-11280.588,-739.588,50000.000,-6193.117,82.176,50000.000,0
26001,-7298.764,-1837.765,50000.000,-5610.412,-1143.000,50000.000,0
26051,-3780.117,-806.823,50000.000,-1509.059,-560.294,50000.000,0
26101,-3062.941,-470.647,50000.000,-2114.176,-194.235,50000.000,0
26151,-179.294,776.941,50000.000,-14.941,0.000,50000.000,0
26201,3877.235,963.706,50000.000,268.941,-283.882,50000.000,0
26251,5998.882,-1277.470,50000.000,1703.294,-1807.882,50000.000,0
26301,7321.176,-3795.059,50000.000,672.353,-620.059,50000.000,0
26351,7986.058,-4310.529,50000.000,2495.176,-1329.765,50000.000,0
26401,7933.764,-4504.764,50000.000,4392.706,-1008.529,50000.000,0
26451,6910.293,-3989.294,50000.000,3996.764,149.412,50000.000,0
26501,7761.940,-2988.235,50000.000,3070.412,179.294,50000.000,0
26551,8322.234,-1172.882,50000.000,4176.059,141.941,50000.000,0
26601,8434.294,-739.588,50000.000,6200.588,-37.353,50000.000,0
26651,9749.117,89.647,50000.000,7515.411,-694.765,50000.000,0
26701,9846.234,1060.823,50000.000,6275.293,-1016.000,50000.000,0
26751,9129.059,373.529,50000.000,4019.176,-433.294,50000.000,0
26801,7433.235,-67.235,50000.000,4108.823,679.823,50000.000,0
26851,4108.823,-918.882,50000.000,3249.706,1456.765,50000.000,0
26901,2935.941,-2144.059,50000.000,2338.294,1725.706,50000.000,0
26951,1606.176,-1875.118,50000.000,530.412,612.588,50000.000,0
27001,612.588,-1172.882,50000.000,791.882,844.176,50000.000,0
27051,381.000,-1636.059,50000.000,-156.882,-806.823,50000.000,0
27101,-1172.882,-1322.294,50000.000,-171.824,-291.353,50000.000,0
27151,-3757.706,-732.118,50000.000,-1890.059,156.882,50000.000,0
27201,-4504.764,-635.000,50000.000,-5371.353,82.176,50000.000,0
27251,-4938.059,-336.176,50000.000,-4265.706,-1008.529,50000.000,0
27301,-5961.529,-22.412,50000.000,-2711.823,-859.118,50000.000,0
27351,-5834.529,948.765,50000.000,-5752.353,-1606.176,50000.000,0
27401,-5236.882,1942.353,50000.000,-5334.000,-2315.882,50000.000,0
27451,-4534.647,2472.765,50000.000,-5827.059,-3331.882,50000.000,0
27501,-4086.411,2286.000,50000.000,-3339.353,-3257.176,50000.000,0
27551,-2928.470,956.235,50000.000,-3802.529,-5640.294,50000.000,0
27601,-2353.235,-1098.176,50000.000,-3720.353,-5759.823,50000.000,0
27651,-2696.882,-2681.941,50000.000,-2607.235,-3048.000,50000.000,0
27701,-3690.470,-3944.470,50000.000,-1606.176,-747.059,50000.000,0
27751,-3466.353,-4310.529,50000.000,-4863.353,-635.000,50000.000,0
27801,-2980.764,-4205.941,50000.000,-4549.588,-500.529,50000.000,0
27851,-1882.588,-2764.117,50000.000,-2711.823,-821.765,50000.000,0
27901,-978.647,-1419.412,50000.000,-1494.118,-1449.294,50000.000,0
27951,-515.471,-821.765,50000.000,-1284.941,-941.294,50000.000,0
28001,-911.412,-791.882,50000.000,-724.647,455.706,50000.000,0
28051,-1172.882,-2383.117,50000.000,-1172.882,2271.059,50000.000,0
28101,-1344.706,-4138.706,50000.000,-1733.176,2876.176,50000.000,0
28151,-1718.235,-3242.235,50000.000,-1979.706,4437.529,50000.000,0
28201,-2069.353,-2495.176,50000.000,-1202.765,4646.706,50000.000,0
28251,-2390.588,-2607.235,50000.000,-2457.823,4288.117,50000.000,0
28301,-2592.294,-3257.176,50000.000,-2106.706,2831.353,50000.000,0
28351,-3824.941,-3832.412,50000.000,-3242.235,2876.176,50000.000,0
28401,-4407.647,-5319.059,50000.000,-5617.882,1598.706,50000.000,0
28451,-5722.470,-6103.470,50000.000,-6432.176,799.353,50000.000,0
28501,-8718.176,-3944.470,50000.000,-6432.176,2315.882,50000.000,0
28551,-9435.353,-2413.000,50000.000,-9300.882,1949.823,50000.000,0
28601,-9233.646,-2241.176,50000.000,-9502.588,268.941,50000.000,0
28651,-11093.823,-2674.470,50000.000,-7896.411,-298.824,50000.000,0
28701,-11034.058,-2188.882,50000.000,-9203.764,-313.765,50000.000,0
28751,-11751.234,-2136.588,50000.000,-7194.176,-127.000,50000.000,0
28801,-12318.999,-1270.000,50000.000,-9726.705,-141.941,50000.000,0
28851,-11781.117,-1083.235,50000.000,-8008.470,-156.882,50000.000,0
28901,-11915.588,-1038.412,50000.000,-6932.706,-209.176,50000.000,0
28951,-11265.646,-1150.470,50000.000,-2928.470,-164.353,50000.000,0
29001,-10511.117,-1105.647,50000.000,-5692.588,-500.529,50000.000,0
29051,-10540.999,-791.882,50000.000,-4176.059,-829.235,50000.000,0
29101,-10824.882,-590.176,50000.000,-8770.470,-1240.118,50000.000,0
29151,-11332.882,-1329.765,50000.000,-7903.882,-179.294,50000.000,0
29201,-11056.470,-4527.176,50000.000,-5842.000,-74.706,50000.000,0
29251,-9009.528,-6372.411,50000.000,-2779.059,-381.000,50000.000,0
29301,-8479.117,-6581.588,50000.000,-3884.706,-851.647,50000.000,0
29351,-7373.470,-6932.706,50000.000,-993.588,-298.824,50000.000,0
29401,-6813.176,-6850.529,50000.000,-5177.117,-1665.941,50000.000,0
29451,-6506.882,-5266.764,50000.000,-4758.764,-1210.235,50000.000,0
29501,-6962.588,-5005.294,50000.000,-4093.882,-246.529,50000.000,0
29551,-6081.059,-5020.235,50000.000,-3862.294,-59.765,50000.000,0
29601,-5640.294,-4848.412,50000.000,-4445.000,-67.235,50000.000,0
29651,-5274.235,-4078.941,50000.000,-3436.470,-239.059,50000.000,0
29701,-3944.470,-3062.941,50000.000,-1016.000,-149.412,50000.000,0
29751,-3966.882,-2002.118,50000.000,-3802.529,-283.882,50000.000,0
29801,-3466.353,-612.588,50000.000,-2188.882,-59.765,50000.000,0
29851,-2681.941,59.765,50000.000,-1643.529,-470.647,50000.000,0
29901,-1270.000,283.882,50000.000,-1673.412,-1277.470,50000.000,0
29951,-575.235,164.353,50000.000,-903.941,-1897.529,50000.000,0
30001,-141.941,-59.765,50000.000,-410.882,-948.765,50000.000,0
30051,-239.059,-156.882,50001.000,-351.118,-478.118,50000.000,0
30101,-22.412,-351.118,49999.000,29.882,52.294,50000.000,0
30151,612.588,-515.471,50000.000,313.765,-67.235,50000.000,0
30201,1538.941,-448.235,50000.000,560.294,-216.647,50000.000,0
30251,1546.412,14.941,50000.000,1270.000,22.412,50000.000,0
30301,1725.706,0.000,50000.000,1210.235,231.588,50000.000,0
30351,2779.059,104.588,50000.000,1120.588,82.176,50000.000,0
30401,3346.823,0.000,50000.000,3421.529,-82.176,50000.000,0
30451,3981.823,-336.176,50000.000,2988.235,-134.471,50000.000,0
30501,3989.294,-134.471,50000.000,1979.706,97.118,50000.000,0
30551,3503.706,500.529,50000.000,3339.353,291.353,50000.000,0
30601,4011.706,395.941,50000.000,1068.294,7.471,50000.000,0
30651,4205.941,209.176,50000.000,2667.000,-74.706,50000.000,0
30701,4116.294,291.353,50000.000,4474.882,283.882,50001.000,0
30751,3712.882,-29.882,50000.000,3302.000,291.353,50001.000,0
30801,3922.059,104.588,50000.000,597.647,14.941,49999.000,0
30851,4220.882,-7.471,50000.000,2308.412,67.235,50000.000,0
30901,3369.235,231.588,50000.000,1247.588,52.294,50000.000,0
30951,3287.059,82.176,50000.000,1583.765,104.588,50000.000,0
31001,3010.647,89.647,50000.000,1837.765,59.765,50000.000,0
31051,2286.000,246.529,50000.000,283.882,0.000,50000.000,0
31101,2226.235,67.235,50000.000,724.647,0.000,50000.000,0
31151,1912.470,-104.588,50000.000,1083.235,0.000,50000.000,0
31201,1329.765,14.941,50000.000,141.941,0.000,50000.000,0
31251,769.471,134.471,50000.000,672.353,67.235,50000.000,0
31301,336.176,29.882,50000.000,328.706,37.353,50001.000,0
31351,112.059,-14.941,50000.000,0.000,0.000,50000.000,0
31401,-186.765,-7.471,50000.000,0.000,0.000,49999.000,0
31451,-418.353,0.000,50000.000,-224.118,0.000,50000.000,0
31501,-739.588,-74.706,50000.000,-829.235,-37.353,50000.000,0
31551,-1314.823,-22.412,50000.000,-89.647,-7.471,50000.000,0
31601,-1651.000,-82.176,50000.000,-321.235,-14.941,50000.000,0
31651,-1501.588,-112.059,50000.000,-530.412,-22.412,50000.000,0
31701,-1785.470,-127.000,50000.000,-642.471,-37.353,50000.000,0
31751,-2241.176,-37.353,50000.000,0.000,0.000,50000.000,0
31801,-2495.176,-164.353,50000.000,-821.765,-67.235,50001.000,0
31851,-2315.882,-127.000,50000.000,-1763.059,-156.882,49999.000,0
31901,-2704.353,-156.882,50000.000,-1613.647,-134.471,50000.000,0
31951,-3324.412,-112.059,50000.000,-2002.118,-67.235,50000.000,0
32001,-3376.706,-239.059,50000.000,-52.294,0.000,50000.000,0
32051,-3376.706,-239.059,50000.000,-328.706,0.000,50000.000,0
32101,-3645.647,-209.176,50000.000,-2696.882,-59.765,50000.000,0
32151,-3331.882,-321.235,50000.000,-1688.353,-97.118,50001.000,0
32201,-3279.588,-261.471,50000.000,-3257.176,-119.529,49999.000,0
32251,-3242.235,-59.765,50000.000,-859.118,-14.941,50000.000,0
32301,-2532.529,52.294,50000.000,-1150.470,149.412,50001.000,0
32351,-1733.176,-37.353,50000.000,-605.118,141.941,50000.000,0
32401,-1210.235,-776.941,50000.000,-672.353,44.824,49999.000,0
32451,-351.118,-597.647,50000.000,-747.059,89.647,50000.000,0
32501,7.471,74.706,50000.000,59.765,22.412,50001.000,0
32551,418.353,522.941,50000.000,649.941,-179.294,50000.000,0
32601,747.059,209.176,50000.000,709.706,-321.235,49999.000,0
32651,948.765,-22.412,50000.000,754.529,-156.882,50000.000,0
32701,709.706,22.412,50000.000,866.588,164.353,50000.000,0
32751,941.294,37.353,50000.000,1172.882,134.471,50000.000,0
32801,1411.941,141.941,50000.000,1486.647,44.824,50000.000,0
32851,1314.823,298.824,50000.000,874.059,22.412,50000.000,0
32901,1329.765,104.588,50000.000,672.353,74.706,50000.000,0
32951,1568.823,-59.765,50000.000,22.412,0.000,50000.000,0
33001,1606.176,7.471,50000.000,851.647,14.941,50000.000,0
33051,1501.588,74.706,50000.000,1733.176,74.706,50000.000,0
33101,1367.118,22.412,50000.000,1240.118,104.588,50001.000,0
33151,1337.235,37.353,50002.000,1105.647,44.824,49999.000,0
33201,1098.176,-14.941,49999.000,1486.647,82.176,49999.000,0
33251,1255.059,7.471,49999.000,791.882,29.882,50000.000,0
33301,1299.882,-29.882,50000.000,1277.470,67.235,50000.000,0
33351,1128.059,29.882,50000.000,1352.176,59.765,50000.000,0
33401,851.647,14.941,50000.000,993.588,74.706,50000.000,0
33451,1008.529,82.176,50000.000,52.294,7.471,50000.000,0
33501,866.588,82.176,50000.000,119.529,0.000,50000.000,0
33551,769.471,89.647,50000.000,814.294,52.294,50000.000,0
33601,545.353,29.882,50000.000,806.823,-14.941,50000.000,0
33651,597.647,52.294,50000.000,620.059,7.471,50000.000,0
33701,448.235,52.294,50000.000,552.823,37.353,50000.000,0
33751,306.294,112.059,50000.000,478.118,82.176,50000.000,0
33801,231.588,-7.471,50000.000,321.235,0.000,50000.000,0
33851,186.765,-14.941,50000.000,179.294,-59.765,50000.000,0
33901,89.647,82.176,50000.000,156.882,7.471,50000.000,0
33951,0.000,22.412,50000.000,29.882,7.471,50000.000,0
34001,-29.882,-82.176,50000.000,-119.529,-52.294,50000.000,0
34051,-97.118,-14.941,50000.000,-164.353,-22.412,50000.000,0
34101,-231.588,59.765,50000.000,-194.235,-37.353,50000.000,0
34151,-351.118,14.941,50000.000,-351.118,-14.941,50000.000,0
34201,-321.235,89.647,50000.000,-395.941,-37.353,50000.000,0
34251,-298.824,-44.824,50000.000,-336.176,-268.941,50000.000,0
34301,-388.471,-52.294,50000.000,-508.000,-67.235,50000.000,0
34351,-627.529,-89.647,50000.000,-448.235,74.706,50000.000,0
34401,-410.882,-52.294,50000.000,-463.176,0.000,50000.000,0
34451,-343.647,-171.824,50000.000,-254.000,-97.118,50000.000,0
34501,-388.471,-44.824,50000.000,0.000,0.000,50000.000,0
34551,-373.529,59.765,50000.000,0.000,0.000,50000.000,0
34601,-366.059,-14.941,50000.000,0.000,0.000,50000.000,0
34651,-433.294,-74.706,50000.000,-7.471,0.000,50000.000,0
34701,-358.588,-44.824,50000.000,-14.941,0.000,50000.000,0
34751,-388.471,0.000,50000.000,0.000,0.000,50000.000,0
34801,-388.471,-52.294,50000.000,0.000,0.000,50000.000,0
34851,-216.647,29.882,50000.000,0.000,0.000,50000.000,0
34901,-254.000,-14.941,50000.000,0.000,0.000,50000.000,0
34951,-201.706,-29.882,50000.000,0.000,0.000,50000.000,0
35001,-224.118,-22.412,50000.000,0.000,0.000,50000.000,0
35051,-156.882,-14.941,50000.000,0.000,0.000,50000.000,0
35101,-171.824,7.471,50000.000,-22.412,7.471,50000.000,0
35151,-149.412,14.941,50000.000,-52.294,0.000,50000.000,0
35201,-82.176,0.000,50000.000,-22.412,37.353,50000.000,0
35251,-22.412,-7.471,50000.000,-7.471,37.353,50000.000,0
35301,-14.941,0.000,50000.000,0.000,22.412,50000.000,0
35351,14.941,-14.941,50000.000,22.412,-7.471,50000.000,0
35401,52.294,0.000,50000.000,37.353,7.471,50000.000,0
35451,52.294,7.471,50000.000,59.765,44.824,50000.000,0
35501,89.647,7.471,50000.000,52.294,37.353,50000.000,0
35551,127.000,-22.412,50000.000,67.235,0.000,50000.000,0
35601,97.118,22.412,50000.000,29.882,0.000,50000.000,0
35651,156.882,37.353,50000.000,0.000,0.000,50000.000,0
35701,171.824,29.882,50000.000,0.000,0.000,50000.000,0
35751,134.471,7.471,50000.000,0.000,0.000,50000.000,0
35801,112.059,14.941,50000.000,0.000,0.000,50000.000,0
35851,141.941,0.000,50000.000,0.000,0.000,50000.000,0
35901,171.824,7.471,50000.000,0.000,0.000,50000.000,0
35951,119.529,52.294,50000.000,0.000,0.000,50000.000,0
36001,89.647,14.941,50000.000,0.000,0.000,50000.000,0
36051,59.765,-7.471,50000.000,0.000,0.000,50000.000,0
36101,67.235,-14.941,50000.000,0.000,0.000,50000.000,0
36151,37.353,7.471,50000.000,0.000,0.000,50000.000,0
36201,29.882,14.941,50000.000,0.000,0.000,50000.000,0
36251,0.000,0.000,50000.000,0.000,0.000,50000.000,0
36301,0.000,0.000,50000.000,0.000,0.000,50000.000,0
36351,0.000,-22.412,50000.000,0.000,0.000,50000.000,0
36401,0.000,0.000,50000.000,0.000,0.000,50000.000,0
36451,-44.824,29.882,50000.000,0.000,0.000,50000.000,0
36501,-59.765,0.000,50000.000,0.000,0.000,50000.000,0
36551,-44.824,-7.471,50000.000,0.000,0.000,50000.000,0
36601,-37.353,-22.412,50000.000,0.000,0.000,50000.000,0
36651,-59.765,-22.412,50000.000,0.000,0.000,50000.000,1
36701,-82.176,0.000,50000.000,0.000,0.000,50000.000,1
36751,-59.765,22.412,50000.000,0.000,0.000,50000.000,0
36801,-74.706,0.000,50000.000,0.000,0.000,50000.000,0
36851,-44.824,-29.882,50000.000,0.000,0.000,50000.000,0
36901,-52.294,0.000,50000.000,0.000,0.000,50000.000,0
36951,-59.765,0.000,50000.000,0.000,0.000,50000.000,0
37001,-82.176,22.412,50000.000,0.000,0.000,50000.000,0
37051,-89.647,0.000,50000.000,0.000,0.000,50000.000,0
37101,-67.235,-14.941,50000.000,0.000,0.000,50000.000,0
37151,-22.412,-7.471,50000.000,0.000,0.000,50000.000,0
37201,-22.412,0.000,50000.000,0.000,0.000,50000.000,0
37251,-7.471,0.000,50000.000,0.000,0.000,50000.000,0
37301,-14.941,7.471,50000.000,0.000,0.000,50000.000,0
37351,-29.882,7.471,50000.000,0.000,0.000,50000.000,0
37401,-14.941,-7.471,50000.000,0.000,0.000,50000.000,0
37451,-37.353,-37.353,50000.000,0.000,0.000,50000.000,0
37501,-44.824,0.000,50000.000,0.000,0.000,50000.000,0
37551,-44.824,0.000,50000.000,0.000,0.000,50000.000,0
37601,-29.882,-37.353,50000.000,0.000,0.000,50000.000,0
37651,-22.412,0.000,50000.000,0.000,0.000,50000.000,0
37701,-44.824,22.412,50000.000,0.000,0.000,50000.000,0
37751,-44.824,-14.941,50000.000,0.000,0.000,50000.000,0
37801,-7.471,-14.941,50000.000,0.000,0.000,50000.000,0
37851,-14.941,0.000,50000.000,0.000,0.000,50000.000,0
37901,-7.471,0.000,50000.000,0.000,0.000,50000.000,0
37951,0.000,0.000,50000.000,0.000,0.000,50000.000,0
38001,0.000,0.000,50000.000,0.000,0.000,50000.000,0
38051,7.471,-7.471,50000.000,0.000,0.000,50000.000,0
38101,37.353,-14.941,50000.000,0.000,0.000,50000.000,0
38151,59.765,7.471,50000.000,0.000,0.000,50000.000,0
38201,22.412,22.412,50000.000,0.000,0.000,50000.000,0
38251,0.000,0.000,50000.000,0.000,0.000,50000.000,0
38301,14.941,-7.471,50000.000,0.000,0.000,50000.000,0
38351,44.824,-14.941,50000.000,0.000,0.000,50000.000,0
38401,7.471,7.471,50000.000,0.000,0.000,50000.000,0
38451,7.471,22.412,50000.000,0.000,0.000,50000.000,0
38501,0.000,7.471,50000.000,0.000,0.000,50000.000,0
38551,-14.941,-22.412,50000.000,0.000,0.000,50000.000,0
38601,-22.412,-22.412,50000.000,0.000,0.000,50000.000,0
38651,-22.412,0.000,50000.000,0.000,0.000,50000.000,0
38701,-29.882,0.000,50000.000,0.000,0.000,50000.000,0
38751,-44.824,22.412,50000.000,0.000,0.000,50000.000,0
38801,-74.706,7.471,50000.000,0.000,0.000,50000.000,0
38851,-29.882,-37.353,50000.000,0.000,0.000,50000.000,0
38901,-7.471,-14.941,50000.000,0.000,0.000,50000.000,0
38951,-22.412,37.353,50000.000,0.000,0.000,50000.000,0
39001,-44.824,44.824,50000.000,0.000,0.000,50000.000,0
39051,-7.471,0.000,50000.000,0.000,0.000,50000.000,0
39101,-14.941,44.824,50000.000,0.000,0.000,50000.000,0
39151,-7.471,37.353,50000.000,0.000,0.000,50000.000,0
39201,-22.412,0.000,50000.000,0.000,0.000,50000.000,0
39251,-127.000,14.941,50000.000,0.000,7.471,50000.000,0
39301,-104.588,89.647,50000.000,-7.471,14.941,50000.000,0
39351,59.765,134.471,50000.000,0.000,0.000,50000.000,0
39401,141.941,59.765,50000.000,0.000,0.000,50000.000,0
39451,52.294,261.471,50000.000,0.000,0.000,50000.000,0
39501,82.176,29.882,50000.000,0.000,0.000,50000.000,0
39551,582.706,351.118,50000.000,97.118,37.353,50000.000,0
39601,672.353,358.588,50000.000,597.647,67.235,50000.000,0
39651,918.882,112.059,50000.000,14.941,0.000,50000.000,0
39701,1232.647,-448.235,50000.000,74.706,7.471,50000.000,0
39751,1113.118,-216.647,50000.000,978.647,141.941,50000.000,0
39801,941.294,313.765,50000.000,485.588,104.588,50000.000,0
39851,971.176,52.294,50000.000,672.353,-97.118,50000.000,0
39901,874.059,-82.176,50000.000,866.588,-149.412,50000.000,0
39951,635.000,0.000,50000.000,321.235,-14.941,50000.000,0
40001,478.118,37.353,50000.000,0.000,0.000,50000.000,0
40051,515.471,-52.294,50000.000,0.000,0.000,50000.000,0
40101,433.294,0.000,50000.000,0.000,0.000,50000.000,0
40151,291.353,0.000,50000.000,44.824,-7.471,50000.000,0
40201,298.824,-37.353,50000.000,171.824,-44.824,50000.000,0
40251,149.412,0.000,50000.000,104.588,-37.353,50000.000,0
40301,0.000,52.294,50000.000,89.647,67.235,50000.000,0
40351,-67.235,7.471,50000.000,-29.882,37.353,50000.000,0
40401,-112.059,-82.176,50000.000,-194.235,-37.353,50000.000,0
40451,-216.647,-29.882,50000.000,-171.824,-37.353,50000.000,0
40501,-343.647,-14.941,50000.000,-89.647,0.000,50000.000,0
40551,-268.941,-52.294,50000.000,-7.471,0.000,50000.000,0
40601,-351.118,37.353,50000.000,0.000,0.000,50000.000,0
40651,-425.823,52.294,50000.000,0.000,0.000,50000.000,0
40701,-395.941,-52.294,50000.000,0.000,0.000,50000.000,0
40751,-418.353,-22.412,50000.000,-37.353,7.471,50000.000,0
40801,-627.529,-22.412,50000.000,-493.059,0.000,50000.000,0
40851,-485.588,14.941,50000.000,-679.823,-82.176,50000.000,0
40901,-485.588,0.000,50000.000,-687.294,-89.647,50000.000,0
40951,-679.823,-37.353,50000.000,-635.000,0.000,50000.000,0
41001,-567.765,-29.882,50000.000,-642.471,0.000,50000.000,0
41051,-351.118,-82.176,50000.000,-597.647,-82.176,50000.000,0
41101,-508.000,-74.706,50000.000,-493.059,-67.235,50000.000,0
41151,-635.000,-22.412,50000.000,-37.353,0.000,50000.000,0
41201,-500.529,-44.824,50000.000,0.000,0.000,50000.000,0
41251,-313.765,-44.824,50000.000,0.000,0.000,50000.000,0
41301,-455.706,-7.471,50000.000,0.000,0.000,50000.000,0
41351,-425.823,14.941,50000.000,0.000,0.000,50000.000,0
41401,-373.529,7.471,50000.000,0.000,0.000,50000.000,0
41451,-306.294,-29.882,50000.000,0.000,0.000,50000.000,0
41501,-306.294,-29.882,50000.000,0.000,0.000,50000.000,0
41551,-216.647,14.941,50000.000,0.000,0.000,50000.000,0
41601,-171.824,7.471,50000.000,0.000,0.000,50000.000,0
41651,-156.882,52.294,50000.000,-89.647,22.412,50000.000,0
41701,-97.118,254.000,50000.000,-29.882,74.706,50000.000,0
41751,134.471,455.706,50000.000,268.941,82.176,50000.000,0
41801,381.000,776.941,50000.000,605.118,336.176,50000.000,0
41851,694.765,-186.765,50000.000,1008.529,67.235,50000.000,0
41901,1240.118,-762.000,50000.000,224.118,-44.824,50000.000,0
41951,1524.000,-74.706,50000.000,373.529,14.941,50000.000,0
42001,2114.176,321.235,50000.000,2480.235,37.353,50000.000,0
42051,2614.706,52.294,50000.000,986.118,-14.941,50000.000,0
42101,2689.412,-82.176,50000.000,582.706,-7.471,50000.000,0
42151,2315.882,104.588,50000.000,2091.765,179.294,50000.000,0
42201,2816.412,156.882,50000.000,1673.412,141.941,50000.000,0
42251,2704.353,89.647,50000.000,231.588,14.941,50000.000,0
42301,2525.059,321.235,50000.000,1038.412,52.294,50000.000,0
42351,2323.353,216.647,50000.000,874.059,59.765,50000.000,0
42401,2166.470,470.647,50000.000,993.588,127.000,50000.000,0
42451,1748.118,1262.529,50000.000,448.235,201.706,50000.000,0
42501,679.823,351.118,50000.000,298.824,149.412,50000.000,0
42551,-283.882,74.706,50000.000,0.000,7.471,50000.000,0
42601,-1232.647,-433.294,50000.000,-276.412,246.529,50000.000,0
42651,-1621.118,-1180.353,50000.000,-1165.412,321.235,50000.000,0
42701,-2144.059,-1053.353,50000.000,-821.765,-74.706,50000.000,0
42751,-3212.353,-44.824,50000.000,-747.059,-112.059,50000.000,0
42801,-3182.470,-156.882,50000.000,-978.647,-298.824,50000.000,0
42851,-3630.706,-1225.176,50000.000,-1337.235,-336.176,50000.000,0
42901,-4930.588,-1329.765,50000.000,-1501.588,22.412,50000.000,0
42951,-6118.411,-948.765,50000.000,-941.294,52.294,50000.000,0
43001,-6081.059,-1763.059,50000.000,-4885.764,37.353,50000.000,0
43051,-6028.764,-903.941,50000.000,-5334.000,-44.824,50000.000,0
43101,-7171.764,-156.882,50000.000,-5752.353,321.235,50000.000,0
43151,-6850.529,-112.059,50000.000,-2300.941,22.412,50000.000,0
43201,-5812.117,-694.765,50000.000,-3376.706,-687.294,50000.000,0
43251,-5969.000,-866.588,50000.000,-6574.117,-493.059,50000.000,0
43301,-5924.176,-679.823,50000.000,-5057.588,-268.941,50000.000,0
43351,-4930.588,-1001.059,50000.000,-5752.353,-687.294,50000.000,0
43401,-4579.470,-1202.765,50000.000,-4108.823,-582.706,50000.000,0
43451,-4953.000,-657.412,50000.000,-2218.765,0.000,50000.000,0
43501,-4616.823,-141.941,50001.000,-2024.529,89.647,50000.000,0
43551,-3294.529,-179.294,49999.000,-2950.882,-732.118,50000.000,0
43601,-2196.353,-239.059,50000.000,-3354.294,-1098.176,50000.000,0
43651,-2286.000,22.412,50000.000,-2540.000,7.471,50000.000,0
43701,-1688.353,261.471,50000.000,-1449.294,201.706,50000.000,0
43751,-485.588,-74.706,50000.000,-612.588,-164.353,50000.000,0
43801,74.706,-194.235,50000.000,-7.471,-7.471,50000.000,0
43851,373.529,0.000,50000.000,209.176,67.235,50000.000,0
43901,1367.118,-29.882,50000.000,1441.823,149.412,50000.000,0
43951,2383.117,0.000,50000.000,2263.588,-89.647,50000.000,0
44001,2726.764,605.118,50000.000,3212.353,448.235,50000.000,0
44051,3324.412,717.176,50000.000,2046.941,194.235,50000.000,0
44101,4631.764,156.882,50000.000,1240.118,-59.765,50000.000,0
44151,4713.941,97.118,50000.000,381.000,-14.941,50000.000,0
44201,4631.764,328.706,50000.000,2121.647,149.412,50000.000,0
44251,5505.823,373.529,50000.000,3966.882,194.235,50000.000,0
44301,5700.059,291.353,50000.000,4265.706,7.471,50000.000,0
44351,5632.823,298.824,50000.000,4198.470,22.412,50000.000,0
44401,5520.764,186.765,50000.000,3242.235,149.412,50000.000,0
44451,5595.470,283.882,50000.000,4191.000,254.000,50000.000,0
44501,5961.529,201.706,50000.000,3227.294,44.824,50000.000,0
44551,5438.588,194.235,50000.000,3175.000,119.529,50000.000,0
44601,5505.823,321.235,50000.000,3294.529,112.059,50000.000,0
44651,5401.235,381.000,50000.000,3040.529,141.941,50000.000,0
44701,5550.646,343.647,50000.000,2300.941,89.647,50000.000,0
44751,5610.412,268.941,50000.000,1643.529,44.824,50000.000,0
44801,4975.412,156.882,50000.000,709.706,44.824,50000.000,0
44851,4654.176,179.294,50000.000,1822.823,52.294,50000.000,0
44901,4362.823,194.235,50000.000,1329.765,44.824,50000.000,0
44951,3824.941,388.471,50000.000,1404.470,29.882,50000.000,0
45001,3757.706,209.176,50000.000,717.176,74.706,50000.000,0
45051,3279.588,14.941,50000.000,1344.706,44.824,50000.000,0
45101,3033.059,-37.353,50000.000,1210.235,67.235,50000.000,0
45151,2607.235,82.176,50000.000,216.647,44.824,50000.000,0
45201,2323.353,156.882,50000.000,149.412,7.471,50000.000,0
45251,1905.000,149.412,50000.000,373.529,0.000,50000.000,0
45301,1471.706,0.000,50000.000,0.000,0.000,50000.000,0
45351,1187.823,29.882,50000.000,0.000,0.000,50000.000,0
45401,1001.059,52.294,50000.000,0.000,0.000,50000.000,0
45451,500.529,-29.882,50000.000,0.000,0.000,50000.000,0
45501,283.882,0.000,50000.000,0.000,0.000,50000.000,0
45551,14.941,44.824,50000.000,0.000,0.000,50000.000,0
45601,-231.588,-7.471,50000.000,0.000,0.000,50000.000,0
45651,-403.412,-104.588,50000.000,0.000,0.000,50000.000,0
45701,-747.059,-52.294,50000.000,0.000,0.000,50000.000,0
45751,-971.176,89.647,50000.000,0.000,0.000,50000.000,0
45801,-1172.882,366.059,50000.000,0.000,0.000,50000.000,0
45851,-1598.706,941.294,50000.000,0.000,0.000,50000.000,0
45901,-1792.941,493.059,50000.000,-478.118,-149.412,50000.000,0
45951,-1665.941,-635.000,50000.000,-403.412,-104.588,50000.000,0
46001,-1815.353,-478.118,50000.000,-1486.647,-104.588,50000.000,0
46051,-2637.117,-149.412,50000.000,-1404.470,22.412,50000.000,0
46101,-2203.823,-522.941,50000.000,-575.235,37.353,50000.000,0
46151,-1763.059,-321.235,50000.000,-119.529,7.471,50000.000,0
46201,-2218.765,119.529,50000.000,-859.118,29.882,50000.000,0
46251,-2293.470,-7.471,50000.000,-478.118,-29.882,50000.000,0
46301,-1964.765,-433.294,50000.000,-1471.706,-141.941,50000.000,0
46351,-2024.529,-179.294,50000.000,-418.353,-7.471,50000.000,0
46401,-2323.353,-127.000,50000.000,-1815.353,29.882,50000.000,0
46451,-2151.529,-134.471,50000.000,-515.471,14.941,50000.000,0
46501,-1837.765,-216.647,50000.000,-22.412,0.000,50000.000,0
46551,-1837.765,-59.765,50000.000,-635.000,-22.412,50000.000,0
46601,-1860.176,-141.941,50000.000,-769.471,-14.941,50000.000,0
46651,-1725.706,-186.765,50000.000,-22.412,-22.412,50000.000,0
46701,-1568.823,-7.471,50000.000,-903.941,-22.412,50000.000,0
46751,-1464.235,-44.824,50000.000,-762.000,-7.471,50000.000,0
46801,-1113.118,-104.588,50000.000,0.000,0.000,50000.000,0
46851,-1030.941,-89.647,50000.000,0.000,0.000,50000.000,0
46901,-918.882,-82.176,50000.000,-14.941,0.000,50000.000,0
46951,-784.412,-104.588,50000.000,-590.176,-14.941,50000.000,0
47001,-657.412,0.000,50000.000,-702.235,-52.294,50000.000,0
47051,-440.765,-59.765,50000.000,-500.529,-74.706,50000.000,0
47101,-209.176,-127.000,50000.000,-328.706,-112.059,50000.000,0
47151,-112.059,0.000,50000.000,-171.824,-14.941,50000.000,0
47201,-52.294,52.294,50000.000,14.941,29.882,50000.000,0
47251,82.176,14.941,50000.000,119.529,0.000,50000.000,0
47301,268.941,-7.471,50000.000,298.824,-89.647,50000.000,0
47351,388.471,44.824,50000.000,485.588,29.882,50000.000,0
47401,485.588,0.000,50000.000,649.941,82.176,50000.000,0
47451,642.471,-22.412,50000.000,694.765,0.000,50000.000,0
47501,784.412,-37.353,50000.000,791.882,-44.824,50000.000,0
47551,672.353,44.824,50000.000,403.412,-14.941,50000.000,0
47601,784.412,59.765,50000.000,0.000,0.000,50000.000,0
47651,851.647,7.471,50000.000,0.000,0.000,50000.000,0
47701,769.471,-7.471,50000.000,0.000,0.000,50000.000,0
47751,732.118,44.824,50000.000,0.000,0.000,50000.000,0
47801,859.118,14.941,50000.000,82.176,0.000,50000.000,0
47851,933.823,-7.471,50000.000,134.471,22.412,50000.000,0
47901,672.353,44.824,50000.000,0.000,0.000,50000.000,0
47951,545.353,67.235,50000.000,0.000,0.000,50000.000,0
48001,605.118,-14.941,50000.000,0.000,0.000,50000.000,0
48051,463.176,149.412,50000.000,0.000,0.000,50000.000,0
48101,388.471,911.412,50000.000,0.000,0.000,50000.000,0
48151,321.235,829.235,50000.000,0.000,0.000,50000.000,0
48201,478.118,-44.824,50000.000,0.000,0.000,50000.000,0
48251,784.412,-889.000,50000.000,0.000,0.000,50000.000,0
48301,470.647,-515.471,50000.000,0.000,0.000,50000.000,0
48351,0.000,-52.294,50000.000,0.000,0.000,50000.000,0
48401,-67.235,-306.294,50000.000,7.471,0.000,50000.000,0
48451,-119.529,-179.294,50000.000,-7.471,7.471,50000.000,0
48501,-545.353,254.000,50000.000,-7.471,14.941,50000.000,0
48551,-537.882,-22.412,50000.000,0.000,0.000,50000.000,0
48601,-164.353,-381.000,50000.000,0.000,0.000,50000.000,0
48651,-291.353,-112.059,50000.000,0.000,0.000,50000.000,0
48701,-268.941,366.059,50000.000,0.000,0.000,50000.000,0
48751,268.941,-276.412,50000.000,0.000,0.000,50000.000,0
48801,724.647,-410.882,50000.000,171.824,-179.294,50000.000,0
48851,425.823,231.588,50000.000,739.588,0.000,50000.000,0
48901,418.353,388.471,50000.000,276.412,67.235,50000.000,0
48951,732.118,-268.941,50000.000,0.000,0.000,50000.000,0
49001,709.706,-410.882,50000.000,0.000,0.000,50000.000,0
49051,769.471,343.647,50000.000,0.000,0.000,50000.000,0
49101,948.765,373.529,50000.000,44.824,0.000,50000.000,0
49151,1113.118,-171.824,50000.000,29.882,0.000,50000.000,0
49201,1157.941,-44.824,50000.000,276.412,59.765,50000.000,0
49251,971.176,351.118,50000.000,1120.588,231.588,50000.000,0
49301,1030.941,127.000,50000.000,186.765,37.353,50000.000,0
49351,933.823,-67.235,50000.000,0.000,0.000,50000.000,0
49401,903.941,104.588,50000.000,14.941,0.000,50000.000,0
49451,911.412,239.059,50000.000,186.765,37.353,50000.000,0
49501,851.647,-22.412,50000.000,664.882,14.941,50000.000,0
49551,702.235,29.882,50000.000,141.941,-22.412,50000.000,0
49601,575.235,127.000,50000.000,0.000,0.000,50000.000,0
49651,470.647,-7.471,50000.000,0.000,0.000,50000.000,0
49701,366.059,-104.588,50000.000,0.000,0.000,50000.000,0
49751,209.176,14.941,50000.000,0.000,0.000,50000.000,0
49801,97.118,82.176,50001.000,0.000,0.000,50000.000,0
49851,7.471,-29.882,49999.000,0.000,0.000,50000.000,0
49901,-59.765,-7.471,50000.000,0.000,0.000,50000.000,0
49951,-156.882,-14.941,50000.000,0.000,0.000,50000.000,0
50001,-268.941,-37.353,50000.000,0.000,0.000,50000.000,0
50051,-515.471,-29.882,50000.000,0.000,0.000,50000.000,0
50101,-702.235,0.000,50000.000,0.000,0.000,50000.000,0
50151,-747.059,-74.706,50000.000,-74.706,-7.471,50000.000,0
50201,-664.882,-89.647,50000.000,-672.353,-112.059,50000.000,0
50251,-769.471,268.941,50000.000,-149.412,-14.941,50000.000,0
50301,-1098.176,590.176,50000.000,-410.882,14.941,50000.000,0
50351,-1001.059,-485.588,50000.000,-254.000,-67.235,50000.000,0
50401,-717.176,-254.000,50000.000,-149.412,0.000,50000.000,0
50451,-1135.529,-119.529,50000.000,-597.647,-127.000,50000.000,0
50501,-918.882,-231.588,50000.000,-552.823,-171.824,50000.000,0
50551,-933.823,-410.882,50000.000,-545.353,-52.294,50000.000,0
50601,-1471.706,-104.588,50000.000,-627.529,-7.471,50000.000,0
50651,-1329.765,-216.647,50000.000,0.000,0.000,50000.000,0
50701,-1202.765,-171.824,50000.000,-141.941,-7.471,50000.000,0
50751,-1344.706,67.235,50000.000,-889.000,-44.824,50000.000,0
50801,-1135.529,7.471,50000.000,-141.941,-29.882,50000.000,0
50851,-769.471,-276.412,50000.000,-22.412,-7.471,50000.000,0
50901,-918.882,-119.529,50000.000,-22.412,0.000,50000.000,0
50951,-1135.529,0.000,50000.000,-104.588,7.471,50000.000,0
51001,-903.941,-104.588,50000.000,-67.235,14.941,50000.000,0
51051,-612.588,-97.118,50000.000,-22.412,0.000,50000.000,0
51101,-679.823,-7.471,50000.000,-336.176,-14.941,50000.000,0
51151,-747.059,-7.471,50000.000,-52.294,0.000,50000.000,0
51201,-403.412,-14.941,50000.000,0.000,0.000,50000.000,0
51251,-522.941,-14.941,50000.000,-22.412,0.000,50000.000,0
51301,-403.412,0.000,50000.000,-239.059,-14.941,50000.000,0
51351,-239.059,-59.765,50000.000,-321.235,-82.176,50000.000,0
51401,-112.059,0.000,50000.000,-164.353,-37.353,50000.000,0
51451,-89.647,0.000,50000.000,-97.118,-14.941,50000.000,0
51501,-59.765,-14.941,50000.000,-37.353,29.882,50000.000,0
51551,29.882,0.000,50000.000,7.471,29.882,50000.000,0
51601,104.588,-22.412,50000.000,119.529,-14.941,50000.000,0
51651,171.824,0.000,50000.000,179.294,-29.882,50000.000,0
51701,254.000,29.882,50000.000,216.647,0.000,50000.000,0
51751,298.824,37.353,50000.000,343.647,37.353,50000.000,0
51801,336.176,22.412,50000.000,194.235,52.294,50000.000,0
51851,373.529,29.882,50000.000,0.000,0.000,50000.000,0
51901,440.765,14.941,50000.000,0.000,0.000,50000.000,0
51951,493.059,22.412,50000.000,0.000,0.000,50000.000,0
52001,455.706,59.765,50000.000,37.353,0.000,50000.000,0
52051,313.765,29.882,50000.000,254.000,44.824,50000.000,0
52101,358.588,14.941,50000.000,89.647,29.882,50000.000,0
52151,403.412,22.412,50000.000,7.471,14.941,50000.000,0
52201,358.588,89.647,50000.000,0.000,7.471,50000.000,0
52251,328.706,44.824,50000.000,0.000,0.000,50000.000,0
52301,321.235,-22.412,50000.000,0.000,0.000,50000.000,0
52351,358.588,-29.882,50000.000,0.000,0.000,50000.000,0
52401,283.882,82.176,50000.000,0.000,0.000,50000.000,0
52451,239.059,14.941,50000.000,0.000,0.000,50000.000,0
52501,231.588,-29.882,50000.000,0.000,0.000,50000.000,0
52551,216.647,7.471,50000.000,0.000,0.000,50000.000,0
52601,186.765,0.000,50000.000,0.000,0.000,50000.000,0
52651,231.588,-44.824,50000.000,74.706,-14.941,50000.000,0
52701,306.294,22.412,50000.000,261.471,7.471,50000.000,0
52751,186.765,52.294,50000.000,89.647,0.000,50000.000,0
52801,276.412,-74.706,50000.000,0.000,0.000,50000.000,0
52851,201.706,-14.941,50000.000,0.000,0.000,50000.000,0
52901,156.882,74.706,50000.000,0.000,0.000,50000.000,0
52951,224.118,22.412,50000.000,0.000,0.000,50000.000,0
53001,186.765,7.471,50000.000,0.000,0.000,50000.000,0
53051,104.588,37.353,50000.000,0.000,0.000,50000.000,0
53101,82.176,0.000,50000.000,0.000,0.000,50000.000,0
53151,134.471,-22.412,50000.000,0.000,0.000,50000.000,0
53201,82.176,44.824,50000.000,0.000,0.000,50000.000,0
53251,52.294,29.882,50000.000,0.000,0.000,50000.000,0
53301,74.706,-37.353,50000.000,0.000,0.000,50000.000,0
53351,44.824,-14.941,50000.000,0.000,0.000,50000.000,0
53401,22.412,37.353,50000.000,0.000,0.000,50000.000,0
53451,37.353,-22.412,50000.000,0.000,0.000,50000.000,0
53501,89.647,-44.824,50000.000,0.000,0.000,50000.000,0
53551,22.412,52.294,50000.000,0.000,0.000,50000.000,0
53601,0.000,171.824,50000.000,0.000,0.000,50000.000,0
53651,-52.294,612.588,50000.000,0.000,0.000,50000.000,0
53701,0.000,889.000,50000.000,0.000,0.000,50000.000,0
53751,22.412,425.823,50000.000,0.000,0.000,50000.000,0
53801,343.647,-635.000,50000.000,0.000,0.000,50000.000,0
53851,463.176,-366.059,50000.000,59.765,14.941,50000.000,0
53901,440.765,-366.059,50000.000,171.824,-37.353,50000.000,0
53951,560.294,-164.353,50000.000,0.000,0.000,50000.000,0
54001,806.823,-313.765,50000.000,0.000,0.000,50000.000,0
54051,941.294,-74.706,50000.000,0.000,0.000,50000.000,0
54101,642.471,59.765,50000.000,0.000,0.000,50000.000,0
54151,537.882,-156.882,50000.000,0.000,0.000,50000.000,0
54201,343.647,-22.412,50000.000,0.000,0.000,50000.000,0
54251,22.412,-7.471,50000.000,0.000,0.000,50000.000,0
54301,-209.176,-52.294,50000.000,0.000,0.000,50000.000,0
54351,-328.706,-74.706,50000.000,0.000,0.000,50000.000,0
54401,-440.765,-119.529,50000.000,0.000,0.000,50000.000,0
54451,-679.823,44.824,50000.000,0.000,0.000,50000.000,0
54501,-694.765,-89.647,50000.000,0.000,0.000,50000.000,0
54551,-672.353,-141.941,50000.000,0.000,0.000,50000.000,0
54601,-896.471,-7.471,50000.000,-82.176,-7.471,50000.000,0
54651,-903.941,-7.471,50000.000,-59.765,-14.941,50000.000,0
54701,-762.000,-201.706,50000.000,0.000,0.000,50000.000,0
54751,-889.000,-216.647,50000.000,-567.765,-52.294,50000.000,0
54801,-1038.412,29.882,50000.000,-590.176,-37.353,50000.000,0
54851,-1068.294,-67.235,50000.000,-7.471,0.000,50000.000,0
54901,-859.118,-89.647,50000.000,0.000,0.000,50000.000,0
54951,-657.412,-149.412,50000.000,-149.412,7.471,50000.000,0
55001,-956.235,-82.176,50000.000,-829.235,29.882,50000.000,0
55051,-829.235,-67.235,50000.000,-1023.471,-37.353,50000.000,0
55101,-806.823,-104.588,50000.000,-963.706,-104.588,50000.000,0
55151,-829.235,-67.235,50000.000,-874.059,-29.882,50000.000,0
55201,-657.412,-97.118,50000.000,-784.412,7.471,50000.000,0
55251,-500.529,-89.647,50000.000,-754.529,-44.824,50000.000,0
55301,-582.706,-52.294,50000.000,-657.412,-89.647,50000.000,0
55351,-582.706,-44.824,50000.000,-612.588,-14.941,50000.000,0
55401,-500.529,-44.824,50000.000,-537.882,0.000,50000.000,0
55451,-418.353,-29.882,50000.000,-522.941,0.000,50000.000,0
55501,-373.529,-59.765,50000.000,-493.059,0.000,50000.000,0
55551,-336.176,-22.412,50000.000,-351.118,-7.471,50000.000,0
55601,-201.706,0.000,50000.000,-194.235,37.353,50000.000,0
55651,-44.824,7.471,50000.000,-82.176,82.176,50000.000,0
55701,112.059,104.588,50000.000,149.412,164.353,50000.000,0
55751,433.294,508.000,50000.000,575.235,194.235,50000.000,0
55801,971.176,1143.000,50000.000,366.059,-44.824,50000.000,0
55851,1479.176,351.118,50000.000,1217.706,-597.647,50000.000,0
55901,1352.176,-403.412,50000.000,1187.823,22.412,50000.000,0
55951,1165.412,-448.235,50000.000,1494.118,642.471,50000.000,0
56001,1262.529,-14.941,50000.000,1135.529,620.059,50000.000,0
56051,1919.941,104.588,50000.000,29.882,14.941,50000.000,0
56101,2398.059,186.765,50000.000,328.706,0.000,50000.000,0
56151,2173.941,620.059,50000.000,1023.471,22.412,50000.000,0
56201,2091.765,381.000,50000.000,149.412,7.471,50000.000,0
56251,2435.412,82.176,50000.000,762.000,104.588,50000.000,0
56301,2173.941,0.000,50000.000,1770.529,261.471,50000.000,0
56351,1979.706,37.353,50000.000,508.000,52.294,50000.000,0
56401,1882.588,134.471,50000.000,97.118,14.941,50000.000,0
56451,1404.470,239.059,50000.000,7.471,0.000,50000.000,0
56501,926.353,403.412,50000.000,717.176,37.353,50000.000,0
56551,455.706,866.588,50000.000,239.059,29.882,50000.000,0
56601,7.471,836.706,50000.000,0.000,0.000,50000.000,0
56651,-52.294,-373.529,50000.000,0.000,0.000,50000.000,0
56701,-358.588,-657.412,50000.000,-268.941,-119.529,50000.000,0
56751,-1030.941,-7.471,50000.000,-791.882,-89.647,50000.000,0
56801,-1822.823,552.823,50000.000,-268.941,44.824,50000.000,0
56851,-2711.823,-59.765,50000.000,-395.941,22.412,50000.000,0
56901,-3070.412,-933.823,50000.000,-2002.118,-179.294,50000.000,0
56951,-3443.941,-515.471,50000.000,-358.588,-7.471,50000.000,0
57001,-3937.000,-209.176,50000.000,-82.176,0.000,50000.000,0
57051,-3720.353,-149.412,50000.000,-1382.059,0.000,50000.000,0
57101,-3331.882,-186.765,50000.000,-1501.588,-194.235,50000.000,0
57151,-3130.176,-657.412,50000.000,-3204.882,-694.765,50000.000,0
57201,-3048.000,-82.176,50000.000,-1703.294,-276.412,50000.000,0
57251,-2906.059,-186.765,50000.000,-2495.176,-59.765,50000.000,0
57301,-2607.235,-373.529,50000.000,-1060.823,-37.353,50000.000,0
57351,-2405.529,-358.588,50000.000,-2121.647,-134.471,50000.000,0
57401,-2554.941,-67.235,50000.000,-1994.647,-59.765,50000.000,0
57451,-2159.000,-59.765,50000.000,-1001.059,-67.235,50000.000,0
57501,-1837.765,-22.412,50000.000,-1785.470,-216.647,50000.000,0
57551,-1875.118,0.000,50000.000,-664.882,-67.235,50000.000,0
57601,-1598.706,-186.765,50000.000,-709.706,-37.353,50000.000,0
57651,-1337.235,-291.353,50000.000,-1016.000,-67.235,50000.000,0
57701,-1090.706,-156.882,50000.000,-1359.647,-119.529,50000.000,0
57751,-1098.176,-89.647,50000.000,-1113.118,-52.294,50000.000,0
57801,-933.823,37.353,50000.000,-821.765,-97.118,50000.000,0
57851,-575.235,0.000,50000.000,-672.353,-119.529,50000.000,0
57901,-313.765,-52.294,50000.000,-224.118,-37.353,50000.000,0
57951,-261.471,-14.941,50000.000,-216.647,-7.471,50000.000,0
58001,-82.176,14.941,50000.000,-134.471,-14.941,50000.000,0
58051,29.882,14.941,50000.000,22.412,-37.353,50000.000,0
58101,186.765,14.941,50000.000,209.176,0.000,50000.000,0
58151,283.882,0.000,50000.000,216.647,-7.471,50000.000,0
58201,522.941,0.000,50000.000,388.471,14.941,50000.000,0
58251,612.588,37.353,50000.000,560.294,44.824,50000.000,0
58301,694.765,29.882,50000.000,709.706,7.471,50000.000,0
58351,799.353,0.000,50000.000,881.529,44.824,50000.000,0
58401,806.823,14.941,50000.000,963.706,119.529,50000.000,0
58451,874.059,-74.706,50000.000,978.647,67.235,50000.000,0
58501,829.235,44.824,50000.000,597.647,22.412,50000.000,0
58551,896.471,59.765,50000.000,7.471,0.000,50000.000,0
58601,1098.176,37.353,50000.000,620.059,44.824,50000.000,0
58651,1060.823,37.353,50000.000,1030.941,29.882,50000.000,0
58701,963.706,22.412,50000.000,649.941,52.294,50000.000,0
58751,918.882,37.353,50000.000,687.294,44.824,50000.000,0
58801,851.647,44.824,50000.000,1030.941,59.765,50000.000,0
58851,851.647,0.000,50000.000,993.588,44.824,50000.000,0
58901,881.529,59.765,50000.000,776.941,22.412,50000.000,0
58951,851.647,74.706,50000.000,82.176,7.471,50000.000,0
59001,836.706,74.706,50000.000,582.706,67.235,50000.000,0
59051,709.706,22.412,50000.000,791.882,67.235,50000.000,0
59101,784.412,37.353,50000.000,164.353,7.471,50000.000,0
59151,702.235,59.765,50000.000,0.000,0.000,50000.000,0
59201,694.765,14.941,50000.000,7.471,0.000,50000.000,0
59251,672.353,37.353,50000.000,425.823,0.000,50000.000,0
59301,590.176,44.824,50000.000,433.294,14.941,50000.000,0
59351,418.353,0.000,50000.000,328.706,59.765,50000.000,0
59401,433.294,-22.412,50000.000,254.000,0.000,50000.000,0
59451,433.294,0.000,50000.000,7.471,0.000,50000.000,0
59501,246.529,0.000,50000.000,171.824,-7.471,50000.000,0
59551,254.000,44.824,50000.000,328.706,-37.353,50000.000,0
59601,239.059,7.471,50000.000,209.176,0.000,50000.000,0
59651,127.000,-7.471,50000.000,156.882,14.941,50000.000,0
59701,127.000,0.000,50000.000,149.412,-7.471,50000.000,0
59751,156.882,14.941,50000.000,164.353,-74.706,50000.000,0
59801,89.647,-29.882,50000.000,119.529,-59.765,50000.000,0
59851,67.235,-37.353,50000.000,44.824,0.000,50000.000,0
59901,44.824,0.000,50000.000,74.706,14.941,50000.000,0
59951,52.294,0.000,50000.000,82.176,-29.882,50000.000,0
