timestamp[ms],left_dx[um],left_dy[um],left_dt[us],left_sq44right_dx[um],right_dy[um],right_dt[us],right_sq,waterPin
0,0.000,0.000,50156.000,16.00,-37.353,-22.412,50153.000,30.000,0
51,-7739.529,-13693.587,50000.000,10.00,-13036.176,-7769.411,50000.000,34.000,0
101,-7926.293,-14791.764,50000.000,13.00,-12251.764,-6245.411,50000.000,16.000,0
151,-7642.411,-16345.646,50000.000,15.00,-12528.176,-7463.117,50000.000,25.000,0
201,-7283.823,-14216.528,50000.000,11.00,-12259.234,-7874.000,50000.000,29.000,0
251,-7134.411,-10316.882,50000.000,14.00,-11325.411,-5983.941,50000.000,25.000,0
301,-7522.882,-7239.000,50000.000,17.00,-11250.705,522.941,50000.000,31.000,0
351,-8150.411,-5864.411,50000.000,15.00,-10458.823,7224.058,50000.000,24.000,0
401,-11220.823,-5132.294,50000.000,11.00,-10996.705,8001.000,50000.000,28.000,0
451,-12722.411,-5087.470,50000.000,17.00,-12864.353,5715.000,50000.000,31.000,0
501,-12558.058,-5027.706,50000.000,19.00,-15202.646,2696.882,50000.000,29.000,0
551,-12274.176,-4288.117,50000.000,14.00,-16084.176,-620.059,50000.000,31.000,0
601,-11078.882,-2076.823,50000.000,14.00,-17159.939,-3615.764,50000.000,34.000,0
651,-11459.882,-1591.235,50000.000,10.00,-17929.410,-1897.529,50000.000,25.000,0
701,-12483.353,-6843.059,50000.000,16.00,-18228.234,694.765,50000.000,34.000,0
751,-13178.117,-8337.176,50000.000,13.00,-18414.998,2667.000,50000.000,23.000,0
801,-12378.764,-7836.646,50000.000,18.00,-16136.470,1822.823,50000.000,22.000,0
851,-12931.587,-6798.235,50000.000,11.00,-16681.822,1919.941,50000.000,21.000,0
901,-12864.353,-4422.588,50000.000,17.00,-15635.940,381.000,50000.000,29.000,0
951,-12064.999,-1591.235,50000.000,19.00,-15157.822,-1165.412,50000.000,27.000,0
1001,-12304.058,-2345.765,50000.000,16.00,-14388.352,-1770.529,50000.000,29.000,0
1051,-12692.528,-4504.764,50000.000,18.00,-15015.881,-3369.235,50000.000,26.000,0
1101,-12094.882,-3630.706,50000.000,13.00,-14186.646,-3458.882,50000.000,24.000,0
1151,-12333.940,-1090.706,50000.000,17.00,-12804.587,-1150.470,50000.000,29.000,0
1201,-13148.234,224.118,50000.000,15.00,-13432.117,201.706,50000.000,31.000,0
1251,-11855.822,463.176,50000.000,24.00,-12797.117,-3003.176,50000.000,25.000,0
1301,-8807.823,-2039.470,50000.000,21.00,-10981.764,-9315.823,50000.000,25.000,0
1351,-6820.646,-5147.235,50000.000,19.00,-11235.764,-11056.470,50000.000,23.000,0
1401,-7201.646,-8135.470,50000.000,18.00,-11564.470,-7747.000,50000.000,35.000,0
1451,-7380.941,-8837.705,50000.000,18.00,-12169.588,-6110.941,50000.000,27.000,0
1501,-6947.646,-5162.176,50000.000,18.00,-11758.705,-3055.470,50000.000,32.000,0
1551,-8352.117,-4355.353,50000.000,20.00,-9726.705,-956.235,50000.000,34.000,0
1601,-7993.529,-6850.529,50000.000,21.00,-10847.293,-485.588,50000.000,31.000,0
1651,-7590.117,-7754.470,50000.000,17.00,-11743.764,1090.706,50000.000,36.000,0
1701,-7672.293,-7971.117,50000.000,13.00,-11609.293,3817.470,50000.000,27.000,0
1751,-8494.059,-9181.353,50000.000,14.00,-12550.587,4654.176,50000.000,27.000,0
1801,-8531.411,-10690.411,50000.000,9.00,-13529.234,2069.353,50000.000,25.000,0
1851,-9061.823,-10540.999,50000.000,17.00,-14306.176,2442.882,50000.000,35.000,0
1901,-10914.528,-9173.882,50000.000,15.00,-15023.352,5080.000,50000.000,26.000,0
1951,-12490.822,-4131.235,50000.000,11.00,-13805.646,3802.529,50000.000,32.000,0
2001,-12012.705,-2652.059,50000.000,15.00,-13349.940,687.294,50000.000,24.000,0
2051,-11161.058,-5124.823,50000.000,12.00,-13559.117,-3765.176,50000.000,30.000,0
2101,-8157.882,-5169.646,50000.000,16.00,-13103.411,-7216.588,50000.000,13.000,0
2151,-9293.411,-6357.470,50000.000,14.00,-12931.587,-3937.000,50000.000,21.000,0
2201,-10907.058,-7590.117,50000.000,15.00,-12812.058,-89.647,50000.000,23.000,0
2251,-11534.588,-8546.353,50000.000,17.00,-14911.293,-508.000,50000.000,24.000,0
2301,-10025.528,-8837.705,50000.000,16.00,-14365.940,-3892.176,50000.000,22.000,0
2351,-10697.882,-6260.353,50000.000,13.00,-12625.293,-2390.588,50000.000,29.000,0
2401,-12460.940,-5221.941,50000.000,18.00,-14261.352,156.882,50000.000,30.000,0
2451,-13671.176,-8635.999,50000.000,11.00,-17197.293,1912.470,50000.000,29.000,0
2501,-14171.705,-9622.117,50000.000,16.00,-19318.939,3085.353,50000.000,34.000,0
2551,-14776.822,-9211.234,50000.000,13.00,-19580.410,3234.764,50000.000,33.000,0
2601,-15658.352,-10077.823,50000.000,9.00,-20409.646,1673.412,50000.000,38.000,0
2651,-13999.882,-9539.940,50000.000,11.00,-20581.469,-2644.588,50000.000,30.000,0
2701,-12311.528,-6439.646,50000.000,13.00,-19378.705,-6731.000,50000.000,35.000,0
2751,-13275.234,-5834.529,50000.000,12.00,-19430.998,-4953.000,50000.000,23.000,0
2801,-14358.470,-7567.706,50000.000,14.00,-19625.234,-388.471,50000.000,30.000,0
2851,-15038.293,-9173.882,50000.000,19.00,-19363.764,1792.941,50000.000,23.000,0
2901,-13484.411,-11190.940,50000.000,17.00,-18952.881,-3040.529,50000.000,29.000,0
2951,-11429.999,-12953.999,50000.000,13.00,-18915.527,-9054.353,50000.000,26.000,0
3001,-11497.234,-13506.822,50000.000,19.00,-18908.057,-9129.059,50000.000,36.000,0
3051,-12169.588,-11706.411,50000.000,18.00,-18273.057,-6462.059,50000.000,27.000,0
3101,-11654.117,-11945.470,50000.000,14.00,-17548.410,-1837.765,50000.000,16.000,0
3151,-11609.293,-12162.117,50000.000,18.00,-15441.705,3145.117,50000.000,25.000,0
3201,-13372.352,-11265.646,50000.000,18.00,-19169.527,4997.823,50000.000,26.000,0
3251,-13678.646,-9524.999,50000.000,17.00,-20357.352,3175.000,50000.000,21.000,0
3301,-16031.881,-9442.823,50000.000,16.00,-20043.586,2368.176,50000.000,26.000,0
3351,-15792.822,-10077.823,50000.000,20.00,-20798.117,3421.529,50000.000,23.000,0
3401,-15546.293,-11093.823,50000.000,12.00,-21552.646,5498.353,50000.000,31.000,0
3451,-15359.528,-9659.470,50000.000,14.00,-21821.586,6723.529,50000.000,29.000,0
3501,-15987.058,-7874.000,50000.000,17.00,-23323.176,3533.588,50000.000,27.000,0
3551,-17167.410,-8060.764,50000.000,19.00,-24921.881,313.765,50000.000,23.000,0
3601,-16868.588,-9711.764,50000.000,15.00,-25975.234,448.235,50000.000,27.000,0
3651,-18639.117,-13596.470,50000.000,16.00,-27163.057,3100.294,50000.000,24.000,0
3701,-18325.352,-13506.822,50000.000,13.00,-27140.645,3346.823,50000.000,18.000,0
3751,-16196.234,-10996.705,50000.000,13.00,-27439.469,2091.765,50000.000,31.000,0
3801,-16390.469,-10503.646,50000.000,18.00,-27708.410,291.353,50000.000,18.000,0
3851,-17779.998,-11855.822,50000.000,12.00,-27611.293,-769.471,50000.000,26.000,0
3901,-19199.410,-13940.117,50000.000,11.00,-28604.881,2644.588,50000.000,29.000,0
3951,-19528.117,-13932.646,50000.000,15.00,-30255.881,2659.529,50000.000,28.000,0
4001,-17809.881,-12072.470,50000.000,15.00,-29912.232,1494.118,50000.000,32.000,0
4051,-15807.764,-9016.999,50000.000,11.00,-29889.822,1748.118,50000.000,29.000,0
4101,-19655.117,-13551.646,50000.000,16.00,-29912.232,4071.470,50000.000,28.000,0
4151,-21709.527,-16554.822,50000.000,13.00,-32108.586,4579.470,50000.000,32.000,0
4201,-20820.527,-14418.234,50000.000,21.00,-31256.939,2345.765,50000.000,24.000,0
4251,-20088.410,-12475.882,50000.000,21.00,-29830.057,1591.235,50000.000,23.000,0
4301,-20476.881,-13671.176,50000.000,14.00,-28941.057,3287.059,50000.000,23.000,0
4351,-22411.764,-16353.116,50000.000,9.00,-30188.645,4900.706,50000.000,26.000,0
4401,-21007.293,-14507.882,50000.000,13.00,-33841.762,3302.000,50000.000,30.000,0
4451,-18952.881,-12602.882,50000.000,12.00,-33729.703,1426.882,50000.000,31.000,0
4501,-21926.176,-14985.999,50000.000,13.00,-33714.762,2233.706,50000.000,24.000,0
4551,-17563.352,-13656.234,50000.000,15.00,-34514.117,4116.294,50000.000,21.000,0
4601,-18721.293,-14739.470,50000.000,14.00,-36344.410,1337.235,50000.000,29.000,0
4651,-20992.352,-15703.176,50000.000,18.00,-34917.527,358.588,50000.000,18.000,0
4701,-23980.586,-17615.646,50000.000,20.00,-28814.057,2435.412,50000.000,14.000,0
4751,-24974.174,-18736.234,50000.000,13.00,-31249.469,3675.529,50000.000,26.000,0
4801,-20992.352,-16001.999,50000.000,14.00,-37868.410,1852.706,50000.000,27.000,0
4851,-22239.939,-16442.764,50000.000,10.00,-36882.293,1128.059,50000.000,25.000,0
4901,-25930.410,-19647.646,50000.000,16.00,-37098.938,5655.235,50000.000,26.000,0
4951,-20902.705,-16263.470,50000.000,9.00,-38451.113,3272.117,50000.000,30.000,0
5001,-23308.234,-17234.646,50000.000,11.00,-38383.879,-321.235,50000.000,35.000,0
5051,-24675.352,-18370.176,50000.000,10.00,-38062.645,194.235,50000.000,23.000,0
5101,-23621.998,-18273.057,50000.000,16.00,-35350.820,3369.235,50000.000,33.000,0
5151,-24966.705,-17436.352,50000.000,10.00,-37151.234,1725.706,50000.000,26.000,0
5201,-26020.057,-16644.469,50000.000,15.00,-38899.352,164.353,50000.000,20.000,0
5251,-28814.057,-18317.881,50000.000,10.00,-38458.586,2569.882,50000.000,21.000,0
5301,-29501.352,-20275.176,50000.000,12.00,-40094.645,5147.235,50000.000,31.000,0
5351,-24458.705,-16472.646,50000.000,13.00,-40879.055,1994.647,50000.000,26.000,0
5401,-30084.057,-19707.410,50000.000,11.00,-40498.055,52.294,50000.000,27.000,0
5451,-30577.115,-21321.057,50000.000,17.00,-39564.234,1240.118,50000.000,14.000,0
5501,-29269.764,-23330.645,50000.000,12.00,-37128.820,2435.412,50000.000,27.000,0
5551,-24369.057,-19841.881,50000.000,12.00,-41095.703,-1240.118,50000.000,27.000,0
5601,-21679.646,-18474.764,50000.000,19.00,-40707.234,-3055.470,50000.000,26.000,0
5651,-24600.645,-21619.881,50000.000,15.00,-41237.645,1016.000,50000.000,22.000,0
5701,-18795.998,-15927.293,50000.000,12.00,-43568.469,1098.176,50000.000,22.000,0
5751,-23875.998,-20036.117,50000.000,17.00,-41812.879,-1210.235,50000.000,21.000,0
5801,-29299.645,-24436.293,50000.000,12.00,-39078.645,67.235,50000.000,26.000,0
5851,-28007.234,-23980.586,50000.000,15.00,-39511.938,1299.882,50000.000,21.000,0
5901,-26587.822,-20237.822,50000.000,14.00,-43844.879,-1038.412,50000.000,26.000,0
5951,-28724.410,-21425.646,50000.000,11.00,-43680.527,-508.000,50000.000,24.000,0
6001,-28216.410,-24010.469,50000.000,12.00,-44270.703,1583.765,50000.000,23.000,0
6051,-19909.117,-18310.410,50000.000,15.00,-44001.762,-2398.059,50000.000,26.000,0
6101,-24354.115,-21485.410,50000.000,16.00,-43613.293,-2935.941,50000.000,18.000,0
6151,-25474.705,-20925.117,50000.000,19.00,-39736.055,1822.823,50000.000,21.000,0
6201,-28754.293,-21731.939,50000.000,11.00,-40879.055,410.882,50000.000,22.000,0
6251,-24383.998,-18467.293,50000.000,15.00,-41768.055,-2906.059,50000.000,29.000,0
6301,-23905.881,-20297.586,50000.000,15.00,-41028.469,-522.941,50000.000,26.000,0
6351,-26468.293,-23069.176,50000.000,14.00,-44293.113,1501.588,50000.000,25.000,0
6401,-19266.646,-16502.527,50000.000,17.00,-43859.820,-1867.647,50000.000,20.000,0
6451,-27125.703,-20805.586,50000.000,17.00,-41484.172,-1113.118,50000.000,19.000,0
6501,-32497.057,-23472.586,50000.000,14.00,-37128.820,2741.706,50000.000,28.000,0
6551,-34439.410,-22613.469,50000.000,11.00,-41155.469,2099.235,50000.000,20.000,0
6601,-35223.820,-20110.822,50000.000,17.00,-43344.352,1367.118,50000.000,26.000,0
6651,-37554.645,-22897.352,50000.000,21.00,-42649.586,2345.765,50000.000,19.000,0
6701,-32041.352,-23330.645,50000.000,14.00,-45518.293,4295.588,50000.000,26.000,0
6751,-24055.293,-15710.646,50000.000,10.00,-45055.113,2330.823,50000.000,27.000,0
6801,-26191.881,-17144.998,50000.000,10.00,-41693.352,2375.647,50000.000,22.000,0
6851,-31189.703,-20155.646,50000.000,16.00,-41274.996,1949.823,50000.000,17.000,0
6901,-29284.703,-20028.646,50000.000,18.00,-31122.469,2771.588,50000.000,21.000,0
6951,-28014.703,-19789.586,50000.000,11.00,-35858.820,156.882,50000.000,26.000,0
7001,-20432.057,-16517.469,50000.000,21.00,-40729.645,-8419.353,50000.000,21.000,0
7051,-17660.469,-14022.293,50000.000,13.00,-38331.586,-7186.706,50000.000,12.000,0
7101,-17309.352,-11220.823,50000.000,13.00,-34895.117,2203.823,50000.000,25.000,0
7151,-27319.939,-17436.352,50000.000,15.00,-35634.703,2622.176,50000.000,24.000,0
7201,-30987.998,-20148.176,50000.000,20.00,-37868.410,-1860.176,50000.000,20.000,0
7251,-28634.764,-19289.057,50000.000,13.00,-32609.115,-3593.353,50000.000,13.000,0
7301,-27402.115,-20058.527,50000.000,17.00,-33214.234,-1927.412,50000.000,33.000,0
7351,-24944.293,-18870.705,50000.000,12.00,-38899.352,-814.294,50000.000,26.000,0
7401,-24451.234,-17249.588,50000.000,17.00,-39519.410,-2300.941,50000.000,23.000,0
7451,-25310.352,-15949.705,50000.000,18.00,-38219.527,-1905.000,50000.000,27.000,0
7501,-25160.939,-16420.352,50000.000,14.00,-38585.586,-844.176,50000.000,24.000,0
7551,-22292.234,-16457.705,50000.000,17.00,-37083.996,1568.823,50000.000,22.000,0
7601,-22576.115,-16547.352,50000.000,13.00,-35784.113,-709.706,50000.000,23.000,0
7651,-21119.352,-15800.293,50000.000,10.00,-35149.117,-5080.000,50000.000,31.000,0
7701,-20723.410,-15075.646,50000.000,14.00,-30039.232,-5774.764,50000.000,15.000,0
7751,-20417.117,-14866.470,50000.000,20.00,-24436.293,-1449.294,50000.000,22.000,0
7801,-21642.293,-16659.410,50000.000,12.00,-30218.527,-1307.353,50000.000,25.000,0
7851,-18146.057,-14171.705,50000.000,17.00,-32937.820,-7209.117,50000.000,18.000,0
7901,-14096.999,-10443.882,50000.000,15.00,-28545.115,-8284.882,50000.000,26.000,0
7951,-17906.998,-13984.940,50000.000,15.00,-28440.527,-5244.353,50000.000,19.000,0
8001,-16980.646,-15142.881,50000.000,14.00,-29165.174,-1942.353,50000.000,17.000,0
8051,-17115.117,-15583.646,50000.000,13.00,-27521.645,-2353.235,50000.000,20.000,0
8101,-19259.176,-16158.881,50000.000,17.00,-28784.174,-4609.353,50000.000,15.000,0
8151,-21552.646,-16465.176,50000.000,17.00,-27588.881,-4049.059,50000.000,29.000,0
8201,-21731.939,-15845.116,50000.000,12.00,-29202.527,-224.118,50000.000,24.000,0
8251,-19707.410,-14858.999,50000.000,12.00,-29209.998,1807.882,50000.000,24.000,0
8301,-17921.939,-13932.646,50000.000,14.00,-30308.174,-635.000,50000.000,21.000,0
8351,-17398.998,-13551.646,50000.000,15.00,-29187.586,-2629.647,50000.000,31.000,0
8401,-15994.528,-12199.470,50000.000,9.00,-30009.352,-3010.647,50000.000,25.000,0
8451,-12632.764,-9375.588,50000.000,18.00,-28365.822,321.235,50000.000,37.000,0
8501,-12580.470,-10055.411,50000.000,14.00,-26020.057,2846.294,50000.000,32.000,0
8551,-15127.940,-11855.822,50000.000,22.00,-26879.174,-104.588,50000.000,26.000,0
8601,-14492.940,-10630.646,50000.000,17.00,-25878.115,-2950.882,50000.000,17.000,0
8651,-14522.822,-10227.234,50000.000,16.00,-25414.939,-3354.294,50000.000,20.000,0
8701,-15337.116,-11347.823,50000.000,19.00,-26184.410,-814.294,50000.000,19.000,0
8751,-15426.764,-11661.588,50000.000,14.00,-24376.527,2166.470,50000.000,32.000,0
8801,-16128.999,-11228.293,50000.000,17.00,-24473.645,1785.470,50000.000,15.000,0
8851,-15262.411,-8979.646,50000.000,12.00,-25698.822,29.882,50000.000,20.000,0
8901,-12767.234,-5304.117,50000.000,17.00,-24832.234,-381.000,50000.000,28.000,0
8951,-16651.939,-6633.882,50000.000,14.00,-24682.822,-276.412,50000.000,24.000,0
9001,-16920.881,-8449.234,50000.000,13.00,-25825.822,859.118,50000.000,32.000,0
9051,-14395.822,-7112.000,50000.000,9.00,-25512.057,1860.176,50000.000,28.000,0
9101,-16793.881,-8987.117,50000.000,14.00,-25340.234,1830.294,50000.000,20.000,0
9151,-16009.470,-8904.940,50000.000,9.00,-26542.998,-941.294,50000.000,28.000,0
9201,-15583.646,-4923.117,50000.000,22.00,-23831.176,-4011.706,50000.000,22.000,0
9251,-19221.822,-1359.647,50000.000,24.00,-19834.410,-4773.706,50000.000,20.000,0
9301,-19020.117,-2554.941,50000.000,11.00,-19610.293,-7298.764,50000.000,25.000,0
9351,-15942.234,-6290.235,50000.000,18.00,-19386.176,-9801.411,50000.000,18.000,0
9401,-14978.528,-8277.411,50000.000,23.00,-18534.527,-9846.234,50000.000,17.000,0
9451,-15337.116,-10428.940,50000.000,14.00,-19289.057,-9487.646,50000.000,32.000,0
9501,-13207.999,-8344.646,50000.000,13.00,-19535.588,-6686.176,50000.000,26.000,0
9551,-12655.176,-5042.646,50000.000,19.00,-18011.588,-1733.176,50000.000,40.000,0
9601,-12005.234,-6805.706,50000.000,13.00,-15314.705,-478.118,50000.000,21.000,0
9651,-10242.176,-9704.294,50000.000,13.00,-15680.764,-903.941,50000.000,35.000,0
9701,-7918.823,-8359.588,50000.000,16.00,-14194.116,164.353,50000.000,25.000,0
9751,-7253.941,-6932.706,50000.000,16.00,-12744.822,1262.529,50000.000,36.000,0
9801,-7874.000,-6678.706,50000.000,12.00,-11788.588,941.294,50000.000,40.000,0
9851,-7298.764,-4557.059,50000.000,17.00,-10443.882,328.706,50000.000,40.000,0
9901,-6835.588,-2091.765,50000.000,15.00,-9241.117,74.706,50000.000,31.000,0
9951,-5767.294,-2106.706,50000.000,19.00,-8479.117,-664.882,50000.000,31.000,0
10001,-6902.823,-3585.882,50000.000,19.00,-8904.940,-1374.588,50000.000,28.000,0
10051,-6716.059,-3668.059,50000.000,18.00,-8837.705,-552.823,50000.000,33.000,0
10101,-7186.706,-3600.823,50000.000,14.00,-7844.117,1217.706,50000.000,28.000,0
10151,-6910.293,-3884.706,50000.000,16.00,-8030.882,2375.647,50000.000,21.000,0
10201,-7097.058,-4153.647,50000.000,12.00,-8703.234,2622.176,50000.000,25.000,0
10251,-6036.235,-1815.353,50000.000,17.00,-7769.411,1449.294,50000.000,26.000,0
10301,-4235.823,1337.235,50000.000,18.00,-5595.470,-358.588,50000.000,37.000,0
10351,-3100.294,2883.647,50000.000,13.00,-3862.294,-2607.235,50000.000,27.000,0
10401,-2188.882,3227.294,50000.000,15.00,-2749.176,-3503.706,50000.000,33.000,0
10451,-1053.353,3055.470,50000.000,19.00,-747.059,-1389.529,50000.000,32.000,0
10501,948.765,2629.647,50000.000,22.00,1882.588,-672.353,50000.000,37.000,0
10551,3272.117,612.588,50000.000,14.00,3511.176,-1247.588,50000.000,28.000,0
10601,4564.529,560.294,50000.000,19.00,5423.646,-156.882,50000.000,24.000,0
10651,6581.588,567.765,50000.000,13.00,8038.353,-1202.765,50000.000,43.000,0
10701,8845.176,-1957.294,50000.000,16.00,9031.940,-4295.588,50000.000,33.000,0
10751,8635.999,-3705.412,50000.000,13.00,9061.823,-3660.588,50000.000,31.000,0
10801,8060.764,-3331.882,50000.000,17.00,9181.353,-1613.647,50000.000,27.000,0
10851,7007.411,-1352.176,50000.000,15.00,8972.176,971.176,50000.000,34.000,0
10901,6312.646,-44.824,50000.000,19.00,9196.294,1807.882,50000.000,30.000,0
10951,6110.941,37.353,50000.000,19.00,9114.117,1568.823,50000.000,38.000,0
11001,6454.588,-82.176,50000.000,22.00,8718.176,1068.294,50000.000,31.000,0
11051,5304.117,149.412,50000.000,19.00,8860.117,1314.823,50000.000,29.000,0
11101,6671.235,649.941,50000.000,11.00,9046.882,814.294,50000.000,31.000,0
11151,7082.117,791.882,50000.000,16.00,8882.529,-649.941,50000.000,29.000,0
11201,7448.176,844.176,50000.000,15.00,8845.176,-2263.588,50000.000,33.000,0
11251,7373.470,1397.000,50000.000,19.00,9046.882,-2106.706,50000.000,36.000,0
11301,7104.529,1255.059,50000.000,23.00,8389.470,-717.176,50000.000,33.000,0
11351,6499.411,567.765,50000.000,20.00,7410.823,463.176,50000.000,41.000,0
11401,5610.412,89.647,50000.000,12.00,6828.117,1763.059,50000.000,31.000,0
11451,4572.000,485.588,50000.000,9.00,5842.000,3257.176,50000.000,29.000,0
11501,3085.353,1553.882,50000.000,15.00,4833.470,4542.117,50000.000,27.000,0
11551,1763.059,2427.941,50000.000,18.00,3854.823,5513.294,50000.000,36.000,0
11601,358.588,2129.117,50000.000,17.00,1815.353,4385.235,50000.000,25.000,0
11651,-470.647,687.294,50000.000,19.00,-59.765,1882.588,50000.000,26.000,0
11701,-1210.235,-724.647,50000.000,13.00,-1792.941,-276.412,50000.000,35.000,0
11751,-2151.529,-769.471,50000.000,19.00,-3167.529,-971.176,50000.000,30.000,0
11801,-3653.117,-201.706,50000.000,21.00,-4205.941,-440.765,50000.000,34.000,0
11851,-4938.059,-283.882,50000.000,26.00,-5498.353,7.471,50000.000,36.000,0
11901,-5677.646,-530.412,50000.000,11.00,-6342.529,-171.824,50000.000,34.000,0
11951,-5894.294,-373.529,50000.000,15.00,-6820.646,-829.235,50000.000,33.000,0
12001,-6118.411,-291.353,50000.000,12.00,-7298.764,-1225.176,50000.000,27.000,0
12051,-6566.646,-493.059,50000.000,18.00,-7956.176,-1023.471,50000.000,34.000,0
12101,-7014.882,-231.588,50000.000,16.00,-8531.411,-694.765,50000.000,40.000,0
12151,-7283.823,-298.824,50000.000,12.00,-8770.470,-649.941,50000.000,42.000,0
12201,-7089.588,-336.176,50000.000,17.00,-9188.823,-732.118,50000.000,30.000,0
12251,-7268.882,-388.471,50000.000,17.00,-9412.940,-844.176,50000.000,29.000,0
12301,-7403.353,-485.588,50000.000,15.00,-9457.764,-1038.412,50000.000,32.000,0
12351,-8015.940,-216.647,50000.000,15.00,-9651.999,-1195.294,50000.000,25.000,0
12401,-7814.235,-268.941,50000.000,16.00,-9726.705,-1075.765,50000.000,31.000,0
12451,-8135.470,-373.529,50000.000,12.00,-9644.528,-941.294,50000.000,31.000,0
12501,-8113.058,-463.176,50000.000,10.00,-9666.940,-933.823,50000.000,33.000,0
12551,-8352.117,-687.294,50000.000,16.00,-9644.528,-851.647,50000.000,24.000,0
12601,-7933.764,-530.412,50000.000,19.00,-9659.470,-881.529,50000.000,29.000,0
12651,-7739.529,-545.353,50000.000,16.00,-9405.470,-791.882,50000.000,31.000,0
12701,-7500.470,-381.000,50000.000,16.00,-9248.588,-724.647,50000.000,35.000,0
12751,-7366.000,-470.647,50000.000,14.00,-8860.117,-791.882,50000.000,32.000,0
12801,-6985.000,-747.059,50000.000,15.00,-8486.588,-762.000,50000.000,29.000,0
12851,-6633.882,-806.823,50000.000,18.00,-8210.176,-829.235,50000.000,30.000,0
12901,-6193.117,-844.176,50000.000,19.00,-7620.000,-747.059,50000.000,31.000,0
12951,-6058.646,-664.882,50000.000,11.00,-6932.706,-560.294,50000.000,25.000,0
13001,-5259.294,-485.588,50000.000,21.00,-6066.117,-478.118,50000.000,22.000,0
13051,-4713.941,-388.471,50000.000,19.00,-5431.117,-560.294,50000.000,27.000,0
13101,-4086.411,-268.941,50000.000,19.00,-4758.764,-537.882,50000.000,25.000,0
13151,-3548.529,-515.471,50000.000,20.00,-3294.529,-246.529,50000.000,22.000,0
13201,-2965.823,-687.294,50000.000,12.00,-2726.764,-201.706,50000.000,28.000,0
13251,-2218.765,-508.000,50000.000,16.00,-2599.765,-366.059,50000.000,33.000,0
13301,-1740.647,-261.471,50000.000,14.00,-1972.235,-261.471,50000.000,27.000,0
13351,-1150.470,-179.294,50000.000,22.00,-1299.882,-216.647,50000.000,32.000,0
13401,-649.941,-97.118,50000.000,18.00,-679.823,-127.000,50000.000,28.000,0
13451,-89.647,-59.765,50000.000,16.00,-149.412,-104.588,50000.000,35.000,0
13501,276.412,-14.941,50000.000,19.00,291.353,-22.412,50000.000,35.000,0
13551,530.412,14.941,50000.000,17.00,552.823,59.765,50000.000,32.000,0
13601,747.059,37.353,50000.000,19.00,762.000,52.294,50000.000,28.000,0
13651,1016.000,104.588,50000.000,18.00,1053.353,7.471,50000.000,37.000,0
13701,1143.000,112.059,50000.000,18.00,1202.765,74.706,50000.000,29.000,0
13751,1397.000,127.000,50000.000,22.00,1389.529,82.176,50000.000,22.000,0
13801,1516.529,97.118,50000.000,20.00,1411.941,67.235,50000.000,24.000,0
13851,1606.176,52.294,50000.000,20.00,1359.647,52.294,50000.000,22.000,0
13901,1658.470,149.412,50000.000,20.00,1755.588,-7.471,50000.000,29.000,0
13951,1725.706,112.059,50000.000,20.00,1830.294,14.941,50000.000,36.000,0
14001,1792.941,127.000,50000.000,21.00,1994.647,82.176,50000.000,32.000,0
14051,1785.470,141.941,50000.000,17.00,2091.765,97.118,50000.000,35.000,0
14101,1703.294,194.235,50000.000,12.00,2039.470,254.000,50000.000,22.000,0
14151,1561.353,186.765,50000.000,18.00,1905.000,112.059,50000.000,30.000,0
14201,1688.353,149.412,50000.000,13.00,2009.588,37.353,50000.000,35.000,0
14251,1807.882,186.765,50000.000,15.00,1964.765,149.412,50000.000,36.000,0
14301,1748.118,156.882,50000.000,17.00,1972.235,164.353,50000.000,24.000,0
14351,1695.823,179.294,50000.000,15.00,1822.823,119.529,50000.000,32.000,0
14401,1658.470,156.882,50000.000,16.00,1785.470,164.353,50000.000,37.000,0
14451,1553.882,104.588,50000.000,15.00,1785.470,89.647,50000.000,32.000,0
14501,1419.412,89.647,50000.000,10.00,1643.529,67.235,50000.000,29.000,0
14551,1389.529,67.235,50000.000,20.00,1576.294,37.353,50000.000,39.000,0
14601,1277.470,112.059,50000.000,20.00,1583.765,127.000,50000.000,32.000,0
14651,1270.000,164.353,50000.000,16.00,1494.118,156.882,50000.000,30.000,0
14701,1202.765,97.118,50000.000,9.00,1441.823,7.471,50000.000,27.000,0
14751,1053.353,22.412,50000.000,17.00,1277.470,-14.941,50000.000,30.000,0
14801,933.823,0.000,50000.000,15.00,1128.059,37.353,50000.000,27.000,0
14851,821.765,97.118,50000.000,15.00,978.647,82.176,50000.000,33.000,0
14901,754.529,164.353,50000.000,16.00,911.412,67.235,50000.000,38.000,0
14951,642.471,104.588,50000.000,15.00,859.118,22.412,50000.000,40.000,0
15001,620.059,7.471,50000.000,17.00,679.823,7.471,50000.000,30.000,0
15051,515.471,-7.471,50000.000,18.00,537.882,-22.412,50000.000,35.000,0
15101,448.235,22.412,50000.000,23.00,500.529,-22.412,50000.000,33.000,0
15151,254.000,59.765,50000.000,22.00,381.000,89.647,50000.000,36.000,0
15201,156.882,0.000,50000.000,26.00,291.353,22.412,50000.000,36.000,0
15251,186.765,-29.882,50000.000,22.00,149.412,-7.471,50000.000,40.000,0
15301,74.706,-29.882,50000.000,22.00,82.176,-44.824,50000.000,38.000,0
15351,52.294,0.000,50000.000,21.00,29.882,-44.824,50000.000,28.000,0
15401,22.412,22.412,50000.000,15.00,29.882,0.000,50000.000,37.000,0
15451,14.941,14.941,50000.000,13.00,14.941,-7.471,50000.000,29.000,0
15501,7.471,-14.941,50000.000,18.00,0.000,-7.471,50000.000,38.000,0
15551,-14.941,-29.882,50000.000,20.00,-59.765,-67.235,50000.000,29.000,0
15601,-22.412,-7.471,50000.000,21.00,-29.882,14.941,50000.000,36.000,0
15651,0.000,0.000,50000.000,19.00,7.471,0.000,50000.000,36.000,0
15701,22.412,-7.471,50000.000,25.00,59.765,-74.706,50000.000,39.000,0
15751,29.882,-67.235,50000.000,17.00,0.000,-37.353,50000.000,36.000,0
15801,-29.882,-67.235,50000.000,19.00,-52.294,-74.706,50000.000,33.000,0
15851,52.294,-321.235,50000.000,14.00,-59.765,-395.941,50000.000,33.000,0
15901,52.294,-89.647,50000.000,14.00,-141.941,231.588,50000.000,37.000,0
15951,29.882,306.294,50000.000,25.00,261.471,29.882,50000.000,33.000,0
16001,268.941,186.765,50000.000,15.00,351.118,-74.706,50000.000,32.000,0
16051,194.235,-67.235,50000.000,16.00,156.882,97.118,50000.000,31.000,0
16101,261.471,-186.765,50000.000,18.00,231.588,-231.588,50000.000,33.000,0
16151,351.118,-82.176,50000.000,15.00,276.412,-14.941,50000.000,44.000,0
16201,254.000,261.471,50000.000,22.00,388.471,134.471,50000.000,31.000,0
16251,313.765,298.824,50000.000,22.00,455.706,-29.882,50000.000,32.000,0
16301,268.941,0.000,50000.000,20.00,224.118,-37.353,50000.000,38.000,0
16351,82.176,-134.471,50000.000,17.00,82.176,-201.706,50000.000,33.000,0
16401,0.000,-261.471,50000.000,13.00,-171.824,-239.059,50000.000,27.000,0
16451,-470.647,-313.765,50000.000,13.00,-552.823,313.765,50000.000,30.000,0
16501,-784.412,-739.588,50000.000,14.00,-1075.765,127.000,50000.000,29.000,0
16551,-1255.059,-903.941,50000.000,15.00,-1785.470,336.176,50000.000,34.000,0
16601,-1628.588,-776.941,50000.000,18.00,-1994.647,-657.412,50000.000,25.000,0
16651,-1934.882,-351.118,50000.000,14.00,-2442.882,-201.706,50000.000,33.000,0
16701,-2256.117,-306.294,50000.000,17.00,-2644.588,-448.235,50000.000,31.000,0
16751,-2360.706,-194.235,50000.000,14.00,-2883.647,-433.294,50000.000,30.000,0
16801,-2308.412,-209.176,50000.000,11.00,-2958.353,-179.294,50000.000,26.000,0
16851,-2480.235,-134.471,50000.000,13.00,-2749.176,-216.647,50000.000,25.000,0
16901,-2435.412,-186.765,50000.000,17.00,-2831.353,-141.941,50000.000,27.000,0
16951,-2278.529,-261.471,50000.000,15.00,-2652.059,-179.294,50000.000,26.000,0
17001,-2129.117,-179.294,50000.000,17.00,-2293.470,-59.765,50000.000,29.000,0
17051,-1822.823,-97.118,50000.000,15.00,-2173.941,-186.765,50000.000,30.000,0
17101,-1651.000,-141.941,50000.000,11.00,-1927.412,-298.824,50000.000,27.000,0
17151,-1501.588,-141.941,50000.000,18.00,-1591.235,-112.059,50000.000,28.000,0
17201,-1210.235,-164.353,50000.000,17.00,-1314.823,-52.294,50000.000,35.000,0
17251,-918.882,-97.118,50000.000,22.00,-1113.118,-97.118,50000.000,25.000,0
17301,-739.588,-134.471,50000.000,20.00,-859.118,-97.118,50000.000,35.000,0
17351,-500.529,-52.294,50000.000,16.00,-522.941,14.941,50000.000,32.000,0
17401,-201.706,14.941,50000.000,18.00,-201.706,0.000,50000.000,32.000,0
17451,7.471,44.824,50000.000,21.00,44.824,7.471,50000.000,37.000,0
17501,141.941,82.176,50000.000,22.00,216.647,22.412,50000.000,39.000,0
17551,246.529,67.235,50000.000,15.00,254.000,-44.824,50000.000,33.000,0
17601,336.176,22.412,50000.000,19.00,298.824,-67.235,50000.000,31.000,0
17651,366.059,67.235,50000.000,16.00,410.882,44.824,50000.000,25.000,0
17701,381.000,7.471,50000.000,13.00,493.059,44.824,50000.000,33.000,0
17751,440.765,7.471,50000.000,17.00,537.882,29.882,50000.000,31.000,0
17801,522.941,37.353,50000.000,21.00,545.353,22.412,50000.000,34.000,0
17851,530.412,44.824,50000.000,17.00,575.235,37.353,50000.000,30.000,0
17901,582.706,67.235,50000.000,14.00,635.000,-52.294,50000.000,28.000,0
17951,560.294,52.294,50000.000,17.00,657.412,29.882,50000.000,35.000,0
18001,537.882,74.706,50000.000,15.00,620.059,14.941,50000.000,34.000,0
18051,575.235,37.353,50000.000,11.00,664.882,-7.471,50000.000,35.000,0
18101,560.294,74.706,50000.000,21.00,612.588,0.000,50000.000,32.000,0
18151,500.529,67.235,50000.000,16.00,642.471,-22.412,50000.000,33.000,0
18201,508.000,0.000,50000.000,18.00,612.588,-14.941,50000.000,27.000,0
18251,508.000,22.412,50000.000,16.00,537.882,0.000,50000.000,31.000,0
18301,463.176,37.353,50000.000,18.00,552.823,7.471,50000.000,27.000,0
18351,395.941,7.471,50000.000,23.00,582.706,7.471,50000.000,33.000,0
18401,500.529,37.353,50000.000,17.00,522.941,-82.176,50000.000,37.000,0
18451,493.059,52.294,50000.000,17.00,448.235,-37.353,50000.000,28.000,0
18501,313.765,67.235,50000.000,16.00,433.294,156.882,50000.000,26.000,0
18551,381.000,-7.471,50000.000,15.00,418.353,-59.765,50000.000,33.000,0
18601,530.412,-52.294,50000.000,17.00,410.882,-89.647,50000.000,29.000,0
18651,298.824,112.059,50000.000,13.00,508.000,149.412,50000.000,34.000,0
18701,366.059,74.706,50000.000,18.00,448.235,-44.824,50000.000,31.000,0
18751,418.353,-14.941,50000.000,17.00,351.118,-82.176,50000.000,37.000,0
18801,321.235,14.941,50000.000,11.00,395.941,-7.471,50000.000,39.000,0
18851,216.647,67.235,50000.000,15.00,381.000,29.882,50000.000,30.000,0
18901,224.118,52.294,50000.000,12.00,313.765,-7.471,50000.000,21.000,0
18951,216.647,-37.353,50000.000,17.00,239.059,-59.765,50000.000,31.000,0
19001,186.765,14.941,50000.000,19.00,179.294,-7.471,50000.000,31.000,0
19051,112.059,59.765,50000.000,14.00,186.765,0.000,50000.000,39.000,0
19101,104.588,29.882,50000.000,19.00,104.588,-7.471,50000.000,31.000,0
19151,52.294,-29.882,50000.000,19.00,29.882,-67.235,50000.000,39.000,0
19201,29.882,-22.412,50000.000,15.00,0.000,-52.294,50000.000,40.000,0
19251,0.000,0.000,50000.000,19.00,7.471,0.000,50000.000,38.000,0
19301,14.941,7.471,50000.000,17.00,22.412,14.941,50000.000,29.000,0
19351,7.471,0.000,50000.000,17.00,7.471,-14.941,50000.000,29.000,0
19401,0.000,-7.471,50000.000,15.00,0.000,-37.353,50000.000,28.000,0
19451,-14.941,-37.353,50000.000,20.00,-44.824,-7.471,50000.000,29.000,0
19501,-7.471,-14.941,50000.000,21.00,-44.824,-7.471,50000.000,29.000,0
19551,0.000,0.000,50000.000,18.00,14.941,0.000,50000.000,32.000,0
19601,7.471,0.000,50000.000,15.00,7.471,0.000,50000.000,29.000,0
19651,7.471,0.000,50000.000,16.00,0.000,0.000,50000.000,34.000,0
19701,14.941,7.471,50000.000,15.00,0.000,242883.750,50000.000,26.000,0
19751,0.000,0.000,50000.000,20.00,0.000,-14.941,50000.000,26.000,0
19801,0.000,0.000,50000.000,19.00,-22.412,-67.235,50000.000,28.000,0
19851,0.000,-7.471,50000.000,19.00,0.000,-14.941,50000.000,27.000,0
19901,0.000,0.000,50000.000,15.00,7.471,-7.471,50000.000,30.000,0
19951,7.471,0.000,50000.000,18.00,29.882,0.000,50000.000,35.000,0
20001,0.000,7.471,50000.000,17.00,7.471,-14.941,50000.000,33.000,0
20051,14.941,0.000,50000.000,13.00,22.412,-59.765,50000.000,32.000,0
20101,37.353,0.000,50000.000,20.00,22.412,-67.235,50000.000,29.000,0
20151,7.471,14.941,50000.000,17.00,37.353,0.000,50000.000,30.000,0
20201,37.353,14.941,50000.000,18.00,44.824,0.000,50000.000,35.000,0
20251,29.882,-14.941,50000.000,14.00,7.471,-52.294,50000.000,29.000,0
20301,22.412,-14.941,50000.000,18.00,0.000,-22.412,50000.000,30.000,0
20351,0.000,0.000,50000.000,19.00,0.000,-14.941,50000.000,35.000,0
20401,22.412,7.471,50000.000,17.00,22.412,0.000,50000.000,36.000,0
20451,29.882,0.000,50000.000,16.00,14.941,-14.941,50000.000,32.000,0
20501,37.353,14.941,50000.000,14.00,22.412,-82.176,50000.000,35.000,0
20551,37.353,14.941,50000.000,19.00,29.882,0.000,50000.000,37.000,0
20601,22.412,14.941,50000.000,19.00,37.353,0.000,50000.000,39.000,0
20651,7.471,0.000,50000.000,14.00,22.412,0.000,50000.000,28.000,0
20701,7.471,0.000,50000.000,14.00,-7.471,-14.941,50000.000,41.000,0
20751,0.000,-7.471,50000.000,15.00,0.000,-14.941,50000.000,35.000,0
20801,0.000,0.000,50000.000,17.00,7.471,-59.765,50000.000,38.000,0
20851,0.000,0.000,50000.000,19.00,0.000,14.941,50000.000,36.000,0
20901,-22.412,-37.353,50000.000,20.00,29.882,0.000,50000.000,33.000,0
20951,-29.882,-37.353,50000.000,15.00,22.412,-7.471,50000.000,30.000,0
21001,7.471,-7.471,50000.000,17.00,0.000,-7.471,50000.000,37.000,0
21051,14.941,-22.412,50000.000,17.00,7.471,-37.353,50000.000,38.000,0
21101,7.471,0.000,50000.000,14.00,0.000,7.471,50000.000,32.000,0
21151,0.000,0.000,50000.000,11.00,7.471,0.000,50000.000,39.000,0
21201,22.412,0.000,50000.000,20.00,37.353,0.000,50000.000,39.000,0
21251,14.941,-7.471,50000.000,14.00,14.941,-37.353,50000.000,39.000,0
21301,545.353,-1972.235,50000.000,38.00,164.353,-5393.764,50000.000,23.000,0
21351,5595.470,-9480.176,50000.000,30.00,201.706,-24705.234,50000.000,17.000,0
21401,4654.176,-11497.234,50000.000,16.00,-1815.353,-15284.822,50000.000,29.000,0
21451,2525.059,-5774.764,50000.000,19.00,1270.000,-9666.940,50000.000,28.000,0
21501,3996.764,-5498.353,50000.000,15.00,500.529,-8314.764,50002.000,30.000,0
21551,3832.412,-3033.059,50000.000,15.00,2861.235,-5595.470,50000.000,29.000,0
21601,5617.882,1942.353,50000.000,12.00,5879.353,-4631.764,50000.000,35.000,0
21651,7560.235,3996.764,50000.000,12.00,8889.999,-4542.117,50000.000,32.000,0
21701,8949.764,2278.529,50000.000,12.00,10018.059,-4370.294,50000.000,24.000,0
21751,7537.823,2965.823,50000.000,15.00,9898.528,-2427.941,50000.000,25.000,0
21801,7709.646,3048.000,50000.000,16.00,11004.176,-1307.353,50000.000,29.000,0
21851,9532.470,1479.176,50000.000,14.00,10832.353,-3623.235,50000.000,25.000,0
21901,10354.234,515.471,50000.000,14.00,11863.293,-5139.764,50000.000,30.000,0
21951,10951.882,-59.765,50000.000,20.00,11908.117,-4437.529,50000.000,29.000,0
22001,8860.117,-687.294,50000.000,20.00,10003.117,-89.647,50000.000,25.000,0
22051,5080.000,-1628.588,50000.000,15.00,6932.706,5012.764,50000.000,28.000,0
22101,2218.765,-1785.470,50000.000,17.00,4250.765,8217.646,50000.000,30.000,0
22151,582.706,-664.882,50000.000,22.00,2076.823,8852.646,50000.000,29.000,0
22201,-321.235,-687.294,50000.000,18.00,478.118,6447.117,50000.000,35.000,0
22251,-836.706,-179.294,50000.000,19.00,-1157.941,2002.118,50000.000,34.000,0
22301,-1157.941,-1255.059,50000.000,11.00,-1284.941,-664.882,50000.000,33.000,0
22351,-2188.882,-97.118,50000.000,11.00,-2577.353,-313.765,50000.000,42.000,0
22401,-3742.764,-1165.412,50000.000,18.00,-4743.823,343.647,49999.000,33.000,0
22451,-5169.646,-2241.176,50000.000,21.00,-6738.470,1673.412,50001.000,38.000,0
22501,-6178.176,-2166.470,50000.000,18.00,-7485.529,1703.294,50000.000,28.000,0
22551,-7104.529,-2375.647,50000.000,14.00,-8770.470,1792.941,50000.000,33.000,0
22601,-8240.059,-2502.647,50000.000,13.00,-9846.234,1202.765,50000.000,38.000,0
22651,-8800.353,-2801.470,50000.000,15.00,-10914.528,784.412,50000.000,25.000,0
22701,-9681.882,-2801.470,50000.000,14.00,-12587.940,1307.353,50000.000,28.000,0
22751,-10817.411,-2278.529,50000.000,14.00,-12983.882,268.941,50000.000,18.000,0
22801,-11713.882,-1359.647,50000.000,22.00,-13544.176,-1292.412,50000.000,34.000,1
22851,-11923.058,-1030.941,50000.000,18.00,-13611.411,-2009.588,50000.000,28.000,1
22901,-12348.882,-463.176,50000.000,24.00,-13521.764,-1479.176,50000.000,37.000,0
22951,-12558.058,22.412,50000.000,14.00,-13581.528,-866.588,50000.000,30.000,0
23001,-11407.588,1255.059,50000.000,16.00,-12214.411,-1135.529,50000.000,27.000,0
23051,-9823.823,2599.765,50000.000,22.00,-10331.823,-2233.706,50000.000,23.000,0
23101,-8501.529,3354.294,50000.000,24.00,-8755.529,-2099.235,50000.000,27.000,0
23151,-6835.588,3839.882,50000.000,20.00,-5759.823,-657.412,50000.000,34.000,0
23201,-3690.470,2256.117,50000.000,17.00,-3533.588,-2002.118,50000.000,31.000,0
23251,-127.000,717.176,50000.000,10.00,-1471.706,-5109.882,50000.000,25.000,0
23301,2069.353,821.765,50000.000,18.00,1426.882,-4183.529,50000.000,30.000,0
23351,4415.117,261.471,50000.000,15.00,4228.353,-5296.646,50000.000,27.000,0
23401,7717.117,-2487.706,50000.000,17.00,6178.176,-7799.293,50000.000,18.000,0
23451,9315.823,-7425.764,50000.000,13.00,6058.646,-11885.705,50000.000,19.000,0
23501,10219.764,-10802.470,50000.000,14.00,4631.764,-11952.940,50000.000,25.000,0
23551,8389.470,-9121.588,50000.000,16.00,4706.470,-8650.940,50000.000,44.000,0
23601,8150.411,-5842.000,50000.000,20.00,6977.529,-6843.059,50000.000,34.000,0
23651,8942.294,-4489.823,50000.000,18.00,8561.294,-6880.411,50000.000,26.000,0
23701,9338.234,-7747.000,50000.000,27.00,8359.588,-9114.117,50000.000,32.000,0
23751,8090.646,-11967.882,50000.000,22.00,5632.823,-8128.000,50000.000,38.000,0
23801,8195.234,-15523.881,50002.000,14.00,4728.882,-6118.411,49999.000,31.000,0
23851,8299.823,-16039.352,50000.000,11.00,3869.764,-7694.706,50000.000,39.000,0
23901,7694.706,-15172.764,49998.000,16.00,3503.706,-10503.646,49999.000,42.000,0
23951,4370.294,-13730.940,50000.000,12.00,866.588,-5886.823,50000.000,32.000,0
24001,642.471,-9891.059,50000.000,21.00,-1770.529,694.765,50000.000,29.000,0
24051,-1875.118,-8105.588,50000.000,12.00,-4205.941,1852.706,50000.000,31.000,0
24101,-4504.764,-8673.353,50000.000,13.00,-7433.235,141.941,50000.000,25.000,0
24151,-5939.117,-9756.588,50000.000,17.00,-9345.705,-1120.588,50000.000,29.000,0
24201,-6133.353,-7268.882,50000.000,17.00,-11138.646,-567.765,50000.000,28.000,0
24251,-5670.176,-3391.647,50000.000,16.00,-10100.234,2241.176,50000.000,26.000,0
24301,-8352.117,-2801.470,50000.000,19.00,-9203.764,4041.588,50000.000,25.000,0
24351,-8359.588,-5050.117,50000.000,24.00,-9749.117,-493.059,50000.000,37.000,0
24401,-7283.823,-8680.823,50000.000,16.00,-12042.588,-4900.706,50000.000,22.000,0
24451,-8180.293,-8367.059,50000.000,19.00,-12826.999,-3033.059,50000.000,29.000,0
24501,-10428.940,-7246.470,50000.000,13.00,-13387.293,-2054.412,50000.000,32.000,0
24551,-10787.528,-6977.529,50000.000,13.00,-16099.116,201.706,50000.000,27.000,0
24601,-13028.705,-8157.882,50000.000,17.00,-18586.822,739.588,50000.000,26.000,0
24651,-14052.176,-6589.059,50000.000,14.00,-18250.646,582.706,50000.000,22.000,0
24701,-13865.411,-6327.588,50000.000,19.00,-17503.588,791.882,50000.000,29.000,0
24751,-12094.882,-8576.234,50000.000,16.00,-18459.822,-5550.646,50000.000,17.000,0
24801,-8897.470,-7993.529,50000.000,12.00,-17742.646,-10010.588,50000.000,22.000,0
24851,-10212.293,-7702.176,50000.000,16.00,-17062.822,-10443.882,50000.000,21.000,0
24901,-11385.176,-9173.882,50000.000,12.00,-18190.881,-9046.882,50000.000,23.000,0
24951,-10877.176,-11228.293,50000.000,13.00,-19841.881,-7231.529,50000.000,24.000,0
25001,-10660.528,-13738.411,50000.000,16.00,-20245.293,-8075.706,50000.000,17.000,0
25051,-11273.117,-12550.587,50000.000,16.00,-21433.115,-7343.588,50000.000,24.000,0
25101,-11116.234,-10115.176,50000.000,21.00,-20349.881,-6604.000,50000.000,29.000,0
25151,-13925.176,-13260.293,50000.000,16.00,-21455.527,-2950.882,50000.000,24.000,0
25201,-13207.999,-12924.117,50000.000,17.00,-23166.293,2009.588,50000.000,26.000,0
25251,-13813.117,-10951.882,50000.000,11.00,-22434.176,2562.412,50000.000,30.000,0
25301,-14941.176,-7664.823,50000.000,20.00,-22172.705,-687.294,50000.000,30.000,0
25351,-13379.822,-3832.412,50000.000,12.00,-20798.117,-5969.000,50000.000,26.000,0
25401,-13118.353,-5199.529,50000.000,23.00,-18407.527,-10399.059,50000.000,27.000,0
25451,-11691.470,-10040.470,50000.000,16.00,-19445.939,-15366.999,50000.000,28.000,0
25501,-9420.411,-10959.353,50000.000,10.00,-21373.352,-17578.293,50000.000,31.000,0
25551,-9726.705,-9166.411,50000.000,15.00,-20417.117,-14634.882,50000.000,34.000,0
25601,-10921.999,-9390.528,50000.000,18.00,-19572.939,-10473.764,50000.000,30.000,0
25651,-12371.293,-14769.352,50000.000,13.00,-20275.176,-5498.353,50000.000,28.000,0
25701,-11332.882,-15516.411,50000.000,13.00,-21104.410,-1449.294,50000.000,21.000,0
25751,-10481.234,-12087.411,50000.000,11.00,-20805.586,-343.647,50000.000,38.000,0
25801,-11370.234,-11810.999,50000.000,12.00,-18900.588,343.647,50000.000,34.000,0
25851,-11459.882,-12244.293,50000.000,14.00,-19102.293,1755.588,50000.000,27.000,0
25901,-11982.822,-13715.999,50000.000,15.00,-19408.588,4953.000,50000.000,26.000,0
25951,-11288.058,-12169.588,50000.000,16.00,-20133.234,3966.882,50000.000,35.000,0
26001,-8038.353,-7881.470,50000.000,9.00,-20611.352,134.471,50000.000,25.000,0
26051,-12475.882,-14694.646,50000.000,11.00,-20910.176,-1060.823,50000.000,22.000,0
26101,-14119.411,-14186.646,50000.000,11.00,-20880.293,3772.647,50000.000,31.000,0
26151,-14022.293,-13506.822,50000.000,17.00,-21612.410,4601.882,50000.000,28.000,0
26201,-15337.116,-15576.176,50000.000,13.00,-23360.527,-1068.294,50000.000,24.000,0
26251,-13895.293,-15740.528,50000.000,16.00,-24391.469,-3384.176,50000.000,17.000,0
26301,-15075.646,-16069.234,50000.000,18.00,-25280.469,1172.882,50000.000,26.000,0
26351,-17727.705,-17249.588,50000.000,22.00,-24369.057,2831.353,50000.000,34.000,0
26401,-16935.822,-17750.117,50000.000,16.00,-25056.352,-5169.646,50000.000,23.000,0
26451,-14746.940,-17899.527,50000.000,11.00,-24697.764,-9614.646,50000.000,21.000,0
26501,-13999.882,-18676.469,50000.000,8.00,-26027.527,-2883.647,50000.000,32.000,0
26551,-15068.176,-20798.117,50000.000,8.00,-26303.939,971.176,50000.000,25.000,0
26601,-12834.470,-16846.176,50000.000,16.00,-26572.881,-2502.647,50000.000,19.000,0
26651,-13588.999,-17458.764,50000.000,14.00,-26640.115,-4803.588,50000.000,17.000,0
26701,-12229.353,-16375.528,50000.000,8.00,-27110.764,-1135.529,50000.000,31.000,0
26751,-11116.234,-15068.176,50000.000,10.00,-26132.115,-1210.235,50000.000,27.000,0
26801,-13559.117,-18108.705,50000.000,19.00,-26251.645,-4990.353,50000.000,26.000,0
26851,-15426.764,-19610.293,50000.000,10.00,-26221.764,-3070.412,50000.000,19.000,0
26901,-11512.176,-13588.999,50000.000,16.00,-24077.705,1538.941,50000.000,16.000,0
26951,-11527.117,-11721.353,50000.000,20.00,-22897.352,-717.176,50000.000,30.000,0
27001,-15680.764,-16076.705,50000.000,15.00,-23300.764,-5117.353,50000.000,23.000,0
27051,-14933.705,-15359.528,50000.000,12.00,-24421.352,-4848.412,50000.000,17.000,0
27101,-15180.234,-13536.705,50000.000,21.00,-25325.293,2368.176,50000.000,24.000,0
27151,-14545.234,-10451.353,50000.000,8.00,-24750.057,5371.353,50000.000,26.000,0
27201,-14956.116,-9002.059,50000.000,15.00,-25691.352,2114.176,50000.000,24.000,0
27251,-15606.058,-11930.528,50000.000,11.00,-26445.881,-993.588,50000.000,18.000,0
27301,-16061.764,-13245.352,50000.000,11.00,-27185.469,-993.588,50000.000,29.000,0
27351,-15314.705,-15008.411,50000.000,13.00,-28037.115,814.294,50000.000,22.000,0
27401,-15889.940,-14074.587,50000.000,15.00,-28948.527,-395.941,50000.000,24.000,0
27451,-16771.469,-13506.822,50000.000,16.00,-28425.586,-1441.823,50000.000,21.000,0
27501,-19953.939,-16323.234,50000.000,13.00,-29665.703,-1060.823,50000.000,27.000,0
27551,-18377.646,-17257.059,50000.000,21.00,-30629.410,1344.706,50000.000,29.000,0
27601,-17092.705,-14881.411,50000.000,17.00,-30584.586,1434.353,50000.000,32.000,0
27651,-18713.822,-13678.646,50000.000,9.00,-30352.998,500.529,50000.000,23.000,0
27701,-19139.646,-13895.293,50000.000,18.00,-29934.645,-1434.353,50000.000,24.000,0
27751,-18160.998,-13484.411,50000.000,16.00,-29830.057,-717.176,50000.000,20.000,0
27801,-15030.822,-13073.528,50000.000,13.00,-26991.234,522.941,50000.000,32.000,0
27851,-14754.411,-13745.882,50000.000,15.00,-27685.998,-829.235,50000.000,22.000,0
27901,-12647.705,-10742.705,50000.000,16.00,-26064.881,-1479.176,50000.000,27.000,0
27951,-16749.059,-14455.587,50000.000,8.00,-25661.469,-889.000,50000.000,25.000,0
28001,-12819.528,-12177.058,50000.000,14.00,-23816.234,2726.764,50000.000,25.000,0
28051,-13633.822,-12393.705,50000.000,13.00,-21731.939,1501.588,50000.000,30.000,0
28101,-15075.646,-12431.058,50000.000,11.00,-22546.234,-1397.000,50000.000,27.000,0
28151,-14784.293,-12035.117,50000.000,13.00,-22277.293,-2614.706,50000.000,21.000,0
28201,-15254.940,-13984.940,50000.000,13.00,-23734.057,179.294,50000.000,20.000,0
28251,-16472.646,-15957.176,50000.000,20.00,-24802.352,3839.882,50000.000,22.000,0
28301,-14313.646,-12094.882,50000.000,16.00,-25198.293,2831.353,50000.000,22.000,0
28351,-13641.293,-10324.353,50000.000,13.00,-25474.705,1247.588,50000.000,35.000,0
28401,-16046.822,-12632.764,50000.000,11.00,-27073.410,814.294,50000.000,23.000,0
28451,-16890.998,-15000.940,50000.000,14.00,-26587.822,3892.176,50000.000,21.000,0
28501,-18355.234,-15486.528,50000.000,12.00,-27334.881,3324.412,50000.000,17.000,0
28551,-18586.822,-14455.587,50000.000,15.00,-29493.881,-22.412,50000.000,24.000,0
28601,-19087.352,-15568.705,50000.000,17.00,-30420.232,-1068.294,50000.000,26.000,0
28651,-18564.410,-17645.527,50000.000,15.00,-30592.057,1860.176,50000.000,28.000,0
28701,-17443.822,-16143.940,50000.000,10.00,-32325.232,1905.000,50000.000,26.000,0
28751,-19042.527,-13588.999,50000.000,7.00,-32467.174,388.471,50000.000,19.000,0
28801,-18310.410,-15262.411,50000.000,7.00,-33259.055,-254.000,50000.000,33.000,0
28851,-13305.117,-12774.705,50000.000,15.00,-30606.998,2450.353,50000.000,26.000,0
28901,-12924.117,-12543.117,50000.000,9.00,-29822.586,844.176,50000.000,27.000,0
28951,-13820.587,-13461.999,50000.000,14.00,-30995.469,-2084.294,50000.000,30.000,0
29001,-16584.705,-17884.588,50000.000,10.00,-30733.998,-1426.882,50000.000,34.000,0
29051,-15606.058,-18489.705,50000.000,15.00,-29232.410,1344.706,50000.000,26.000,0
29101,-15441.705,-16793.881,50000.000,16.00,-29934.645,-455.706,50000.000,27.000,0
29151,-15157.822,-16741.588,50000.000,15.00,-29785.232,-2173.941,50000.000,17.000,0
29201,-14380.882,-13618.882,50000.000,17.00,-29658.232,1187.823,50000.000,18.000,0
29251,-13828.058,-11332.882,50000.000,15.00,-28769.232,3137.647,50000.000,28.000,0
29301,-15344.587,-11885.705,50000.000,13.00,-30412.762,-186.765,50000.000,20.000,0
29351,-16651.939,-13267.764,50000.000,14.00,-30786.293,-1733.176,50000.000,14.000,0
29401,-17092.705,-14657.293,50000.000,11.00,-26901.586,1568.823,50000.000,15.000,0
29451,-18287.998,-14746.940,50000.000,21.00,-28530.174,3309.470,50000.000,23.000,0
29501,-19147.117,-13738.411,50000.000,13.00,-32444.762,1441.823,50000.000,27.000,0
29551,-22127.881,-15389.411,50000.000,18.00,-33811.879,231.588,50000.000,27.000,0
29601,-23240.998,-16651.939,50000.000,14.00,-33931.410,1934.882,50000.000,27.000,0
29651,-20051.057,-15912.352,50000.000,19.00,-33759.586,1972.235,50000.000,25.000,0
29701,-20312.527,-15090.587,50000.000,14.00,-35231.293,-1957.294,50000.000,32.000,0
29751,-17234.646,-13021.234,50000.000,8.00,-34521.586,-4826.000,50000.000,23.000,0
29801,-14485.470,-9651.999,50000.000,13.00,-33184.352,-1852.706,50000.000,32.000,0
29851,-13178.117,-11385.176,50000.000,13.00,-29785.232,2173.941,50000.000,22.000,0
29901,-17316.822,-14829.116,50000.000,17.00,-29493.881,-231.588,50000.000,23.000,0
29951,-18467.293,-15957.176,50000.000,11.00,-29097.939,-3436.470,50000.000,26.000,0
30001,-17742.646,-16995.588,50000.000,18.00,-29695.586,-3189.941,50000.000,30.000,0
30051,-14567.646,-16793.881,50000.000,14.00,-29456.527,537.882,50000.000,29.000,0
30101,-12162.117,-13185.587,50000.000,13.00,-30367.939,-762.000,50000.000,29.000,0
30151,-13394.764,-14111.940,50000.000,14.00,-29456.527,-3287.059,50000.000,27.000,0
30201,-14844.058,-15239.999,50000.000,15.00,-27812.998,-2069.353,50000.000,22.000,0
30251,-14119.411,-16412.881,50000.000,15.00,-29419.174,328.706,50000.000,26.000,0
30301,-12572.999,-14761.882,50000.000,9.00,-31301.762,-2973.294,50000.000,29.000,0
30351,-13887.822,-15718.116,50000.000,13.00,-32108.586,-6454.588,50000.000,27.000,0
30401,-14791.764,-16338.176,50000.000,15.00,-32190.762,-1449.294,50000.000,34.000,0
30451,-16577.234,-16681.822,50000.000,17.00,-32250.527,1277.470,50000.000,30.000,0
30501,-19259.176,-16106.587,50000.000,20.00,-33654.996,-844.176,50000.000,26.000,0
30551,-20290.117,-15471.587,50000.000,15.00,-33445.820,-1546.412,50000.000,27.000,0
30601,-18915.527,-15606.058,50000.000,16.00,-32818.293,903.941,50000.000,25.000,0
30651,-16487.588,-13895.293,50000.000,9.00,-31832.174,1576.294,50000.000,29.000,0
30701,-14836.587,-10675.470,50000.000,18.00,-31824.703,239.059,50000.000,26.000,0
30751,-16674.352,-11631.705,50000.000,10.00,-30808.703,298.824,50000.000,28.000,0
30801,-18549.469,-14858.999,50000.000,18.00,-30771.352,642.471,50000.000,20.000,0
30851,-16928.352,-14769.352,50000.000,13.00,-30046.703,2734.235,50000.000,27.000,0
30901,-17062.822,-14216.528,50000.000,13.00,-28933.586,-455.706,50000.000,29.000,0
30951,-18123.646,-16106.587,50000.000,15.00,-28313.527,-5072.529,50000.000,23.000,0
31001,-15725.587,-14268.822,50000.000,11.00,-28141.703,-3869.764,50000.000,25.000,0
31051,-13686.117,-11198.411,50000.000,10.00,-27417.057,1187.823,50000.000,17.000,0
31101,-16465.176,-13544.176,50000.000,15.00,-28253.764,-515.471,50000.000,31.000,0
31151,-14799.234,-12737.353,50000.000,17.00,-29165.174,-5117.353,50000.000,20.000,0
31201,-14791.764,-12640.234,50000.000,10.00,-27685.998,-6633.882,50000.000,19.000,0
31251,-16666.881,-14858.999,50000.000,16.00,-29142.764,-2114.176,50000.000,18.000,0
31301,-16203.705,-14336.058,50000.000,15.00,-30786.293,-515.471,50000.000,29.000,0
31351,-16876.059,-13798.176,50000.000,11.00,-31974.115,-3287.059,50000.000,36.000,0
31401,-17832.293,-13454.528,50000.000,12.00,-31772.410,-5169.646,50000.000,26.000,0
31451,-15994.528,-13237.882,50000.000,14.00,-32071.232,-3750.235,50000.000,23.000,0
31501,-13514.293,-12804.587,50000.000,14.00,-33259.055,-836.706,50000.000,23.000,0
31551,-15934.764,-12864.353,50000.000,12.00,-33879.117,-1912.470,50000.000,27.000,0
31601,-17227.176,-11773.646,50000.000,9.00,-32967.703,-3152.588,50000.000,28.000,0
31651,-20544.117,-14657.293,50000.000,16.00,-33767.055,-1830.294,50000.000,26.000,0
31701,-17630.588,-14186.646,50000.000,17.00,-34476.762,1023.471,50000.000,32.000,0
31751,-15822.705,-10809.940,50000.000,15.00,-33864.176,1426.882,50000.000,23.000,0
31801,-15897.411,-7545.293,50000.000,12.00,-31398.881,1919.941,50000.000,20.000,0
31851,-21134.293,-10593.293,50000.000,19.00,-30831.115,1105.647,50000.000,28.000,0
31901,-21799.176,-14971.058,50000.000,13.00,-32788.410,-791.882,50000.000,27.000,0
31951,-17182.352,-14134.352,50000.000,14.00,-33916.469,-3503.706,50000.000,21.000,0
32001,-17772.527,-13656.234,50000.000,13.00,-33191.820,-7022.353,50000.000,16.000,0
32051,-18497.176,-13207.999,50000.000,13.00,-28672.115,-1905.000,50000.000,19.000,0
32101,-18825.881,-13432.117,50000.000,13.00,-27954.939,2965.823,50000.000,29.000,0
32151,-19199.410,-13708.528,50000.000,19.00,-31660.352,-694.765,50000.000,22.000,0
32201,-18011.588,-13984.940,50000.000,12.00,-32728.645,-6424.706,50000.000,21.000,0
32251,-16502.527,-13342.470,50000.000,21.00,-32340.174,-7343.588,50000.000,28.000,0
32301,-17944.352,-17996.646,50000.000,12.00,-32310.291,-3458.882,50000.000,21.000,0
32351,-13051.117,-14111.940,50000.000,13.00,-34095.762,-3690.470,50000.000,26.000,0
32401,-10077.823,-8591.176,50000.000,16.00,-32459.703,-4863.353,50000.000,31.000,0
32451,-15889.940,-13790.705,50000.000,18.00,-31615.527,-3160.059,50000.000,30.000,0
32501,-14403.293,-16099.116,50000.000,20.00,-31809.762,-687.294,50000.000,25.000,0
32551,-12670.117,-13925.176,50000.000,9.00,-32803.352,-2046.941,50000.000,29.000,0
32601,-14694.646,-13820.587,50000.000,15.00,-32243.057,-3122.706,50000.000,26.000,0
32651,-16943.293,-15486.528,50000.000,13.00,-32026.410,-1486.647,50000.000,27.000,0
32701,-10511.117,-9681.882,50000.000,18.00,-29837.527,1942.353,50000.000,28.000,0
32751,-16278.411,-14761.882,50000.000,19.00,-29322.057,-89.647,50000.000,28.000,0
32801,-17152.469,-15665.822,50000.000,14.00,-29620.881,-2965.823,50000.000,24.000,0
32851,-14545.234,-11975.353,50000.000,16.00,-29486.410,-2256.117,50000.000,18.000,0
32901,-14455.587,-9793.940,50000.000,15.00,-27663.586,3541.059,50000.000,23.000,0
32951,-16442.764,-10286.999,50000.000,11.00,-28059.527,3787.588,50000.000,16.000,0
33001,-17384.059,-11766.176,50000.000,16.00,-30158.762,-1434.353,50000.000,16.000,0
33051,-15792.822,-10914.528,50000.000,12.00,-27282.586,-3563.470,50000.000,19.000,0
33101,-16278.411,-9173.882,50000.000,14.00,-27387.174,-1419.412,50000.000,17.000,0
33151,-19894.176,-10473.764,50000.000,14.00,-27252.703,2211.294,50000.000,28.000,0
33201,-19819.469,-9308.353,50000.000,14.00,-29112.881,2293.470,50000.000,34.000,0
33251,-18706.352,-6477.000,50000.000,15.00,-30636.881,-104.588,50000.000,34.000,0
33301,-18355.234,-3697.941,50000.000,17.00,-29045.645,-3473.823,50000.000,24.000,0
33351,-16577.234,-4422.588,50000.000,16.00,-27013.645,-5602.941,50000.000,31.000,0
33401,-15127.940,-8621.059,50000.000,12.00,-27245.234,-7582.646,50000.000,19.000,0
33451,-14194.116,-9816.353,50000.000,16.00,-26782.057,-11683.999,50000.000,25.000,0
33501,-12565.528,-9323.294,50000.000,10.00,-25131.057,-14679.705,50000.000,26.000,0
33551,-13402.234,-5042.646,50000.000,24.00,-24032.881,-11228.293,50000.000,24.000,0
33601,-13955.058,-2487.706,50000.000,17.00,-20006.234,-4467.412,50000.000,31.000,0
33651,-15314.705,-6947.646,50000.000,11.00,-19124.705,-5655.235,50000.000,39.000,0
33701,-12042.588,-9315.823,50000.000,8.00,-18287.998,-9562.353,50000.000,25.000,0
33751,-8942.294,-9502.588,50000.000,20.00,-16965.705,-11459.882,50000.000,33.000,0
33801,-9965.764,-10040.470,50000.000,20.00,-16263.470,-10765.117,50000.000,32.000,0
33851,-8785.411,-5035.176,50000.000,19.00,-14194.116,-7911.353,50000.000,29.000,0
33901,-6364.941,-806.823,50000.000,11.00,-10780.058,-4131.235,50000.000,30.000,0
33951,-7761.940,-1165.412,50000.000,20.00,-9270.999,-3040.529,50000.000,27.000,0
34001,-6043.706,-5102.412,50000.000,18.00,-9031.940,-4885.764,50000.000,24.000,0
34051,-5012.764,-6775.823,50000.000,19.00,-8621.059,-5909.235,50000.000,23.000,0
34101,-5072.529,-6611.470,50000.000,14.00,-8441.764,-4146.176,50000.000,26.000,0
34151,-5565.588,-6760.882,50000.000,11.00,-7732.058,179.294,50000.000,27.000,0
34201,-4855.882,-6865.470,50000.000,14.00,-7321.176,239.059,50000.000,21.000,0
34251,-4766.235,-6484.470,50000.000,12.00,-7948.706,-851.647,50000.000,28.000,0
34301,-4347.882,-2935.941,50000.000,16.00,-7747.000,635.000,50000.000,26.000,0
34351,-5490.882,-2906.059,50000.000,16.00,-6066.117,2136.588,50000.000,36.000,0
34401,-6342.529,-4071.470,50000.000,17.00,-6865.470,3854.823,50000.000,26.000,0
34451,-6387.353,-3496.235,50000.000,16.00,-7806.764,5378.823,50000.000,34.000,0
34501,-6469.529,-2375.647,50000.000,20.00,-7941.235,6379.882,50000.000,23.000,0
34551,-8785.411,-3690.470,50000.000,16.00,-8635.999,5498.353,50000.000,33.000,0
34601,-7926.293,-4758.764,50000.000,13.00,-9868.646,2756.647,50000.000,23.000,0
34651,-7522.882,-3145.117,50000.000,16.00,-9920.940,1389.529,50000.000,33.000,0
34701,-8441.764,-127.000,50000.000,12.00,-9114.117,1755.588,50000.000,30.000,0
34751,-9129.059,-448.235,50000.000,14.00,-9891.059,1733.176,50000.000,34.000,0
34801,-11258.176,-3391.647,50000.000,18.00,-12894.234,2457.823,50000.000,30.000,0
34851,-12939.058,-4691.529,50000.000,11.00,-14806.705,3421.529,50000.000,29.000,0
34901,-13058.587,-4415.117,50000.000,13.00,-16876.059,3010.647,50000.000,18.000,0
34951,-15232.528,-4609.353,50000.000,12.00,-19311.469,2599.765,50000.000,23.000,0
35001,-16681.822,-3638.176,50000.000,16.00,-20155.646,1434.353,50000.000,28.000,0
35051,-16644.469,-1800.412,50000.000,15.00,-19767.176,-754.529,50000.000,26.000,0
35101,-16285.881,-806.823,50000.000,12.00,-19244.234,-3399.117,50000.000,13.000,0
35151,-15337.116,291.353,50000.000,16.00,-17451.293,-4325.470,50000.000,23.000,0
35201,-16308.293,448.235,50000.000,14.00,-16584.705,-4669.117,50000.000,23.000,0
35251,-15142.881,-2861.235,50000.000,20.00,-17309.352,-7866.529,50000.000,27.000,0
35301,-12587.940,-8247.529,50000.000,20.00,-17428.881,-12139.705,50000.000,29.000,0
35351,-10212.293,-10443.882,50000.000,15.00,-17578.293,-11728.822,50000.000,35.000,0
35401,-9749.117,-11400.117,50000.000,14.00,-17488.646,-9764.059,50000.000,30.000,0
35451,-9741.646,-8015.940,50000.000,24.00,-16382.999,-8083.176,50000.000,28.000,0
35501,-9495.117,-2898.588,50000.000,15.00,-13193.058,-3892.176,50000.000,28.000,0
35551,-8621.059,-5304.117,50000.000,16.00,-11056.470,-1240.118,50000.000,29.000,0
35601,-7448.176,-7605.058,50000.000,15.00,-11452.411,-485.588,50000.000,33.000,0
35651,-7664.823,-8374.529,50000.000,11.00,-10892.117,791.882,50000.000,32.000,0
35701,-7209.117,-8352.117,50000.000,16.00,-10010.588,986.118,50000.000,27.000,0
35751,-6521.823,-8523.940,50000.000,19.00,-10630.646,709.706,50000.000,32.000,0
35801,-6686.176,-9338.234,50000.000,15.00,-10182.411,1359.647,50000.000,31.000,0
35851,-6932.706,-7791.823,50000.000,13.00,-9898.528,3496.235,50000.000,26.000,0
35901,-7978.588,-3062.941,50000.000,13.00,-8680.823,4870.823,50000.000,27.000,0
35951,-7918.823,-2995.706,50000.000,18.00,-6999.941,6051.176,50000.000,40.000,0
36001,-7590.117,-4273.176,50000.000,11.00,-8277.411,6088.529,50000.000,34.000,0
36051,-7799.293,-5461.000,50000.000,12.00,-9891.059,4796.117,50000.000,36.000,0
36101,-8740.588,-6312.646,50000.000,14.00,-12102.353,3854.823,50000.000,33.000,0
36151,-9876.117,-5080.000,50000.000,18.00,-13267.764,3197.412,50000.000,30.000,0
36201,-11601.822,-4863.353,50000.000,16.00,-14194.116,2457.823,50000.000,31.000,0
36251,-11766.176,-3854.823,50000.000,13.00,-16778.939,2308.412,50000.000,29.000,0
36301,-10750.176,-1561.353,50000.000,21.00,-17436.352,1546.412,50000.000,32.000,0
36351,-8516.470,254.000,50000.000,12.00,-15949.705,-156.882,50000.000,29.000,0
36401,-11796.058,1733.176,50000.000,18.00,-14477.999,-2495.176,50000.000,32.000,0
36451,-10974.293,2427.941,50000.000,14.00,-13715.999,-4527.176,50000.000,22.000,0
36501,-11280.588,4138.706,50000.000,15.00,-12513.234,-3137.647,50000.000,27.000,0
36551,-10227.234,4019.176,50000.000,13.00,-9898.528,-941.294,50000.000,30.000,0
36601,-7283.823,1240.118,50000.000,16.00,-7597.588,-3227.294,50000.000,26.000,0
36651,-3137.647,171.824,50000.000,17.00,-5266.764,-6783.293,50000.000,27.000,0
36701,-522.941,-37.353,50000.000,15.00,-1576.294,-7859.058,50000.000,26.000,0
36751,635.000,-1703.294,50000.000,17.00,-829.235,-11041.528,50000.000,21.000,0
36801,1680.882,-4093.882,50000.000,25.00,-582.706,-10593.293,50000.000,31.000,0
36851,1942.353,-3772.647,50000.000,18.00,-67.235,-7747.000,50000.000,36.000,0
36901,508.000,-1150.470,50000.000,17.00,186.765,-1404.470,50000.000,29.000,0
36951,1038.412,1045.882,50000.000,15.00,1232.647,-1344.706,50000.000,37.000,0
37001,2554.941,485.588,50000.000,22.00,3137.647,-3772.647,50000.000,29.000,0
37051,5401.235,-5162.176,50000.000,15.00,3578.412,-9838.764,50000.000,33.000,0
37101,5670.176,-9950.823,50000.000,12.00,1621.118,-12326.470,50000.000,31.000,0
37151,5498.353,-12826.999,50000.000,19.00,709.706,-14448.116,50000.000,34.000,0
37201,6036.235,-13006.293,50000.000,15.00,575.235,-15897.411,50000.000,30.000,0
37251,6663.764,-12528.176,50000.000,15.00,1905.000,-16980.646,50000.000,37.000,0
37301,6574.117,-14007.352,50000.000,13.00,1284.941,-15508.940,50000.000,33.000,0
37351,3593.353,-15987.058,50000.000,11.00,-821.765,-8680.823,50000.000,34.000,0
37401,1307.353,-16076.705,50000.000,16.00,-2308.412,-7141.882,50000.000,29.000,0
37451,1733.176,-15785.352,50000.000,21.00,-2166.470,-9651.999,50000.000,39.000,0
37501,1524.000,-16233.587,50000.000,15.00,-2846.294,-7336.117,50000.000,33.000,0
37551,-1710.765,-10653.058,50000.000,24.00,-5939.117,201.706,50000.000,24.000,0
37601,-4967.941,-7239.000,50000.000,14.00,-7537.823,3496.235,50000.000,26.000,0
37651,-6185.646,-5416.176,50000.000,14.00,-10428.940,2203.823,50000.000,30.000,0
37701,-8411.882,-3944.470,50000.000,21.00,-12281.646,2719.294,50000.000,25.000,0
37751,-10854.764,-4437.529,50000.000,14.00,-12849.411,2278.529,50000.000,33.000,0
37801,-11280.588,-6985.000,50000.000,22.00,-14903.822,2502.647,50000.000,22.000,0
37851,-10675.470,-7448.176,50000.000,9.00,-17563.352,351.118,50000.000,33.000,0
37901,-9405.470,-5498.353,50000.000,18.00,-16046.822,-814.294,50000.000,37.000,0
37951,-11504.705,-6133.353,50000.000,19.00,-14537.764,-7.471,50000.000,31.000,0
38001,-10653.058,-4990.353,50000.000,17.00,-14515.352,-3548.529,50000.000,29.000,0
38051,-9293.411,-2898.588,50000.000,18.00,-13215.470,-6208.059,50000.000,24.000,0
38101,-10593.293,-2099.235,50000.000,15.00,-13006.293,-6305.176,50000.000,24.000,0
38151,-11803.528,-4265.706,50000.000,21.00,-13073.528,-4370.294,50000.000,28.000,0
38201,-11609.293,-8068.235,50000.000,12.00,-14134.352,-2084.294,50000.000,21.000,0
38251,-11123.705,-9696.823,50000.000,17.00,-14328.587,620.059,50000.000,17.000,0
38301,-11340.353,-9226.176,50000.000,20.00,-13424.646,4228.353,50000.000,25.000,0
38351,-13095.940,-7859.058,50000.000,12.00,-15613.528,6477.000,50000.000,28.000,0
38401,-13402.234,-6081.059,50000.000,15.00,-15740.528,6977.529,50000.000,27.000,0
38451,-13424.646,-2995.706,50000.000,20.00,-15658.352,5715.000,50000.000,37.000,0
38501,-12953.999,-717.176,50000.000,17.00,-15426.764,1890.059,50000.000,30.000,0
38551,-12363.822,-2099.235,50000.000,17.00,-14851.528,-874.059,50000.000,24.000,0
38601,-11556.999,-4400.176,50000.000,21.00,-14717.058,-3451.412,50000.000,29.000,0
38651,-11504.705,-5035.176,50000.000,13.00,-14336.058,-4355.353,50000.000,31.000,0
38701,-11631.705,-5453.529,50000.000,16.00,-13618.882,-3361.764,50000.000,31.000,0
38751,-10653.058,-3787.588,50000.000,22.00,-13947.587,-2002.118,50000.000,27.000,0
38801,-9958.293,-2046.941,50000.000,17.00,-11683.999,-1128.059,50000.000,34.000,0
38851,-9405.470,-2368.176,50000.000,13.00,-11796.058,-1426.882,50000.000,25.000,0
38901,-8038.353,-754.529,50000.000,22.00,-11534.588,-1897.529,50000.000,29.000,0
38951,-5505.823,2674.470,50000.000,10.00,-6925.235,-2076.823,50000.000,36.000,0
39001,-3556.000,5520.764,50000.000,16.00,-2734.235,-3563.470,50000.000,28.000,0
39051,493.059,2629.647,50000.000,16.00,22.412,-7933.764,50000.000,27.000,0
39101,2786.529,-3092.823,50000.000,17.00,657.412,-10780.058,50000.000,27.000,0
39151,4706.470,-6506.882,50000.000,16.00,1262.529,-11519.646,50000.000,18.000,0
39201,4295.588,-5954.059,50000.000,13.00,1471.706,-7089.588,50000.000,25.000,0
39251,4153.647,-3989.294,50000.000,11.00,2995.706,-6021.294,50000.000,30.000,0
39301,4295.588,-3907.117,50000.000,18.00,3996.764,-4624.294,50000.000,36.000,0
39351,4751.294,-9129.059,50000.000,12.00,2749.176,-2935.941,50000.000,31.000,0
39401,3488.764,-10794.999,50000.000,12.00,171.824,14.941,50000.000,24.000,0
39451,1367.118,-10481.234,50000.000,30.00,993.588,2554.941,50000.000,25.000,0
39501,313.765,-10092.764,50000.000,16.00,-918.882,3937.000,50000.000,31.000,0
39551,201.706,-8232.588,50000.000,12.00,-1225.176,2173.941,50000.000,30.000,0
39601,-687.294,-6536.764,50000.000,24.00,-1695.823,1516.529,50000.000,27.000,0
39651,-1979.706,-7552.764,50000.000,21.00,-3272.117,4452.470,50000.000,23.000,0
39701,-3675.529,-4295.588,50000.000,17.00,-3989.294,6745.941,50000.000,33.000,0
39751,-5109.882,-3727.823,50000.000,25.00,-4990.353,3600.823,50000.000,26.000,0
39801,-5169.646,-6745.941,50000.000,19.00,-7881.470,851.647,50000.000,22.000,0
39851,-5864.411,-7089.588,50000.000,14.00,-9524.999,-836.706,50000.000,23.000,0
39901,-6133.353,-6148.294,50000.000,20.00,-9651.999,-1979.706,50000.000,27.000,0
39951,-7605.058,-6775.823,50000.000,11.00,-10907.058,478.118,50000.000,39.000,0
40001,-9965.764,-5184.588,50000.000,14.00,-11952.940,4310.529,50000.000,31.000,0
40051,-11586.882,-1143.000,50000.000,18.00,-11407.588,7014.882,50000.000,34.000,0
40101,-13155.705,-702.235,50000.000,15.00,-12924.117,5670.176,50000.000,27.000,0
40151,-13036.176,-2106.706,50000.000,12.00,-14724.528,1718.235,50000.000,26.000,0
40201,-12169.588,-1613.647,50000.000,16.00,-16711.705,-508.000,50000.000,28.000,0
40251,-12401.176,-2054.412,50000.000,15.00,-16674.352,-119.529,50000.000,29.000,0
40301,-13439.587,-7313.706,50000.000,15.00,-18355.234,-1157.941,50000.000,30.000,0
40351,-11400.117,-8516.470,50000.000,11.00,-19520.646,-889.000,50000.000,32.000,0
40401,-9241.117,-5685.117,50000.000,12.00,-16502.527,4788.647,50000.000,18.000,0
40451,-10854.764,-3518.647,50000.000,15.00,-14971.058,4049.059,50000.000,41.000,0
40501,-12102.353,-1090.706,50000.000,16.00,-15098.058,2510.117,50000.000,31.000,0
40551,-11788.588,-963.706,50000.000,9.00,-13618.882,4191.000,50000.000,23.000,0
40601,-12901.705,-3630.706,50000.000,15.00,-14567.646,3414.059,50000.000,22.000,0
40651,-12475.882,-4609.353,50000.000,15.00,-17540.939,1890.059,50000.000,32.000,0
40701,-13193.058,-4945.529,50000.000,19.00,-17921.939,1471.706,50000.000,22.000,0
40751,-15860.058,-6529.293,50000.000,13.00,-19035.057,1770.529,50000.000,27.000,0
40801,-15807.764,-6379.882,50000.000,14.00,-20282.646,1247.588,50000.000,27.000,0
40851,-14313.646,-4474.882,50000.000,20.00,-19707.410,-478.118,50000.000,29.000,0
40901,-13828.058,-2017.059,50000.000,14.00,-18751.176,-2756.647,50000.000,19.000,0
40951,-13962.528,-336.176,50000.000,20.00,-17533.469,-4101.353,50000.000,24.000,0
41001,-12685.058,627.529,50000.000,16.00,-14306.176,-1867.647,50000.000,26.000,0
41051,-12991.353,1703.294,50000.000,13.00,-14612.470,-2868.706,50000.000,33.000,0
41101,-11564.470,545.353,50000.000,14.00,-14044.705,-8225.117,50000.000,20.000,0
41151,-8337.176,-2368.176,50000.000,16.00,-12610.353,-12191.999,50000.000,32.000,0
41201,-8217.646,-6731.000,50000.000,20.00,-12729.882,-9233.646,50000.000,21.000,0
41251,-8075.706,-9181.353,50000.000,16.00,-12640.234,-6088.529,50000.000,32.000,0
41301,-7351.058,-7620.000,50000.000,15.00,-12759.764,-3862.294,50000.000,32.000,0
41351,-7851.588,-4467.412,50000.000,17.00,-10809.940,-2689.412,50000.000,26.000,0
41401,-7672.293,-3922.059,50000.000,13.00,-9383.059,-3152.588,50000.000,27.000,0
41451,-6103.470,-7164.293,50000.000,20.00,-10204.823,-3272.117,50000.000,23.000,0
41501,-4706.470,-6544.235,50000.000,18.00,-10623.176,-1479.176,50000.000,37.000,0
41551,-3720.353,-4631.764,50000.000,15.00,-9330.764,-2562.412,50000.000,28.000,0
41601,-4773.706,-7351.058,50000.000,14.00,-8882.529,-4347.882,50000.000,26.000,0
41651,-4900.706,-7649.882,50000.000,18.00,-9293.411,-2674.470,50000.000,32.000,0
41701,-6394.823,-5871.882,50000.000,20.00,-8837.705,-1583.765,50000.000,34.000,0
41751,-7351.058,-1912.470,50000.000,15.00,-8187.764,313.765,50000.000,25.000,0
41801,-7567.706,-141.941,50000.000,12.00,-7545.293,2764.117,50000.000,28.000,0
41851,-7986.058,-515.471,50000.000,16.00,-8240.059,4362.823,50000.000,26.000,0
41901,-8434.294,-2510.117,50000.000,24.00,-9114.117,3436.470,50000.000,36.000,0
41951,-8135.470,-4848.412,50000.000,12.00,-9920.940,799.353,50000.000,28.000,0
42001,-8172.823,-5558.117,50000.000,17.00,-10585.823,7.471,50000.000,30.000,0
42051,-9129.059,-4960.470,50000.000,22.00,-10630.646,470.647,50000.000,26.000,0
42101,-10189.882,-4191.000,50000.000,13.00,-11258.176,754.529,50000.000,23.000,0
42151,-10787.528,-3488.764,50000.000,14.00,-12191.999,1329.765,50000.000,33.000,0
42201,-11781.117,-3077.882,50000.000,23.00,-12393.705,1531.470,50000.000,26.000,0
42251,-12558.058,-3675.529,50000.000,15.00,-13320.058,2091.765,50000.000,27.000,0
42301,-13110.882,-4482.353,50000.000,25.00,-14216.528,2084.294,50000.000,33.000,0
42351,-13320.058,-4751.294,50000.000,23.00,-15479.058,-381.000,50000.000,31.000,0
42401,-12565.528,-2719.294,50000.000,21.00,-15591.116,-1770.529,50000.000,35.000,0
42451,-13312.587,-1792.941,50000.000,21.00,-15800.293,-1763.059,50000.000,26.000,0
42501,-13215.470,-2973.294,50000.000,11.00,-16861.117,-1494.118,50000.000,29.000,0
42551,-12572.999,-3966.882,50000.000,9.00,-17309.352,-1628.588,50000.000,25.000,0
42601,-12849.411,-4205.941,50000.000,16.00,-17630.588,-1210.235,50000.000,33.000,0
42651,-12199.470,-3458.882,50000.000,16.00,-17100.176,-821.765,50000.000,27.000,0
42701,-11624.234,-1934.882,50000.000,13.00,-15426.764,-1875.118,50000.000,34.000,0
42751,-11736.293,-799.353,50000.000,17.00,-14014.822,-2883.647,50000.000,35.000,0
42801,-10653.058,-470.647,50000.000,13.00,-13267.764,-2816.412,50000.000,28.000,0
42851,-9323.294,-216.647,50000.000,21.00,-12251.764,-1680.882,50000.000,33.000,0
42901,-8710.705,-1090.706,50000.000,16.00,-10899.588,-1128.059,50000.000,28.000,0
42951,-7679.764,-1621.118,50000.000,10.00,-9786.470,-1471.706,50000.000,28.000,0
43001,-5969.000,-1494.118,50000.000,14.00,-8598.646,-1307.353,50000.000,33.000,0
43051,-5035.176,-1008.529,50000.000,19.00,-6820.646,-821.765,50000.000,39.000,0
43101,-4392.706,-395.941,50000.000,17.00,-5154.706,-552.823,50000.000,40.000,0
43151,-3175.000,-104.588,50000.000,13.00,-3675.529,-493.059,50000.000,30.000,0
43201,-1972.235,-149.412,50000.000,14.00,-2368.176,-306.294,50000.000,35.000,0
43251,-784.412,-224.118,50000.000,15.00,-1068.294,-216.647,50000.000,23.000,0
43301,-22.412,-52.294,50000.000,16.00,0.000,-29.882,50000.000,31.000,0
43351,418.353,224.118,50000.000,15.00,694.765,97.118,50000.000,34.000,0
43401,769.471,134.471,50000.000,16.00,1083.235,44.824,50000.000,31.000,0
43451,926.353,0.000,50000.000,16.00,1299.882,97.118,50000.000,32.000,0
43501,1404.470,59.765,50000.000,20.00,1524.000,164.353,50000.000,26.000,0
43551,1606.176,141.941,50000.000,14.00,1800.412,82.176,50000.000,32.000,0
43601,1658.470,276.412,50000.000,17.00,1957.294,127.000,50000.000,33.000,0
43651,1718.235,283.882,50000.000,11.00,2032.000,186.765,50000.000,29.000,0
43701,1778.000,141.941,50000.000,17.00,2024.529,119.529,50000.000,34.000,0
43751,1755.588,164.353,50000.000,14.00,2002.118,74.706,50000.000,30.000,0
43801,1725.706,231.588,50000.000,24.00,2039.470,186.765,50000.000,24.000,0
43851,1568.823,171.824,50000.000,15.00,1890.059,216.647,50000.000,25.000,0
43901,1337.235,112.059,50000.000,20.00,1658.470,149.412,50000.000,30.000,0
43951,1225.176,52.294,50000.000,10.00,1494.118,89.647,50000.000,37.000,0
44001,1053.353,7.471,50000.000,19.00,1322.294,67.235,50000.000,33.000,0
44051,1045.882,89.647,50000.000,9.00,1187.823,59.765,50000.000,38.000,0
44101,739.588,82.176,50000.000,15.00,993.588,89.647,50000.000,36.000,0
44151,597.647,112.059,50000.000,12.00,732.118,82.176,50000.000,34.000,0
44201,433.294,89.647,50000.000,17.00,508.000,37.353,50000.000,34.000,0
44251,246.529,0.000,50000.000,18.00,261.471,-7.471,50000.000,36.000,0
44301,97.118,-37.353,50000.000,12.00,74.706,-59.765,50000.000,35.000,0
44351,0.000,-37.353,50000.000,16.00,-22.412,-7.471,50000.000,39.000,0
44401,-7.471,-7.471,50000.000,20.00,-29.882,-14.941,50000.000,36.000,0
44451,-7.471,0.000,50000.000,20.00,0.000,-7.471,50000.000,38.000,0
44501,0.000,0.000,50000.000,18.00,0.000,0.000,50000.000,39.000,0
44551,0.000,-14.941,50000.000,12.00,0.000,-37.353,50000.000,37.000,0
44601,0.000,-44.824,50000.000,14.00,-22.412,-14.941,50000.000,33.000,0
44651,0.000,-7.471,50000.000,13.00,-22.412,-7.471,50000.000,31.000,0
44701,0.000,0.000,50000.000,13.00,0.000,0.000,50000.000,31.000,0
44751,14.941,-7.471,50000.000,13.00,7.471,-82.176,50000.000,32.000,0
44801,7.471,-14.941,50000.000,13.00,0.000,-14.941,50000.000,28.000,0
44851,7.471,-14.941,50000.000,14.00,0.000,-44.824,50000.000,33.000,0
44901,52.294,-59.765,50000.000,17.00,0.000,-127.000,50000.000,42.000,0
44951,-14.941,-22.412,50000.000,13.00,-7.471,-14.941,50000.000,27.000,0
45001,59.765,-179.294,50000.000,14.00,0.000,-254.000,50000.000,19.000,0
45051,14.941,-82.176,50000.000,13.00,-59.765,-59.765,50000.000,36.000,0
45101,7.471,-7.471,50000.000,20.00,-14.941,0.000,50000.000,30.000,0
45151,14.941,-82.176,50000.000,18.00,22.412,-104.588,50000.000,29.000,0
45201,-14.941,-59.765,50000.000,17.00,-22.412,7.471,50000.000,33.000,0
45251,-52.294,-156.882,50000.000,15.00,-97.118,-119.529,50000.000,29.000,0
45301,-104.588,-179.294,50000.000,17.00,-171.824,-29.882,50000.000,27.000,0
45351,-89.647,-231.588,50000.000,14.00,-119.529,-134.471,50000.000,28.000,0
45401,-37.353,-209.176,50000.000,19.00,-156.882,-134.471,50000.000,35.000,0
45451,-29.882,-44.824,50000.000,16.00,-74.706,-22.412,50000.000,38.000,0
45501,22.412,14.941,50000.000,18.00,44.824,-74.706,50000.000,34.000,0
45551,52.294,52.294,50000.000,17.00,74.706,44.824,50000.000,28.000,0
45601,14.941,-14.941,50000.000,18.00,22.412,-29.882,50000.000,28.000,0
45651,0.000,-14.941,50000.000,15.00,-52.294,-52.294,50000.000,26.000,0
45701,0.000,0.000,50000.000,21.00,-14.941,7.471,50000.000,27.000,0
45751,0.000,7.471,50000.000,13.00,0.000,7.471,50000.000,32.000,0
45801,0.000,7.471,50000.000,19.00,22.412,7.471,50000.000,32.000,0
45851,0.000,0.000,50000.000,18.00,0.000,7.471,50000.000,37.000,0
45901,0.000,0.000,50000.000,13.00,0.000,0.000,50000.000,33.000,0
45951,0.000,0.000,50000.000,15.00,0.000,0.000,50000.000,33.000,0
46001,0.000,-1860.176,50000.000,10.00,0.000,0.000,50000.000,27.000,0
46051,-5744.882,1673.412,50000.000,13.00,0.000,0.000,50000.000,29.000,0
46101,0.000,0.000,50000.000,13.00,0.000,0.000,50000.000,33.000,0
46151,0.000,0.000,50000.000,12.00,0.000,0.000,50000.000,33.000,0
46201,1912.470,-1680.882,50000.000,15.00,0.000,0.000,50000.000,28.000,0
46251,-7.471,-7.471,50000.000,15.00,0.000,0.000,50000.000,28.000,0
46301,0.000,0.000,50000.000,13.00,0.000,7.471,50000.000,30.000,0
46351,0.000,0.000,50000.000,16.00,0.000,7.471,50000.000,36.000,0
46401,0.000,0.000,50000.000,17.00,7.471,7.471,50000.000,36.000,0
46451,0.000,0.000,50000.000,16.00,0.000,29.882,50000.000,26.000,0
46501,0.000,0.000,50000.000,13.00,22.412,44.824,50000.000,30.000,0
46551,0.000,0.000,50000.000,12.00,0.000,0.000,50000.000,36.000,0
46601,0.000,0.000,50000.000,13.00,0.000,0.000,50000.000,32.000,0
46651,0.000,0.000,50000.000,13.00,0.000,0.000,50000.000,29.000,0
46701,0.000,0.000,50000.000,12.00,-1919.941,0.000,50000.000,29.000,0
46751,0.000,0.000,50000.000,11.00,0.000,0.000,50000.000,29.000,0
46801,0.000,0.000,50000.000,11.00,0.000,0.000,50000.000,25.000,0
46851,0.000,0.000,50000.000,13.00,0.000,0.000,50000.000,25.000,0
46901,0.000,0.000,50000.000,11.00,0.000,0.000,50000.000,30.000,0
46951,0.000,0.000,50000.000,11.00,0.000,-1680.882,50000.000,29.000,0
47001,-7.471,0.000,50000.000,12.00,0.000,-7.471,50000.000,29.000,0
47051,0.000,1434.353,50000.000,12.00,0.000,-22.412,50000.000,29.000,0
47101,0.000,0.000,50000.000,13.00,0.000,0.000,50000.000,33.000,0
47151,0.000,0.000,50000.000,13.00,0.000,0.000,50000.000,32.000,0
47201,0.000,0.000,50000.000,16.00,0.000,7.471,50000.000,40.000,0
47251,0.000,7.471,50000.000,11.00,0.000,7.471,50000.000,40.000,0
47301,0.000,0.000,50000.000,11.00,14.941,0.000,50000.000,35.000,0
47351,0.000,0.000,50000.000,17.00,0.000,0.000,50000.000,33.000,0
47401,0.000,0.000,50000.000,17.00,7.471,0.000,50000.000,32.000,0
47451,7.471,0.000,50000.000,18.00,7.471,7.471,50000.000,30.000,0
47501,0.000,0.000,50000.000,15.00,0.000,0.000,50000.000,33.000,0
47551,7.471,-7.471,50000.000,17.00,-7.471,0.000,50000.000,33.000,0
47601,0.000,0.000,50000.000,14.00,0.000,0.000,50000.000,31.000,0
47651,7.471,0.000,50000.000,14.00,14.941,0.000,50000.000,28.000,0
47701,0.000,0.000,50000.000,14.00,0.000,0.000,50000.000,30.000,0
47751,0.000,1434.353,50000.000,15.00,0.000,0.000,50000.000,36.000,0
47801,0.000,0.000,50000.000,13.00,0.000,-7.471,50000.000,36.000,0
47851,0.000,0.000,50000.000,13.00,0.000,0.000,50000.000,36.000,0
47901,0.000,0.000,50000.000,15.00,0.000,0.000,50000.000,34.000,0
47951,0.000,0.000,50000.000,16.00,0.000,0.000,50000.000,31.000,0
48001,0.000,0.000,50000.000,15.00,0.000,0.000,50000.000,38.000,0
48051,0.000,0.000,50000.000,14.00,7.471,-14.941,50000.000,35.000,0
48101,14.941,14.941,50000.000,22.00,14.941,0.000,50000.000,30.000,0
48151,7.471,7.471,50000.000,21.00,14.941,0.000,50000.000,32.000,0
48201,0.000,0.000,50000.000,24.00,0.000,0.000,50000.000,37.000,0
48251,0.000,0.000,50000.000,16.00,0.000,0.000,50000.000,31.000,0
48301,0.000,0.000,50000.000,15.00,0.000,0.000,50000.000,29.000,0
48351,0.000,0.000,50000.000,17.00,0.000,0.000,50000.000,32.000,0
48401,7.471,0.000,50000.000,12.00,7.471,0.000,50000.000,34.000,0
48451,0.000,0.000,50000.000,17.00,0.000,-7.471,50000.000,34.000,0
48501,0.000,0.000,50000.000,18.00,7.471,0.000,50000.000,34.000,0
48551,0.000,0.000,50000.000,18.00,7.471,0.000,50000.000,30.000,0
48601,0.000,0.000,50000.000,13.00,7.471,0.000,50000.000,31.000,0
48651,0.000,0.000,50000.000,15.00,7.471,-14.941,50000.000,34.000,0
48701,7.471,7.471,50000.000,21.00,14.941,-7.471,50000.000,36.000,0
48751,14.941,7.471,50000.000,24.00,7.471,0.000,50000.000,31.000,1
48801,0.000,7.471,50000.000,20.00,7.471,0.000,50000.000,31.000,1
48851,0.000,0.000,50000.000,18.00,0.000,0.000,50000.000,33.000,0
48901,0.000,7.471,50000.000,16.00,0.000,0.000,50000.000,34.000,0
48951,0.000,7.471,50000.000,16.00,7.471,-7.471,50000.000,28.000,0
49001,0.000,0.000,50000.000,18.00,7.471,-7.471,50000.000,30.000,0
49051,7.471,22.412,50000.000,16.00,7.471,0.000,50000.000,36.000,0
49101,0.000,7.471,50000.000,18.00,0.000,0.000,50000.000,32.000,0
49151,0.000,0.000,50000.000,18.00,0.000,0.000,50000.000,32.000,0
49201,7.471,0.000,50000.000,18.00,0.000,-22.412,50000.000,28.000,0
49251,14.941,22.412,50000.000,17.00,29.882,0.000,50000.000,29.000,0
49301,7.471,0.000,50000.000,19.00,22.412,0.000,50000.000,28.000,0
49351,0.000,0.000,50000.000,14.00,-7.471,-7.471,50000.000,31.000,0
49401,0.000,-7.471,50000.000,15.00,-14.941,-7.471,50000.000,28.000,0
49451,7.471,-13394.764,50000.000,15.00,0.000,0.000,50000.000,25.000,0
49501,0.000,0.000,50000.000,15.00,0.000,-29.882,50000.000,29.000,0
49551,0.000,0.000,50000.000,6.00,0.000,-22.412,50000.000,30.000,0
49601,0.000,0.000,50000.000,5.00,0.000,0.000,50000.000,30.000,0
49651,0.000,7.471,50000.000,13.00,0.000,7.471,50000.000,26.000,0
49701,0.000,0.000,50000.000,8.00,0.000,0.000,50000.000,33.000,0
49751,0.000,14.941,50000.000,16.00,0.000,0.000,50000.000,33.000,0
49801,7.471,14.941,50000.000,16.00,14.941,0.000,50000.000,29.000,0
49851,22.412,14.941,50000.000,20.00,22.412,7.471,50000.000,33.000,0
49901,7.471,14.941,50000.000,23.00,29.882,7.471,50000.000,25.000,0
49951,7.471,14.941,50000.000,16.00,14.941,7.471,50000.000,27.000,0
50001,37.353,67.235,50000.000,15.00,29.882,29.882,50000.000,26.000,0
50051,141.941,97.118,50000.000,19.00,224.118,194.235,50000.000,32.000,0
50101,336.176,97.118,50000.000,20.00,635.000,395.941,50000.000,32.000,0
50151,948.765,321.235,50000.000,21.00,1270.000,605.118,50000.000,33.000,0
50201,2009.588,231.588,50000.000,14.00,2383.117,-119.529,50000.000,39.000,0
50251,2338.294,283.882,50000.000,13.00,3025.588,418.353,50000.000,31.000,0
50301,2868.706,201.706,50000.000,12.00,3511.176,246.529,50000.000,41.000,0
50351,3316.941,89.647,50000.000,15.00,3892.176,-201.706,50000.000,34.000,0
50401,2906.059,283.882,50000.000,17.00,3944.470,440.765,50000.000,33.000,0
50451,3010.647,194.235,50000.000,12.00,3824.941,410.882,50000.000,28.000,0
50501,3488.764,67.235,50000.000,21.00,3892.176,-22.412,50000.000,40.000,0
50551,3354.294,254.000,50000.000,24.00,4056.529,104.588,50000.000,35.000,0
50601,3391.647,552.823,50000.000,13.00,4093.882,298.824,50000.000,32.000,0
50651,3137.647,425.823,50000.000,17.00,3981.823,313.765,50000.000,26.000,0
50701,3309.470,268.941,50000.000,14.00,3720.353,179.294,50000.000,19.000,0
50751,3092.823,224.118,50000.000,15.00,3630.706,82.176,50000.000,33.000,0
50801,2577.353,283.882,50000.000,12.00,3376.706,351.118,50000.000,31.000,0
50851,2308.412,209.176,50000.000,11.00,3115.235,268.941,50000.000,33.000,0
50901,2375.647,14.941,50000.000,13.00,2913.529,37.353,50000.000,33.000,0
50951,2144.059,156.882,50000.000,22.00,2764.117,134.471,50000.000,31.000,0
51001,1837.765,156.882,50000.000,17.00,2502.647,239.059,50000.000,28.000,0
51051,1830.294,112.059,50000.000,10.00,2211.294,52.294,50000.000,37.000,0
51101,1516.529,127.000,50000.000,27.00,1919.941,52.294,50000.000,29.000,0
51151,1441.823,104.588,50000.000,14.00,1658.470,104.588,50000.000,34.000,0
51201,1195.294,67.235,50000.000,18.00,1441.823,82.176,50000.000,32.000,0
51251,1060.823,0.000,50000.000,16.00,1225.176,0.000,50000.000,34.000,0
51301,844.176,67.235,50000.000,12.00,1023.471,29.882,50000.000,35.000,0
51351,582.706,74.706,50000.000,12.00,799.353,29.882,50000.000,25.000,0
51401,425.823,52.294,50000.000,12.00,545.353,44.824,50000.000,31.000,0
51451,328.706,7.471,50000.000,13.00,366.059,-22.412,50000.000,31.000,0
51501,179.294,14.941,50000.000,14.00,216.647,-44.824,50000.000,37.000,0
51551,119.529,-22.412,50000.000,13.00,112.059,-52.294,50000.000,34.000,0
51601,44.824,14.941,50000.000,10.00,37.353,-7.471,50000.000,31.000,0
51651,7.471,0.000,50000.000,14.00,14.941,0.000,50000.000,27.000,0
51701,0.000,0.000,50000.000,14.00,0.000,0.000,50000.000,33.000,0
51751,0.000,0.000,50000.000,14.00,0.000,0.000,50000.000,38.000,0
51801,0.000,0.000,50000.000,15.00,0.000,0.000,50000.000,38.000,0
51851,14.941,0.000,50000.000,15.00,22.412,-44.824,50000.000,32.000,0
51901,44.824,-22.412,50000.000,16.00,14.941,-44.824,50000.000,35.000,0
51951,22.412,14.941,50000.000,17.00,29.882,-7.471,50000.000,36.000,0
52001,22.412,29.882,50000.000,11.00,37.353,0.000,50000.000,32.000,0
52051,0.000,0.000,50000.000,16.00,0.000,-14.941,50000.000,33.000,0
52101,0.000,0.000,50000.000,13.00,7.471,-14.941,50000.000,33.000,0
52151,14.941,-29.882,50000.000,14.00,0.000,-52.294,50000.000,29.000,0
52201,29.882,-14.941,50000.000,14.00,14.941,-37.353,50000.000,38.000,0
52251,22.412,22.412,50000.000,9.00,37.353,7.471,50000.000,30.000,0
52301,29.882,22.412,50000.000,11.00,59.765,0.000,50000.000,31.000,0
52351,7.471,7.471,50000.000,15.00,14.941,0.000,50000.000,29.000,0
52401,0.000,0.000,50000.000,9.00,0.000,0.000,50000.000,30.000,0
52451,0.000,-14.941,50000.000,16.00,0.000,-37.353,50000.000,20.000,0
52501,14.941,-29.882,50000.000,17.00,-7.471,-74.706,50000.000,29.000,0
52551,7.471,0.000,50000.000,17.00,7.471,0.000,50000.000,36.000,0
52601,37.353,37.353,50000.000,16.00,37.353,0.000,50000.000,29.000,0
52651,29.882,22.412,50000.000,11.00,52.294,-22.412,50000.000,29.000,0
52701,7.471,0.000,50000.000,13.00,7.471,-7.471,50000.000,25.000,0
52751,0.000,-14.941,50000.000,17.00,-14.941,-22.412,50000.000,31.000,0
52801,0.000,-29.882,50000.000,16.00,-14.941,-29.882,50000.000,32.000,0
52851,7.471,-7.471,50000.000,18.00,-7.471,-7.471,50000.000,24.000,0
52901,7.471,7.471,50000.000,15.00,14.941,0.000,50000.000,22.000,0
52951,22.412,22.412,50000.000,16.00,44.824,0.000,50000.000,27.000,0
53001,0.000,14.941,50000.000,11.00,14.941,0.000,50000.000,22.000,0
53051,0.000,0.000,50000.000,18.00,0.000,0.000,50000.000,31.000,0
53101,7.471,0.000,50000.000,18.00,7.471,-22.412,50000.000,32.000,0
53151,7.471,1434.353,50000.000,11.00,-7.471,-22.412,50000.000,39.000,0
53201,0.000,0.000,50000.000,11.00,0.000,0.000,50000.000,33.000,0
53251,22.412,7.471,50000.000,11.00,29.882,7.471,50001.000,31.000,0
53301,14.941,14.941,50000.000,10.00,29.882,0.000,50001.000,31.000,0
53351,0.000,0.000,50000.000,12.00,0.000,0.000,50000.000,28.000,0
53401,0.000,-14.941,50000.000,17.00,0.000,-52.294,50000.000,31.000,0
53451,0.000,-14.941,50000.000,15.00,-7.471,0.000,50000.000,28.000,0
53501,7.471,0.000,50000.000,9.00,0.000,0.000,50000.000,23.000,0
53551,29.882,29.882,50000.000,10.00,44.824,7.471,50000.000,26.000,0
53601,22.412,22.412,50000.000,9.00,59.765,0.000,50000.000,27.000,0
53651,0.000,0.000,50000.000,13.00,14.941,-7.471,50000.000,20.000,0
53701,0.000,5752.353,50000.000,9.00,7.471,0.000,50000.000,27.000,0
53751,14.941,-7.471,50000.000,9.00,14.941,-14.941,50000.000,25.000,0
53801,0.000,-22.412,50000.000,11.00,0.000,-14.941,50000.000,33.000,0
53851,-7.471,-37.353,50000.000,10.00,-59.765,-89.647,50000.000,31.000,0
53901,0.000,0.000,50000.000,11.00,-22.412,-7.471,50000.000,24.000,0
53951,0.000,0.000,50000.000,18.00,22.412,0.000,50000.000,27.000,0
54001,0.000,0.000,50000.000,16.00,52.294,0.000,50000.000,30.000,0
54051,-7.471,-14.941,50000.000,15.00,0.000,-7.471,50000.000,28.000,0
54101,0.000,-14.941,50000.000,12.00,-52.294,-29.882,50000.000,28.000,0
54151,0.000,0.000,50000.000,12.00,-22.412,-14.941,50000.000,30.000,0
54201,7.471,14.941,50000.000,15.00,14.941,0.000,50000.000,23.000,0
54251,29.882,7.471,50000.000,17.00,67.235,0.000,50000.000,21.000,0
54301,44.824,-14.941,50000.000,14.00,44.824,-74.706,50000.000,27.000,0
54351,44.824,7.471,50000.000,14.00,44.824,-29.882,50000.000,30.000,0
54401,22.412,44.824,50000.000,13.00,44.824,0.000,50000.000,32.000,0
54451,22.412,14.941,50000.000,15.00,37.353,-14.941,49999.000,27.000,0
54501,14.941,0.000,50000.000,19.00,14.941,-52.294,50001.000,32.000,0
54551,14.941,-37.353,50000.000,15.00,-22.412,-74.706,50000.000,31.000,0
54601,-7.471,-14.941,50000.000,17.00,-14.941,0.000,50000.000,33.000,0
54651,14.941,14.941,50000.000,16.00,37.353,0.000,50000.000,29.000,0
54701,37.353,37.353,50000.000,17.00,74.706,0.000,50000.000,32.000,0
54751,0.000,0.000,50000.000,12.00,0.000,-14.941,50000.000,23.000,0
54801,-7.471,-52.294,50000.000,10.00,-44.824,-44.824,50000.000,32.000,0
54851,-29.882,-29.882,50000.000,17.00,-67.235,-22.412,50000.000,31.000,0
54901,0.000,0.000,50000.000,12.00,-7.471,0.000,50000.000,26.000,0
54951,14.941,14.941,50000.000,11.00,37.353,0.000,50000.000,26.000,0
55001,22.412,0.000,50000.000,11.00,29.882,0.000,50000.000,29.000,0
55051,0.000,0.000,50000.000,12.00,-14.941,-14.941,50000.000,30.000,0
55101,-22.412,-14.941,50000.000,9.00,-37.353,-22.412,50000.000,35.000,0
55151,-14.941,-59.765,50000.000,14.00,-14.941,-52.294,50000.000,32.000,0
55201,0.000,-14.941,50000.000,13.00,-7.471,-14.941,50000.000,30.000,0
55251,0.000,7.471,50000.000,15.00,0.000,0.000,50000.000,28.000,0
55301,14.941,14.941,50000.000,22.00,29.882,0.000,50000.000,27.000,0
55351,7.471,0.000,50000.000,13.00,7.471,0.000,50000.000,29.000,0
55401,0.000,0.000,50000.000,18.00,0.000,0.000,50000.000,30.000,0
55451,0.000,0.000,50000.000,17.00,0.000,0.000,50000.000,26.000,0
55501,7.471,-14.941,50000.000,17.00,0.000,-29.882,50000.000,24.000,0
55551,7.471,-14.941,50002.000,16.00,0.000,0.000,49999.000,35.000,0
55601,0.000,0.000,50000.000,19.00,-7.471,0.000,50000.000,27.000,0
55651,0.000,0.000,49999.000,13.00,0.000,0.000,49999.000,31.000,0
55701,0.000,7.471,49999.000,18.00,0.000,-1680.882,50000.000,22.000,0
55751,14.941,14.941,50000.000,16.00,29.882,-7.471,50000.000,22.000,0
55801,0.000,-7.471,50000.000,14.00,-7.471,-29.882,50000.000,23.000,0
55851,0.000,-29.882,50000.000,13.00,-44.824,-22.412,50000.000,37.000,0
55901,0.000,0.000,50000.000,17.00,0.000,0.000,50000.000,32.000,0
55951,29.882,37.353,50000.000,15.00,74.706,7.471,50000.000,32.000,0
56001,37.353,0.000,50000.000,16.00,29.882,-14.941,50000.000,37.000,0
56051,14.941,-7.471,50000.000,12.00,-7.471,-14.941,50000.000,32.000,0
56101,-7.471,0.000,50000.000,11.00,-14.941,-7.471,50000.000,32.000,0
56151,0.000,0.000,50000.000,14.00,7.471,0.000,50000.000,36.000,0
56201,14.941,14.941,50000.000,14.00,44.824,-7.471,50000.000,30.000,0
56251,14.941,-7.471,50000.000,17.00,14.941,-59.765,50000.000,30.000,0
56301,0.000,0.000,50000.000,18.00,-7.471,-22.412,50000.000,31.000,0
56351,0.000,-14.941,50000.000,14.00,7.471,-7.471,50000.000,32.000,0
56401,7.471,0.000,50000.000,19.00,29.882,-7.471,50000.000,35.000,0
56451,14.941,7.471,50000.000,13.00,0.000,-22.412,50000.000,37.000,0
56501,14.941,-29.882,50000.000,15.00,0.000,-37.353,50000.000,41.000,0
56551,0.000,-7.471,50000.000,11.00,-14.941,-14.941,50000.000,33.000,0
56601,0.000,0.000,50000.000,14.00,-22.412,-14.941,50000.000,35.000,0
56651,0.000,0.000,50000.000,12.00,14.941,0.000,50000.000,32.000,0
56701,22.412,14.941,50000.000,18.00,37.353,0.000,50000.000,43.000,0
56751,14.941,22.412,50000.000,12.00,0.000,-7.471,50000.000,38.000,0
56801,0.000,-14.941,50000.000,12.00,-22.412,-22.412,50000.000,36.000,0
56851,0.000,-14.941,50000.000,15.00,-14.941,-29.882,50000.000,37.000,0
56901,-22.412,-7.471,50000.000,16.00,-44.824,-7.471,50000.000,37.000,0
56951,-7.471,0.000,50000.000,17.00,-7.471,0.000,50000.000,33.000,0
57001,22.412,22.412,50000.000,18.00,82.176,7.471,50000.000,30.000,0
57051,14.941,14.941,50000.000,20.00,29.882,7.471,50000.000,31.000,0
57101,0.000,0.000,50000.000,19.00,-14.941,-7.471,50000.000,39.000,0
57151,0.000,-7.471,50000.000,12.00,-14.941,-7.471,50000.000,27.000,0
57201,-14.941,-7.471,50000.000,14.00,-44.824,-7.471,50000.000,32.000,0
57251,-7.471,0.000,50000.000,13.00,-37.353,0.000,50000.000,33.000,0
57301,0.000,0.000,50000.000,16.00,29.882,0.000,50000.000,40.000,0
57351,29.882,52.294,50000.000,14.00,52.294,0.000,50000.000,27.000,0
57401,0.000,14.941,50000.000,14.00,0.000,0.000,50000.000,41.000,0
57451,0.000,0.000,50000.000,17.00,0.000,0.000,50000.000,34.000,0
57501,0.000,0.000,50000.000,15.00,0.000,0.000,50000.000,35.000,0
57551,-7.471,-37.353,50000.000,14.00,-14.941,-29.882,50000.000,33.000,0
57601,-14.941,-14.941,50000.000,11.00,-14.941,-7.471,50000.000,25.000,0
57651,7.471,7.471,50000.000,14.00,0.000,0.000,50000.000,34.000,0
57701,0.000,7.471,50000.000,20.00,14.941,0.000,50000.000,30.000,0
57751,0.000,0.000,50000.000,18.00,0.000,0.000,50000.000,28.000,0
57801,0.000,0.000,50000.000,15.00,0.000,0.000,50000.000,31.000,0
57851,0.000,0.000,50000.000,9.00,0.000,0.000,50000.000,31.000,0
57901,0.000,0.000,50000.000,12.00,-7.471,1792.941,50000.000,33.000,0
57951,7.471,0.000,50000.000,12.00,-7.471,0.000,50000.000,33.000,0
58001,0.000,7.471,50000.000,12.00,0.000,0.000,50000.000,42.000,0
58051,7.471,7.471,50000.000,13.00,7.471,0.000,50000.000,42.000,0
58101,0.000,0.000,50000.000,12.00,7.471,0.000,50000.000,38.000,0
58151,0.000,-14.941,50000.000,14.00,-7.471,-7.471,50000.000,32.000,0
58201,-7.471,-29.882,50000.000,18.00,-14.941,-22.412,50000.000,35.000,0
58251,-7.471,-7.471,50000.000,14.00,-22.412,0.000,50000.000,38.000,0
58301,0.000,0.000,50000.000,14.00,0.000,0.000,50000.000,29.000,0
58351,22.412,22.412,50000.000,17.00,37.353,7.471,50000.000,30.000,0
58401,14.941,7.471,50000.000,14.00,22.412,7.471,50000.000,33.000,0
58451,0.000,-7.471,50000.000,12.00,-7.471,-7.471,50000.000,34.000,0
58501,-37.353,-29.882,50000.000,17.00,-44.824,-14.941,50000.000,40.000,0
58551,0.000,0.000,50000.000,16.00,-7.471,-7.471,50000.000,35.000,0
58601,0.000,0.000,50000.000,14.00,7.471,0.000,50000.000,34.000,0
58651,0.000,0.000,50000.000,14.00,22.412,-14.941,50000.000,38.000,0
58701,0.000,-29.882,50000.000,13.00,-22.412,-29.882,50000.000,28.000,0
58751,0.000,-1680.882,50000.000,13.00,-22.412,0.000,50000.000,30.000,0
58801,0.000,-7.471,50000.000,13.00,7.471,0.000,50000.000,31.000,0
58851,22.412,7.471,50000.000,15.00,29.882,0.000,50000.000,34.000,0
58901,14.941,7.471,50000.000,12.00,0.000,0.000,50000.000,36.000,0
58951,0.000,-14.941,50000.000,15.00,-14.941,-37.353,50000.000,32.000,0
59001,0.000,7.471,50000.000,13.00,-22.412,0.000,50000.000,32.000,0
59051,0.000,0.000,50000.000,15.00,7.471,0.000,50000.000,36.000,0
59101,22.412,0.000,50000.000,18.00,37.353,0.000,50000.000,36.000,0
59151,0.000,0.000,50000.000,18.00,0.000,0.000,50000.000,38.000,0
59201,0.000,-7.471,50000.000,11.00,-29.882,-7.471,50000.000,37.000,0
59251,-5744.882,7.471,50000.000,13.00,-22.412,0.000,50000.000,31.000,0
59301,0.000,7.471,50000.000,13.00,14.941,0.000,50000.000,34.000,0
59351,5737.411,-1680.882,50000.000,13.00,22.412,0.000,50000.000,33.000,0
59401,-7.471,-7.471,50000.000,13.00,-14.941,-14.941,50000.000,33.000,0
59451,-22.412,-22.412,50000.000,15.00,-52.294,0.000,50000.000,34.000,0
59501,-7.471,0.000,50000.000,18.00,0.000,-7.471,50000.000,36.000,0
59551,7.471,7.471,50000.000,18.00,37.353,0.000,50000.000,34.000,0
59601,22.412,7.471,50000.000,14.00,14.941,0.000,50000.000,40.000,0
59651,0.000,0.000,50000.000,15.00,0.000,0.000,50000.000,37.000,0
59701,0.000,-7.471,50000.000,11.00,-29.882,-29.882,50000.000,34.000,0
59751,-14.941,0.000,50000.000,13.00,-22.412,0.000,50000.000,40.000,0
59801,14.941,14.941,50000.000,12.00,22.412,0.000,50000.000,39.000,0
59851,14.941,22.412,50000.000,11.00,37.353,0.000,50000.000,33.000,0
59901,7.471,0.000,50000.000,19.00,0.000,0.000,50000.000,35.000,0
59951,-7.471,-7.471,50000.000,13.00,-7.471,0.000,50000.000,37.000,0
