timestamp[ms],left_dx[um],left_dy[um],left_dt[us],right_dx[um],right_dy[um],right_dt[us],waterPin
0,0.000,0.000,50153.000,0.000,0.000,50153.000,0
51,7.471,14.941,50000.000,7.471,14.941,50000.000,0
101,0.000,29.882,50000.000,7.471,37.353,50000.000,0
151,0.000,14.941,50000.000,0.000,29.882,50000.000,0
201,-14.941,22.412,50000.000,0.000,44.824,50000.000,0
251,-7.471,7.471,50000.000,7.471,52.294,50000.000,0
301,-7.471,22.412,50000.000,0.000,37.353,50000.000,0
351,0.000,7.471,50000.000,7.471,52.294,50000.000,0
401,0.000,0.000,50000.000,14.941,37.353,50000.000,0
451,0.000,0.000,50000.000,0.000,44.824,50000.000,0
501,0.000,0.000,50000.000,0.000,22.412,50000.000,0
551,0.000,-1464.235,50000.000,0.000,14.941,50000.000,0
601,7.471,-29.882,50000.000,0.000,7.471,50000.000,0
651,7.471,-22.412,50000.000,0.000,0.000,50000.000,0
701,7.471,-7.471,50000.000,14.941,-7.471,50000.000,0
751,22.412,-14.941,50000.000,7.471,-14.941,50000.000,0
801,7.471,-7.471,50000.000,0.000,-37.353,50000.000,0
851,22.412,-14.941,50000.000,7.471,-37.353,50000.000,0
901,7.471,-14.941,50000.000,14.941,-44.824,50000.000,0
951,14.941,-14.941,50000.000,14.941,-37.353,50000.000,0
1001,14.941,-7.471,50000.000,7.471,-37.353,50000.000,0
1051,29.882,-14.941,50000.000,7.471,-44.824,50000.000,0
1101,7.471,-7.471,50000.000,14.941,-37.353,50000.000,0
1151,7.471,-7.471,50000.000,0.000,-14.941,50000.000,0
1201,0.000,-7.471,50000.000,0.000,-7.471,50000.000,0
1251,7.471,0.000,50000.000,0.000,-7.471,50000.000,0
1301,0.000,0.000,50000.000,0.000,0.000,50000.000,0
1351,0.000,0.000,50000.000,0.000,0.000,50000.000,0
1401,-7.471,0.000,50000.000,0.000,0.000,50000.000,0
1451,0.000,0.000,50000.000,0.000,0.000,50002.000,0
1501,0.000,0.000,50000.000,0.000,-14.941,50000.000,0
1551,-7.471,7.471,50000.000,0.000,-29.882,50000.000,0
1601,-7.471,7.471,50000.000,-7.471,14.941,50000.000,0
1651,-22.412,22.412,50000.000,0.000,22.412,50000.000,0
1701,-14.941,0.000,50000.000,-7.471,22.412,50000.000,0
1751,-22.412,22.412,50000.000,-7.471,22.412,50000.000,0
1801,-7.471,0.000,50000.000,-7.471,44.824,50000.000,0
1851,-7.471,7.471,50000.000,-14.941,14.941,50000.000,0
1901,-7.471,14.941,50000.000,-7.471,14.941,50000.000,0
1951,-7.471,14.941,50000.000,-7.471,0.000,50000.000,0
2001,-7.471,7.471,50000.000,0.000,0.000,50000.000,0
2051,0.000,7.471,50000.000,0.000,0.000,50000.000,0
2101,0.000,0.000,50000.000,-7.471,-14.941,50000.000,0
2151,0.000,0.000,50000.000,-7.471,-29.882,50000.000,0
2201,0.000,0.000,50000.000,-14.941,-14.941,50000.000,0
2251,0.000,0.000,50000.000,0.000,-22.412,50000.000,0
2301,0.000,0.000,50000.000,-7.471,-29.882,50000.000,0
2351,0.000,0.000,50000.000,-7.471,-44.824,50000.000,0
2401,0.000,0.000,50000.000,-7.471,-29.882,50000.000,0
2451,0.000,0.000,50000.000,0.000,-37.353,50000.000,0
2501,0.000,-7.471,50000.000,-7.471,0.000,50000.000,0
2551,7.471,-29.882,50000.000,-7.471,-7.471,50000.000,0
2601,-7.471,-22.412,50000.000,-7.471,-14.941,50000.000,0
2651,0.000,-7.471,50000.000,0.000,-7.471,50000.000,0
2701,7.471,-29.882,50000.000,-22.412,0.000,50000.000,0
2751,0.000,-7.471,50000.000,-7.471,0.000,50000.000,0
2801,0.000,-29.882,50000.000,-7.471,0.000,50000.000,0
2851,-7.471,-7.471,50000.000,-7.471,14.941,50000.000,0
2901,-7.471,-7.471,50000.000,-7.471,14.941,50000.000,0
2951,-7.471,-7.471,50000.000,-7.471,22.412,50000.000,0
3001,0.000,0.000,50000.000,-14.941,7.471,50000.000,0
3051,-7.471,0.000,50000.000,0.000,14.941,50000.000,0
3101,-22.412,0.000,50000.000,-7.471,29.882,50000.000,0
3151,0.000,0.000,50000.000,0.000,7.471,50000.000,0
3201,-14.941,22.412,50000.000,-14.941,22.412,50000.000,0
3251,-7.471,14.941,50000.000,0.000,14.941,50000.000,0
3301,0.000,0.000,50000.000,0.000,0.000,50000.000,0
3351,-7.471,22.412,50000.000,0.000,0.000,50000.000,0
3401,0.000,7.471,50000.000,0.000,0.000,50000.000,0
3451,-7.471,14.941,50000.000,0.000,0.000,50000.000,0
3501,0.000,14.941,50000.000,7.471,-1680.882,50000.000,0
3551,14.941,29.882,50000.000,37.353,-7.471,50000.000,0
3601,7.471,22.412,50000.000,44.824,-22.412,50000.000,0
3651,14.941,14.941,50000.000,0.000,-7.471,50000.000,0
3701,22.412,14.941,50000.000,0.000,-14.941,50000.000,0
3751,0.000,7.471,50002.000,0.000,-14.941,50000.000,0
3801,0.000,0.000,49999.000,7.471,-7.471,49999.000,0
3851,14.941,0.000,49999.000,7.471,-14.941,49999.000,0
3901,7.471,0.000,50000.000,7.471,0.000,50000.000,0
3951,0.000,0.000,50000.000,0.000,0.000,50000.000,0
4001,22.412,-14.941,50000.000,0.000,0.000,50000.000,0
4051,7.471,-14.941,50000.000,0.000,0.000,50000.000,0
4101,7.471,-29.882,50000.000,1912.470,52.294,50000.000,0
4151,7.471,-14.941,50000.000,-14.941,52.294,50000.000,0
4201,0.000,-7.471,50000.000,-29.882,22.412,50000.000,0
4251,7.471,-29.882,50000.000,-37.353,22.412,50000.000,0
4301,14.941,-14.941,50000.000,-7.471,-22.412,50000.000,0
4351,0.000,-22.412,50000.000,-7.471,-7.471,50000.000,0
4401,0.000,0.000,50000.000,0.000,0.000,50000.000,0
4451,0.000,-7.471,50000.000,0.000,0.000,50000.000,0
4501,0.000,-7.471,50000.000,0.000,0.000,50000.000,0
4551,0.000,0.000,50000.000,0.000,7.471,50000.000,0
4601,0.000,0.000,50000.000,0.000,7.471,50000.000,0
4651,0.000,0.000,50000.000,-22.412,-1807.882,50000.000,0
4701,7.471,22.412,50000.000,-14.941,-14.941,50000.000,0
4751,0.000,22.412,50000.000,14.941,-7.471,50000.000,0
4801,7.471,0.000,50000.000,7.471,0.000,50000.000,0
4851,0.000,7.471,50000.000,0.000,0.000,50000.000,0
4901,0.000,7.471,50000.000,0.000,0.000,50000.000,0
4951,0.000,0.000,50000.000,7.471,-14.941,50000.000,0
5001,0.000,14.941,50000.000,0.000,-7.471,50000.000,0
5051,0.000,22.412,50000.000,0.000,0.000,50000.000,0
5101,0.000,14.941,50000.000,0.000,0.000,50000.000,0
5151,0.000,14.941,50000.000,0.000,0.000,50000.000,0
5201,-7.471,14.941,50000.000,0.000,0.000,50000.000,0
5251,0.000,7.471,50000.000,0.000,0.000,50000.000,0
5301,0.000,0.000,50000.000,0.000,0.000,50000.000,0
5351,-7.471,0.000,50000.000,7.471,0.000,50000.000,0
5401,0.000,-7.471,50000.000,7.471,14.941,50000.000,0
5451,-14.941,-7.471,50000.000,0.000,7.471,50000.000,0
5501,-7.471,-7.471,50000.000,-7.471,22.412,50000.000,0
5551,-14.941,-29.882,50000.000,-7.471,7.471,50000.000,0
5601,-7.471,-29.882,50000.000,-14.941,7.471,50000.000,0
5651,-7.471,-7.471,50000.000,0.000,7.471,50000.000,0
5701,0.000,-22.412,50000.000,0.000,0.000,50000.000,0
5751,0.000,-7.471,50000.000,-14.941,0.000,50000.000,0
5801,-7.471,-14.941,50000.000,-7.471,0.000,50000.000,0
5851,0.000,-7.471,50000.000,0.000,0.000,50000.000,0
5901,0.000,-7.471,50000.000,-14.941,-14.941,50000.000,0
5951,-7.471,0.000,50000.000,0.000,-14.941,50000.000,0
6001,0.000,-242891.219,50000.000,0.000,-14.941,50000.000,0
6051,0.000,0.000,50000.000,0.000,-22.412,50000.000,0
6101,0.000,0.000,50000.000,-7.471,-7.471,50000.000,0
6151,0.000,0.000,50000.000,-7.471,-7.471,50000.000,0
6201,0.000,0.000,50000.000,0.000,-22.412,50000.000,0
6251,0.000,0.000,50000.000,0.000,0.000,50000.000,0
6301,0.000,7.471,50000.000,0.000,-7.471,50000.000,0
6351,0.000,7.471,50000.000,0.000,-14.941,50000.000,0
6401,-7.471,0.000,50000.000,0.000,-7.471,50000.000,0
6451,-7.471,7.471,50000.000,0.000,-7.471,50000.000,0
6501,0.000,7.471,50000.000,0.000,0.000,50000.000,0
6551,0.000,7.471,50000.000,-7.471,7.471,50000.000,0
6601,0.000,0.000,50000.000,0.000,14.941,50000.000,0
6651,-7.471,14.941,50000.000,0.000,7.471,50000.000,0
6701,0.000,7.471,50000.000,-7.471,14.941,50000.000,0
6751,0.000,0.000,50000.000,-7.471,7.471,50000.000,0
6801,0.000,7.471,50000.000,0.000,14.941,50000.000,0
6851,0.000,0.000,50000.000,0.000,7.471,50000.000,0
6901,0.000,0.000,50000.000,-7.471,7.471,50000.000,0
6951,0.000,0.000,50000.000,0.000,7.471,50000.000,0
7001,0.000,-7.471,50000.000,0.000,0.000,50000.000,0
7051,0.000,-7.471,50000.000,0.000,0.000,50000.000,0
7101,0.000,0.000,50000.000,7.471,0.000,50000.000,0
7151,0.000,0.000,50000.000,0.000,0.000,50000.000,0
7201,0.000,-7.471,50000.000,0.000,14.941,50000.000,0
7251,14.941,-7.471,50000.000,7.471,29.882,50000.000,0
7301,14.941,-7.471,50000.000,7.471,0.000,50000.000,0
7351,0.000,0.000,50000.000,0.000,-7.471,50000.000,0
7401,0.000,-7.471,50000.000,-7.471,-52.294,50000.000,0
7451,0.000,-7.471,50000.000,0.000,-52.294,50000.000,0
7501,0.000,0.000,50000.000,7.471,0.000,50000.000,0
7551,0.000,0.000,50000.000,0.000,-14.941,50000.000,0
7601,0.000,0.000,50000.000,0.000,-14.941,50000.000,0
7651,0.000,0.000,50000.000,7.471,0.000,50000.000,0
7701,7.471,0.000,50000.000,0.000,0.000,50000.000,0
7751,7.471,0.000,50000.000,7.471,1792.941,50000.000,0
7801,0.000,0.000,50000.000,1912.470,29.882,50000.000,0
7851,0.000,0.000,50000.000,-7.471,29.882,50000.000,0
7901,0.000,0.000,50000.000,-14.941,52.294,50000.000,0
7951,0.000,-7.471,50000.000,-37.353,82.176,50000.000,0
8001,0.000,0.000,50000.000,-37.353,37.353,50000.000,0
8051,0.000,0.000,50000.000,-29.882,52.294,50000.000,0
8101,7.471,0.000,50000.000,-14.941,52.294,50000.000,0
8151,0.000,0.000,50000.000,7.471,29.882,50000.000,0
8201,0.000,0.000,50000.000,0.000,7.471,50000.000,0
8251,0.000,0.000,50000.000,0.000,0.000,50000.000,0
8301,0.000,0.000,50000.000,7.471,0.000,50000.000,0
8351,0.000,0.000,50000.000,7.471,0.000,50000.000,0
8401,0.000,7.471,50000.000,0.000,0.000,50000.000,0
8451,0.000,7.471,50000.000,1912.470,-1800.412,50000.000,0
8501,0.000,0.000,50000.000,-14.941,-22.412,50000.000,0
8551,0.000,0.000,50000.000,-1919.941,-37.353,50000.000,0
8601,0.000,0.000,50000.000,22.412,-22.412,50000.000,0
8651,7.471,-1441.823,50000.000,37.353,-22.412,50000.000,0
8701,0.000,-7.471,50000.000,7.471,-14.941,50000.000,0
8751,0.000,0.000,50000.000,7.471,-7.471,50000.000,0
8801,0.000,0.000,50000.000,14.941,-52.294,50000.000,0
8851,0.000,0.000,50000.000,14.941,1807.882,50000.000,0
8901,0.000,0.000,50000.000,29.882,14.941,50000.000,0
8951,0.000,0.000,50000.000,37.353,-22.412,50000.000,0
9001,0.000,0.000,50000.000,44.824,-29.882,50000.000,0
9051,0.000,-7.471,50000.000,67.235,1800.412,50000.000,0
9101,-7.471,0.000,50000.000,29.882,7.471,50000.000,0
9151,-7.471,0.000,50000.000,-7.471,22.412,50000.000,0
9201,0.000,14.941,50000.000,-22.412,0.000,50000.000,0
9251,5737.411,7.471,50000.000,-7.471,0.000,50000.000,0
9301,-7.471,7.471,50000.000,0.000,0.000,50000.000,0
9351,0.000,7.471,50000.000,0.000,0.000,50000.000,0
9401,-7.471,0.000,50000.000,0.000,0.000,50000.000,0
9451,0.000,0.000,50000.000,0.000,0.000,50000.000,0
9501,0.000,0.000,50000.000,-7.471,0.000,50000.000,0
9551,-7.471,0.000,50000.000,0.000,0.000,50000.000,0
9601,0.000,7.471,50000.000,0.000,0.000,50000.000,0
9651,0.000,7.471,50000.000,0.000,0.000,50000.000,0
9701,0.000,0.000,50000.000,0.000,0.000,50000.000,0
9751,0.000,0.000,50000.000,0.000,0.000,50000.000,0
9801,0.000,0.000,50000.000,14.941,0.000,50000.000,0
9851,0.000,0.000,50000.000,7.471,0.000,50000.000,0
9901,0.000,0.000,50000.000,0.000,0.000,50000.000,0
9951,0.000,0.000,50000.000,0.000,0.000,50000.000,0
10001,0.000,0.000,50000.000,0.000,0.000,50000.000,0
10051,22.412,52.294,50000.000,0.000,0.000,50000.000,0
10101,515.471,485.588,50000.000,298.824,366.059,50000.000,0
10151,933.823,978.647,50000.000,201.706,186.765,50000.000,0
10201,1016.000,814.294,50000.000,134.471,186.765,50000.000,0
10251,866.588,-186.765,50000.000,485.588,1419.412,50000.000,0
10301,918.882,-14.941,50000.000,814.294,1322.294,50000.000,0
10351,1426.882,231.588,50000.000,2114.176,2973.294,50000.000,0
10401,2592.294,1255.059,50000.000,3376.706,3302.000,50000.000,0
10451,1830.294,321.235,50000.000,3294.529,4176.059,50000.000,0
10501,1598.706,-1120.588,50000.000,2629.647,5483.412,50000.000,0
10551,2196.353,-1785.470,50000.000,2435.412,4370.294,50000.000,0
10601,1628.588,-1785.470,50000.000,1890.059,3451.412,50000.000,0
10651,1815.353,-1718.235,50000.000,1464.235,2547.470,50000.000,0
10701,2525.059,-1875.118,50000.000,1217.706,1322.294,50000.000,0
10751,1994.647,-1486.647,50000.000,1568.823,1344.706,50000.000,0
10801,2353.235,-1703.294,50000.000,1225.176,762.000,50000.000,0
10851,2913.529,-1606.176,50000.000,918.882,321.235,50000.000,0
10901,2861.235,-1486.647,50000.000,1157.941,134.471,50000.000,0
10951,2928.470,-1464.235,50000.000,1068.294,-22.412,50000.000,0
11001,3376.706,-1411.941,50000.000,455.706,-134.471,50000.000,0
11051,3578.412,-1389.529,50000.000,1957.294,-889.000,50000.000,0
11101,3182.470,-1195.294,50000.000,2547.470,-1516.529,50000.000,0
11151,3615.764,-1001.059,50000.000,1860.176,-1382.059,50000.000,0
11201,3929.529,-806.823,50000.000,2861.235,-2794.000,50000.000,0
11251,4093.882,-1030.941,50000.000,2913.529,-3145.117,50000.000,0
11301,4706.470,-2502.647,50000.000,2667.000,-1979.706,50000.000,0
11351,5304.117,-4661.647,50000.000,2980.764,-418.353,50000.000,0
11401,5662.706,-5348.941,50000.000,3690.470,754.529,50000.000,0
11451,6081.059,-5998.882,50000.000,5311.588,986.118,50000.000,0
11501,4997.823,-5573.059,50000.000,3563.470,433.294,50000.000,0
11551,4093.882,-5102.412,50000.000,3376.706,-1471.706,50000.000,0
11601,4766.235,-5229.412,50000.000,3563.470,-2196.353,50000.000,0
11651,4086.411,-4826.000,50000.000,1972.235,-2024.529,50000.000,0
11701,4101.353,-4116.294,50000.000,2592.294,-2726.764,50000.000,0
11751,4512.235,-3675.529,50000.000,3391.647,-3316.941,50000.000,0
11801,4093.882,-3092.823,50000.000,2749.176,-3630.706,50000.000,0
11851,4564.529,-2510.117,50000.000,2681.941,-3675.529,50000.000,0
11901,4452.470,-1740.647,50000.000,3085.353,-3712.882,50000.000,0
11951,4467.412,-1038.412,50000.000,3182.470,-4445.000,50000.000,0
12001,5020.235,-642.471,50000.000,3272.117,-4863.353,50000.000,0
12051,5408.706,89.647,50000.000,2876.176,-3795.059,50000.000,0
12101,5281.706,567.765,50000.000,3443.941,-4751.294,50000.000,0
12151,4489.823,620.059,50000.000,3316.941,-4639.235,50000.000,0
12201,4669.117,1583.765,50000.000,2958.353,-3615.764,50000.000,0
12251,4930.588,2226.235,50000.000,3234.764,-3638.176,50000.000,0
12301,4923.117,2711.823,50000.000,3989.294,-4437.529,50000.000,0
12351,4900.706,3242.235,50000.000,4654.176,-4699.000,50000.000,0
12401,4751.294,3376.706,50000.000,4445.000,-4228.353,50000.000,0
12451,4318.000,3219.823,50000.000,4519.706,-3914.588,50000.000,0
12501,4273.176,3802.529,50000.000,4422.588,-3451.412,50000.000,0
12551,4572.000,4504.764,50000.000,4579.470,-2995.706,50000.000,0
12601,4205.941,4370.294,50000.000,4945.529,-3070.412,50000.000,0
12651,4205.941,4542.117,50000.000,4803.588,-2861.235,50000.000,0
12701,4093.882,4833.470,50000.000,5109.882,-2510.117,50000.000,0
12751,4176.059,4967.941,50000.000,4878.294,-2144.059,50000.000,0
12801,3877.235,4362.823,50000.000,4355.353,-1875.118,50000.000,0
12851,3406.588,2084.294,50000.000,3429.000,-1725.706,50000.000,0
12901,2741.706,-679.823,50000.000,2166.470,-1509.059,50000.000,0
12951,2099.235,-1725.706,50000.000,1232.647,-971.176,50000.000,0
13001,1680.882,-3062.941,50000.000,1016.000,104.588,50000.000,0
13051,3443.941,-3907.117,50000.000,1456.765,1165.412,50000.000,0
13101,3541.059,-4026.647,50000.000,2136.588,2136.588,50000.000,0
13151,2121.647,-5408.706,50000.000,1494.118,3107.764,50000.000,0
13201,1314.823,-5573.059,50000.000,-29.882,896.471,50000.000,0
13251,149.412,-6163.235,50000.000,-22.412,1187.823,50000.000,0
13301,29.882,-6335.059,50000.000,-664.882,1695.823,50000.000,0
13351,52.294,-5139.764,50000.000,-298.824,1165.412,50000.000,0
13401,-82.176,-4459.941,50000.000,-22.412,1016.000,50000.000,0
13451,-201.706,-4243.294,50000.000,-500.529,1546.412,50000.000,0
13501,-29.882,-3458.882,50000.000,-351.118,2233.706,50000.000,0
13551,-283.882,-2547.470,50000.000,-112.059,1710.765,50000.000,0
13601,-358.588,-1770.529,50000.000,-306.294,2652.059,50000.000,0
13651,-246.529,-1232.647,50000.000,-164.353,2532.529,50000.000,0
13701,-463.176,-508.000,50000.000,-127.000,2943.412,50000.000,0
13751,-418.353,0.000,50000.000,-179.294,2741.706,50000.000,0
13801,-410.882,545.353,50000.000,-29.882,2173.941,50000.000,0
13851,-732.118,1284.941,50000.000,29.882,2547.470,50000.000,0
13901,-859.118,1867.647,50000.000,-67.235,3025.588,50000.000,0
13951,-702.235,2241.176,50000.000,0.000,2741.706,50000.000,0
14001,-762.000,2853.764,50000.000,104.588,2263.588,50000.000,0
14051,-754.529,3331.882,50000.000,141.941,1636.059,50000.000,0
14101,-762.000,3780.117,50000.000,0.000,963.706,50000.000,0
14151,-1023.471,4624.294,50000.000,0.000,866.588,50000.000,0
14201,-1001.059,5087.470,50000.000,-82.176,702.235,50000.000,0
14251,-724.647,5169.646,50000.000,22.412,1135.529,50000.000,0
14301,-874.059,5834.529,50000.000,44.824,776.941,50000.000,0
14351,-612.588,6439.646,50000.000,127.000,717.176,50000.000,0
14401,-762.000,6544.235,50000.000,171.824,336.176,50000.000,0
14451,-933.823,7500.470,50000.000,104.588,261.471,50000.000,0
14501,-605.118,7112.000,50000.000,112.059,246.529,50000.000,0
14551,-1053.353,7410.823,50000.000,67.235,44.824,50000.000,0
14601,-866.588,7560.235,50000.000,127.000,67.235,50000.000,0
14651,-889.000,7597.588,50000.000,209.176,-22.412,50000.000,0
14701,-1001.059,7194.176,50000.000,104.588,-112.059,50000.000,0
14751,-612.588,6006.353,50000.000,156.882,-194.235,50000.000,0
14801,-806.823,5961.529,50000.000,97.118,-395.941,50000.000,0
14851,-694.765,5147.235,50000.000,-82.176,-455.706,50000.000,0
14901,-724.647,4840.941,50000.000,0.000,-560.294,50000.000,0
14951,-635.000,4430.059,50000.000,0.000,-635.000,50000.000,0
15001,-881.529,3899.647,50000.000,-224.118,-1135.529,50000.000,0
15051,-642.471,3227.294,50000.000,-194.235,-1397.000,50000.000,0
15101,-500.529,2988.235,50000.000,-112.059,-1456.765,50000.000,0
15151,-485.588,2764.117,50000.000,-470.647,-2151.529,50000.000,0
15201,-500.529,2069.353,50000.000,-440.765,-2525.059,50000.000,0
15251,-410.882,1509.059,50000.000,-597.647,-2764.117,50000.000,0
15301,-425.823,1486.647,50000.000,-463.176,-2853.764,50000.000,0
15351,-366.059,1135.529,50000.000,-515.471,-3062.941,50000.000,0
15401,-186.765,747.059,50000.000,-567.765,-3204.882,50000.000,0
15451,-112.059,298.824,50000.000,-582.706,-3623.235,50000.000,0
15501,-82.176,0.000,50000.000,-530.412,-3802.529,50000.000,0
15551,7.471,-239.059,50000.000,-702.235,-3899.647,50000.000,0
15601,89.647,-612.588,50000.000,-754.529,-3907.117,50000.000,0
15651,14.941,-1083.235,50000.000,-575.235,-3182.470,50000.000,0
15701,134.471,-1583.765,50000.000,-485.588,-3040.529,50000.000,0
15751,127.000,-1927.412,50000.000,-612.588,-3548.529,50000.000,0
15801,201.706,-2338.294,50000.000,-724.647,-3735.294,50000.000,0
15851,104.588,-2935.941,50000.000,-717.176,-3944.470,50000.000,0
15901,97.118,-3511.176,50000.000,-739.588,-3914.588,50000.000,0
15951,343.647,-3690.470,50000.000,-889.000,-3907.117,50000.000,0
16001,276.412,-4377.765,50000.000,-806.823,-3264.647,50000.000,0
16051,7.471,-4078.941,50000.000,-948.765,-3570.941,50000.000,0
16101,246.529,-4766.235,50000.000,-1008.529,-3399.117,50000.000,0
16151,141.941,-5446.059,50000.000,-1225.176,-3048.000,50000.000,0
16201,201.706,-5550.646,50000.000,-1225.176,-2667.000,50000.000,0
16251,59.765,-5468.470,50000.000,-948.765,-2241.176,50000.000,0
16301,-164.353,-5580.529,50000.000,-1165.412,-2032.000,50000.000,0
16351,104.588,-6081.059,50000.000,-1277.470,-1822.823,50000.000,0
16401,112.059,-6043.706,50000.000,-1284.941,-1524.000,50000.000,0
16451,-171.824,-5715.000,50000.000,-1538.941,-1172.882,50000.000,0
16501,-231.588,-5998.882,50000.000,-1852.706,-851.647,50000.000,0
16551,-425.823,-5961.529,50000.000,-1486.647,-276.412,50000.000,0
16601,-283.882,-5348.941,50000.000,-1651.000,-22.412,50000.000,0
16651,-186.765,-4474.882,50000.000,-1404.470,321.235,50000.000,0
16701,-590.176,-4885.764,50000.000,-1553.882,754.529,50000.000,0
16751,-874.059,-4265.706,50000.000,-1367.118,971.176,50000.000,0
16801,-814.294,-3795.059,50000.000,-1217.706,1068.294,50000.000,0
16851,-1075.765,-3847.353,50000.000,-1434.353,1665.941,50000.000,0
16901,-1262.529,-3810.000,50000.000,-1845.235,2554.941,50000.000,0
16951,-1598.706,-3668.059,50000.000,-1471.706,2360.706,50000.000,0
17001,-1621.118,-3137.647,50000.000,-1628.588,2808.941,50000.000,0
17051,-1628.588,-2420.470,50000.000,-1531.470,2846.294,50000.000,0
17101,-1770.529,-1987.176,50000.000,-1763.059,3653.117,50000.000,0
17151,-1897.529,-1322.294,50000.000,-1919.941,4445.000,50000.000,0
17201,-1778.000,-627.529,50000.000,-1792.941,4467.412,50000.000,0
17251,-2054.412,14.941,50000.000,-1471.706,4288.117,50000.000,0
17301,-1957.294,470.647,50000.000,-1546.412,4781.176,50000.000,0
17351,-2151.529,1277.470,50000.000,-1299.882,4654.176,50000.000,0
17401,-2405.529,2032.000,50000.000,-1150.470,4721.412,50000.000,0
17451,-2054.412,2413.000,50000.000,-1083.235,4631.764,50000.000,0
17501,-2308.412,3227.294,50000.000,-881.529,4235.823,50000.000,0
17551,-2248.647,3712.882,50000.000,-664.882,3697.941,50000.000,0
17601,-2203.823,4153.647,50000.000,-440.765,2943.412,50000.000,0
17651,-1912.470,4019.176,50000.000,-515.471,2592.294,50000.000,0
17701,-1755.588,4138.706,50000.000,-582.706,2129.117,50000.000,0
17751,-1561.353,3765.176,50000.000,-313.765,874.059,50000.000,0
17801,-1464.235,4176.059,50000.000,-306.294,776.941,50000.000,0
17851,-1202.765,4220.882,50000.000,-224.118,395.941,50000.000,0
17901,-1441.823,4624.294,50000.000,-209.176,37.353,50000.000,0
17951,-1120.588,4340.412,50000.000,-179.294,-231.588,50000.000,0
18001,-1180.353,4669.117,50000.000,-7.471,-149.412,50000.000,0
18051,-687.294,4034.117,50000.000,-7.471,-52.294,50000.000,0
18101,-545.353,4011.706,50000.000,-37.353,-351.118,50000.000,0
18151,-351.118,3824.941,50000.000,-141.941,-1434.353,50000.000,0
18201,-440.765,3787.588,50000.000,-194.235,-1665.941,50000.000,0
18251,-224.118,3160.059,50000.000,-134.471,-1867.647,50000.000,0
18301,-328.706,2652.059,50000.000,-171.824,-2749.176,50000.000,0
18351,-381.000,2614.706,50000.000,-7.471,-1897.529,50000.000,0
18401,-328.706,2091.765,50000.000,-149.412,-1426.882,50000.000,0
18451,-179.294,1404.470,50000.000,-313.765,-2323.353,50000.000,0
18501,-283.882,1068.294,50000.000,-328.706,-2711.823,50000.000,0
18551,-209.176,537.882,50000.000,-156.882,-1322.294,50000.000,0
18601,-127.000,186.765,50000.000,-119.529,-1135.529,50000.000,0
18651,-127.000,-179.294,50000.000,-276.412,-1949.823,50000.000,0
18701,-89.647,-478.118,50000.000,-537.882,-2823.882,50000.000,0
18751,-171.824,-963.706,50000.000,-664.882,-2734.235,50000.000,0
18801,-156.882,-1621.118,50000.000,-896.471,-2681.941,50000.000,0
18851,-194.235,-2330.823,50000.000,-582.706,-1606.176,50000.000,0
18901,-276.412,-2764.117,50000.000,-963.706,-2681.941,50000.000,0
18951,-463.176,-3339.353,50000.000,-1135.529,-2472.765,50000.000,0
19001,-351.118,-3869.764,50000.000,-1270.000,-2360.706,50000.000,0
19051,-336.176,-4407.647,50000.000,-784.412,-1150.470,50000.000,0
19101,-373.529,-4609.353,50000.000,-1195.294,-1524.000,50000.000,0
19151,-537.882,-4654.176,50000.000,-769.471,-806.823,50000.000,0
19201,-560.294,-5528.235,50000.000,-1344.706,-1016.000,50000.000,0
19251,-620.059,-5072.529,50000.000,-1045.882,-530.412,50000.000,0
19301,-732.118,-4863.353,50000.000,-1255.059,-194.235,50000.000,0
19351,-978.647,-5289.176,50000.000,-1912.470,7.471,50000.000,0
19401,-971.176,-5080.000,50000.000,-896.471,134.471,50000.000,0
19451,-1374.588,-5094.941,50000.000,-672.353,306.294,50000.000,0
19501,-1643.529,-5266.764,50000.000,-515.471,306.294,50000.000,0
19551,-1778.000,-4489.823,50000.000,-1546.412,1352.176,50000.000,0
19601,-2061.882,-4572.000,50000.000,-1150.470,1195.294,50000.000,0
19651,-2136.588,-4235.823,50000.000,-844.176,978.647,50000.000,0
19701,-2300.941,-4108.823,50000.000,-933.823,1307.353,50000.000,0
19751,-2241.176,-3197.412,50000.000,-1822.823,2644.588,50000.000,0
19801,-2151.529,-2368.176,50000.000,-410.882,590.176,50000.000,0
19851,-2196.353,-1718.235,50000.000,-844.176,1464.235,50000.000,0
19901,-2181.412,-1090.706,50000.000,-1329.765,2241.176,50000.000,0
19951,-2353.235,-537.882,50000.000,-1531.470,2569.882,50000.000,0
20001,-2562.412,59.765,50000.000,-1621.118,2704.353,50000.000,0
20051,-2181.412,582.706,50000.000,-1172.882,2076.823,50000.000,0
20101,-2129.117,1262.529,50000.000,-1419.412,2554.941,50000.000,0
20151,-2069.353,1628.588,50000.000,-1344.706,2271.059,50000.000,0
20201,-2144.059,2076.823,50000.000,-1284.941,2106.706,50000.000,0
20251,-2315.882,2823.882,50000.000,-1150.470,1860.176,50000.000,0
20301,-2069.353,2816.412,50000.000,-963.706,1426.882,50000.000,0
20351,-2091.765,3354.294,50000.000,-1068.294,1352.176,50000.000,0
20401,-2211.294,3526.117,50000.000,-844.176,1001.059,50000.000,0
20451,-2039.470,3847.353,50000.000,-612.588,515.471,50000.000,0
20501,-1807.882,3884.706,50000.000,-627.529,298.824,50000.000,0
20551,-1628.588,3847.353,50000.000,-455.706,59.765,50000.000,0
20601,-1441.823,3772.647,50000.000,-410.882,-231.588,50000.000,0
20651,-1217.706,3660.588,50000.000,-268.941,-381.000,50000.000,0
20701,-1098.176,3869.764,50000.000,-141.941,-702.235,50000.000,0
20751,-724.647,3690.470,50000.000,-82.176,-1120.588,50000.000,0
20801,-605.118,3862.294,50000.000,-67.235,-1068.294,50000.000,0
20851,-246.529,3720.353,50000.000,-52.294,-1516.529,50000.000,0
20901,-231.588,3720.353,50000.000,7.471,-799.353,50000.000,0
20951,-194.235,3683.000,50000.000,-14.941,-231.588,50000.000,0
21001,-44.824,2801.470,50000.000,7.471,-1890.059,50000.000,0
21051,-112.059,2502.647,50000.000,-89.647,-3339.353,50000.000,0
21101,-149.412,2375.647,50000.000,-104.588,-3399.117,50000.000,0
21151,-127.000,1927.412,50000.000,-104.588,-3234.764,50000.000,0
21201,-29.882,1449.294,50000.000,-268.941,-3085.353,50000.000,0
21251,-119.529,844.176,50000.000,-291.353,-2921.000,50000.000,0
21301,-112.059,425.823,50000.000,-478.118,-2652.059,50000.000,0
21351,-134.471,22.412,50000.000,-545.353,-2218.765,50000.000,0
21401,-313.765,-395.941,50000.000,-851.647,-1987.176,50000.000,0
21451,-388.471,-769.471,50000.000,-1023.471,-1845.235,50000.000,0
21501,-425.823,-1098.176,50000.000,-687.294,-911.412,50000.000,0
21551,-381.000,-1456.765,50000.000,-1202.765,-941.294,50000.000,0
21601,-605.118,-2061.882,50000.000,-1456.765,-612.588,50000.000,0
21651,-552.823,-2517.588,50000.000,-552.823,-127.000,50000.000,0
21701,-567.765,-2629.647,50000.000,-866.588,74.706,50000.000,0
21751,-784.412,-3189.941,50000.000,-515.471,134.471,50000.000,0
21801,-859.118,-3757.706,50000.000,-859.118,485.588,50000.000,0
21851,-724.647,-4123.765,50000.000,-112.059,74.706,50000.000,0
21901,-664.882,-4183.529,50000.000,-567.765,388.471,50000.000,0
21951,-762.000,-4534.647,50000.000,-649.941,582.706,50000.000,0
22001,-500.529,-4318.000,50000.000,-836.706,874.059,50000.000,0
22051,-739.588,-4355.353,50000.000,-963.706,1098.176,50000.000,0
22101,-620.059,-3780.117,50000.000,-1270.000,1494.118,50000.000,0
22151,-485.588,-3705.412,50000.000,-1217.706,1367.118,50000.000,0
22201,-478.118,-3436.470,50000.000,-1016.000,1419.412,50000.000,0
22251,-261.471,-3451.412,50000.000,-791.882,1008.529,50000.000,0
22301,-440.765,-2950.882,50000.000,-896.471,1128.059,50000.000,0
22351,-328.706,-2891.117,50000.000,-911.412,1202.765,50000.000,0
22401,-351.118,-2398.059,50000.000,-806.823,1045.882,50000.000,0
22451,-216.647,-298.824,50000.000,-582.706,620.059,50000.000,0
22501,-186.765,-1807.882,50000.000,-732.118,620.059,50000.000,0
22551,-283.882,-1651.000,50000.000,-403.412,410.882,50000.000,0
22601,-127.000,-1270.000,50000.000,-455.706,149.412,50000.000,0
22651,-276.412,-866.588,50000.000,-231.588,22.412,50000.000,0
22701,-254.000,-440.765,50000.000,-186.765,-74.706,50000.000,0
22751,-22.412,-74.706,50000.000,-37.353,-22.412,50000.000,0
22801,-149.412,156.882,50000.000,-59.765,-186.765,50000.000,0
22851,-156.882,485.588,50000.000,-14.941,-567.765,50000.000,0
22901,-74.706,732.118,50000.000,-7.471,-702.235,50000.000,0
22951,-22.412,971.176,50000.000,-7.471,-119.529,50000.000,0
23001,-149.412,1553.882,50000.000,37.353,-657.412,50000.000,0
23051,-14.941,2017.059,50000.000,134.471,-642.471,50000.000,0
23101,-97.118,2061.882,50000.000,44.824,-418.353,50000.000,0
23151,52.294,2554.941,50000.000,112.059,-493.059,50000.000,0
23201,134.471,3077.882,50000.000,283.882,-806.823,50000.000,0
23251,0.000,3085.353,50000.000,97.118,-403.412,50000.000,0
23301,-7.471,3466.353,50000.000,321.235,-709.706,50000.000,0
23351,127.000,3630.706,50000.000,433.294,-747.059,50000.000,0
23401,7.471,3966.882,50000.000,358.588,-664.882,50000.000,0
23451,59.765,4474.882,50000.000,231.588,-381.000,50000.000,0
23501,171.824,4624.294,50000.000,500.529,-590.176,50000.000,0
23551,283.882,4138.706,50000.000,762.000,-575.235,50000.000,0
23601,104.588,4430.059,50000.000,649.941,-373.529,50000.000,0
23651,-179.294,4280.647,50000.000,336.176,-29.882,50000.000,0
23701,59.765,4325.470,50000.000,776.941,14.941,50000.000,0
23751,89.647,3697.941,50000.000,448.235,149.412,50000.000,0
23801,22.412,3354.294,50000.000,52.294,37.353,50000.000,0
23851,89.647,2906.059,50000.000,119.529,164.353,50000.000,0
23901,-67.235,2226.235,50000.000,74.706,164.353,50000.000,0
23951,-89.647,1651.000,50000.000,59.765,358.588,50000.000,0
24001,-37.353,1262.529,50000.000,156.882,605.118,50000.000,0
24051,-82.176,582.706,50000.000,119.529,747.059,50000.000,0
24101,-52.294,276.412,50000.000,268.941,1621.118,50000.000,0
24151,-67.235,-7.471,50000.000,97.118,1060.823,50000.000,0
24201,-74.706,-381.000,50000.000,82.176,1240.118,50000.000,0
24251,-59.765,-687.294,50000.000,127.000,2144.059,50000.000,0
24301,37.353,-1217.706,50000.000,112.059,2248.647,50000.000,0
24351,29.882,-1270.000,50000.000,89.647,1852.706,50000.000,0
24401,29.882,-1957.294,50000.000,52.294,2114.176,50000.000,0
24451,254.000,-2375.647,50000.000,119.529,1957.294,50000.000,0
24501,433.294,-2823.882,50000.000,156.882,1441.823,50000.000,0
24551,552.823,-3092.823,50000.000,67.235,791.882,50000.000,0
24601,657.412,-3189.941,50000.000,37.353,859.118,50000.000,0
24651,933.823,-3563.470,50000.000,164.353,530.412,50000.000,0
24701,806.823,-3511.176,50000.000,276.412,373.529,50000.000,0
24751,1232.647,-3040.529,50000.000,403.412,156.882,50000.000,0
24801,1411.941,-3309.470,50000.000,515.471,-164.353,50000.000,0
24851,1456.765,-3167.529,50000.000,590.176,-448.235,50000.000,0
24901,1561.353,-3040.529,50000.000,687.294,-635.000,50000.000,0
24951,3742.764,-3324.412,50000.000,597.647,-844.176,50000.000,0
25001,2069.353,-2846.294,50000.000,687.294,-874.059,50000.000,0
25051,1972.235,-2592.294,50000.000,1008.529,-1456.765,50000.000,0
25101,2248.647,-2510.117,50000.000,978.647,-1501.588,50000.000,0
25151,2017.059,-1957.294,50000.000,1172.882,-1822.823,50000.000,0
25201,2024.529,-1546.412,50000.000,941.294,-1501.588,50000.000,0
25251,2203.823,-1284.941,50000.000,956.235,-1374.588,50000.000,0
25301,1994.647,-702.235,50000.000,702.235,-986.118,50000.000,0
25351,2226.235,-239.059,50000.000,493.059,-687.294,50000.000,0
25401,2405.529,186.765,50000.000,1001.059,-1240.118,50000.000,0
25451,2024.529,709.706,50000.000,224.118,-231.588,50000.000,0
25501,2263.588,1464.235,50000.000,112.059,-104.588,50000.000,0
25551,2106.706,1748.118,50000.000,941.294,-747.059,50000.000,0
25601,1867.647,2144.059,50000.000,724.647,-552.823,50000.000,0
25651,1837.765,2689.412,50000.000,164.353,-97.118,50000.000,0
25701,1972.235,3279.588,50000.000,313.765,-149.412,50000.000,0
25751,2039.470,3929.529,50000.000,2129.117,-702.235,50000.000,0
25801,1919.941,4213.412,50000.000,1322.294,-209.176,50000.000,0
25851,1703.294,4250.765,50000.000,2256.117,29.882,50000.000,0
25901,1486.647,3996.764,50000.000,2472.765,373.529,50000.000,0
25951,1232.647,3496.235,50000.000,2233.706,918.882,50000.000,0
26001,1068.294,3548.529,50000.000,2039.470,1120.588,50000.000,0
26051,1217.706,3481.294,50000.000,1524.000,1098.176,50000.000,0
26101,1225.176,3526.117,50000.000,1718.235,1561.353,50000.000,0
26151,978.647,3137.647,50000.000,1576.294,1748.118,50000.000,0
26201,911.412,2495.176,50000.000,2136.588,2644.588,50000.000,0
26251,1083.235,2599.765,50000.000,1972.235,2935.941,50000.000,0
26301,1030.941,2076.823,50000.000,1800.412,2921.000,50000.000,0
26351,978.647,1695.823,50000.000,1367.118,2136.588,50000.000,0
26401,986.118,1277.470,50000.000,1561.353,2876.176,50000.000,0
26451,948.765,784.412,50000.000,1531.470,2995.706,50000.000,0
26501,747.059,268.941,50000.000,1509.059,2681.941,50000.000,0
26551,829.235,-14.941,50000.000,1180.353,2136.588,50000.000,0
26601,1120.588,-433.294,50000.000,724.647,1292.412,50000.000,0
26651,1150.470,-791.882,50000.000,1075.765,1748.118,50000.000,0
26701,1367.118,-1277.470,50000.000,806.823,1210.235,50000.000,0
26751,1538.941,-1643.529,50000.000,545.353,702.235,50000.000,0
26801,1456.765,-1897.529,50000.000,537.882,552.823,50000.000,0
26851,1710.765,-2413.000,50000.000,1143.000,866.588,50000.000,0
26901,1860.176,-2726.764,50000.000,747.059,381.000,50000.000,0
26951,1792.941,-2667.000,50000.000,1367.118,298.824,50000.000,0
27001,1942.353,-2622.176,50000.000,1329.765,-67.235,50000.000,0
27051,2368.176,-3331.882,50000.000,791.882,-164.353,50000.000,0
27101,2315.882,-3257.176,50000.000,806.823,-545.353,50000.000,0
27151,2532.529,-3227.294,50000.000,433.294,-388.471,50000.000,0
27201,2129.117,-2794.000,50000.000,657.412,-664.882,50000.000,0
27251,2547.470,-3092.823,50000.000,694.765,-836.706,50000.000,0
27301,2480.235,-2704.353,50000.000,889.000,-1202.765,50000.000,0
27351,2465.294,-2540.000,50000.000,582.706,-926.353,50000.000,0
27401,2271.059,-2136.588,50000.000,1232.647,-1919.941,50000.000,0
27451,2338.294,-1957.294,50000.000,395.941,-575.235,50000.000,0
27501,2360.706,-1755.588,50000.000,590.176,-978.647,50000.000,0
27551,2300.941,-1449.294,50000.000,1262.529,-1822.823,50000.000,0
27601,2144.059,-859.118,50000.000,545.353,-739.588,50000.000,0
27651,2061.882,-351.118,50000.000,911.412,-881.529,50000.000,0
27701,1987.176,149.412,50000.000,1538.941,-1329.765,50000.000,0
27751,1897.529,627.529,50000.000,1270.000,-836.706,50000.000,0
27801,1658.470,1030.941,50000.000,343.647,-134.471,50000.000,0
27851,1456.765,1516.529,50000.000,1389.529,-313.765,50000.000,0
27901,1314.823,1934.882,50000.000,754.529,-7.471,50000.000,0
27951,993.588,2136.588,50000.000,1553.882,425.823,50000.000,0
28001,747.059,2248.647,50000.000,903.941,410.882,50000.000,0
28051,433.294,2502.647,50000.000,582.706,485.588,50000.000,0
28101,470.647,3115.235,50000.000,956.235,978.647,50000.000,0
28151,276.412,3077.882,50000.000,687.294,963.706,50000.000,0
28201,306.294,3376.706,50000.000,948.765,1471.706,50000.000,0
28251,164.353,3443.941,50000.000,1143.000,1905.000,50000.000,0
28301,119.529,3369.235,50000.000,903.941,1628.588,50000.000,0
28351,22.412,3167.529,50000.000,642.471,1143.000,50000.000,0
28401,37.353,3048.000,50000.000,590.176,1172.882,50000.000,0
28451,-29.882,2525.059,50000.000,814.294,1942.353,50000.000,0
28501,-7.471,2203.823,50000.000,590.176,1434.353,50000.000,0
28551,67.235,2181.412,50000.000,395.941,844.176,50000.000,0
28601,104.588,1919.941,50000.000,276.412,612.588,50000.000,0
28651,156.882,1329.765,50000.000,605.118,1247.588,50000.000,0
28701,74.706,971.176,50000.000,373.529,679.823,50000.000,0
28751,164.353,612.588,50000.000,201.706,276.412,50000.000,0
28801,261.471,395.941,50000.000,552.823,560.294,50000.000,0
28851,291.353,52.294,50000.000,254.000,224.118,50000.000,0
28901,418.353,-201.706,50000.000,0.000,0.000,50000.000,0
28951,500.529,-560.294,50000.000,0.000,0.000,50000.000,0
29001,493.059,-747.059,50000.000,0.000,0.000,50000.000,0
29051,635.000,-1232.647,50000.000,29.882,-171.824,50000.000,0
29101,403.412,-1187.823,50000.000,104.588,-732.118,50000.000,0
29151,605.118,-1606.176,50000.000,119.529,-627.529,50000.000,0
29201,657.412,-1852.706,50000.000,37.353,-298.824,50000.000,0
29251,575.235,-1905.000,50000.000,0.000,-29.882,50000.000,0
29301,560.294,-2166.470,50000.000,0.000,-7.471,50000.000,0
29351,537.882,-2203.823,50000.000,-14.941,-239.059,50000.000,0
29401,478.118,-2398.059,50000.000,-52.294,-948.765,50000.000,0
29451,478.118,-2831.353,50000.000,-104.588,-672.353,50000.000,0
29501,448.235,-2808.941,50000.000,-67.235,-216.647,50000.000,0
29551,388.471,-3040.529,50000.000,-141.941,-582.706,50000.000,0
29601,141.941,-2853.764,50000.000,-82.176,-306.294,50000.000,0
29651,156.882,-2950.882,50000.000,-239.059,-522.941,50000.000,0
29701,104.588,-2667.000,50000.000,-171.824,-298.824,50000.000,0
29751,-14.941,-2420.470,50000.000,-545.353,-612.588,50000.000,0
29801,-216.647,-1852.706,50000.000,-418.353,-343.647,50000.000,0
29851,-261.471,-1479.176,50000.000,-74.706,-104.588,50000.000,0
29901,-388.471,-918.882,50000.000,-112.059,-7.471,50000.000,0
29951,-567.765,-649.941,50000.000,-224.118,179.294,50000.000,0
30001,-859.118,-328.706,50000.000,-709.706,836.706,50000.000,0
30051,-799.353,74.706,50000.000,-709.706,1143.000,50000.000,0
30101,-866.588,500.529,50000.000,-702.235,1240.118,50000.000,0
30151,-1143.000,926.353,50000.000,-522.941,1195.294,50000.000,0
30201,-1240.118,1299.882,50000.000,-366.059,851.647,50000.000,0
30251,-1150.470,1486.647,50000.000,-351.118,1068.294,50000.000,0
30301,-1367.118,2024.529,50000.000,-164.353,657.412,50000.000,0
30351,-1397.000,2323.353,50000.000,-239.059,739.588,50000.000,0
30401,-1441.823,2413.000,50000.000,-149.412,298.824,50000.000,0
30451,-1471.706,2502.647,50000.000,-313.765,739.588,50000.000,0
30501,-1337.235,2435.412,50000.000,-351.118,806.823,50000.000,0
30551,-1329.765,2211.294,50000.000,-403.412,814.294,50000.000,0
30601,-1329.765,2420.470,50000.000,-657.412,963.706,50000.000,0
30651,-1329.765,2286.000,50000.000,-381.000,508.000,50000.000,0
30701,-1299.882,2233.706,50000.000,-7.471,0.000,50000.000,0
30751,-1240.118,2099.235,50000.000,0.000,0.000,50000.000,0
30801,-1023.471,1636.059,50000.000,-67.235,-29.882,50000.000,0
30851,-1053.353,1583.765,50000.000,-575.235,-343.647,50000.000,0
30901,-1030.941,1337.235,50000.000,-649.941,-530.412,50000.000,0
30951,-903.941,1105.647,50000.000,-784.412,-821.765,50000.000,0
31001,-806.823,821.765,50000.000,-784.412,-1008.529,50000.000,0
31051,-717.176,485.588,50000.000,-664.882,-948.765,50000.000,0
31101,-627.529,201.706,50000.000,-791.882,-1150.470,50000.000,0
31151,-575.235,52.294,50000.000,-732.118,-1299.882,50000.000,0
31201,-530.412,-104.588,50000.000,-1075.765,-1867.647,50000.000,0
31251,-612.588,-440.765,50000.000,-896.471,-1471.706,50000.000,0
31301,-799.353,-814.294,50000.000,-769.471,-1247.588,50000.000,0
31351,-620.059,-911.412,50000.000,-948.765,-1344.706,50000.000,0
31401,-821.765,-1307.353,50000.000,-1008.529,-1337.235,50000.000,0
31451,-948.765,-1576.294,50000.000,-1374.588,-1673.412,50000.000,0
31501,-881.529,-1695.823,50000.000,-978.647,-1172.882,50000.000,0
31551,-1068.294,-2046.941,50000.000,-918.882,-806.823,50000.000,0
31601,-1023.471,-2136.588,50000.000,-933.823,-747.059,50000.000,0
31651,-1307.353,-2540.000,50000.000,-1008.529,-679.823,50000.000,0
31701,-1411.941,-2368.176,50000.000,-1763.059,-859.118,50000.000,0
31751,-1561.353,-2398.059,50000.000,-1083.235,-328.706,50000.000,0
31801,-1815.353,-2779.059,50000.000,-1120.588,-209.176,50000.000,0
31851,-1695.823,-2420.470,50000.000,-463.176,-7.471,50000.000,0
31901,-1949.823,-2495.176,50000.000,-1538.941,127.000,50000.000,0
31951,-2039.470,-2241.176,50000.000,-1187.823,276.412,50000.000,0
32001,-2136.588,-2084.294,50000.000,-1561.353,552.823,50000.000,0
32051,-2256.117,-1785.470,50000.000,-2338.294,896.471,50000.000,0
32101,-2338.294,-1531.470,50000.000,-2129.117,1016.000,50000.000,0
32151,-2308.412,-1053.353,50000.000,-545.353,276.412,50000.000,0
32201,-2390.588,-664.882,50000.000,-328.706,186.765,50000.000,0
32251,-2413.000,-410.882,50000.000,-1643.529,918.882,50000.000,0
32301,-2547.470,-22.412,50000.000,-2009.588,1157.941,50000.000,0
32351,-2368.176,298.824,50000.000,-1688.353,948.765,50000.000,0
32401,-2136.588,664.882,50000.000,-1090.706,537.882,50000.000,0
32451,-2002.118,1113.118,50000.000,-896.471,403.412,50000.000,0
32501,-2009.588,1284.941,50000.000,-1277.470,508.000,50000.000,0
32551,-2076.823,1606.176,50000.000,-1389.529,343.647,50000.000,0
32601,-1837.765,1785.470,50000.000,-1232.647,209.176,50000.000,0
32651,-1852.706,2039.470,50000.000,-1389.529,0.000,50000.000,0
32701,-1568.823,2024.529,50000.000,-1299.882,-179.294,50000.000,0
32751,-1509.059,1972.235,50000.000,-1299.882,-388.471,50000.000,0
32801,-1464.235,2121.647,50000.000,-1165.412,-500.529,50000.000,0
32851,-1411.941,2159.000,50000.000,-694.765,-448.235,50000.000,0
32901,-1404.470,1987.176,50000.000,-941.294,-694.765,50000.000,0
32951,-1240.118,1837.765,50000.000,-747.059,-605.118,50000.000,0
33001,-1128.059,1516.529,50000.000,-926.353,-933.823,50000.000,0
33051,-1262.529,1509.059,50000.000,-1001.059,-1008.529,50000.000,0
33101,-1083.235,1053.353,50000.000,-1075.765,-1008.529,50000.000,0
33151,-956.235,687.294,50000.000,-1232.647,-1075.765,50000.000,0
33201,-851.647,440.765,50000.000,-1075.765,-911.412,50000.000,0
33251,-941.294,231.588,50000.000,-1038.412,-724.647,50000.000,0
33301,-1083.235,-127.000,50000.000,-1471.706,-896.471,50000.000,0
33351,-1098.176,-425.823,50000.000,-1255.059,-702.235,50002.000,0
33401,-1217.706,-926.353,50000.000,-1419.412,-717.176,50000.000,0
33451,-1045.882,-1217.706,50000.000,-1464.235,-522.941,50000.000,0
33501,-1075.765,-1553.882,50000.000,-1538.941,-395.941,50000.000,0
33551,-1038.412,-1658.470,50000.000,-1576.294,-313.765,50000.000,0
33601,-1120.588,-2099.235,50000.000,-1553.882,-171.824,50000.000,0
33651,-941.294,-2121.647,50000.000,-1524.000,-82.176,50000.000,0
33701,-1098.176,-2375.647,50000.000,-1359.647,0.000,50000.000,0
33751,-806.823,-2263.588,50000.000,-709.706,-7.471,50000.000,0
33801,-679.823,-2061.882,50000.000,-1344.706,-14.941,50000.000,0
33851,-672.353,-1942.353,50000.000,-1337.235,22.412,50000.000,0
33901,-687.294,-2256.117,50000.000,-1030.941,44.824,50000.000,0
33951,-664.882,-2248.647,50000.000,-1098.176,37.353,50000.000,0
34001,-485.588,-1680.882,50000.000,-1008.529,14.941,50000.000,0
34051,-537.882,-1494.118,50000.000,-889.000,-14.941,50000.000,0
34101,-336.176,-1038.412,50000.000,-821.765,-171.824,50000.000,0
34151,-455.706,-978.647,50000.000,-709.706,-224.118,50000.000,0
34201,-366.059,-590.176,50000.000,-567.765,-246.529,50000.000,0
34251,-276.412,-224.118,50000.000,-433.294,-268.941,50000.000,0
34301,-283.882,44.824,50000.000,-418.353,-276.412,50000.000,0
34351,-254.000,373.529,50000.000,-171.824,-201.706,50000.000,0
34401,-149.412,635.000,50000.000,0.000,-14.941,50000.000,0
34451,-179.294,911.412,50000.000,0.000,-7.471,50000.000,0
34501,-52.294,1247.588,50000.000,89.647,-156.882,50000.000,0
34551,0.000,1665.941,50000.000,298.824,-246.529,50000.000,0
34601,0.000,1987.176,50000.000,194.235,-231.588,50000.000,0
34651,14.941,2121.647,50000.000,313.765,-164.353,50000.000,0
34701,-52.294,2353.235,50000.000,306.294,-89.647,50000.000,0
34751,7.471,2360.706,50000.000,194.235,-22.412,50000.000,0
34801,97.118,2271.059,50000.000,224.118,44.824,50000.000,0
34851,224.118,2226.235,50000.000,134.471,37.353,50000.000,0
34901,179.294,2159.000,50000.000,97.118,97.118,50000.000,0
34951,97.118,1837.765,50000.000,186.765,164.353,50000.000,0
35001,112.059,1591.235,50000.000,171.824,134.471,50000.000,0
35051,149.412,1292.412,50000.000,612.588,627.529,50000.000,0
35101,149.412,956.235,50000.000,552.823,806.823,50000.000,0
35151,306.294,687.294,50000.000,500.529,769.471,50000.000,0
35201,268.941,418.353,50000.000,537.882,851.647,50000.000,0
35251,246.529,134.471,50000.000,478.118,866.588,50000.000,0
35301,246.529,7.471,50000.000,582.706,1060.823,50000.000,0
35351,254.000,-343.647,50000.000,485.588,889.000,50000.000,0
35401,306.294,-582.706,50000.000,358.588,896.471,50000.000,0
35451,552.823,-926.353,50000.000,560.294,896.471,50000.000,0
35501,545.353,-1045.882,50000.000,455.706,747.059,50000.000,0
35551,597.647,-1232.647,50000.000,381.000,560.294,50000.000,0
35601,769.471,-1501.588,50000.000,351.118,291.353,50000.000,0
35651,903.941,-1673.412,50002.000,373.529,246.529,50000.000,0
35701,963.706,-1688.353,49998.000,358.588,59.765,49998.000,0
35751,1075.765,-1740.647,50000.000,485.588,22.412,50000.000,0
35801,1240.118,-1860.176,50000.000,433.294,-74.706,50000.000,0
35851,1128.059,-1688.353,50000.000,388.471,-179.294,50000.000,0
35901,1307.353,-1636.059,50000.000,724.647,-403.412,50000.000,0
35951,1538.941,-1591.235,50000.000,448.235,-388.471,50000.000,0
36001,1464.235,-1404.470,50000.000,1016.000,-836.706,50000.000,0
36051,1456.765,-1030.941,50000.000,1157.941,-903.941,50000.000,0
36101,1568.823,-881.529,50000.000,1068.294,-866.588,50000.000,0
36151,1665.941,-560.294,50000.000,978.647,-806.823,50000.000,0
36201,1755.588,-224.118,50000.000,762.000,-590.176,50000.000,0
36251,1830.294,-29.882,50000.000,1374.588,-941.294,50000.000,0
36301,1807.882,201.706,50000.000,1277.470,-806.823,50000.000,0
36351,1606.176,515.471,50000.000,1367.118,-747.059,50000.000,0
36401,1755.588,903.941,50000.000,470.647,-231.588,50000.000,0
36451,1703.294,1068.294,50000.000,1411.941,-478.118,50000.000,0
36501,1516.529,1128.059,50000.000,1240.118,-261.471,50000.000,0
36551,1651.000,1426.882,50000.000,575.235,-67.235,50000.000,0
36601,1531.470,1538.941,50000.000,642.471,82.176,50000.000,0
36651,1524.000,1748.118,50000.000,1426.882,254.000,50000.000,1
36701,1262.529,1553.882,50000.000,1016.000,321.235,50000.000,1
36751,1143.000,1561.353,50000.000,119.529,82.176,50000.000,0
36801,1217.706,1598.706,50000.000,821.765,508.000,50000.000,0
36851,1210.235,1583.765,50000.000,597.647,478.118,50000.000,0
36901,1016.000,1426.882,50000.000,1314.823,1255.059,50000.000,0
36951,1075.765,1277.470,50000.000,1270.000,1337.235,50000.000,0
37001,1128.059,1292.412,50000.000,911.412,1016.000,50000.000,0
37051,1001.059,956.235,50000.000,978.647,1143.000,50000.000,0
37101,948.765,791.882,50000.000,1143.000,1337.235,50000.000,0
37151,791.882,500.529,50000.000,806.823,926.353,50000.000,0
37201,709.706,291.353,50000.000,821.765,1045.882,50000.000,0
37251,694.765,127.000,50000.000,926.353,1068.294,50000.000,0
37301,836.706,22.412,50000.000,776.941,724.647,50000.000,0
37351,889.000,-141.941,50000.000,1172.882,933.823,50000.000,0
37401,1150.470,-395.941,50000.000,1344.706,896.471,50000.000,0
37451,1135.529,-545.353,50000.000,470.647,254.000,50000.000,0
37501,1165.412,-649.941,50000.000,605.118,97.118,50000.000,0
37551,1157.941,-717.176,50000.000,1172.882,29.882,50000.000,0
37601,1389.529,-896.471,50000.000,679.823,-104.588,50000.000,0
37651,1509.059,-1105.647,50000.000,1038.412,-358.588,50000.000,0
37701,1509.059,-1098.176,50000.000,1075.765,-567.765,50000.000,0
37751,1710.765,-1172.882,50000.000,672.353,-448.235,50000.000,0
37801,1628.588,-1172.882,50000.000,231.588,-194.235,50000.000,0
37851,1464.235,-1098.176,50000.000,418.353,-425.823,50000.000,0
37901,1725.706,-1277.470,50000.000,515.471,-530.412,50000.000,0
37951,1651.000,-1172.882,50000.000,687.294,-806.823,50000.000,0
38001,1531.470,-1075.765,50000.000,1008.529,-1172.882,50000.000,0
38051,1426.882,-933.823,50000.000,769.471,-829.235,50000.000,0
38101,1329.765,-821.765,50000.000,687.294,-694.765,50000.000,0
38151,1045.882,-620.059,50000.000,687.294,-672.353,50000.000,0
38201,1008.529,-463.176,50000.000,104.588,-97.118,50000.000,0
38251,859.118,-186.765,50000.000,0.000,0.000,50000.000,0
38301,776.941,0.000,50000.000,0.000,0.000,50000.000,0
38351,664.882,127.000,50000.000,0.000,0.000,50000.000,0
38401,567.765,209.176,50000.000,186.765,74.706,50000.000,0
38451,343.647,366.059,50000.000,582.706,425.823,50000.000,0
38501,224.118,493.059,50000.000,410.882,530.412,50000.000,0
38551,209.176,627.529,50000.000,52.294,74.706,50000.000,0
38601,22.412,836.706,50000.000,0.000,7.471,50000.000,0
38651,-29.882,1090.706,50000.000,0.000,14.941,50000.000,0
38701,-29.882,1165.412,50000.000,164.353,687.294,50000.000,0
38751,0.000,1143.000,50000.000,44.824,164.353,50000.000,0
38801,-186.765,1135.529,50000.000,82.176,455.706,50000.000,0
38851,-112.059,1083.235,50000.000,44.824,216.647,50000.000,0
38901,-171.824,1023.471,50000.000,22.412,149.412,50000.000,0
38951,-224.118,1023.471,50000.000,74.706,799.353,50000.000,0
39001,-194.235,948.765,50000.000,44.824,590.176,50000.000,0
39051,-224.118,791.882,50000.000,-37.353,351.118,50000.000,0
39101,-209.176,769.471,50000.000,14.941,276.412,50000.000,0
39151,-112.059,530.412,50000.000,0.000,194.235,50000.000,0
39201,-127.000,470.647,50000.000,-37.353,14.941,50000.000,0
39251,-112.059,343.647,50000.000,-59.765,-104.588,50000.000,0
39301,-97.118,216.647,50000.000,-82.176,-306.294,50000.000,0
39351,-37.353,44.824,50000.000,-104.588,-276.412,50000.000,0
39401,-29.882,-37.353,50000.000,-104.588,-410.882,50000.000,0
39451,-59.765,-171.824,50000.000,-171.824,-687.294,50000.000,0
39501,-141.941,-395.941,50000.000,-97.118,-328.706,50000.000,0
39551,-164.353,-448.235,50000.000,-328.706,-889.000,50000.000,0
39601,-37.353,-500.529,50000.000,-537.882,-1157.941,50000.000,0
39651,-82.176,-754.529,50000.000,-500.529,-911.412,50000.000,0
39701,-201.706,-709.706,50000.000,-306.294,-657.412,50000.000,0
39751,-291.353,-724.647,50000.000,-179.294,-366.059,50000.000,0
39801,-239.059,-889.000,50000.000,-448.235,-620.059,50000.000,0
39851,-373.529,-1016.000,50000.000,-67.235,-82.176,50000.000,0
39901,-508.000,-1045.882,50000.000,-403.412,-366.059,50000.000,0
39951,-627.529,-1135.529,50000.000,-747.059,-537.882,50000.000,0
40001,-560.294,-948.765,50000.000,-844.176,-403.412,50000.000,0
40051,-776.941,-1075.765,50000.000,-1068.294,-366.059,50000.000,0
40101,-829.235,-1045.882,50000.000,-1232.647,-179.294,50000.000,0
40151,-1001.059,-971.176,50000.000,-1292.412,37.353,50000.000,0
40201,-1105.647,-903.941,50000.000,-1255.059,224.118,50000.000,0
40251,-1157.941,-754.529,50000.000,-1359.647,425.823,50000.000,0
40301,-1232.647,-530.412,50000.000,-1344.706,642.471,50000.000,0
40351,-1187.823,-321.235,50000.000,-978.647,530.412,50000.000,0
40401,-1538.941,-216.647,50000.000,-1172.882,664.882,50000.000,0
40451,-1479.176,-37.353,50000.000,-291.353,194.235,50000.000,0
40501,-1561.353,119.529,50000.000,-769.471,425.823,50000.000,0
40551,-1374.588,283.882,50000.000,-851.647,470.647,50000.000,0
40601,-1374.588,470.647,50000.000,-313.765,179.294,50000.000,0
40651,-1187.823,530.412,50000.000,-1187.823,560.294,50000.000,0
40701,-1210.235,657.412,50000.000,-1202.765,410.882,50000.000,0
40751,-1225.176,754.529,50000.000,-1277.470,268.941,50000.000,0
40801,-1240.118,776.941,50000.000,-918.882,104.588,50000.000,0
40851,-1105.647,552.823,50000.000,-104.588,7.471,50000.000,0
40901,-1135.529,545.353,50000.000,-149.412,7.471,50000.000,0
40951,-1172.882,635.000,50000.000,-657.412,-119.529,50000.000,0
41001,-1083.235,664.882,50000.000,-194.235,-67.235,50000.000,0
41051,-1060.823,649.941,50000.000,-82.176,-14.941,50000.000,0
41101,-859.118,515.471,50000.000,-388.471,-313.765,50000.000,0
41151,-933.823,493.059,50000.000,-1098.176,-769.471,50000.000,0
41201,-911.412,448.235,50000.000,-881.529,-627.529,50000.000,0
41251,-806.823,403.412,50000.000,-448.235,-418.353,50000.000,0
41301,-732.118,254.000,50000.000,-664.882,-560.294,50000.000,0
41351,-687.294,82.176,50000.000,-993.588,-806.823,50000.000,0
41401,-866.588,67.235,50000.000,-717.176,-582.706,50000.000,0
41451,-971.176,-104.588,50000.000,-739.588,-545.353,50000.000,0
41501,-799.353,-201.706,50000.000,-14.941,-7.471,50000.000,0
41551,-687.294,-246.529,50000.000,-321.235,-209.176,50000.000,0
41601,-814.294,-381.000,50000.000,-1150.470,-612.588,50000.000,0
41651,-963.706,-537.882,50000.000,-1217.706,-470.647,50000.000,0
41701,-956.235,-702.235,50000.000,-1277.470,-336.176,50000.000,0
41751,-1008.529,-776.941,50000.000,-1030.941,-134.471,50000.000,0
41801,-911.412,-799.353,50000.000,-463.176,-29.882,50000.000,0
41851,-956.235,-874.059,50000.000,-493.059,22.412,50000.000,0
41901,-1008.529,-971.176,50000.000,-1150.470,127.000,50000.000,0
41951,-911.412,-896.471,50000.000,-874.059,141.941,50000.000,0
42001,-881.529,-903.941,50000.000,-918.882,224.118,50000.000,0
42051,-881.529,-821.765,50000.000,-836.706,231.588,50000.000,0
42101,-866.588,-784.412,50000.000,-829.235,246.529,50000.000,0
42151,-799.353,-664.882,50000.000,-911.412,291.353,50000.000,0
42201,-657.412,-448.235,50000.000,-821.765,268.941,50000.000,0
42251,-597.647,-328.706,50000.000,-679.823,201.706,50000.000,0
42301,-582.706,-186.765,50000.000,-590.176,119.529,50000.000,0
42351,-530.412,14.941,50000.000,-560.294,74.706,50000.000,0
42401,-448.235,156.882,50000.000,-470.647,7.471,50000.000,0
42451,-403.412,283.882,50000.000,-388.471,-74.706,50000.000,0
42501,-298.824,373.529,50000.000,-268.941,-119.529,50000.000,0
42551,-283.882,522.941,50000.000,-134.471,-134.471,50000.000,0
42601,-179.294,530.412,50000.000,-82.176,-134.471,50000.000,0
42651,-134.471,657.412,50000.000,-29.882,-179.294,50000.000,0
42701,-89.647,687.294,50000.000,-22.412,-164.353,50000.000,0
42751,-89.647,769.471,50000.000,22.412,-224.118,50000.000,0
42801,-29.882,881.529,50000.000,67.235,-171.824,50000.000,0
42851,7.471,814.294,50000.000,179.294,-127.000,50000.000,0
42901,-14.941,679.823,50000.000,141.941,-239.059,50000.000,0
42951,0.000,500.529,50000.000,156.882,-164.353,50000.000,0
43001,82.176,478.118,50000.000,171.824,-104.588,50000.000,0
43051,67.235,381.000,50000.000,179.294,-22.412,50000.000,0
43101,104.588,254.000,50000.000,171.824,29.882,50000.000,0
43151,156.882,194.235,50000.000,209.176,134.471,50000.000,0
43201,141.941,59.765,50000.000,216.647,194.235,50000.000,0
43251,134.471,-52.294,50000.000,97.118,112.059,50000.000,0
43301,186.765,-231.588,50000.000,29.882,44.824,50000.000,0
43351,261.471,-373.529,50000.000,209.176,336.176,50000.000,0
43401,254.000,-425.823,50000.000,201.706,381.000,50000.000,0
43451,254.000,-500.529,50000.000,186.765,343.647,50000.000,0
43501,336.176,-575.235,50000.000,201.706,321.235,50000.000,0
43551,321.235,-567.765,50000.000,261.471,343.647,50000.000,0
43601,343.647,-605.118,50000.000,373.529,343.647,50000.000,0
43651,403.412,-664.882,50000.000,298.824,276.412,50000.000,0
43701,440.765,-597.647,50000.000,306.294,216.647,50000.000,0
43751,620.059,-657.412,50000.000,470.647,194.235,50000.000,0
43801,649.941,-590.176,50000.000,522.941,119.529,50000.000,0
43851,739.588,-500.529,50000.000,605.118,22.412,50000.000,0
43901,709.706,-343.647,50000.000,679.823,-44.824,50000.000,0
43951,844.176,-283.882,50000.000,679.823,-171.824,50000.000,0
44001,709.706,-82.176,50000.000,463.176,-141.941,50000.000,0
44051,806.823,-7.471,50000.000,410.882,-194.235,50000.000,0
44101,806.823,104.588,50000.000,336.176,-164.353,50000.000,0
44151,649.941,209.176,50000.000,896.471,-418.353,50000.000,0
44201,859.118,321.235,50000.000,866.588,-358.588,50000.000,0
44251,859.118,403.412,50000.000,889.000,-336.176,50000.000,0
44301,866.588,530.412,50000.000,635.000,-186.765,50000.000,0
44351,806.823,627.529,50000.000,179.294,-22.412,50000.000,0
44401,747.059,545.353,50000.000,1008.529,-97.118,50000.000,0
44451,911.412,709.706,50000.000,1098.176,-22.412,50000.000,0
44501,956.235,679.823,50000.000,567.765,37.353,50000.000,0
44551,859.118,672.353,50000.000,0.000,0.000,50000.000,0
44601,754.529,590.176,50000.000,388.471,119.529,50000.000,0
44651,754.529,620.059,50000.000,732.118,351.118,50000.000,0
44701,635.000,448.235,50000.000,702.235,395.941,50000.000,0
44751,530.412,306.294,50000.000,82.176,44.824,50000.000,0
44801,515.471,283.882,50000.000,298.824,246.529,50000.000,0
44851,515.471,239.059,50000.000,403.412,313.765,50000.000,0
44901,485.588,112.059,50000.000,119.529,112.059,50000.000,0
44951,433.294,67.235,50000.000,590.176,679.823,50000.000,0
45001,425.823,0.000,50000.000,642.471,694.765,50000.000,0
45051,537.882,-59.765,50000.000,664.882,649.941,50000.000,0
45101,381.000,-52.294,50000.000,74.706,74.706,50000.000,0
45151,381.000,-82.176,50000.000,291.353,171.824,50000.000,0
45201,493.059,-141.941,50000.000,762.000,493.059,50000.000,0
45251,575.235,-254.000,50000.000,522.941,313.765,50000.000,0
45301,590.176,-321.235,50000.000,97.118,37.353,50000.000,0
45351,642.471,-306.294,50000.000,515.471,74.706,50000.000,0
45401,702.235,-328.706,50000.000,769.471,-29.882,50000.000,0
45451,717.176,-351.118,50000.000,575.235,-224.118,50000.000,0
45501,679.823,-276.412,50000.000,687.294,-321.235,50000.000,0
45551,612.588,-216.647,50000.000,635.000,-366.059,50000.000,0
45601,679.823,-276.412,50000.000,448.235,-433.294,50000.000,0
45651,649.941,-141.941,50000.000,508.000,-440.765,50000.000,0
45701,552.823,-141.941,50000.000,567.765,-515.471,50000.000,0
45751,642.471,-127.000,50000.000,537.882,-672.353,50000.000,0
45801,612.588,-89.647,50000.000,582.706,-582.706,50000.000,0
45851,612.588,-52.294,50000.000,276.412,-298.824,50000.000,0
45901,582.706,-29.882,50000.000,127.000,-119.529,50000.000,0
45951,500.529,0.000,50000.000,395.941,-321.235,50000.000,0
46001,343.647,74.706,50000.000,351.118,-239.059,50000.000,0
46051,224.118,112.059,50000.000,239.059,-44.824,50000.000,0
46101,171.824,171.824,50000.000,268.941,29.882,50000.000,0
46151,97.118,149.412,50000.000,209.176,164.353,50000.000,0
46201,29.882,171.824,50000.000,134.471,231.588,50000.000,0
46251,-37.353,268.941,50000.000,44.824,283.882,50000.000,0
46301,-74.706,261.471,50000.000,-14.941,403.412,50000.000,0
46351,-186.765,276.412,50000.000,-14.941,448.235,50000.000,0
46401,-268.941,268.941,50000.000,-14.941,171.824,50000.000,0
46451,-216.647,276.412,50000.000,-14.941,410.882,50000.000,0
46501,-201.706,209.176,50000.000,-89.647,478.118,50000.000,0
46551,-373.529,276.412,50000.000,-7.471,74.706,50000.000,0
46601,-283.882,239.059,50000.000,0.000,0.000,50000.000,0
46651,-179.294,134.471,50000.000,-89.647,134.471,50000.000,0
46701,-298.824,186.765,50000.000,-201.706,373.529,50000.000,0
46751,-321.235,141.941,50000.000,-179.294,261.471,50000.000,0
46801,-164.353,14.941,50000.000,-306.294,164.353,50000.000,0
46851,-276.412,74.706,50000.000,-276.412,89.647,50000.000,0
46901,-216.647,29.882,50000.000,-298.824,-29.882,50000.000,0
46951,-179.294,-44.824,50000.000,-403.412,-194.235,50000.000,0
47001,-298.824,-14.941,50000.000,-418.353,-276.412,50000.000,0
47051,-328.706,-14.941,50000.000,-358.588,-336.176,50000.000,0
47101,-224.118,-89.647,50000.000,-119.529,-134.471,50000.000,0
47151,-298.824,-97.118,50000.000,-283.882,-440.765,50000.000,0
47201,-254.000,-156.882,50000.000,-373.529,-664.882,50000.000,0
47251,-164.353,-194.235,50000.000,-448.235,-635.000,50000.000,0
47301,-298.824,-209.176,50000.000,-440.765,-679.823,50000.000,0
47351,-254.000,-231.588,50000.000,-179.294,-298.824,50000.000,0
47401,-373.529,-321.235,50000.000,-246.529,-328.706,50000.000,0
47451,-470.647,-336.176,50000.000,-508.000,-515.471,50000.000,0
47501,-328.706,-298.824,50000.000,-127.000,-104.588,50000.000,0
47551,-500.529,-343.647,50000.000,-231.588,-127.000,50000.000,0
47601,-522.941,-298.824,50000.000,-605.118,-268.941,50000.000,0
47651,-493.059,-306.294,50000.000,-171.824,-59.765,50000.000,0
47701,-493.059,-291.353,50000.000,0.000,0.000,50000.000,0
47751,-485.588,-239.059,50000.000,-343.647,-7.471,50000.000,0
47801,-508.000,-254.000,50000.000,-791.882,59.765,50000.000,0
47851,-590.176,-224.118,50000.000,-627.529,231.588,50000.000,0
47901,-649.941,-149.412,50000.000,-156.882,74.706,50000.000,0
47951,-657.412,-112.059,50000.000,-328.706,127.000,50000.000,0
48001,-851.647,-119.529,50000.000,-112.059,59.765,50000.000,0
48051,-814.294,-7.471,50000.000,-381.000,186.765,50000.000,0
48101,-747.059,29.882,50000.000,-582.706,298.824,50000.000,0
48151,-672.353,74.706,50000.000,-224.118,141.941,50000.000,0
48201,-575.235,52.294,50000.000,-29.882,7.471,50000.000,0
48251,-515.471,74.706,50000.000,-216.647,29.882,50000.000,0
48301,-649.941,276.412,50000.000,-567.765,156.882,50000.000,0
48351,-575.235,313.765,50000.000,-552.823,44.824,50000.000,0
48401,-530.412,358.588,50000.000,-515.471,-22.412,50000.000,0
48451,-470.647,261.471,50000.000,-283.882,-52.294,50000.000,0
48501,-425.823,351.118,50000.000,-82.176,-44.824,50000.000,0
48551,-440.765,313.765,50000.000,-373.529,-246.529,50000.000,0
48601,-358.588,298.824,50000.000,-366.059,-313.765,50000.000,0
48651,-313.765,246.529,50000.000,-321.235,-373.529,50000.000,0
48701,-268.941,246.529,50000.000,-291.353,-366.059,50000.000,0
48751,-231.588,171.824,50000.000,-283.882,-328.706,50000.000,0
48801,-194.235,104.588,50000.000,-14.941,-14.941,50000.000,0
48851,-171.824,44.824,50000.000,0.000,0.000,50000.000,0
48901,-149.412,7.471,50000.000,-22.412,-22.412,50000.000,0
48951,-156.882,-44.824,50000.000,-261.471,-276.412,50000.000,0
49001,-201.706,-141.941,50000.000,-291.353,-246.529,50000.000,0
49051,-216.647,-224.118,50000.000,-328.706,-179.294,50000.000,0
49101,-171.824,-276.412,50000.000,-291.353,-179.294,50000.000,0
49151,-224.118,-373.529,50000.000,-276.412,-97.118,50000.000,0
49201,-216.647,-425.823,50000.000,-298.824,-14.941,50000.000,0
49251,-186.765,-366.059,50000.000,-209.176,7.471,50000.000,0
49301,-104.588,-298.824,50000.000,-149.412,59.765,50000.000,0
49351,-119.529,-306.294,50000.000,-164.353,127.000,50000.000,0
49401,-134.471,-395.941,50000.000,-22.412,7.471,50000.000,0
49451,-67.235,-321.235,50000.000,-22.412,59.765,50000.000,0
49501,-104.588,-291.353,50000.000,-127.000,201.706,50000.000,0
49551,-67.235,-239.059,50000.000,-89.647,186.765,50000.000,0
49601,-44.824,-231.588,50000.000,-59.765,171.824,50000.000,0
49651,-22.412,-134.471,50000.000,-22.412,119.529,50000.000,0
49701,7.471,-29.882,50000.000,7.471,149.412,50000.000,0
49751,52.294,14.941,50000.000,89.647,119.529,50000.000,0
49801,52.294,82.176,50000.000,89.647,74.706,50000.000,0
49851,104.588,164.353,50000.000,134.471,37.353,50000.000,0
49901,164.353,239.059,50000.000,224.118,7.471,50000.000,0
49951,179.294,298.824,50000.000,254.000,-37.353,50000.000,0
50001,149.412,336.176,50000.000,298.824,-82.176,50000.000,0
50051,186.765,306.294,50000.000,306.294,-119.529,50000.000,0
50101,261.471,373.529,50000.000,328.706,-127.000,50000.000,0
50151,306.294,433.294,50000.000,336.176,-119.529,50000.000,0
50201,254.000,381.000,50000.000,388.471,-119.529,50000.000,0
50251,298.824,433.294,50000.000,351.118,-97.118,50000.000,0
50301,343.647,410.882,50000.000,261.471,-22.412,50000.000,0
50351,321.235,358.588,50000.000,141.941,7.471,50000.000,0
50401,179.294,209.176,50000.000,119.529,14.941,50000.000,0
50451,254.000,194.235,50000.000,141.941,22.412,50000.000,0
50501,276.412,97.118,50000.000,119.529,37.353,50000.000,0
50551,321.235,44.824,50000.000,82.176,44.824,50000.000,0
50601,276.412,-89.647,50000.000,313.765,179.294,50000.000,0
50651,291.353,-97.118,50000.000,313.765,186.765,50000.000,0
50701,231.588,-119.529,50000.000,336.176,254.000,50000.000,0
50751,254.000,-171.824,50000.000,321.235,246.529,50000.000,0
50801,283.882,-224.118,50000.000,67.235,37.353,50000.000,0
50851,254.000,-239.059,50000.000,22.412,14.941,50000.000,0
50901,276.412,-261.471,50000.000,52.294,29.882,50000.000,0
50951,381.000,-373.529,50000.000,7.471,7.471,50000.000,0
51001,336.176,-343.647,50000.000,0.000,0.000,50000.000,0
51051,373.529,-306.294,50000.000,0.000,0.000,50000.000,0
51101,388.471,-276.412,50000.000,0.000,0.000,50000.000,0
51151,425.823,-291.353,50000.000,0.000,0.000,50000.000,0
51201,381.000,-231.588,50000.000,0.000,0.000,50000.000,0
51251,448.235,-141.941,50000.000,0.000,0.000,50000.000,0
51301,381.000,-97.118,50000.000,7.471,0.000,50000.000,0
51351,381.000,-22.412,50000.000,171.824,-29.882,50000.000,0
51401,485.588,14.941,50000.000,410.882,-149.412,50000.000,0
51451,425.823,52.294,50000.000,448.235,-186.765,50000.000,0
51501,336.176,97.118,50000.000,448.235,-194.235,50000.000,0
51551,418.353,164.353,50000.000,470.647,-216.647,50000.000,0
51601,425.823,254.000,50000.000,306.294,-179.294,50000.000,0
51651,373.529,283.882,50000.000,37.353,-14.941,50000.000,0
51701,336.176,298.824,50000.000,0.000,0.000,50000.000,0
51751,261.471,246.529,50000.000,0.000,0.000,50000.000,0
51801,268.941,291.353,50000.000,0.000,0.000,50000.000,0
51851,298.824,276.412,50000.000,22.412,0.000,50000.000,0
51901,268.941,276.412,50000.000,186.765,82.176,50000.000,0
51951,186.765,231.588,50000.000,74.706,67.235,50000.000,0
52001,141.941,171.824,50000.000,0.000,0.000,50000.000,0
52051,127.000,119.529,50000.000,0.000,0.000,50000.000,0
52101,104.588,127.000,50000.000,7.471,7.471,50000.000,0
52151,-7.471,22.412,50000.000,22.412,22.412,50000.000,0
52201,7.471,37.353,50000.000,0.000,0.000,50000.000,0
52251,0.000,29.882,50000.000,22.412,82.176,50000.000,0
52301,7.471,-22.412,50000.000,29.882,127.000,50000.000,0
52351,0.000,-29.882,50000.000,29.882,82.176,50000.000,0
52401,0.000,-44.824,50000.000,7.471,231.588,50000.000,0
52451,0.000,-89.647,50000.000,-29.882,194.235,50000.000,0
52501,7.471,-89.647,50000.000,-7.471,104.588,50000.000,0
52551,7.471,-127.000,50000.000,-7.471,0.000,50000.000,0
52601,-7.471,-149.412,50000.000,-7.471,0.000,50000.000,0
52651,0.000,-134.471,50000.000,0.000,0.000,50000.000,0
52701,-7.471,-127.000,50000.000,0.000,0.000,50000.000,0
52751,-14.941,-164.353,50000.000,22.412,0.000,50000.000,0
52801,22.412,-82.176,50000.000,-29.882,-246.529,50000.000,0
52851,14.941,-67.235,50000.000,-14.941,-231.588,50000.000,0
52901,-7.471,-112.059,50000.000,0.000,-22.412,50000.000,0
52951,-14.941,-52.294,50000.000,0.000,0.000,50000.000,0
53001,-14.941,-22.412,50000.000,0.000,0.000,50000.000,0
53051,-29.882,0.000,50000.000,-14.941,-14.941,50000.000,0
53101,-59.765,-59.765,50000.000,-52.294,-82.176,50000.000,0
53151,-89.647,-22.412,50000.000,-29.882,-59.765,50000.000,0
53201,-112.059,-44.824,50000.000,0.000,0.000,50000.000,0
53251,-134.471,-22.412,50000.000,-37.353,-22.412,50000.000,0
53301,-179.294,-7.471,50000.000,-186.765,-112.059,50000.000,0
53351,-224.118,0.000,50000.000,-231.588,-59.765,50000.000,0
53401,-254.000,14.941,50000.000,-276.412,0.000,50000.000,0
53451,-276.412,59.765,50000.000,-67.235,14.941,50000.000,0
53501,-261.471,37.353,50000.000,0.000,0.000,50000.000,0
53551,-358.588,52.294,50000.000,0.000,0.000,50000.000,0
53601,-328.706,67.235,50000.000,-7.471,14.941,50000.000,0
53651,-328.706,59.765,50000.000,-209.176,179.294,50000.000,0
53701,-373.529,37.353,50000.000,-351.118,268.941,50000.000,0
53751,-410.882,52.294,50000.000,-336.176,231.588,50000.000,0
53801,-388.471,52.294,50000.000,-351.118,231.588,50000.000,0
53851,-313.765,29.882,50000.000,-366.059,209.176,50000.000,0
53901,-313.765,52.294,50000.000,-313.765,171.824,50000.000,0
53951,-291.353,52.294,50000.000,-283.882,119.529,50000.000,0
54001,-298.824,7.471,50000.000,-298.824,59.765,50000.000,0
54051,-283.882,0.000,50000.000,-231.588,-7.471,50000.000,0
54101,-209.176,29.882,50000.000,-201.706,-52.294,50000.000,0
54151,-186.765,0.000,50000.000,-59.765,-7.471,50000.000,0
54201,-97.118,0.000,50000.000,0.000,0.000,50000.000,0
54251,-74.706,-7.471,50000.000,0.000,0.000,50000.000,0
54301,-74.706,-14.941,50000.000,-127.000,-186.765,50000.000,0
54351,-82.176,-14.941,50000.000,-216.647,-306.294,50000.000,0
54401,-82.176,-22.412,50000.000,-149.412,-306.294,50000.000,0
54451,-89.647,-29.882,50000.000,-186.765,-336.176,50000.000,0
54501,-97.118,-74.706,50000.000,-201.706,-313.765,50000.000,0
54551,-74.706,-74.706,50000.000,-171.824,-291.353,50000.000,0
54601,-74.706,-97.118,50000.000,-179.294,-283.882,50000.000,0
54651,-82.176,-104.588,50000.000,-119.529,-209.176,50000.000,0
54701,-104.588,-112.059,50000.000,0.000,-44.824,50000.000,0
54751,-104.588,-119.529,50000.000,0.000,0.000,50000.000,0
54801,-104.588,-112.059,50000.000,0.000,0.000,50000.000,0
54851,-89.647,-104.588,50000.000,0.000,0.000,50000.000,0
54901,-119.529,-104.588,50000.000,0.000,0.000,50000.000,0
54951,-119.529,-97.118,50000.000,-22.412,14.941,50000.000,0
55001,-179.294,-89.647,50000.000,-82.176,82.176,50000.000,0
55051,-104.588,-67.235,50000.000,-97.118,149.412,50000.000,0
55101,-112.059,-44.824,50000.000,-89.647,164.353,50000.000,0
55151,-119.529,-22.412,50000.000,-29.882,112.059,50000.000,0
55201,-119.529,-7.471,50000.000,0.000,14.941,50000.000,0
55251,-97.118,7.471,50000.000,0.000,44.824,50000.000,0
55301,-67.235,59.765,50000.000,22.412,156.882,50000.000,0
55351,-37.353,67.235,50000.000,29.882,156.882,50000.000,0
55401,-22.412,67.235,50000.000,14.941,171.824,50000.000,0
55451,-7.471,112.059,50000.000,29.882,104.588,50000.000,0
55501,7.471,156.882,50000.000,74.706,67.235,50000.000,0
55551,44.824,112.059,50000.000,89.647,29.882,50000.000,0
55601,82.176,141.941,50000.000,112.059,14.941,50000.000,0
55651,104.588,171.824,50000.000,119.529,-29.882,50000.000,0
55701,104.588,141.941,50000.000,82.176,-37.353,50000.000,0
55751,141.941,164.353,50000.000,52.294,-37.353,50000.000,0
55801,156.882,127.000,50000.000,14.941,-7.471,50000.000,0
55851,171.824,112.059,50000.000,0.000,0.000,50000.000,0
55901,171.824,97.118,50000.000,67.235,-59.765,50000.000,0
55951,179.294,44.824,50000.000,164.353,-134.471,50000.000,0
56001,89.647,-52.294,50000.000,164.353,-119.529,50000.000,0
56051,194.235,-7.471,50000.000,186.765,-112.059,50000.000,0
56101,171.824,-52.294,50000.000,194.235,-82.176,50000.000,0
56151,171.824,-67.235,50000.000,164.353,-52.294,50000.000,0
56201,149.412,-74.706,50000.000,134.471,0.000,50000.000,0
56251,112.059,-82.176,50000.000,97.118,22.412,50000.000,0
56301,164.353,-141.941,50000.000,134.471,74.706,50000.000,0
56351,171.824,-141.941,50000.000,82.176,74.706,50000.000,0
56401,149.412,-156.882,50000.000,104.588,89.647,50000.000,0
56451,112.059,-104.588,50000.000,44.824,52.294,50000.000,0
56501,104.588,-112.059,50000.000,74.706,82.176,50000.000,0
56551,141.941,-156.882,50000.000,127.000,112.059,50000.000,0
56601,141.941,-127.000,50000.000,134.471,164.353,50000.000,0
56651,127.000,-104.588,50000.000,134.471,149.412,50000.000,0
56701,97.118,-37.353,50000.000,127.000,134.471,50000.000,0
56751,74.706,-22.412,50000.000,74.706,74.706,50000.000,0
56801,67.235,-14.941,50000.000,82.176,52.294,50000.000,0
56851,112.059,0.000,50000.000,194.235,82.176,50000.000,0
56901,82.176,37.353,50000.000,171.824,52.294,50000.000,0
56951,112.059,82.176,50000.000,171.824,22.412,50000.000,0
57001,127.000,97.118,50000.000,179.294,-14.941,50000.000,0
57051,134.471,127.000,50000.000,186.765,-44.824,50000.000,0
57101,164.353,171.824,50000.000,171.824,-74.706,50000.000,0
57151,119.529,149.412,50000.000,171.824,-89.647,50000.000,0
57201,149.412,179.294,50000.000,156.882,-97.118,50000.000,0
57251,134.471,164.353,50000.000,156.882,-112.059,50000.000,0
57301,119.529,179.294,50000.000,134.471,-89.647,50000.000,0
57351,74.706,156.882,50000.000,127.000,-74.706,50000.000,0
57401,67.235,97.118,50000.000,112.059,-67.235,50000.000,0
57451,59.765,82.176,50000.000,97.118,-67.235,50000.000,0
57501,74.706,52.294,50000.000,82.176,-44.824,50000.000,0
57551,44.824,29.882,50000.000,52.294,-29.882,50000.000,0
57601,22.412,14.941,50000.000,29.882,14.941,50000.000,0
57651,14.941,-37.353,50000.000,7.471,29.882,50000.000,0
57701,7.471,-37.353,50000.000,22.412,67.235,50000.000,0
57751,0.000,-74.706,50000.000,0.000,52.294,50000.000,0
57801,0.000,-82.176,50000.000,-29.882,52.294,50000.000,0
57851,-7.471,-67.235,50000.000,-37.353,89.647,50000.000,0
57901,-29.882,-104.588,50000.000,-52.294,82.176,50000.000,0
57951,-14.941,-149.412,50000.000,-59.765,74.706,50000.000,0
58001,0.000,-104.588,50000.000,-82.176,74.706,50000.000,0
58051,-37.353,-119.529,50000.000,-67.235,59.765,50000.000,0
58101,-29.882,-89.647,50000.000,-74.706,52.294,50000.000,0
58151,-22.412,-141.941,50000.000,-59.765,37.353,50000.000,0
58201,-22.412,-89.647,50000.000,-67.235,0.000,50000.000,0
58251,-29.882,-82.176,50000.000,-82.176,-29.882,50000.000,0
58301,-59.765,-59.765,50000.000,-67.235,-52.294,50000.000,0
58351,-22.412,-14.941,50000.000,-67.235,-67.235,50000.000,0
58401,-22.412,-7.471,50000.000,-44.824,-74.706,50000.000,0
58451,-44.824,14.941,50000.000,-74.706,-89.647,50000.000,0
58501,-44.824,52.294,50000.000,-44.824,-82.176,50000.000,0
58551,-22.412,44.824,50000.000,-52.294,-89.647,50000.000,0
58601,-52.294,97.118,50000.000,-67.235,-52.294,50000.000,0
58651,-74.706,74.706,50000.000,0.000,-14.941,50000.000,0
58701,-89.647,82.176,50000.000,0.000,0.000,50000.000,0
58751,-74.706,104.588,50000.000,0.000,0.000,50000.000,0
58801,-89.647,104.588,50000.000,0.000,0.000,50000.000,0
58851,-59.765,67.235,50000.000,0.000,0.000,50000.000,0
58901,-82.176,97.118,50000.000,0.000,0.000,50000.000,0
58951,-119.529,89.647,50000.000,0.000,0.000,50000.000,0
59001,-82.176,52.294,50000.000,0.000,0.000,50000.000,0
59051,-104.588,44.824,50000.000,0.000,0.000,50000.000,0
59101,-127.000,14.941,50000.000,0.000,0.000,50000.000,0
59151,-119.529,7.471,50000.000,0.000,0.000,50000.000,0
59201,-134.471,0.000,50000.000,-7.471,0.000,50000.000,0
59251,-112.059,-52.294,50000.000,-52.294,22.412,50000.000,0
59301,-74.706,-29.882,50000.000,-74.706,29.882,50000.000,0
59351,-119.529,-67.235,50000.000,-67.235,97.118,50000.000,0
59401,-112.059,-74.706,50000.000,-59.765,67.235,50000.000,0
59451,-89.647,-89.647,50000.000,-29.882,44.824,50000.000,0
59501,-74.706,-89.647,50000.000,-59.765,14.941,50000.000,0
59551,-52.294,-89.647,50000.000,-44.824,0.000,50000.000,0
59601,-59.765,-59.765,50000.000,-14.941,14.941,50000.000,0
59651,-44.824,-82.176,50000.000,-37.353,-22.412,50000.000,0
59701,7.471,-89.647,50000.000,-97.118,-89.647,50000.000,0
59751,-74.706,-67.235,50000.000,-22.412,-52.294,50000.000,0
59801,22.412,-59.765,50000.000,-22.412,-134.471,50000.000,0
59851,44.824,-44.824,50000.000,-59.765,-186.765,50000.000,0
59901,-37.353,-37.353,50000.000,-44.824,-119.529,50000.000,0
59951,0.000,-14.941,50000.000,-7.471,-156.882,50000.000,0
