timestamp[ms],left_dx[um],left_dy[um],left_dt[us],right_dx[um],right_dy[um],right_dt[us],waterPin
0,0.000,0.000,50152.000,0.000,-7.471,50153.000,0
51,22232.469,3929.529,50000.000,1665.941,-776.941,50000.000,0
101,22994.469,5319.059,50000.000,4056.529,-1987.176,50000.000,0
151,23554.764,6290.235,50000.000,6364.941,-3600.823,50000.000,0
201,27850.352,1038.412,50000.000,4049.059,-2853.764,50000.000,0
251,24563.293,-1344.706,50000.000,5199.529,-3212.353,50000.000,0
301,16211.176,2853.764,50000.000,10727.764,-3593.353,50000.000,0
351,19042.527,6536.764,50000.000,13581.528,-5871.882,50000.000,0
401,21836.527,5050.117,50000.000,15172.764,-9345.705,50000.000,0
451,22942.176,2540.000,50000.000,13872.882,-10503.646,50000.000,0
501,24010.469,1240.118,50000.000,13932.646,-10428.940,50000.000,0
551,21134.293,1964.765,50000.000,4885.764,-3257.176,50000.000,0
601,15785.352,7507.940,50000.000,1217.706,-470.647,50000.000,0
651,14575.116,10272.059,50000.000,2024.529,-7.471,50000.000,0
701,12513.234,7986.058,50000.000,1778.000,268.941,50000.000,0
751,11489.764,3227.294,50000.000,1120.588,381.000,50000.000,0
801,7978.588,552.823,50000.000,410.882,448.235,50000.000,0
851,4953.000,2652.059,50000.000,1083.235,1277.470,50000.000,0
901,2046.941,7732.058,50000.000,2704.353,2599.765,50000.000,0
951,903.941,9158.940,50000.000,1852.706,1778.000,50000.000,0
1001,799.353,5924.176,50000.000,2009.588,1987.176,50000.000,0
1051,343.647,3003.176,50000.000,261.471,351.118,50000.000,0
1101,-246.529,2816.412,50000.000,44.824,328.706,50000.000,0
1151,-575.235,3839.882,50001.000,82.176,1322.294,50000.000,0
1201,-1553.882,4415.117,49999.000,-29.882,224.118,50000.000,0
1251,-2069.353,5909.235,50000.000,-97.118,455.706,50000.000,0
1301,-4288.117,9166.411,50000.000,-313.765,1905.000,50000.000,0
1351,-5236.882,9412.940,50000.000,-171.824,627.529,50000.000,0
1401,-5715.000,9241.117,50000.000,-1030.941,2196.353,50000.000,0
1451,-6910.293,9002.059,50000.000,-1329.765,1942.353,50000.000,0
1501,-6820.646,9577.294,50000.000,-1426.882,2644.588,50000.000,0
1551,-7866.529,9248.588,50001.000,-1516.529,2741.706,50000.000,0
1601,-6977.529,9375.588,49999.000,-1807.882,3287.059,50000.000,0
1651,-7134.411,9726.705,50000.000,-2159.000,3653.117,50000.000,0
1701,-9196.294,7351.058,50000.000,-6424.706,3877.235,50000.000,0
1751,-8098.117,5005.294,50000.000,-8703.234,104.588,50000.000,0
1801,-6887.882,4945.529,50000.000,-5371.353,89.647,50000.000,0
1851,-7164.293,7388.411,50001.000,-403.412,313.765,50000.000,0
1901,-7112.000,11773.646,49999.000,-209.176,381.000,50000.000,0
1951,-6925.235,13297.646,50000.000,-283.882,1845.235,50000.000,0
2001,-6663.764,11444.940,50000.000,-343.647,1389.529,50000.000,0
2051,-6409.764,10025.528,50000.000,-291.353,2696.882,50000.000,0
2101,-6193.117,12393.705,50000.000,-814.294,10630.646,50000.000,0
2151,-4572.000,10929.470,50000.000,-141.941,9158.940,50000.000,0
2201,-4953.000,11900.646,50000.000,-321.235,9278.470,50000.000,0
2251,-4235.823,10765.117,50001.000,-388.471,11437.470,50000.000,0
2301,-4512.235,10682.940,49999.000,-216.647,11071.411,50000.000,0
2351,-4392.706,10466.293,50000.000,-754.529,11751.234,50000.000,0
2401,-4542.117,11265.646,50001.000,-784.412,10907.058,50000.000,0
2451,-4153.647,10884.646,49999.000,-291.353,9562.353,50000.000,0
2501,-3638.176,10593.293,50000.000,-268.941,7433.235,50000.000,0
2551,-3503.706,10742.705,50001.000,-37.353,3668.059,50000.000,0
2601,-2965.823,11123.705,49999.000,0.000,2263.588,50000.000,0
2651,-3683.000,11706.411,50000.000,14.941,2226.235,50000.000,0
2701,-3518.647,12602.882,50000.000,-7.471,1479.176,50000.000,0
2751,-3705.412,13723.470,50000.000,-156.882,1606.176,50000.000,0
2801,-3757.706,13880.352,50000.000,-156.882,2562.412,50000.000,0
2851,-3862.294,13633.822,50000.000,0.000,1352.176,50000.000,0
2901,-3466.353,13536.705,50000.000,-37.353,2741.706,50000.000,0
2951,-3406.588,14119.411,50000.000,-254.000,3197.412,50000.000,0
3001,-4101.353,14425.705,50001.000,-268.941,3817.470,50000.000,0
3051,-3944.470,14388.352,49999.000,-7.471,1494.118,50000.000,0
3101,-3839.882,15150.352,50000.000,-14.941,620.059,50000.000,0
3151,-3242.235,14037.234,50000.000,-89.647,1001.059,50000.000,0
3201,-3518.647,13514.293,50000.000,-7.471,1202.765,50000.000,0
3251,-3623.235,13013.764,50000.000,0.000,702.235,50000.000,0
3301,-3182.470,11840.882,50000.000,-246.529,1411.941,50000.000,0
3351,-3257.176,12416.117,50000.000,-59.765,373.529,50000.000,0
3401,-2674.470,12714.940,50001.000,0.000,22.412,50000.000,0
3451,-2906.059,12460.940,49999.000,0.000,246.529,50000.000,0
3501,-2689.412,11273.117,50000.000,52.294,694.765,50000.000,0
3551,-2771.588,11646.646,50001.000,-29.882,1494.118,50000.000,0
3601,-2861.235,12408.646,49999.000,-52.294,1568.823,50000.000,0
3651,-3048.000,12894.234,50000.000,-44.824,1688.353,50000.000,0
3701,-2935.941,12572.999,50000.000,14.941,4407.647,50000.000,0
3751,-3152.588,13237.882,50000.000,201.706,5789.706,50000.000,0
3801,-2891.117,13125.822,50000.000,112.059,4355.353,50000.000,0
3851,-3227.294,13200.528,50000.000,119.529,5012.764,50000.000,0
3901,-2696.882,12244.293,50000.000,156.882,3406.588,50000.000,0
3951,-2054.412,10966.823,50000.000,231.588,3518.647,50000.000,0
4001,-2741.706,12296.588,50001.000,351.118,6193.117,50000.000,0
4051,-2375.647,11788.588,49999.000,291.353,5625.353,50000.000,0
4101,-2069.353,10279.528,50000.000,291.353,5274.235,50000.000,0
4151,-2002.118,11168.528,50000.000,201.706,4445.000,50000.000,0
4201,-1905.000,11504.705,50000.000,239.059,3795.059,50000.000,0
4251,-2091.765,12012.705,50000.000,134.471,3780.117,50000.000,0
4301,-1934.882,12468.411,50000.000,194.235,2495.176,50000.000,0
4351,-1553.882,12401.176,50000.000,224.118,1621.118,50000.000,0
4401,-1949.823,12879.293,50000.000,74.706,343.647,50000.000,0
4451,-1867.647,13409.705,50001.000,0.000,14.941,50000.000,0
4501,-1449.294,13409.705,49999.000,29.882,44.824,50000.000,0
4551,-1785.470,13686.117,50000.000,22.412,37.353,50000.000,0
4601,-1830.294,14515.352,50000.000,29.882,44.824,50000.000,0
4651,-1486.647,13581.528,50000.000,7.471,22.412,50000.000,0
4701,-1733.176,14246.411,50000.000,14.941,104.588,50000.000,0
4751,-1023.471,14403.293,50001.000,119.529,313.765,50000.000,0
4801,-1367.118,13461.999,49999.000,298.824,612.588,50000.000,0
4851,-1471.706,14306.176,50000.000,179.294,268.941,50000.000,0
4901,-1434.353,13155.705,50001.000,89.647,201.706,50000.000,0
4951,-1202.765,12535.646,49999.000,29.882,44.824,50000.000,0
5001,-851.647,12005.234,50000.000,231.588,463.176,50000.000,0
5051,-1434.353,12221.882,50000.000,119.529,343.647,50000.000,0
5101,-1830.294,12513.234,50000.000,0.000,0.000,50000.000,0
5151,-1411.941,11347.823,50000.000,0.000,0.000,50000.000,0
5201,-1397.000,11459.882,50000.000,0.000,0.000,50000.000,0
5251,-1419.412,11833.411,50000.000,0.000,0.000,50000.000,0
5301,-1800.412,12677.587,50000.000,0.000,0.000,50000.000,0
5351,-1778.000,12177.058,50001.000,0.000,0.000,50000.000,0
5401,-889.000,11295.528,49999.000,0.000,0.000,50000.000,0
5451,-1486.647,12408.646,50000.000,0.000,0.000,50000.000,0
5501,-1665.941,13379.822,50001.000,0.000,0.000,50000.000,0
5551,-1546.412,13529.234,49999.000,0.000,0.000,50000.000,0
5601,-1957.294,13603.940,50000.000,52.294,89.647,50000.000,0
5651,-1232.647,13521.764,50000.000,104.588,156.882,50000.000,0
5701,-1329.765,12864.353,50000.000,388.471,515.471,50000.000,0
5751,-1665.941,12498.293,50000.000,276.412,328.706,50000.000,0
5801,-1284.941,13006.293,50000.000,74.706,59.765,50000.000,0
5851,-1292.412,12490.822,50000.000,410.882,164.353,50000.000,0
5901,-1449.294,12311.528,50000.000,485.588,37.353,50000.000,0
5951,-1344.706,11459.882,50001.000,605.118,-7.471,50000.000,0
6001,-1105.647,10839.823,49999.000,403.412,-134.471,50000.000,0
6051,-993.588,10466.293,50000.000,336.176,-283.882,50000.000,0
6101,-896.471,10242.176,50001.000,478.118,-560.294,50000.000,0
6151,-1210.235,10936.940,49999.000,567.765,-993.588,50000.000,0
6201,-776.941,10115.176,50000.000,351.118,-971.176,50000.000,0
6251,-1016.000,10645.588,50001.000,156.882,-866.588,50000.000,0
6301,-657.412,12087.411,49999.000,515.471,-1419.412,50000.000,0
6351,-440.765,11250.705,50000.000,664.882,-1658.470,50000.000,0
6401,-866.588,11810.999,50000.000,567.765,-1486.647,50000.000,0
6451,-881.529,11310.470,50000.000,597.647,-1919.941,50000.000,0
6501,-859.118,12147.176,50001.000,508.000,-1598.706,50000.000,0
6551,-739.588,12162.117,49999.000,403.412,-1770.529,50000.000,0
6601,-649.941,12094.882,50000.000,410.882,-2315.882,50000.000,0
6651,-590.176,12259.234,50000.000,470.647,-2629.647,50000.000,0
6701,-769.471,11243.234,50000.000,560.294,-2203.823,50000.000,0
6751,-418.353,11967.882,50000.000,612.588,-2084.294,50000.000,0
6801,-321.235,11288.058,50000.000,261.471,-956.235,50000.000,0
6851,-149.412,9891.059,50001.000,82.176,-522.941,50000.000,0
6901,-597.647,10794.999,49999.000,119.529,-821.765,50000.000,0
6951,-403.412,9427.882,50000.000,104.588,-590.176,50000.000,0
7001,-717.176,10421.470,50001.000,22.412,-89.647,50000.000,0
7051,-635.000,10623.176,49999.000,14.941,-44.824,50000.000,0
7101,-903.941,11190.940,50000.000,37.353,-82.176,50000.000,0
7151,-911.412,11198.411,50001.000,7.471,-119.529,50000.000,0
7201,-1195.294,11385.176,49999.000,127.000,-844.176,50000.000,0
7251,-754.529,11071.411,50000.000,156.882,-1255.059,50000.000,0
7301,-836.706,11213.353,50000.000,254.000,-1464.235,50000.000,0
7351,-687.294,10667.999,50000.000,276.412,-963.706,50000.000,0
7401,-1068.294,10772.588,50000.000,82.176,-590.176,50000.000,0
7451,-851.647,10690.411,50001.000,7.471,-37.353,50000.000,0
7501,-664.882,10272.059,49999.000,89.647,-410.882,50000.000,0
7551,-769.471,11205.882,50000.000,52.294,-500.529,50000.000,0
7601,-612.588,10966.823,50001.000,134.471,-993.588,50000.000,0
7651,-694.765,11041.528,49999.000,59.765,-709.706,50000.000,0
7701,-881.529,10966.823,50000.000,7.471,-552.823,50000.000,0
7751,-769.471,11041.528,50001.000,0.000,-97.118,50000.000,0
7801,-590.176,10018.059,49999.000,119.529,-470.647,50000.000,0
7851,-515.471,10040.470,50000.000,67.235,-366.059,50000.000,0
7901,-836.706,9823.823,50001.000,-44.824,-1187.823,50000.000,0
7951,-717.176,9510.059,49999.000,-7.471,-164.353,50000.000,0
8001,-649.941,9853.705,50000.000,37.353,-366.059,50000.000,0
8051,-747.059,8889.999,50000.000,37.353,-739.588,50000.000,0
8101,-567.765,8770.470,50000.000,44.824,-2779.059,50000.000,0
8151,-657.412,8225.117,50000.000,216.647,-4347.882,50000.000,0
8201,-186.765,7948.706,50000.000,156.882,-4527.176,50000.000,0
8251,-418.353,8247.529,50000.000,-7.471,-5348.941,50000.000,0
8301,-343.647,7448.176,50000.000,-29.882,-4900.706,50000.000,0
8351,-194.235,7313.706,50001.000,164.353,-5617.882,50000.000,0
8401,-231.588,7515.411,49999.000,7.471,-6417.235,50000.000,0
8451,-149.412,6626.411,50000.000,82.176,-6887.882,50000.000,0
8501,-246.529,6872.941,50000.000,74.706,-7067.176,50000.000,0
8551,-545.353,6656.293,50000.000,104.588,-6693.646,50000.000,0
8601,-89.647,7029.823,50000.000,119.529,-6364.941,50000.000,0
8651,-291.353,6716.059,50000.000,179.294,-6073.588,50000.000,0
8701,-179.294,6858.000,50000.000,283.882,-4743.823,50000.000,0
8751,-179.294,6686.176,50000.000,141.941,-4527.176,50000.000,0
8801,-97.118,6656.293,50000.000,29.882,-5393.764,50000.000,0
8851,-522.941,6133.353,50000.000,7.471,-6043.706,50000.000,0
8901,-418.353,7007.411,50000.000,-59.765,-6596.529,50000.000,0
8951,-276.412,6566.646,50000.000,52.294,-6185.646,50000.000,0
9001,-283.882,7634.940,50001.000,29.882,-5027.706,50000.000,0
9051,-164.353,6880.411,49999.000,-29.882,-1845.235,50000.000,0
9101,-336.176,6193.117,50000.000,-14.941,-597.647,50000.000,0
9151,-410.882,6999.941,50000.000,0.000,-620.059,50000.000,0
9201,-239.059,6940.176,50000.000,-22.412,-463.176,50000.000,0
9251,-321.235,6783.293,50000.000,-97.118,-1919.941,50000.000,0
9301,-410.882,6454.588,50000.000,0.000,-1008.529,50000.000,0
9351,-440.765,7059.706,50000.000,-82.176,-2794.000,50000.000,0
9401,-478.118,6745.941,50000.000,-22.412,-597.647,50000.000,0
9451,-328.706,6678.706,50000.000,-7.471,-134.471,50000.000,0
9501,-605.118,7141.882,50000.000,-52.294,-1247.588,50000.000,0
9551,-410.882,6813.176,50000.000,-14.941,-1329.765,50000.000,0
9601,-508.000,6753.411,50000.000,-74.706,-2106.706,50000.000,0
9651,-276.412,6805.706,50000.000,-14.941,-1329.765,50000.000,0
9701,-328.706,6731.000,50000.000,231.588,-2345.765,50000.000,0
9751,-298.824,6641.353,50000.000,119.529,-1740.647,50000.000,0
9801,-134.471,5804.646,50000.000,0.000,-433.294,50000.000,0
9851,-560.294,6043.706,50000.000,22.412,-866.588,50000.000,0
9901,-425.823,6469.529,50001.000,29.882,-911.412,50000.000,0
9951,-448.235,6648.823,49999.000,-127.000,-1135.529,50000.000,0
10001,-463.176,6163.235,50000.000,-44.824,-1008.529,50000.000,0
10051,-627.529,6208.059,50000.000,-7.471,-1128.059,50000.000,0
10101,-485.588,6394.823,50000.000,-74.706,-1262.529,50000.000,0
10151,-164.353,5498.353,50000.000,-44.824,-1516.529,50000.000,0
10201,-134.471,5602.941,50000.000,141.941,-1344.706,50000.000,0
10251,-381.000,5207.000,50001.000,89.647,-1845.235,50000.000,0
10301,-388.471,4967.941,49999.000,119.529,-1927.412,50000.000,0
10351,-455.706,5087.470,50000.000,-7.471,-1561.353,50000.000,0
10401,-567.765,4332.941,50001.000,-82.176,-2413.000,50000.000,0
10451,-425.823,4138.706,49999.000,-164.353,-2442.882,50000.000,0
10501,-433.294,3810.000,50000.000,97.118,-1494.118,50000.000,0
10551,-373.529,3750.235,50001.000,44.824,-2173.941,50000.000,0
10601,-351.118,3683.000,49999.000,-127.000,-1113.118,50000.000,0
10651,-478.118,3339.353,50000.000,-156.882,-1157.941,50000.000,0
10701,-455.706,3010.647,50001.000,-112.059,-433.294,50000.000,0
10751,-246.529,3234.764,49999.000,-224.118,-1397.000,50000.000,0
10801,-291.353,3197.412,50000.000,-7.471,-366.059,50000.000,0
10851,-508.000,2779.059,50000.000,-171.824,-1919.941,50000.000,0
10901,-246.529,2465.294,50000.000,-373.529,-3309.470,50000.000,0
10951,-276.412,2420.470,50000.000,-321.235,-3526.117,50000.000,0
11001,-179.294,2487.706,50000.000,-134.471,-1852.706,50000.000,0
11051,-209.176,2263.588,50000.000,0.000,-321.235,50000.000,0
11101,-186.765,1994.647,50000.000,-141.941,-1852.706,50000.000,0
11151,-171.824,1830.294,50000.000,-530.412,-5005.294,50000.000,0
11201,-37.353,1949.823,50000.000,-508.000,-4840.941,50000.000,0
11251,-89.647,1673.412,50000.000,-478.118,-4340.412,50000.000,0
11301,59.765,1598.706,50001.000,-283.882,-4213.412,50000.000,0
11351,0.000,1464.235,49999.000,-276.412,-4176.059,50000.000,0
11401,-44.824,1479.176,50000.000,-59.765,-829.235,50000.000,0
11451,22.412,1314.823,50000.000,-179.294,-2248.647,50000.000,0
11501,0.000,1299.882,50000.000,-298.824,-3175.000,50000.000,0
11551,-67.235,1135.529,50000.000,-351.118,-4049.059,50000.000,0
11601,7.471,1202.765,50000.000,-268.941,-3907.117,50000.000,0
11651,141.941,1202.765,50000.000,-545.353,-5804.646,50000.000,0
11701,7.471,1195.294,50000.000,-254.000,-4616.823,50000.000,0
11751,97.118,1337.235,50000.000,-410.882,-4721.412,50000.000,0
11801,89.647,1397.000,50000.000,-141.941,-1568.823,50000.000,0
11851,149.412,1344.706,50000.000,-67.235,-844.176,50000.000,0
11901,74.706,1240.118,50000.000,-22.412,-388.471,50000.000,0
11951,29.882,1150.470,50001.000,7.471,-433.294,50000.000,0
12001,0.000,1247.588,49999.000,37.353,-37.353,50000.000,0
12051,-44.824,1240.118,50000.000,7.471,0.000,50000.000,0
12101,-127.000,1255.059,50001.000,-89.647,-1016.000,50000.000,0
12151,-194.235,1195.294,49999.000,-134.471,-1202.765,50000.000,0
12201,-52.294,993.588,50000.000,14.941,-276.412,50000.000,0
12251,7.471,1277.470,50000.000,-164.353,-1389.529,50000.000,0
12301,-82.176,1225.176,50000.000,-127.000,-1658.470,50000.000,0
12351,-141.941,963.706,50000.000,-89.647,-896.471,50000.000,0
12401,-261.471,1546.412,50000.000,-44.824,-463.176,50000.000,0
12451,-291.353,1703.294,50000.000,-89.647,-1023.471,50000.000,0
12501,-321.235,1778.000,50000.000,-52.294,-963.706,50000.000,0
12551,-201.706,2002.118,50000.000,-7.471,-231.588,50000.000,0
12601,-343.647,1927.412,50001.000,-22.412,-1621.118,50000.000,0
12651,-104.588,2046.941,49999.000,-119.529,-2009.588,50000.000,0
12701,-336.176,2129.117,50000.000,-37.353,-784.412,50000.000,0
12751,-358.588,2211.294,50000.000,-119.529,-1598.706,50000.000,0
12801,-239.059,2375.647,50000.000,-119.529,-762.000,50000.000,0
12851,-268.941,2405.529,50000.000,-186.765,-1740.647,50000.000,0
12901,-336.176,2308.412,50000.000,37.353,-1665.941,50000.000,0
12951,-306.294,2076.823,50000.000,-29.882,-1606.176,50000.000,0
13001,-231.588,2061.882,50000.000,-343.647,-2315.882,50000.000,0
13051,-418.353,2121.647,50000.000,-156.882,-3070.412,50000.000,0
13101,-336.176,2002.118,50000.000,-291.353,-2032.000,50000.000,0
13151,-216.647,1957.294,50000.000,-134.471,-1030.941,50000.000,0
13201,-373.529,1830.294,50000.000,-313.765,-1964.765,50000.000,0
13251,-448.235,1613.647,50001.000,-336.176,-2517.588,50000.000,0
13301,-470.647,1404.470,49999.000,-298.824,-2046.941,50000.000,0
13351,-575.235,1247.588,50000.000,-7.471,-179.294,50000.000,0
13401,-635.000,986.118,50000.000,-515.471,-1464.235,50000.000,0
13451,-784.412,896.471,50000.000,-560.294,-1464.235,50000.000,0
13501,-762.000,597.647,50000.000,-164.353,-418.353,50000.000,0
13551,-806.823,336.176,50000.000,-493.059,-1307.353,50000.000,0
13601,-851.647,67.235,50000.000,-343.647,-851.647,50000.000,0
13651,-836.706,-7.471,50000.000,-799.353,-1374.588,50000.000,0
13701,-993.588,-254.000,50001.000,-1673.412,-2786.529,50000.000,0
13751,-956.235,-463.176,49999.000,-1299.882,-2196.353,50000.000,0
13801,-1060.823,-687.294,50000.000,-769.471,-1270.000,50000.000,0
13851,-1038.412,-933.823,50000.000,-918.882,-1307.353,50000.000,0
13901,-1195.294,-1083.235,50000.000,-1561.353,-2069.353,50000.000,0
13951,-1075.765,-1068.294,50000.000,-1128.059,-1464.235,50000.000,0
14001,-1016.000,-1240.118,50000.000,-889.000,-1143.000,50000.000,0
14051,-1225.176,-1591.235,50000.000,-724.647,-903.941,50000.000,0
14101,-1307.353,-1800.412,50000.000,-1456.765,-1837.765,50000.000,0
14151,-1322.294,-1964.765,50000.000,-1314.823,-1606.176,50000.000,0
14201,-1277.470,-1867.647,50001.000,-1098.176,-1277.470,50000.000,0
14251,-1113.118,-1763.059,49999.000,-164.353,-186.765,50000.000,0
14301,-1292.412,-1830.294,50000.000,-224.118,-239.059,50000.000,0
14351,-1240.118,-1695.823,50000.000,-74.706,-67.235,50000.000,0
14401,-1045.882,-1426.882,50000.000,-747.059,-941.294,50000.000,0
14451,-1023.471,-1247.588,50000.000,-1120.588,-1255.059,50000.000,0
14501,-1172.882,-1389.529,50000.000,-268.941,-291.353,50000.000,0
14551,-1128.059,-1344.706,50000.000,-896.471,-1001.059,50000.000,0
14601,-1128.059,-1120.588,50000.000,-343.647,-440.765,50000.000,0
14651,-1120.588,-926.353,50000.000,-911.412,-1016.000,50000.000,0
14701,-1225.176,-806.823,50000.000,-933.823,-918.882,50000.000,0
14751,-874.059,-575.235,50000.000,-1128.059,-1105.647,50000.000,0
14801,-1001.059,-597.647,50000.000,-926.353,-836.706,50000.000,0
14851,-1120.588,-545.353,50000.000,-993.588,-866.588,50000.000,0
14901,-881.529,-328.706,50000.000,-605.118,-478.118,50000.000,0
14951,-1083.235,-216.647,50000.000,-522.941,-403.412,50000.000,0
15001,-1202.765,-127.000,50000.000,0.000,0.000,50000.000,0
15051,-1143.000,-74.706,50000.000,0.000,0.000,50000.000,0
15101,-1202.765,37.353,50000.000,-664.882,-321.235,50000.000,0
15151,-1023.471,52.294,50000.000,-1157.941,-575.235,50000.000,0
15201,-1389.529,119.529,50000.000,-149.412,-74.706,50000.000,0
15251,-1337.235,201.706,50000.000,-500.529,-127.000,50001.000,0
15301,-1247.588,291.353,50000.000,-582.706,-141.941,50001.000,0
15351,-1150.470,321.235,50000.000,-7.471,-7.471,50000.000,0
15401,-1307.353,373.529,50000.000,-336.176,-7.471,50000.000,0
15451,-1389.529,500.529,50000.000,-1128.059,44.824,50000.000,0
15501,-1284.941,515.471,50000.000,-1232.647,224.118,50000.000,0
15551,-1284.941,455.706,50000.000,-1180.353,298.824,50000.000,0
15601,-1382.059,485.588,50001.000,-194.235,67.235,50000.000,0
15651,-1217.706,381.000,49999.000,-762.000,388.471,50000.000,0
15701,-1195.294,373.529,50000.000,-866.588,522.941,50000.000,0
15751,-1382.059,425.823,50000.000,-37.353,29.882,50000.000,0
15801,-1210.235,381.000,50000.000,-22.412,14.941,50000.000,0
15851,-1367.118,381.000,50000.000,-687.294,515.471,50000.000,0
15901,-1314.823,254.000,50000.000,-1038.412,806.823,50000.000,0
15951,-1344.706,268.941,50000.000,-963.706,776.941,50000.000,0
16001,-1367.118,194.235,50000.000,-156.882,119.529,50000.000,0
16051,-1397.000,127.000,50000.000,0.000,0.000,50000.000,0
16101,-1397.000,67.235,50000.000,-612.588,440.765,50000.000,0
16151,-1232.647,44.824,50000.000,-739.588,552.823,50000.000,0
16201,-1157.941,-29.882,50000.000,-179.294,104.588,50000.000,0
16251,-1105.647,7.471,50001.000,-978.647,649.941,50000.000,0
16301,-1135.529,-104.588,49999.000,-1008.529,635.000,50000.000,0
16351,-978.647,-82.176,50000.000,-1053.353,635.000,50000.000,0
16401,-948.765,-89.647,50000.000,-1001.059,522.941,50000.000,0
16451,-836.706,-224.118,50000.000,-328.706,149.412,50000.000,0
16501,-806.823,-209.176,50000.000,0.000,0.000,50000.000,0
16551,-836.706,-254.000,50000.000,0.000,0.000,50000.000,0
16601,-672.353,-261.471,50000.000,0.000,0.000,50000.000,0
16651,-672.353,-283.882,50000.000,0.000,7.471,50000.000,0
16701,-552.823,-246.529,50000.000,-134.471,-52.294,50000.000,0
16751,-500.529,-201.706,50001.000,-59.765,-29.882,50000.000,0
16801,-463.176,-194.235,49999.000,-493.059,-268.941,50000.000,0
16851,-388.471,-171.824,50000.000,-694.765,-425.823,50000.000,0
16901,-321.235,-149.412,50001.000,-395.941,-343.647,50000.000,0
16951,-395.941,-74.706,49999.000,-37.353,-37.353,50000.000,0
17001,-268.941,-82.176,50000.000,0.000,0.000,50000.000,0
17051,-261.471,0.000,50000.000,-37.353,-52.294,50000.000,0
17101,-268.941,-7.471,50000.000,-343.647,-537.882,50000.000,0
17151,-246.529,-22.412,50001.000,-97.118,-149.412,50000.000,0
17201,-201.706,37.353,49999.000,-59.765,-119.529,50000.000,0
17251,-194.235,74.706,50000.000,-52.294,-104.588,50000.000,0
17301,-216.647,134.471,50000.000,0.000,0.000,50000.000,0
17351,-239.059,194.235,50001.000,0.000,0.000,50000.000,0
17401,-224.118,231.588,49999.000,0.000,0.000,50000.000,0
17451,-283.882,306.294,50000.000,0.000,0.000,50000.000,0
17501,-291.353,321.235,50000.000,0.000,0.000,50000.000,0
17551,-268.941,283.882,50000.000,0.000,0.000,50000.000,0
17601,-216.647,254.000,50000.000,0.000,0.000,50000.000,0
17651,-201.706,231.588,50000.000,-44.824,-22.412,50000.000,0
17701,-149.412,134.471,50002.000,-246.529,-149.412,49999.000,0
17751,-246.529,224.118,50000.000,-261.471,-97.118,50000.000,0
17801,-313.765,231.588,49998.000,-291.353,-22.412,49999.000,0
17851,-298.824,186.765,50000.000,-306.294,29.882,50000.000,0
17901,-224.118,119.529,50000.000,-231.588,67.235,50000.000,0
17951,-231.588,82.176,50000.000,-186.765,67.235,50000.000,0
18001,-336.176,37.353,50000.000,-29.882,0.000,50000.000,0
18051,-373.529,22.412,50000.000,0.000,0.000,50000.000,0
18101,-343.647,-7.471,50000.000,0.000,0.000,50000.000,0
18151,-336.176,-82.176,50000.000,0.000,0.000,50000.000,0
18201,-328.706,-127.000,50000.000,0.000,0.000,50000.000,0
18251,-261.471,-171.824,50000.000,0.000,0.000,50000.000,0
18301,-298.824,-209.176,50000.000,0.000,0.000,50000.000,0
18351,-291.353,-224.118,50000.000,0.000,0.000,50000.000,0
18401,-254.000,-239.059,50000.000,0.000,0.000,50000.000,0
18451,-201.706,-246.529,50000.000,0.000,0.000,50000.000,0
18501,-201.706,-239.059,50001.000,0.000,0.000,50000.000,0
18551,-156.882,-239.059,49999.000,0.000,0.000,50000.000,0
18601,-134.471,-209.176,50000.000,0.000,0.000,50000.000,0
18651,-119.529,-194.235,50001.000,0.000,0.000,50000.000,0
18701,-67.235,-149.412,49999.000,0.000,0.000,50000.000,0
18751,-44.824,-97.118,50000.000,0.000,0.000,50000.000,0
18801,-22.412,-44.824,50000.000,0.000,0.000,50000.000,0
18851,7.471,-44.824,50000.000,0.000,0.000,50000.000,0
18901,14.941,-7.471,50000.000,0.000,0.000,50000.000,0
18951,14.941,7.471,50000.000,0.000,0.000,50000.000,0
19001,14.941,82.176,50000.000,0.000,0.000,50000.000,0
19051,89.647,112.059,50000.000,0.000,0.000,50000.000,0
19101,67.235,127.000,50000.000,0.000,0.000,50000.000,0
19151,52.294,104.588,50000.000,0.000,0.000,50000.000,0
19201,67.235,134.471,50000.000,0.000,0.000,50000.000,0
19251,89.647,156.882,50000.000,0.000,0.000,50000.000,0
19301,74.706,186.765,50000.000,0.000,0.000,50000.000,0
19351,119.529,194.235,50000.000,0.000,0.000,50000.000,0
19401,74.706,127.000,50000.000,0.000,0.000,50000.000,0
19451,89.647,119.529,50000.000,0.000,0.000,50000.000,0
19501,104.588,104.588,50000.000,0.000,0.000,50000.000,0
19551,89.647,89.647,50000.000,0.000,0.000,50000.000,0
19601,89.647,74.706,50000.000,0.000,0.000,50000.000,0
19651,67.235,29.882,50000.000,0.000,0.000,50000.000,0
19701,104.588,0.000,50000.000,0.000,0.000,50000.000,0
19751,82.176,-14.941,50001.000,0.000,0.000,50000.000,0
19801,89.647,-52.294,49999.000,0.000,0.000,50000.000,0
19851,134.471,-97.118,50000.000,0.000,0.000,50000.000,0
19901,149.412,-119.529,50000.000,0.000,0.000,50000.000,0
19951,149.412,-134.471,50000.000,0.000,0.000,50000.000,0
20001,171.824,-171.824,50000.000,0.000,0.000,50000.000,0
20051,127.000,-141.941,50001.000,0.000,0.000,50000.000,0
20101,194.235,-134.471,49999.000,0.000,0.000,50000.000,0
20151,194.235,-134.471,50000.000,0.000,0.000,50000.000,0
20201,179.294,-119.529,50000.000,74.706,22.412,50000.000,0
20251,82.176,-59.765,50000.000,156.882,-7.471,50000.000,0
20301,141.941,-37.353,50000.000,171.824,-29.882,50000.000,0
20351,164.353,-14.941,50000.000,179.294,-29.882,50000.000,0
20401,186.765,0.000,50000.000,186.765,-7.471,50000.000,0
20451,239.059,-29.882,50000.000,37.353,0.000,50000.000,0
20501,231.588,0.000,50000.000,0.000,0.000,50000.000,0
20551,224.118,59.765,50000.000,0.000,0.000,50000.000,0
20601,171.824,67.235,50000.000,0.000,0.000,50000.000,0
20651,171.824,74.706,50000.000,0.000,0.000,50000.000,0
20701,164.353,67.235,50000.000,0.000,0.000,50000.000,0
20751,179.294,67.235,50000.000,0.000,0.000,50000.000,0
20801,141.941,74.706,50000.000,0.000,0.000,50000.000,0
20851,156.882,82.176,50001.000,0.000,0.000,50000.000,0
20901,127.000,29.882,49999.000,0.000,0.000,50000.000,0
20951,149.412,37.353,50000.000,0.000,0.000,50000.000,0
21001,149.412,22.412,50000.000,0.000,0.000,50000.000,0
21051,97.118,14.941,50000.000,0.000,0.000,50000.000,0
21101,149.412,7.471,50000.000,0.000,0.000,50000.000,0
21151,164.353,-7.471,50000.000,0.000,0.000,50000.000,0
21201,134.471,-22.412,50001.000,0.000,0.000,50000.000,0
21251,104.588,-37.353,49999.000,0.000,0.000,50000.000,0
21301,104.588,-52.294,50000.000,0.000,0.000,50000.000,0
21351,127.000,-22.412,50000.000,0.000,0.000,50000.000,0
21401,104.588,-44.824,50001.000,0.000,0.000,50000.000,0
21451,112.059,-44.824,49999.000,0.000,0.000,50000.000,0
21501,97.118,-59.765,50000.000,0.000,0.000,50000.000,0
21551,104.588,-74.706,50000.000,0.000,0.000,50000.000,0
21601,104.588,-52.294,50001.000,0.000,0.000,50000.000,0
21651,119.529,-37.353,49999.000,0.000,0.000,50000.000,0
21701,119.529,-29.882,50000.000,0.000,0.000,50000.000,0
21751,127.000,-22.412,50001.000,0.000,0.000,50000.000,0
21801,89.647,-7.471,49999.000,0.000,0.000,50000.000,0
21851,112.059,0.000,50000.000,0.000,0.000,50000.000,0
21901,104.588,0.000,50000.000,0.000,0.000,50000.000,0
21951,89.647,37.353,50000.000,0.000,0.000,50000.000,0
22001,89.647,37.353,50000.000,0.000,0.000,50000.000,0
22051,52.294,37.353,50000.000,0.000,0.000,50000.000,0
22101,67.235,44.824,50000.000,0.000,0.000,50000.000,0
22151,67.235,44.824,50000.000,0.000,0.000,50000.000,0
22201,52.294,44.824,50000.000,0.000,0.000,50000.000,0
22251,37.353,22.412,50000.000,0.000,0.000,50000.000,0
22301,37.353,22.412,50000.000,0.000,0.000,50000.000,0
22351,22.412,7.471,50000.000,0.000,0.000,50000.000,0
22401,14.941,0.000,50000.000,0.000,0.000,50000.000,0
22451,7.471,0.000,50000.000,0.000,0.000,50000.000,0
22501,0.000,0.000,50000.000,0.000,0.000,50000.000,0
22551,7.471,-22.412,50000.000,0.000,0.000,50000.000,0
22601,14.941,-14.941,50000.000,0.000,0.000,50000.000,0
22651,7.471,-22.412,50000.000,0.000,0.000,50000.000,0
22701,0.000,-29.882,50000.000,0.000,0.000,50000.000,0
22751,14.941,-44.824,50000.000,0.000,0.000,50000.000,0
22801,0.000,-37.353,50000.000,0.000,0.000,50000.000,0
22851,0.000,-14.941,50000.000,0.000,0.000,50000.000,0
22901,0.000,-7.471,50000.000,0.000,0.000,50000.000,0
22951,-7.471,0.000,50000.000,0.000,0.000,50000.000,0
23001,0.000,0.000,50001.000,0.000,0.000,50000.000,0
23051,0.000,0.000,49999.000,0.000,0.000,50000.000,0
23101,0.000,7.471,50000.000,0.000,0.000,50000.000,0
23151,7.471,7.471,50000.000,0.000,0.000,50000.000,0
23201,0.000,7.471,50000.000,0.000,0.000,50000.000,0
23251,-7.471,14.941,50000.000,0.000,0.000,50000.000,0
23301,-22.412,22.412,50000.000,0.000,0.000,50000.000,0
23351,-22.412,7.471,50001.000,0.000,0.000,50000.000,0
23401,-37.353,29.882,49999.000,0.000,0.000,50000.000,0
23451,-14.941,14.941,50000.000,0.000,0.000,50000.000,0
23501,-22.412,7.471,50001.000,0.000,0.000,50000.000,0
23551,-14.941,7.471,49999.000,0.000,0.000,50000.000,0
23601,-14.941,0.000,50000.000,0.000,0.000,50000.000,0
23651,-7.471,14.941,50000.000,0.000,0.000,50000.000,0
23701,-22.412,0.000,50000.000,0.000,0.000,50000.000,0
23751,-22.412,7.471,50000.000,0.000,0.000,50000.000,0
23801,-29.882,0.000,50000.000,0.000,0.000,50000.000,0
23851,-14.941,-7.471,50000.000,0.000,0.000,50000.000,0
23901,-7.471,0.000,50000.000,0.000,0.000,50000.000,0
23951,-7.471,-7.471,50000.000,0.000,0.000,50000.000,0
24001,0.000,-7.471,50000.000,0.000,0.000,50000.000,0
24051,0.000,0.000,50001.000,0.000,0.000,50000.000,0
24101,0.000,0.000,49999.000,0.000,0.000,50000.000,0
24151,0.000,-7.471,50000.000,0.000,0.000,50000.000,0
24201,0.000,0.000,50001.000,0.000,0.000,50000.000,0
24251,0.000,0.000,49999.000,0.000,0.000,50000.000,0
24301,0.000,0.000,50000.000,0.000,0.000,50000.000,0
24351,0.000,0.000,50000.000,0.000,0.000,50000.000,0
24401,14.941,0.000,50000.000,0.000,0.000,50000.000,0
24451,7.471,0.000,50000.000,0.000,0.000,50000.000,0
24501,14.941,0.000,50000.000,0.000,0.000,50000.000,0
24551,7.471,-7.471,50000.000,0.000,0.000,50000.000,0
24601,7.471,0.000,50000.000,0.000,0.000,50000.000,0
24651,0.000,0.000,50000.000,0.000,0.000,50000.000,0
24701,7.471,-7.471,50000.000,0.000,0.000,50000.000,0
24751,7.471,0.000,50001.000,0.000,0.000,50000.000,0
24801,7.471,0.000,49999.000,0.000,0.000,50000.000,0
24851,14.941,0.000,50000.000,0.000,0.000,50000.000,0
24901,7.471,0.000,50000.000,0.000,0.000,50000.000,0
24951,22.412,-14.941,50001.000,0.000,0.000,50000.000,0
25001,22.412,-7.471,49999.000,0.000,0.000,50000.000,0
25051,0.000,0.000,50000.000,0.000,0.000,50000.000,0
25101,14.941,0.000,50000.000,0.000,0.000,50000.000,0
25151,7.471,0.000,50000.000,0.000,0.000,50000.000,0
25201,14.941,0.000,50000.000,0.000,0.000,50000.000,0
25251,14.941,7.471,50000.000,0.000,0.000,50000.000,0
25301,7.471,7.471,50000.000,0.000,0.000,50000.000,0
25351,0.000,0.000,50000.000,0.000,0.000,50000.000,0
25401,7.471,7.471,50000.000,0.000,0.000,50000.000,0
25451,7.471,0.000,50000.000,0.000,0.000,50000.000,0
25501,0.000,-7.471,50000.000,0.000,0.000,50000.000,0
25551,0.000,0.000,50000.000,0.000,0.000,50000.000,0
25601,7.471,-7.471,50000.000,0.000,0.000,50000.000,0
25651,0.000,-7.471,50001.000,0.000,0.000,50000.000,0
25701,0.000,0.000,49999.000,0.000,0.000,50000.000,0
25751,0.000,0.000,50000.000,0.000,0.000,50000.000,0
25801,0.000,0.000,50000.000,0.000,0.000,50000.000,0
25851,0.000,0.000,50000.000,0.000,0.000,50000.000,0
25901,0.000,0.000,50000.000,0.000,0.000,50000.000,0
25951,0.000,0.000,50000.000,0.000,0.000,50000.000,0
26001,0.000,0.000,50001.000,0.000,0.000,50000.000,0
26051,-14.941,0.000,49999.000,0.000,0.000,50000.000,0
26101,-14.941,0.000,50000.000,0.000,0.000,50000.000,0
26151,-7.471,0.000,50000.000,0.000,0.000,50000.000,0
26201,0.000,0.000,50000.000,0.000,0.000,50000.000,0
26251,-7.471,0.000,50000.000,0.000,0.000,50000.000,0
26301,0.000,0.000,50000.000,0.000,0.000,50000.000,0
26351,0.000,0.000,50000.000,0.000,0.000,50000.000,0
26401,0.000,-7.471,50001.000,0.000,0.000,50000.000,0
26451,-14.941,-7.471,49999.000,0.000,0.000,50000.000,0
26501,-7.471,-22.412,50000.000,0.000,0.000,50000.000,0
26551,7.471,-7.471,50000.000,0.000,0.000,50000.000,0
26601,7.471,-7.471,50000.000,0.000,0.000,50000.000,0
26651,0.000,0.000,50000.000,0.000,0.000,50000.000,0
26701,0.000,0.000,50000.000,0.000,0.000,50000.000,0
26751,0.000,0.000,50000.000,0.000,0.000,50000.000,0
26801,0.000,0.000,50000.000,0.000,0.000,50000.000,0
26851,0.000,0.000,50000.000,0.000,0.000,50000.000,0
26901,0.000,0.000,50000.000,0.000,0.000,50000.000,0
26951,0.000,0.000,50000.000,0.000,0.000,50000.000,0
27001,0.000,0.000,50000.000,0.000,0.000,50000.000,0
27051,0.000,7.471,50000.000,0.000,0.000,50000.000,0
27101,7.471,7.471,50001.000,0.000,0.000,50000.000,0
27151,0.000,7.471,49999.000,0.000,0.000,50000.000,0
27201,0.000,0.000,50000.000,0.000,0.000,50000.000,0
27251,0.000,0.000,50000.000,0.000,0.000,50000.000,0
27301,0.000,0.000,50000.000,0.000,0.000,50000.000,0
27351,0.000,0.000,50000.000,0.000,0.000,50000.000,0
27401,-5744.882,0.000,50000.000,0.000,0.000,50000.000,0
27451,5737.411,0.000,50000.000,0.000,0.000,50000.000,0
27501,-7.471,0.000,50001.000,0.000,0.000,50000.000,0
27551,0.000,0.000,49999.000,0.000,0.000,50000.000,0
27601,0.000,0.000,50000.000,0.000,0.000,50000.000,0
27651,0.000,-7.471,50000.000,0.000,0.000,50000.000,0
27701,0.000,-1680.882,50000.000,0.000,0.000,50000.000,0
27751,0.000,1673.412,50000.000,0.000,0.000,50000.000,0
27801,0.000,0.000,50000.000,0.000,0.000,50000.000,0
27851,0.000,0.000,50000.000,0.000,0.000,50000.000,0
27901,0.000,0.000,50001.000,0.000,0.000,50000.000,0
27951,-7.471,-7.471,49999.000,0.000,0.000,50000.000,0
28001,-7.471,-14.941,50000.000,0.000,0.000,50000.000,0
28051,0.000,0.000,50000.000,0.000,0.000,50000.000,0
28101,0.000,0.000,50000.000,0.000,0.000,50000.000,0
28151,0.000,0.000,50000.000,0.000,0.000,50000.000,0
28201,0.000,0.000,50000.000,0.000,0.000,50000.000,0
28251,0.000,0.000,50000.000,0.000,0.000,50000.000,0
28301,0.000,0.000,50000.000,0.000,0.000,50000.000,0
28351,0.000,0.000,50000.000,0.000,0.000,50000.000,0
28401,0.000,0.000,50000.000,0.000,0.000,50000.000,0
28451,0.000,0.000,50000.000,0.000,0.000,50000.000,0
28501,14.941,7.471,50000.000,0.000,0.000,50000.000,0
28551,14.941,0.000,50000.000,0.000,0.000,50000.000,0
28601,0.000,-14.941,50000.000,0.000,0.000,50000.000,0
28651,7.471,0.000,50001.000,0.000,0.000,50000.000,0
28701,14.941,0.000,49999.000,0.000,0.000,50000.000,0
28751,0.000,0.000,50000.000,0.000,0.000,50000.000,0
28801,0.000,0.000,50000.000,0.000,0.000,50000.000,0
28851,7.471,-7.471,50000.000,0.000,0.000,50000.000,0
28901,7.471,-7.471,50000.000,0.000,0.000,50000.000,0
28951,0.000,0.000,50000.000,0.000,0.000,50000.000,0
29001,14.941,0.000,50000.000,0.000,0.000,50000.000,0
29051,0.000,1673.412,50000.000,0.000,0.000,50000.000,0
29101,0.000,0.000,50000.000,0.000,0.000,50000.000,0
29151,0.000,0.000,50000.000,0.000,0.000,50000.000,0
29201,0.000,-7.471,50000.000,0.000,0.000,50000.000,0
29251,0.000,0.000,50000.000,0.000,0.000,50000.000,0
29301,7.471,0.000,50000.000,0.000,0.000,50000.000,0
29351,0.000,0.000,50000.000,0.000,0.000,50000.000,0
29401,0.000,1434.353,50000.000,0.000,0.000,50000.000,0
29451,0.000,0.000,50001.000,0.000,0.000,50000.000,0
29501,0.000,0.000,49999.000,0.000,0.000,50000.000,0
29551,0.000,-7.471,50000.000,0.000,0.000,50000.000,0
29601,14.941,-7.471,50000.000,0.000,0.000,50000.000,0
29651,0.000,0.000,50000.000,0.000,0.000,50000.000,0
29701,0.000,0.000,50000.000,0.000,0.000,50000.000,0
29751,0.000,0.000,50000.000,0.000,0.000,50000.000,0
29801,0.000,-1680.882,50001.000,0.000,0.000,50000.000,0
29851,0.000,-7.471,49999.000,0.000,0.000,50000.000,0
29901,0.000,0.000,50000.000,0.000,0.000,50000.000,0
29951,0.000,0.000,50000.000,0.000,0.000,50000.000,0
30001,0.000,0.000,50000.000,0.000,0.000,50000.000,0
30051,0.000,0.000,50000.000,0.000,0.000,50000.000,0
30101,7.471,-7.471,50000.000,0.000,0.000,50000.000,0
30151,0.000,0.000,50000.000,0.000,0.000,50000.000,0
30201,0.000,0.000,50000.000,0.000,0.000,50000.000,0
30251,0.000,0.000,50001.000,0.000,0.000,50000.000,0
30301,0.000,0.000,49999.000,0.000,0.000,50000.000,0
30351,0.000,0.000,50000.000,0.000,0.000,50000.000,0
30401,0.000,0.000,50000.000,0.000,0.000,50000.000,0
30451,0.000,0.000,50000.000,0.000,0.000,50000.000,0
30501,0.000,-1680.882,50000.000,0.000,0.000,50000.000,0
30551,0.000,-7.471,50000.000,0.000,0.000,50000.000,0
30601,0.000,1673.412,50000.000,0.000,0.000,50000.000,0
30651,0.000,0.000,50001.000,0.000,0.000,50000.000,0
30701,0.000,0.000,49999.000,0.000,0.000,50000.000,0
30751,0.000,0.000,50000.000,0.000,0.000,50000.000,0
30801,0.000,0.000,50000.000,0.000,0.000,50000.000,0
30851,7.471,0.000,50000.000,0.000,0.000,50000.000,0
30901,14.941,0.000,50000.000,0.000,0.000,50000.000,0
30951,7.471,0.000,50000.000,0.000,0.000,50000.000,0
31001,0.000,-7.471,50000.000,0.000,0.000,50000.000,0
31051,0.000,0.000,50001.000,0.000,0.000,50000.000,0
31101,0.000,0.000,49999.000,0.000,0.000,50000.000,0
31151,0.000,0.000,50000.000,0.000,0.000,50000.000,0
31201,0.000,0.000,50000.000,0.000,0.000,50000.000,0
31251,0.000,0.000,50000.000,0.000,0.000,50000.000,0
31301,0.000,7.471,50001.000,0.000,0.000,50000.000,0
31351,0.000,0.000,49999.000,0.000,0.000,50000.000,0
31401,0.000,0.000,50000.000,0.000,0.000,50000.000,0
31451,0.000,0.000,50000.000,0.000,0.000,50000.000,0
31501,0.000,0.000,50000.000,0.000,0.000,50000.000,0
31551,0.000,0.000,50000.000,0.000,0.000,50000.000,0
31601,0.000,0.000,50000.000,0.000,0.000,50000.000,0
31651,7.471,-7.471,50000.000,0.000,0.000,50000.000,0
31701,0.000,0.000,50000.000,0.000,0.000,50000.000,0
31751,0.000,-7.471,50000.000,0.000,0.000,50000.000,0
31801,0.000,0.000,50000.000,0.000,0.000,50000.000,0
31851,0.000,1673.412,50000.000,0.000,0.000,50000.000,0
31901,7.471,0.000,50000.000,0.000,0.000,50000.000,0
31951,0.000,0.000,50000.000,0.000,0.000,50000.000,0
32001,0.000,0.000,50000.000,0.000,0.000,50000.000,0
32051,0.000,0.000,50000.000,0.000,0.000,50000.000,0
32101,0.000,0.000,50000.000,0.000,0.000,50000.000,0
32151,0.000,0.000,50000.000,0.000,0.000,50000.000,0
32201,0.000,0.000,50000.000,0.000,0.000,50000.000,0
32251,0.000,0.000,50000.000,0.000,0.000,50000.000,0
32301,7.471,0.000,50000.000,0.000,0.000,50000.000,0
32351,0.000,0.000,50001.000,0.000,0.000,50000.000,0
32401,0.000,0.000,49999.000,0.000,0.000,50000.000,0
32451,0.000,0.000,50000.000,0.000,0.000,50000.000,0
32501,0.000,0.000,50000.000,0.000,0.000,50000.000,0
32551,0.000,0.000,50000.000,0.000,0.000,50000.000,0
32601,0.000,0.000,50000.000,0.000,0.000,50000.000,0
32651,7.471,7.471,50000.000,0.000,0.000,50000.000,0
32701,0.000,0.000,50000.000,0.000,0.000,50000.000,0
32751,7.471,0.000,50000.000,0.000,0.000,50000.000,0
32801,0.000,0.000,50000.000,0.000,0.000,50000.000,0
32851,0.000,0.000,50000.000,0.000,0.000,50000.000,0
32901,0.000,0.000,50000.000,0.000,0.000,50000.000,0
32951,0.000,0.000,50001.000,0.000,0.000,50000.000,0
33001,0.000,-7.471,49999.000,0.000,0.000,50000.000,0
33051,0.000,0.000,50000.000,0.000,0.000,50000.000,0
33101,0.000,0.000,50000.000,0.000,0.000,50000.000,0
33151,0.000,0.000,50000.000,0.000,0.000,50000.000,0
33201,0.000,0.000,50001.000,0.000,0.000,50000.000,0
33251,0.000,7.471,50000.000,0.000,0.000,50000.000,0
33301,0.000,0.000,49999.000,0.000,0.000,50000.000,0
33351,0.000,0.000,50000.000,0.000,0.000,50000.000,0
33401,7.471,0.000,50000.000,0.000,0.000,50000.000,0
33451,0.000,0.000,50000.000,0.000,0.000,50000.000,0
33501,0.000,0.000,50000.000,0.000,0.000,50000.000,0
33551,0.000,0.000,50000.000,0.000,0.000,50000.000,0
33601,0.000,0.000,50000.000,0.000,0.000,50000.000,0
33651,0.000,0.000,50000.000,0.000,0.000,50000.000,0
33701,0.000,0.000,50001.000,0.000,0.000,50000.000,0
33751,0.000,0.000,49999.000,0.000,0.000,50000.000,0
33801,0.000,-7.471,50000.000,0.000,0.000,50000.000,0
33851,0.000,0.000,50000.000,0.000,0.000,50000.000,0
33901,0.000,0.000,50000.000,0.000,0.000,50000.000,0
33951,0.000,-7.471,50000.000,0.000,0.000,50000.000,0
34001,0.000,0.000,50000.000,0.000,0.000,50000.000,0
34051,7.471,0.000,50000.000,0.000,0.000,50000.000,0
34101,0.000,0.000,50000.000,0.000,0.000,50000.000,0
34151,0.000,0.000,50000.000,0.000,0.000,50000.000,0
34201,0.000,0.000,50000.000,0.000,0.000,50000.000,0
34251,0.000,0.000,50000.000,0.000,0.000,50000.000,0
34301,0.000,0.000,50001.000,0.000,0.000,50000.000,0
34351,0.000,0.000,49999.000,0.000,0.000,50000.000,0
34401,0.000,0.000,50000.000,0.000,0.000,50000.000,0
34451,0.000,0.000,50000.000,0.000,0.000,50000.000,0
34501,7.471,0.000,50000.000,0.000,0.000,50000.000,0
34551,0.000,0.000,50000.000,0.000,0.000,50000.000,0
34601,0.000,0.000,50001.000,0.000,0.000,50000.000,0
34651,7.471,0.000,49999.000,0.000,0.000,50000.000,0
34701,0.000,0.000,50000.000,0.000,0.000,50000.000,0
34751,0.000,0.000,50000.000,0.000,0.000,50000.000,0
34801,0.000,0.000,50000.000,0.000,0.000,50000.000,0
34851,0.000,-7.471,50000.000,0.000,0.000,50000.000,0
34901,7.471,-7.471,50000.000,0.000,0.000,50000.000,0
34951,0.000,0.000,50000.000,0.000,0.000,50000.000,0
35001,0.000,-7.471,50000.000,0.000,0.000,50000.000,0
35051,0.000,0.000,50001.000,0.000,0.000,50000.000,0
35101,7.471,0.000,49999.000,0.000,0.000,50000.000,0
35151,0.000,0.000,50000.000,0.000,0.000,50000.000,0
35201,0.000,0.000,50000.000,0.000,0.000,50000.000,0
35251,0.000,0.000,50000.000,0.000,0.000,50000.000,0
35301,7.471,0.000,50000.000,0.000,0.000,50000.000,0
35351,0.000,0.000,50000.000,0.000,0.000,50000.000,0
35401,0.000,0.000,50000.000,0.000,0.000,50000.000,0
35451,0.000,0.000,50000.000,0.000,0.000,50000.000,0
35501,0.000,7.471,50000.000,0.000,0.000,50000.000,0
35551,7.471,7.471,50000.000,0.000,0.000,50000.000,0
35601,0.000,0.000,50000.000,0.000,0.000,50000.000,0
35651,0.000,0.000,50000.000,0.000,0.000,50000.000,0
35701,7.471,0.000,50000.000,0.000,0.000,50000.000,0
35751,0.000,-7.471,50000.000,0.000,0.000,50000.000,0
35801,0.000,-7.471,50000.000,0.000,0.000,50000.000,0
35851,0.000,0.000,50000.000,0.000,0.000,50000.000,0
35901,0.000,0.000,50000.000,0.000,0.000,50000.000,0
35951,0.000,0.000,50001.000,0.000,0.000,50000.000,0
36001,0.000,0.000,49999.000,0.000,0.000,50000.000,0
36051,0.000,0.000,50000.000,0.000,0.000,50000.000,0
36101,0.000,0.000,50000.000,0.000,0.000,50000.000,0
36151,7.471,0.000,50000.000,0.000,0.000,50000.000,0
36201,7.471,0.000,50000.000,0.000,0.000,50000.000,0
36251,0.000,7.471,50000.000,0.000,0.000,50000.000,0
36301,0.000,14.941,50000.000,0.000,0.000,50000.000,0
36351,7.471,7.471,50000.000,0.000,0.000,50000.000,0
36401,0.000,0.000,50000.000,0.000,0.000,50000.000,0
36451,0.000,0.000,50000.000,0.000,0.000,50000.000,0
36501,0.000,0.000,50000.000,0.000,0.000,50000.000,0
36551,0.000,0.000,50001.000,0.000,0.000,50000.000,0
36601,0.000,-7.471,50000.000,0.000,0.000,50000.000,0
36651,0.000,-7.471,49999.000,0.000,0.000,50000.000,0
36701,-7.471,-7.471,50000.000,0.000,0.000,50000.000,0
36751,0.000,-14.941,50000.000,0.000,0.000,50000.000,0
36801,0.000,0.000,50001.000,0.000,0.000,50000.000,0
36851,0.000,0.000,49999.000,0.000,0.000,50000.000,0
36901,0.000,0.000,50000.000,0.000,0.000,50000.000,0
36951,0.000,0.000,50000.000,0.000,0.000,50000.000,0
37001,0.000,0.000,50000.000,0.000,0.000,50000.000,0
37051,0.000,0.000,50000.000,0.000,0.000,50000.000,0
37101,0.000,0.000,50000.000,0.000,0.000,50000.000,0
37151,0.000,0.000,50000.000,0.000,0.000,50000.000,0
37201,0.000,0.000,50001.000,0.000,0.000,50000.000,0
37251,0.000,0.000,49999.000,0.000,0.000,50000.000,0
37301,0.000,7.471,50000.000,0.000,0.000,50000.000,0
37351,7.471,0.000,50000.000,0.000,0.000,50000.000,0
37401,0.000,0.000,50001.000,0.000,0.000,50000.000,0
37451,0.000,7.471,49999.000,0.000,0.000,50000.000,0
37501,0.000,0.000,50000.000,0.000,0.000,50000.000,0
37551,0.000,0.000,50000.000,0.000,0.000,50000.000,0
37601,0.000,0.000,50000.000,0.000,0.000,50000.000,0
37651,0.000,0.000,50000.000,0.000,0.000,50000.000,0
37701,0.000,0.000,50001.000,0.000,0.000,50000.000,0
37751,0.000,0.000,49999.000,0.000,0.000,50000.000,0
37801,7.471,0.000,50000.000,0.000,0.000,50000.000,0
37851,0.000,-29.882,50000.000,0.000,0.000,50000.000,0
37901,0.000,0.000,50000.000,0.000,0.000,50000.000,0
37951,14.941,-29.882,50000.000,0.000,0.000,50000.000,0
38001,14.941,-22.412,50000.000,0.000,0.000,50000.000,0
38051,0.000,-7.471,50000.000,0.000,0.000,50000.000,0
38101,0.000,0.000,50000.000,0.000,0.000,50000.000,0
38151,0.000,0.000,50001.000,0.000,0.000,50000.000,0
38201,0.000,-1680.882,49999.000,0.000,0.000,50000.000,0
38251,0.000,1673.412,50000.000,0.000,0.000,50000.000,0
38301,7.471,0.000,50000.000,0.000,0.000,50000.000,0
38351,14.941,0.000,50001.000,0.000,0.000,50000.000,0
38401,0.000,7.471,49999.000,0.000,0.000,50000.000,0
38451,7.471,0.000,50000.000,0.000,0.000,50000.000,0
38501,0.000,22.412,50000.000,0.000,0.000,50000.000,0
38551,0.000,22.412,50000.000,0.000,0.000,50000.000,0
38601,7.471,14.941,50000.000,0.000,0.000,50000.000,0
38651,7.471,7.471,50000.000,0.000,0.000,50000.000,0
38701,0.000,0.000,50000.000,0.000,0.000,50000.000,0
38751,-82.176,74.706,50000.000,0.000,0.000,50000.000,0
38801,-575.235,7.471,50000.000,0.000,0.000,50000.000,0
38851,-903.941,-104.588,50000.000,-52.294,67.235,50000.000,0
38901,-672.353,821.765,50000.000,-89.647,1651.000,50000.000,0
38951,-1628.588,1852.706,50000.000,-194.235,2106.706,50000.000,0
39001,-1628.588,-2293.470,50000.000,-2547.470,-2831.353,50000.000,0
39051,-2383.117,-5065.059,50000.000,-4407.647,-4415.117,50000.000,0
39101,-2420.470,-4459.941,50000.000,-3690.470,-2009.588,50000.000,0
39151,-2681.941,-1942.353,50000.000,-216.647,-134.471,50000.000,0
39201,-5266.764,799.353,50000.000,-500.529,209.176,50000.000,0
39251,-5685.117,-164.353,50000.000,-3824.941,941.294,50000.000,0
39301,-3212.353,-508.000,50000.000,-3406.588,-89.647,50000.000,0
39351,-2771.588,851.647,50000.000,-590.176,7.471,50000.000,0
39401,-3712.882,769.471,50000.000,-1135.529,-171.824,50000.000,0
39451,-2457.823,-1538.941,50000.000,-2868.706,-1942.353,50000.000,0
39501,-1763.059,-2704.353,50000.000,-896.471,-851.647,50000.000,0
39551,-2129.117,-2278.529,50000.000,-141.941,-127.000,50000.000,0
39601,-1979.706,-1314.823,50000.000,-52.294,-37.353,50000.000,0
39651,-1404.470,-254.000,50000.000,-328.706,-336.176,50000.000,0
39701,-1561.353,-620.059,50000.000,-283.882,-298.824,50000.000,0
39751,-2188.882,-1001.059,50000.000,0.000,0.000,50000.000,0
39801,-1927.412,-1389.529,50000.000,0.000,0.000,50000.000,0
39851,-1449.294,-1352.176,50000.000,-22.412,-14.941,50000.000,0
39901,-1060.823,-694.765,50000.000,-127.000,-89.647,50000.000,0
39951,-889.000,-762.000,50000.000,-231.588,-134.471,50000.000,0
40001,-903.941,14.941,50000.000,-254.000,-156.882,50000.000,0
40051,-612.588,963.706,50000.000,0.000,-59.765,50000.000,0
40101,149.412,986.118,50000.000,254.000,-567.765,50000.000,0
40151,1053.353,-313.765,50000.000,164.353,-298.824,50000.000,0
40201,1023.471,-1008.529,50000.000,0.000,0.000,50000.000,0
40251,1329.765,-649.941,50000.000,7.471,-14.941,50000.000,0
40301,1680.882,-7.471,50001.000,14.941,-22.412,50000.000,0
40351,1531.470,1083.235,49999.000,0.000,0.000,50000.000,0
40401,2188.882,1538.941,50000.000,52.294,-201.706,50000.000,0
40451,2405.529,829.235,50000.000,321.235,-1098.176,50000.000,0
40501,791.882,747.059,50000.000,448.235,-829.235,50000.000,0
40551,-74.706,1008.529,50000.000,321.235,186.765,50000.000,0
40601,119.529,209.176,50000.000,67.235,44.824,50000.000,0
40651,814.294,-500.529,50000.000,37.353,-201.706,50000.000,0
40701,933.823,-1098.176,50001.000,112.059,-806.823,50000.000,0
40751,739.588,-1912.470,49999.000,-127.000,-986.118,50000.000,0
40801,-82.176,-2054.412,50000.000,-313.765,-889.000,50000.000,0
40851,-418.353,-1695.823,50000.000,-164.353,-478.118,50000.000,0
40901,-164.353,-1494.118,50001.000,-545.353,-1083.235,50000.000,0
40951,-806.823,-694.765,50000.000,-1389.529,-1927.412,50000.000,0
41001,-2069.353,112.059,49999.000,-433.294,-209.176,50000.000,0
41051,-1740.647,-485.588,50000.000,-7.471,0.000,50000.000,0
41101,-784.412,-1135.529,50000.000,-7.471,-7.471,50000.000,0
41151,-926.353,-1090.706,50001.000,-874.059,-1202.765,50000.000,0
41201,-1314.823,-1449.294,49999.000,-1501.588,-1098.176,50000.000,0
41251,-1479.176,-1314.823,50000.000,-1673.412,-567.765,50000.000,0
41301,-978.647,-717.176,50000.000,-418.353,-366.059,50000.000,0
41351,-739.588,-1299.882,50000.000,-844.176,-179.294,50000.000,0
41401,-1404.470,-1441.823,50000.000,-1516.529,127.000,50000.000,0
41451,-866.588,-739.588,50000.000,-239.059,44.824,50000.000,0
41501,-582.706,-709.706,50000.000,-418.353,97.118,50000.000,0
41551,-1120.588,-522.941,50000.000,-433.294,425.823,50000.000,0
41601,-941.294,186.765,50000.000,-171.824,246.529,50000.000,0
41651,-522.941,268.941,50000.000,0.000,0.000,50000.000,0
41701,-515.471,74.706,50000.000,-254.000,-336.176,50000.000,0
41751,-112.059,-59.765,50001.000,-373.529,-717.176,50000.000,0
41801,-440.765,-82.176,50000.000,-261.471,-351.118,50000.000,0
41851,-1225.176,425.823,49999.000,-433.294,366.059,50000.000,0
41901,-1090.706,537.882,50000.000,-1105.647,254.000,50000.000,0
41951,-762.000,209.176,50001.000,-381.000,-156.882,50000.000,0
42001,-1187.823,-799.353,49999.000,-1374.588,-597.647,50000.000,0
42051,-1860.176,-1292.412,50000.000,-1964.765,-582.706,50000.000,0
42101,-1591.235,-440.765,50000.000,-1210.235,-635.000,50000.000,0
42151,-2002.118,-358.588,50000.000,-1359.647,-358.588,50000.000,0
42201,-2928.470,-791.882,50000.000,-3316.941,-104.588,50000.000,0
42251,-3257.176,-1068.294,50000.000,-627.529,7.471,50000.000,0
42301,-2906.059,-784.412,50000.000,-552.823,-179.294,50000.000,0
42351,-2719.294,-1075.765,50000.000,-2218.765,-679.823,50000.000,0
42401,-3145.117,-978.647,50000.000,-1598.706,-224.118,50000.000,0
42451,-2696.882,-836.706,50000.000,-1927.412,-141.941,50000.000,0
42501,-2054.412,-605.118,50000.000,-1710.765,-156.882,50000.000,0
42551,-1807.882,-246.529,50001.000,-1688.353,-119.529,50000.000,0
42601,-1284.941,-239.059,49999.000,-366.059,-44.824,50000.000,0
42651,-410.882,-530.412,50001.000,-29.882,-7.471,50000.000,0
42701,-82.176,-134.471,49999.000,-97.118,14.941,50000.000,0
42751,246.529,702.235,50000.000,0.000,0.000,50000.000,0
42801,605.118,1023.471,50000.000,0.000,0.000,50000.000,0
42851,276.412,508.000,50000.000,156.882,194.235,50000.000,0
42901,179.294,29.882,50001.000,433.294,448.235,50000.000,0
42951,851.647,-762.000,49999.000,37.353,14.941,50000.000,0
43001,821.765,-1270.000,50000.000,119.529,0.000,50000.000,0
43051,582.706,-724.647,50000.000,515.471,209.176,50000.000,0
43101,896.471,545.353,50000.000,978.647,0.000,50000.000,0
43151,575.235,1307.353,50000.000,956.235,201.706,50000.000,0
43201,-14.941,941.294,50000.000,425.823,552.823,50000.000,0
43251,-194.235,239.059,50000.000,-127.000,186.765,50000.000,0
43301,-328.706,-134.471,50000.000,-642.471,-328.706,50000.000,0
43351,-1113.118,-119.529,50000.000,-1113.118,-321.235,50000.000,0
43401,-1419.412,-276.412,50000.000,-1277.470,-261.471,50000.000,0
43451,-1411.941,-694.765,50000.000,-664.882,-224.118,50000.000,0
43501,-1792.941,-567.765,50000.000,-1710.765,-194.235,50000.000,0
43551,-2345.765,-29.882,50000.000,-1038.412,-7.471,50000.000,0
43601,-2442.882,224.118,50000.000,0.000,0.000,50000.000,0
43651,-2502.647,-7.471,50000.000,-395.941,-59.765,50000.000,0
43701,-2233.706,-552.823,50000.000,-366.059,-67.235,50000.000,0
43751,-2196.353,-597.647,50001.000,-1180.353,-224.118,50000.000,0
43801,-2413.000,-410.882,49999.000,-993.588,-194.235,50000.000,0
43851,-2278.529,-343.647,50000.000,0.000,0.000,50000.000,0
43901,-2166.470,-82.176,50000.000,-1314.823,-37.353,50000.000,0
43951,-2054.412,29.882,50000.000,-1075.765,-119.529,50000.000,0
44001,-1845.235,-59.765,50000.000,-1382.059,-291.353,50000.000,0
44051,-1606.176,-328.706,50000.000,-67.235,-22.412,50000.000,0
44101,-1441.823,-351.118,50000.000,-567.765,-179.294,50000.000,0
44151,-911.412,-283.882,50000.000,-366.059,-119.529,50000.000,0
44201,-679.823,-209.176,50000.000,-7.471,0.000,50000.000,0
44251,-896.471,37.353,50000.000,-112.059,29.882,50000.000,0
44301,-463.176,52.294,50000.000,-37.353,22.412,50000.000,0
44351,-44.824,-29.882,50000.000,0.000,0.000,50000.000,0
44401,-14.941,-268.941,50001.000,0.000,0.000,50000.000,0
44451,239.059,-89.647,49999.000,0.000,0.000,50000.000,0
44501,590.176,89.647,50000.000,74.706,29.882,50000.000,0
44551,388.471,89.647,50000.000,358.588,171.824,50000.000,0
44601,508.000,156.882,50000.000,29.882,14.941,50000.000,0
44651,971.176,156.882,50000.000,0.000,0.000,50000.000,0
44701,903.941,67.235,50000.000,425.823,67.235,50000.000,0
44751,1083.235,127.000,50000.000,739.588,74.706,50000.000,0
44801,1068.294,156.882,50000.000,22.412,7.471,50000.000,0
44851,889.000,22.412,50001.000,37.353,0.000,50000.000,0
44901,1030.941,-37.353,49999.000,806.823,0.000,50000.000,0
44951,1172.882,74.706,50000.000,896.471,74.706,50000.000,0
45001,1098.176,0.000,50001.000,395.941,112.059,50000.000,0
45051,1135.529,82.176,49999.000,1083.235,134.471,50000.000,0
45101,1441.823,67.235,50000.000,276.412,0.000,50000.000,0
45151,1359.647,224.118,50000.000,29.882,-7.471,50000.000,0
45201,1068.294,283.882,50000.000,14.941,0.000,50000.000,0
45251,1367.118,261.471,50000.000,866.588,164.353,50000.000,0
45301,1180.353,59.765,50000.000,418.353,22.412,50000.000,0
45351,1180.353,7.471,50000.000,754.529,97.118,50000.000,0
45401,1232.647,52.294,50000.000,351.118,29.882,50000.000,0
45451,1120.588,67.235,50000.000,336.176,7.471,50000.000,0
45501,1113.118,89.647,50001.000,231.588,59.765,50000.000,0
45551,702.235,74.706,49999.000,463.176,149.412,50000.000,0
45601,806.823,216.647,50000.000,7.471,0.000,50000.000,0
45651,836.706,-44.824,50000.000,74.706,0.000,50000.000,0
45701,762.000,-291.353,50001.000,0.000,0.000,50000.000,0
45751,769.471,59.765,49999.000,0.000,0.000,50000.000,0
45801,702.235,530.412,50000.000,37.353,14.941,50000.000,0
45851,433.294,418.353,50000.000,328.706,209.176,50000.000,0
45901,-14.941,127.000,50000.000,44.824,171.824,50000.000,0
45951,-291.353,97.118,50000.000,-239.059,-7.471,50000.000,0
46001,-605.118,0.000,50000.000,-649.941,-74.706,50000.000,0
46051,-896.471,-119.529,50000.000,-933.823,-59.765,50000.000,0
46101,-1113.118,-89.647,50000.000,-149.412,-7.471,50000.000,0
46151,-1389.529,0.000,50000.000,-74.706,-22.412,50000.000,0
46201,-1770.529,-194.235,50000.000,-291.353,0.000,50000.000,0
46251,-1606.176,-291.353,50000.000,-82.176,0.000,50000.000,0
46301,-1606.176,-635.000,50000.000,-889.000,-291.353,50000.000,0
46351,-1680.882,-694.765,50000.000,-1165.412,-276.412,50000.000,0
46401,-1680.882,-664.882,50000.000,-612.588,-112.059,50000.000,0
46451,-1113.118,-291.353,50000.000,0.000,0.000,50000.000,0
46501,-1583.765,-44.824,50000.000,-1105.647,-52.294,50000.000,0
46551,-2076.823,59.765,50000.000,-1023.471,14.941,50000.000,0
46601,-1785.470,-82.176,50000.000,-14.941,0.000,50000.000,0
46651,-2032.000,-702.235,50000.000,-127.000,-59.765,50000.000,1
46701,-1441.823,-754.529,50000.000,-1083.235,-448.235,50000.000,1
46751,-1262.529,-209.176,50000.000,-328.706,-89.647,50000.000,0
46801,-1964.765,29.882,50000.000,-590.176,-7.471,50000.000,0
46851,-1718.235,-14.941,50000.000,-7.471,0.000,50000.000,0
46901,-1524.000,-276.412,50000.000,-29.882,0.000,50000.000,0
46951,-1837.765,104.588,50000.000,-1098.176,22.412,50000.000,0
47001,-1404.470,149.412,50001.000,-1471.706,82.176,50000.000,0
47051,-1501.588,-59.765,49999.000,-1225.176,-29.882,50000.000,0
47101,-1232.647,-164.353,50000.000,-679.823,-134.471,50000.000,0
47151,-806.823,-67.235,50000.000,-388.471,-104.588,50000.000,0
47201,-694.765,-209.176,50000.000,-343.647,-149.412,50000.000,0
47251,-455.706,-44.824,50000.000,-814.294,-283.882,50000.000,0
47301,-418.353,52.294,50000.000,-567.765,-22.412,50000.000,0
47351,-388.471,37.353,50000.000,-336.176,44.824,50000.000,0
47401,-216.647,-119.529,50000.000,-313.765,22.412,50000.000,0
47451,-67.235,-22.412,50000.000,-141.941,22.412,50000.000,0
47501,59.765,52.294,50000.000,127.000,14.941,50000.000,0
47551,298.824,-52.294,50000.000,298.824,29.882,50000.000,0
47601,328.706,-67.235,50000.000,493.059,22.412,50000.000,0
47651,575.235,22.412,50000.000,844.176,0.000,50000.000,0
47701,784.412,67.235,50000.000,993.588,74.706,50000.000,0
47751,866.588,156.882,50000.000,1023.471,231.588,50000.000,0
47801,986.118,216.647,50000.000,762.000,127.000,50000.000,0
47851,1098.176,89.647,50000.000,874.059,141.941,50000.000,0
47901,1441.823,59.765,50000.000,1307.353,179.294,50000.000,0
47951,1479.176,97.118,50000.000,1837.765,410.882,50000.000,0
48001,1688.353,156.882,50000.000,2017.059,298.824,50000.000,0
48051,1867.647,209.176,50000.000,1277.470,97.118,50000.000,0
48101,1695.823,37.353,50000.000,261.471,22.412,50000.000,0
48151,1426.882,149.412,50000.000,82.176,14.941,50000.000,0
48201,1561.353,201.706,50000.000,381.000,59.765,50000.000,0
48251,1621.118,82.176,50000.000,1479.176,254.000,50000.000,0
48301,1651.000,283.882,50000.000,351.118,97.118,50000.000,0
48351,1307.353,171.824,50000.000,1344.706,537.882,50000.000,0
48401,1792.941,313.765,50000.000,1994.647,418.353,50000.000,0
48451,2689.412,112.059,50000.000,978.647,82.176,50000.000,0
48501,3847.353,0.000,50000.000,1426.882,89.647,50000.000,0
48551,4572.000,276.412,50000.000,3443.941,321.235,50000.000,0
48601,4885.764,799.353,50000.000,1367.118,156.882,50000.000,0
48651,5670.176,747.059,50000.000,1509.059,231.588,50000.000,0
48701,6491.941,926.353,50000.000,4034.117,784.412,50000.000,0
48751,6887.882,1016.000,50000.000,239.059,44.824,50000.000,0
48801,9076.764,911.412,50000.000,2846.294,156.882,50000.000,0
48851,9285.940,1411.941,50000.000,9495.117,1456.765,50000.000,0
48901,8882.529,1755.588,50000.000,7649.882,1561.353,50000.000,0
48951,10391.588,2390.588,50000.000,4310.529,537.882,50000.000,0
49001,11997.764,1860.176,50000.000,6469.529,791.882,50000.000,0
49051,14731.999,2988.235,50000.000,9928.411,1247.588,50002.000,0
49101,16345.646,4467.412,50000.000,13947.587,1830.294,50000.000,0
49151,15934.764,2674.470,50000.000,16293.352,1382.059,50000.000,0
49201,16681.822,3503.706,50000.000,16696.764,1023.471,50000.000,0
49251,18220.764,6925.235,50000.000,17130.059,1060.823,50000.000,0
49301,17682.881,5692.588,50001.000,10399.059,343.647,50000.000,0
49351,18683.939,3832.412,49999.000,11026.588,156.882,50000.000,0
49401,20387.234,4377.765,50000.000,13917.705,418.353,50000.000,0
49451,19094.822,3204.882,50000.000,9323.294,231.588,50000.000,0
49501,18885.646,1785.470,50000.000,7672.293,156.882,50000.000,0
49551,18870.705,1845.235,50000.000,11026.588,403.412,50000.000,0
49601,16719.176,1538.941,50000.000,20648.705,1374.588,50000.000,0
49651,15038.293,762.000,50000.000,19221.822,2099.235,50000.000,0
49701,16771.469,776.941,50000.000,15344.587,2502.647,50000.000,0
49751,17384.059,455.706,50000.000,18444.881,2413.000,50000.000,0
49801,15247.470,67.235,50000.000,16435.293,1292.412,50000.000,0
49851,12109.822,493.059,50000.000,10996.705,1001.059,50000.000,0
49901,10003.117,1307.353,50000.000,10809.940,1538.941,50000.000,0
49951,8247.529,1322.294,50000.000,8262.470,791.882,50000.000,0
50001,6335.059,679.823,50000.000,2002.118,59.765,50000.000,0
50051,3690.470,1016.000,50000.000,597.647,0.000,50000.000,0
50101,2076.823,1389.529,50000.000,1770.529,-724.647,50000.000,0
50151,702.235,298.824,50000.000,567.765,-1023.471,50000.000,0
50201,-313.765,-612.588,50000.000,-582.706,-1143.000,50000.000,0
50251,-889.000,-732.118,50000.000,-313.765,-298.824,50000.000,0
50301,-821.765,-358.588,50000.000,-493.059,-485.588,50000.000,0
50351,-664.882,-836.706,50000.000,-903.941,-1613.647,50000.000,0
50401,-328.706,-1419.412,50000.000,-963.706,-1845.235,50000.000,0
50451,-201.706,-1479.176,50000.000,-1030.941,-2099.235,50000.000,0
50501,-179.294,-903.941,50000.000,-560.294,-1150.470,50000.000,0
50551,-14.941,-1038.412,50000.000,-343.647,-1718.235,50000.000,0
50601,254.000,-1800.412,50000.000,-373.529,-1434.353,50000.000,0
50651,231.588,-986.118,50001.000,-59.765,-440.765,50000.000,0
50701,313.765,59.765,49999.000,373.529,-694.765,50000.000,0
50751,649.941,358.588,50000.000,321.235,-381.000,50000.000,0
50801,1180.353,37.353,50000.000,440.765,-537.882,50000.000,0
50851,1710.765,-119.529,50000.000,470.647,-403.412,50000.000,0
50901,2166.470,-373.529,50000.000,1628.588,-881.529,50000.000,0
50951,2188.882,-448.235,50000.000,1299.882,-537.882,50000.000,0
51001,2846.294,-291.353,50000.000,702.235,-67.235,50000.000,0
51051,2891.117,239.059,50000.000,724.647,-7.471,50000.000,0
51101,3100.294,0.000,50000.000,1157.941,-59.765,50000.000,0
51151,3458.882,97.118,50000.000,1807.882,-22.412,50000.000,0
51201,3436.470,29.882,50000.000,1994.647,37.353,50000.000,0
51251,3705.412,216.647,50000.000,1225.176,59.765,50000.000,0
51301,3152.588,926.353,50000.000,2144.059,141.941,50000.000,0
51351,3996.764,508.000,50000.000,395.941,44.824,50000.000,0
51401,4407.647,-149.412,50000.000,836.706,14.941,50000.000,0
51451,4303.059,141.941,50000.000,1800.412,104.588,50000.000,0
51501,4273.176,291.353,50002.000,2577.353,134.471,50000.000,0
51551,3937.000,418.353,50000.000,470.647,7.471,49999.000,0
51601,3727.823,612.588,49998.000,134.471,0.000,49999.000,0
51651,2696.882,679.823,50000.000,7.471,0.000,50000.000,0
51701,2188.882,1464.235,50000.000,164.353,-29.882,50000.000,0
51751,948.765,1195.294,50000.000,859.118,74.706,50000.000,0
51801,-1419.412,268.941,50000.000,-866.588,724.647,50000.000,0
51851,-3824.941,-679.823,50000.000,-1016.000,463.176,50000.000,0
51901,-6043.706,-1023.471,50000.000,-2637.117,283.882,50000.000,0
51951,-9300.882,-627.529,50000.000,-7403.353,963.706,50000.000,0
52001,-11669.058,44.824,50000.000,-5737.411,463.176,50000.000,0
52051,-12012.705,-627.529,50000.000,-5109.882,-164.353,50000.000,0
52101,-11601.822,-254.000,50001.000,-5916.706,-410.882,50000.000,0
52151,-11982.822,-754.529,49999.000,-4982.882,-545.353,50000.000,0
52201,-11960.411,-1486.647,50000.000,-11258.176,-1172.882,50000.000,0
52251,-11788.588,-836.706,50000.000,-8030.882,-276.412,50000.000,0
52301,-11952.940,-717.176,50000.000,-11691.470,-171.824,50000.000,0
52351,-10406.528,-1202.765,50001.000,-12296.588,-1157.941,50000.000,0
52401,-8202.705,-1105.647,49999.000,-10630.646,-1613.647,50000.000,0
52451,-8090.646,-44.824,50000.000,-7799.293,-709.706,50000.000,0
52501,-6394.823,239.059,50000.000,-6320.117,-672.353,50000.000,0
52551,-3683.000,44.824,50001.000,-4362.823,-1382.059,50000.000,0
52601,-1150.470,388.471,49999.000,-1180.353,-724.647,50000.000,0
52651,552.823,1060.823,50000.000,418.353,-403.412,50000.000,0
52701,2427.941,709.706,50000.000,2540.000,-500.529,50000.000,0
52751,4743.823,97.118,50000.000,4803.588,-537.882,50000.000,0
52801,6402.293,-59.765,50000.000,6409.764,-283.882,50000.000,0
52851,7664.823,306.294,50000.000,5289.176,343.647,50000.000,0
52901,8352.117,1434.353,50000.000,9256.059,515.471,50000.000,0
52951,9405.470,3122.706,50000.000,8449.234,179.294,50000.000,0
53001,10682.940,3062.941,50000.000,10130.117,-29.882,50000.000,0
53051,11138.646,1845.235,50000.000,10115.176,224.118,50000.000,0
53101,10301.940,2061.882,50000.000,4542.117,567.765,50000.000,0
53151,11579.411,1553.882,50000.000,4833.470,343.647,50000.000,0
53201,12147.176,926.353,50000.000,5423.646,-74.706,50000.000,0
53251,10780.058,1329.765,50000.000,5401.235,276.412,50000.000,0
53301,11116.234,1397.000,50000.000,6073.588,440.765,50000.000,0
53351,11975.353,156.882,50000.000,3937.000,268.941,50000.000,0
53401,12281.646,298.824,50000.000,7634.940,747.059,50000.000,0
53451,12543.117,649.941,50000.000,4699.000,493.059,50000.000,0
53501,11422.528,889.000,50001.000,2517.588,209.176,50000.000,0
53551,9659.470,1232.647,49999.000,3787.588,186.765,50000.000,0
53601,8269.940,620.059,50000.000,2487.706,59.765,50000.000,0
53651,6454.588,-440.765,50000.000,530.412,-29.882,50000.000,0
53701,3974.353,-425.823,50000.000,493.059,0.000,50000.000,0
53751,1479.176,-1113.118,50000.000,0.000,0.000,50000.000,0
53801,-186.765,-1852.706,50000.000,0.000,0.000,50000.000,0
53851,-2173.941,-1426.882,50000.000,-1382.059,112.059,50000.000,0
53901,-4601.882,-941.294,50001.000,-978.647,82.176,50000.000,0
53951,-6170.706,-1934.882,49999.000,-82.176,-14.941,50000.000,0
54001,-7709.646,-1957.294,50000.000,-2345.765,-44.824,50000.000,0
54051,-10540.999,-1150.470,50000.000,-1994.647,0.000,50000.000,0
54101,-12102.353,-1337.235,50000.000,-4684.059,-171.824,50000.000,0
54151,-11504.705,-1030.941,50000.000,-6805.706,-709.706,50000.000,0
54201,-12184.528,-179.294,50000.000,-7224.058,-1299.882,50000.000,0
54251,-12206.940,44.824,50000.000,-6454.588,-956.235,50000.000,0
54301,-12416.117,-224.118,50000.000,-9158.940,-306.294,50000.000,0
54351,-12341.411,-1016.000,50000.000,-6223.000,112.059,50000.000,0
54401,-10384.117,-2315.882,50000.000,-7052.235,-664.882,50000.000,0
54451,-8979.646,-1464.235,50000.000,-6499.411,-545.353,50000.000,0
54501,-8718.176,231.588,50000.000,-6663.764,-14.941,50000.000,0
54551,-7253.941,784.412,50000.000,-7179.235,-433.294,50000.000,0
54601,-6058.646,-201.706,50000.000,-5632.823,-859.118,50000.000,0
54651,-4318.000,-754.529,50000.000,-2943.412,-216.647,50000.000,0
54701,-2547.470,-493.059,50000.000,-3257.176,-246.529,50000.000,0
54751,-1367.118,-687.294,50001.000,-2009.588,-732.118,50000.000,0
54801,-224.118,-22.412,49999.000,-575.235,-201.706,50000.000,0
54851,433.294,530.412,50000.000,799.353,224.118,50000.000,0
54901,1165.412,134.471,50000.000,1553.882,306.294,50000.000,0
54951,1740.647,-478.118,50000.000,2136.588,22.412,50000.000,0
55001,2659.529,-313.765,50000.000,2801.470,149.412,50000.000,0
55051,3414.059,186.765,50000.000,2487.706,141.941,50000.000,0
55101,3675.529,575.235,50000.000,3503.706,194.235,50000.000,0
55151,4026.647,896.471,50000.000,3033.059,470.647,50000.000,0
55201,4609.353,515.471,50000.000,4594.412,410.882,50000.000,0
55251,5080.000,283.882,50000.000,4273.176,321.235,50000.000,0
55301,4803.588,171.824,50000.000,4034.117,381.000,50000.000,0
55351,4975.412,254.000,50000.000,1942.353,156.882,50000.000,0
55401,4318.000,493.059,50000.000,664.882,89.647,50000.000,0
55451,3951.941,321.235,50001.000,1606.176,171.824,50000.000,0
55501,3735.294,44.824,49999.000,403.412,37.353,50000.000,0
55551,2667.000,127.000,50000.000,1882.588,298.824,50000.000,0
55601,2263.588,448.235,50000.000,1546.412,246.529,50000.000,0
55651,1553.882,328.706,50001.000,649.941,127.000,50000.000,0
55701,963.706,104.588,49999.000,537.882,171.824,50000.000,0
55751,127.000,37.353,50000.000,179.294,82.176,50000.000,0
55801,-179.294,0.000,50000.000,-351.118,-425.823,50000.000,0
55851,-739.588,224.118,50000.000,-500.529,-268.941,50000.000,0
55901,-1255.059,-89.647,50000.000,-254.000,-7.471,50000.000,0
55951,-1449.294,-709.706,50000.000,-1090.706,-97.118,50000.000,0
56001,-1807.882,-948.765,50000.000,-1441.823,-493.059,50000.000,0
56051,-2360.706,44.824,50000.000,-612.588,149.412,50000.000,0
56101,-2659.529,74.706,50000.000,-343.647,149.412,50000.000,0
56151,-2151.529,-560.294,50000.000,-1419.412,-478.118,50000.000,0
56201,-2368.176,-1389.529,50000.000,-2039.470,-963.706,50000.000,0
56251,-2980.764,-433.294,50000.000,-605.118,-134.471,50000.000,0
56301,-3429.000,-261.471,50000.000,-2091.765,-358.588,50000.000,0
56351,-3145.117,-358.588,50000.000,-3675.529,-612.588,50000.000,0
56401,-3152.588,231.588,50000.000,-2420.470,-22.412,50000.000,0
56451,-3712.882,149.412,50000.000,-2248.647,-186.765,50000.000,0
56501,-3384.176,-216.647,50000.000,-3922.059,-246.529,50000.000,0
56551,-3414.059,-74.706,50001.000,-3279.588,-74.706,50000.000,0
56601,-3122.706,0.000,49999.000,-3085.353,-127.000,50000.000,0
56651,-2427.941,-1098.176,50000.000,-3324.412,-627.529,50000.000,0
56701,-2114.176,-963.706,50000.000,-2801.470,-194.235,50000.000,0
56751,-2084.294,-59.765,50000.000,-1404.470,164.353,50000.000,0
56801,-1322.294,67.235,50001.000,-1456.765,-89.647,50000.000,0
56851,-829.235,-500.529,49999.000,-1352.176,-485.588,50000.000,0
56901,-425.823,-246.529,50000.000,-791.882,-59.765,50000.000,0
56951,-261.471,-22.412,50000.000,-112.059,59.765,50000.000,0
57001,254.000,-89.647,50000.000,44.824,-149.412,50000.000,0
57051,336.176,171.824,50000.000,403.412,201.706,50000.000,0
57101,448.235,358.588,50000.000,859.118,59.765,50000.000,0
57151,679.823,104.588,50000.000,679.823,14.941,50000.000,0
57201,537.882,-52.294,50000.000,791.882,246.529,50000.000,0
57251,627.529,141.941,50000.000,1060.823,201.706,50000.000,0
57301,896.471,119.529,50000.000,948.765,-37.353,50000.000,0
57351,933.823,112.059,50000.000,791.882,89.647,50000.000,0
57401,717.176,224.118,50000.000,993.588,358.588,50000.000,0
57451,739.588,179.294,50001.000,1098.176,321.235,50000.000,0
57501,1075.765,74.706,49999.000,1292.412,261.471,50000.000,0
57551,1367.118,-149.412,50000.000,1479.176,67.235,50000.000,0
57601,1397.000,52.294,50001.000,1509.059,358.588,50000.000,0
57651,1583.765,209.176,49999.000,1292.412,425.823,50000.000,0
57701,1919.941,-313.765,50001.000,1957.294,351.118,50000.000,0
57751,2525.059,-224.118,49999.000,2495.176,97.118,50000.000,0
57801,2487.706,395.941,50000.000,1232.647,7.471,50000.000,0
57851,2218.765,717.176,50000.000,194.235,7.471,50000.000,0
57901,2039.470,291.353,50000.000,164.353,0.000,50000.000,0
57951,1583.765,-67.235,50000.000,1389.529,-67.235,50000.000,0
58001,1486.647,22.412,50000.000,709.706,14.941,50000.000,0
58051,896.471,141.941,50000.000,1075.765,156.882,50000.000,0
58101,859.118,14.941,50000.000,1165.412,194.235,50000.000,0
58151,836.706,-321.235,50000.000,911.412,52.294,50000.000,0
58201,1038.412,0.000,50000.000,141.941,-7.471,50000.000,0
58251,1045.882,82.176,50000.000,0.000,0.000,50000.000,0
58301,1247.588,-239.059,50000.000,0.000,0.000,50000.000,0
58351,1651.000,-127.000,50001.000,7.471,0.000,50000.000,0
58401,2398.059,-67.235,49999.000,1389.529,-485.588,50000.000,0
58451,3040.529,141.941,50000.000,963.706,-351.118,50000.000,0
58501,3832.412,-22.412,50000.000,1270.000,-508.000,50000.000,0
58551,4870.823,149.412,50000.000,3488.764,-1068.294,50000.000,0
58601,5207.000,89.647,50000.000,3414.059,-948.765,50000.000,0
58651,5640.294,597.647,50000.000,3257.176,-410.882,50000.000,0
58701,5490.882,493.059,50000.000,2211.294,-179.294,50000.000,0
58751,6731.000,-44.824,50000.000,3167.529,-403.412,50000.000,0
58801,6783.293,59.765,50001.000,5192.059,-134.471,50000.000,0
58851,6731.000,261.471,49999.000,5221.941,-127.000,50000.000,0
58901,7425.764,978.647,50000.000,5094.941,-291.353,50000.000,0
58951,7246.470,1068.294,50000.000,3085.353,-268.941,50000.000,0
59001,7627.470,1815.353,50000.000,5976.470,0.000,50000.000,0
59051,7732.058,1748.118,50001.000,8456.705,485.588,50000.000,0
59101,8531.411,918.882,49999.000,7709.646,366.059,50000.000,0
59151,8516.470,799.353,50000.000,7104.529,216.647,50000.000,0
59201,8755.529,986.118,50000.000,6432.176,485.588,50000.000,0
59251,8105.588,664.882,50000.000,3907.117,268.941,50000.000,0
59301,7851.588,814.294,50000.000,2084.294,127.000,50000.000,0
59351,7082.117,2069.353,50000.000,1359.647,119.529,50000.000,0
59401,6282.764,3264.647,50000.000,1210.235,201.706,50000.000,0
59451,4766.235,1919.941,50000.000,732.118,104.588,50000.000,0
59501,2801.470,89.647,50001.000,7.471,0.000,50000.000,0
59551,522.941,224.118,49999.000,0.000,0.000,50000.000,0
59601,-2046.941,537.882,50000.000,-799.353,321.235,50000.000,0
59651,-4198.470,-784.412,50000.000,-1964.765,291.353,50000.000,0
59701,-6163.235,-455.706,50000.000,-1643.529,44.824,50000.000,0
59751,-9719.234,-508.000,50000.000,-1045.882,22.412,50000.000,0
59801,-11788.588,-709.706,50000.000,-694.765,7.471,50000.000,0
59851,-13574.058,-1598.706,50000.000,-1008.529,-14.941,50000.000,0
59901,-16614.588,-1157.941,50001.000,-6282.764,-7.471,50000.000,0
59951,-18721.293,-1643.529,50000.000,-14082.058,14.941,50000.000,0
