timestamp[ms],left_dx[um],left_dy[um],left_dt[us],right_dx[um],right_dy[um],right_dt[us],waterPin
0,0.000,0.000,50153.000,0.000,0.000,50153.000,0
51,156.882,-1927.412,50000.000,0.000,0.000,50000.000,0
101,59.765,-2188.882,50000.000,0.000,0.000,50000.000,0
151,-82.176,-2248.647,50000.000,0.000,0.000,50000.000,0
201,-351.118,-1845.235,50000.000,0.000,7.471,50000.000,0
251,-485.588,-1143.000,50000.000,-37.353,127.000,50000.000,0
301,-687.294,-732.118,50000.000,-67.235,410.882,50000.000,0
351,-649.941,-14.941,50000.000,-186.765,1120.588,50000.000,0
401,-635.000,567.765,50000.000,-89.647,522.941,50000.000,0
451,-649.941,1172.882,50000.000,-44.824,552.823,50000.000,0
501,-381.000,1434.353,50000.000,7.471,1255.059,50000.000,0
551,-239.059,1740.647,50000.000,44.824,448.235,50000.000,0
601,-119.529,1800.412,50000.000,0.000,0.000,50000.000,0
651,-29.882,1247.588,50000.000,0.000,-22.412,50000.000,0
701,224.118,784.412,50000.000,29.882,-836.706,50000.000,0
751,351.118,448.235,50000.000,82.176,-993.588,50000.000,0
801,306.294,14.941,50000.000,-7.471,-440.765,50000.000,0
851,358.588,-500.529,50000.000,-22.412,-694.765,50000.000,0
901,254.000,-903.941,50000.000,-82.176,-821.765,50000.000,0
951,141.941,-1262.529,50000.000,0.000,0.000,50000.000,0
1001,-104.588,-1553.882,50000.000,-22.412,0.000,50000.000,0
1051,-104.588,-1426.882,50000.000,-74.706,-14.941,50000.000,0
1101,-470.647,-1337.235,50000.000,-134.471,209.176,50000.000,0
1151,-679.823,-963.706,50000.000,-463.176,1143.000,50000.000,0
1201,-739.588,-605.118,50000.000,-186.765,717.176,50000.000,0
1251,-635.000,-82.176,50000.000,-134.471,679.823,50000.000,0
1301,-687.294,343.647,50000.000,-171.824,1516.529,50000.000,0
1351,-769.471,941.294,50000.000,-44.824,971.176,50000.000,0
1401,-567.765,1210.235,50000.000,-44.824,455.706,50000.000,0
1451,-313.765,1172.882,50000.000,14.941,433.294,50000.000,0
1501,-44.824,1374.588,50000.000,112.059,52.294,50000.000,0
1551,-7.471,1240.118,50000.000,104.588,-381.000,50000.000,0
1601,67.235,762.000,50000.000,59.765,-388.471,50000.000,0
1651,343.647,440.765,50000.000,29.882,-522.941,50000.000,0
1701,358.588,44.824,50000.000,22.412,-1830.294,50000.000,0
1751,410.882,-358.588,50000.000,22.412,-1128.059,50000.000,0
1801,343.647,-687.294,50000.000,-7.471,-112.059,50000.000,0
1851,201.706,-948.765,50000.000,-37.353,-231.588,50000.000,0
1901,14.941,-1195.294,50000.000,-179.294,-635.000,50000.000,0
1951,-201.706,-1165.412,50000.000,-7.471,-7.471,50000.000,0
2001,-313.765,-956.235,50000.000,0.000,0.000,50000.000,0
2051,-582.706,-769.471,50000.000,-29.882,59.765,50000.000,0
2101,-724.647,-410.882,50000.000,-89.647,224.118,50000.000,0
2151,-732.118,-14.941,50000.000,-22.412,141.941,50000.000,0
2201,-694.765,366.059,50000.000,-141.941,1098.176,50000.000,0
2251,-560.294,672.353,50000.000,-156.882,1822.823,50000.000,0
2301,-358.588,694.765,50000.000,-59.765,918.882,50000.000,0
2351,-276.412,806.823,50000.000,-7.471,29.882,50000.000,0
2401,-97.118,926.353,50000.000,0.000,0.000,50000.000,0
2451,74.706,687.294,50000.000,0.000,-67.235,50000.000,0
2501,261.471,455.706,50000.000,52.294,-1008.529,50000.000,0
2551,313.765,209.176,50000.000,119.529,-1949.823,50000.000,0
2601,328.706,-67.235,50000.000,52.294,-806.823,50000.000,0
2651,343.647,-313.765,50000.000,7.471,-44.824,50000.000,0
2701,306.294,-635.000,50000.000,-7.471,-194.235,50000.000,0
2751,216.647,-732.118,50000.000,-7.471,-134.471,50000.000,0
2801,67.235,-874.059,50000.000,0.000,0.000,50000.000,0
2851,-44.824,-575.235,50000.000,0.000,0.000,50000.000,0
2901,-313.765,-425.823,50000.000,0.000,0.000,50000.000,0
2951,-425.823,-298.824,50000.000,0.000,29.882,50000.000,0
3001,-403.412,-67.235,50000.000,-82.176,373.529,50000.000,0
3051,-493.059,104.588,50000.000,-104.588,1359.647,50000.000,0
3101,-560.294,343.647,50000.000,-141.941,1845.235,50000.000,0
3151,-425.823,455.706,50000.000,-7.471,59.765,50000.000,0
3201,-276.412,410.882,50000.000,0.000,0.000,50000.000,0
3251,-104.588,485.588,50000.000,0.000,0.000,50000.000,0
3301,74.706,410.882,50000.000,0.000,0.000,50000.000,0
3351,209.176,231.588,50000.000,0.000,0.000,50000.000,0
3401,149.412,-52.294,50000.000,0.000,-22.412,50000.000,0
3451,470.647,-52.294,50000.000,112.059,-1449.294,50000.000,0
3501,522.941,-261.471,50000.000,141.941,-1703.294,50000.000,0
3551,515.471,-410.882,50000.000,97.118,-1016.000,50000.000,0
3601,455.706,-500.529,50000.000,-7.471,-149.412,50000.000,0
3651,276.412,-455.706,50000.000,-7.471,-7.471,50000.000,0
3701,44.824,-343.647,50000.000,0.000,0.000,50000.000,0
3751,-74.706,-194.235,50000.000,0.000,0.000,50000.000,0
3801,-186.765,-74.706,50000.000,0.000,0.000,50000.000,0
3851,-306.294,14.941,50000.000,0.000,44.824,50000.000,0
3901,-328.706,89.647,50000.000,-89.647,1023.471,50000.000,0
3951,-358.588,171.824,50000.000,-112.059,1703.294,50000.000,0
4001,-336.176,306.294,50000.000,-14.941,1262.529,50000.000,0
4051,-231.588,321.235,50000.000,0.000,0.000,50000.000,0
4101,-82.176,254.000,50000.000,0.000,0.000,50000.000,0
4151,44.824,194.235,50000.000,0.000,0.000,50000.000,0
4201,224.118,104.588,50000.000,0.000,0.000,50000.000,0
4251,373.529,-44.824,50000.000,0.000,0.000,50000.000,0
4301,395.941,-82.176,50000.000,82.176,-709.706,50000.000,0
4351,395.941,-186.765,50000.000,141.941,-1553.882,50000.000,0
4401,381.000,-164.353,50000.000,97.118,-791.882,50000.000,0
4451,470.647,-261.471,50000.000,37.353,-119.529,50000.000,0
4501,343.647,-201.706,50000.000,22.412,-141.941,50000.000,0
4551,194.235,-127.000,50000.000,0.000,0.000,50000.000,0
4601,29.882,-29.882,50000.000,0.000,0.000,50000.000,0
4651,-82.176,44.824,50000.000,-7.471,156.882,50000.000,0
4701,-194.235,179.294,50000.000,-7.471,164.353,50000.000,0
4751,-276.412,186.765,50000.000,0.000,0.000,50000.000,0
4801,-358.588,276.412,50000.000,-7.471,119.529,50000.000,0
4851,-254.000,194.235,50000.000,-29.882,1486.647,50000.000,0
4901,-216.647,156.882,50000.000,14.941,1576.294,50000.000,0
4951,-112.059,37.353,50000.000,14.941,530.412,50000.000,0
5001,22.412,-29.882,50000.000,22.412,246.529,50000.000,0
5051,164.353,-112.059,50000.000,82.176,-381.000,50000.000,0
5101,276.412,-209.176,50000.000,82.176,-747.059,50000.000,0
5151,403.412,-254.000,50000.000,134.471,-1546.412,50000.000,0
5201,410.882,-216.647,50000.000,89.647,-971.176,50000.000,0
5251,336.176,-149.412,50000.000,44.824,-463.176,50000.000,0
5301,321.235,-29.882,50000.000,0.000,0.000,50000.000,0
5351,239.059,0.000,50000.000,44.824,-186.765,50000.000,0
5401,141.941,37.353,50000.000,74.706,-291.353,50000.000,0
5451,-7.471,82.176,50000.000,0.000,0.000,50000.000,0
5501,-104.588,224.118,50000.000,14.941,194.235,50000.000,0
5551,-216.647,291.353,50000.000,0.000,216.647,50000.000,0
5601,-336.176,276.412,50000.000,-59.765,575.235,50000.000,0
5651,-366.059,179.294,50000.000,0.000,343.647,50000.000,0
5701,-298.824,127.000,50000.000,0.000,127.000,50000.000,0
5751,-231.588,-22.412,50000.000,-44.824,1120.588,50000.000,0
5801,-186.765,-119.529,50000.000,0.000,425.823,50000.000,0
5851,-52.294,-224.118,50000.000,0.000,0.000,50000.000,0
5901,59.765,-291.353,50000.000,0.000,0.000,50000.000,0
5951,224.118,-321.235,50000.000,-29.882,-493.059,50000.000,0
6001,313.765,-298.824,50000.000,59.765,-1060.823,50000.000,0
6051,261.471,-179.294,50000.000,14.941,-149.412,50000.000,0
6101,283.882,-59.765,50000.000,14.941,-485.588,50000.000,0
6151,246.529,59.765,50000.000,104.588,-268.941,50000.000,0
6201,201.706,104.588,50000.000,67.235,-141.941,50000.000,0
6251,97.118,231.588,50000.000,14.941,-89.647,50000.000,0
6301,7.471,276.412,50000.000,14.941,-14.941,50000.000,0
6351,-141.941,328.706,50000.000,22.412,37.353,50000.000,0
6401,-306.294,410.882,50000.000,-22.412,343.647,50000.000,0
6451,-366.059,283.882,50000.000,-52.294,605.118,50000.000,0
6501,-343.647,141.941,50000.000,-7.471,82.176,50000.000,0
6551,-358.588,-22.412,50000.000,0.000,44.824,50000.000,0
6601,-343.647,-171.824,50000.000,-89.647,672.353,50000.000,0
6651,-231.588,-328.706,50000.000,-134.471,657.412,50000.000,0
6701,-89.647,-433.294,50000.000,-149.412,134.471,50000.000,0
6751,37.353,-448.235,50000.000,-119.529,-373.529,50000.000,0
6801,97.118,-328.706,50000.000,-44.824,-859.118,50000.000,0
6851,239.059,-306.294,50000.000,-22.412,-1083.235,50000.000,0
6901,209.176,-164.353,50000.000,-7.471,-440.765,50000.000,0
6951,231.588,-7.471,50000.000,0.000,-254.000,50000.000,0
7001,209.176,149.412,50000.000,0.000,0.000,50000.000,0
7051,89.647,254.000,50000.000,0.000,0.000,50000.000,0
7101,22.412,403.412,50000.000,0.000,0.000,50000.000,0
7151,-74.706,455.706,50000.000,0.000,0.000,50000.000,0
7201,-186.765,418.353,50000.000,0.000,0.000,50000.000,0
7251,-194.235,306.294,50000.000,0.000,0.000,50000.000,0
7301,-306.294,209.176,50000.000,-14.941,112.059,50000.000,0
7351,-313.765,104.588,50000.000,-52.294,388.471,50000.000,0
7401,-239.059,-97.118,50000.000,-59.765,537.882,50000.000,0
7451,-239.059,-298.824,50000.000,-141.941,851.647,50000.000,0
7501,-156.882,-440.765,50000.000,-246.529,545.353,50000.000,0
7551,-59.765,-597.647,50000.000,-141.941,7.471,50000.000,0
7601,44.824,-545.353,50000.000,-134.471,-366.059,50000.000,0
7651,74.706,-313.765,50000.000,0.000,-851.647,50000.000,0
7701,186.765,-268.941,50000.000,104.588,-1016.000,50000.000,0
7751,216.647,-29.882,50000.000,7.471,-1053.353,50000.000,0
7801,164.353,112.059,50000.000,22.412,-194.235,50000.000,0
7851,119.529,239.059,50000.000,22.412,-156.882,50000.000,0
7901,74.706,403.412,50000.000,0.000,0.000,50000.000,0
7951,22.412,537.882,50000.000,0.000,0.000,50000.000,0
8001,-52.294,575.235,50000.000,0.000,0.000,50000.000,0
8051,-194.235,440.765,50000.000,0.000,0.000,50000.000,0
8101,-254.000,291.353,50000.000,0.000,0.000,50000.000,0
8151,-283.882,134.471,50000.000,7.471,37.353,50000.000,0
8201,-224.118,-14.941,50000.000,0.000,119.529,50000.000,0
8251,-224.118,-276.412,50000.000,-112.059,642.471,50000.000,0
8301,-201.706,-500.529,50000.000,-239.059,672.353,50000.000,0
8351,-82.176,-627.529,50000.000,-141.941,254.000,50000.000,0
8401,-29.882,-590.176,50000.000,-7.471,7.471,50000.000,0
8451,59.765,-366.059,50000.000,-14.941,-343.647,50000.000,0
8501,171.824,-336.176,50000.000,67.235,-664.882,50000.000,0
8551,119.529,-134.471,50000.000,22.412,-948.765,50000.000,0
8601,156.882,59.765,50000.000,29.882,-627.529,50000.000,0
8651,224.118,321.235,50000.000,59.765,-336.176,50000.000,0
8701,134.471,403.412,50000.000,37.353,-254.000,50000.000,0
8751,59.765,620.059,50000.000,0.000,0.000,50000.000,0
8801,22.412,717.176,50000.000,0.000,0.000,50000.000,0
8851,-74.706,597.647,50000.000,0.000,0.000,50000.000,0
8901,-97.118,321.235,50000.000,0.000,0.000,50000.000,0
8951,-171.824,164.353,50000.000,0.000,7.471,50000.000,0
9001,-164.353,-44.824,50000.000,0.000,97.118,50000.000,0
9051,-186.765,-254.000,50000.000,-22.412,104.588,50000.000,0
9101,-156.882,-381.000,50000.000,-134.471,395.941,50000.000,0
9151,-59.765,-612.588,50000.000,-209.176,291.353,50000.000,0
9201,0.000,-694.765,50000.000,-82.176,44.824,50000.000,0
9251,29.882,-590.176,50000.000,-59.765,-261.471,50000.000,0
9301,119.529,-433.294,50000.000,-22.412,-530.412,50000.000,0
9351,156.882,-224.118,50000.000,7.471,-582.706,50000.000,0
9401,127.000,-29.882,50000.000,67.235,-672.353,50000.000,0
9451,119.529,164.353,50000.000,7.471,-37.353,50000.000,0
9501,89.647,306.294,50000.000,7.471,0.000,50000.000,0
9551,7.471,530.412,50000.000,0.000,0.000,50000.000,0
9601,-14.941,642.471,50000.000,0.000,0.000,50000.000,0
9651,-37.353,590.176,50000.000,0.000,0.000,50000.000,0
9701,-82.176,455.706,50000.000,0.000,0.000,50000.000,0
9751,-186.765,358.588,50000.000,0.000,29.882,50000.000,0
9801,-134.471,67.235,50000.000,-44.824,231.588,50000.000,0
9851,-119.529,-156.882,50000.000,0.000,7.471,50000.000,0
9901,-149.412,-381.000,50000.000,-59.765,149.412,50000.000,0
9951,-52.294,-373.529,50000.000,-127.000,261.471,50000.000,0
10001,22.412,-590.176,50000.000,-104.588,22.412,50000.000,0
10051,44.824,-687.294,50000.000,-149.412,-194.235,50000.000,0
10101,97.118,-508.000,50000.000,-104.588,-343.647,50000.000,0
10151,119.529,-291.353,50000.000,-22.412,-537.882,50000.000,0
10201,97.118,-97.118,50000.000,0.000,-620.059,50000.000,0
10251,89.647,156.882,50000.000,0.000,-74.706,50000.000,0
10301,119.529,343.647,50000.000,0.000,0.000,50000.000,0
10351,44.824,537.882,50000.000,0.000,0.000,50000.000,0
10401,0.000,717.176,50000.000,0.000,0.000,50000.000,0
10451,-44.824,754.529,50000.000,0.000,0.000,50000.000,0
10501,0.000,485.588,50000.000,0.000,0.000,50000.000,0
10551,-134.471,410.882,50000.000,7.471,29.882,50000.000,0
10601,-149.412,127.000,50000.000,29.882,231.588,50000.000,0
10651,-134.471,-141.941,50000.000,0.000,7.471,50000.000,0
10701,-112.059,-306.294,50000.000,0.000,0.000,50000.000,0
10751,-59.765,-463.176,50000.000,-59.765,59.765,50000.000,0
10801,22.412,-694.765,50000.000,-149.412,37.353,50000.000,0
10851,0.000,-657.412,50000.000,-112.059,-97.118,50000.000,0
10901,-67.235,-455.706,50000.000,-74.706,-216.647,50000.000,0
10951,-37.353,-366.059,50000.000,-59.765,-545.353,50000.000,0
11001,67.235,-119.529,50000.000,7.471,-545.353,50000.000,0
11051,82.176,97.118,50000.000,0.000,-119.529,50000.000,0
11101,22.412,313.765,50000.000,0.000,0.000,50000.000,0
11151,59.765,582.706,50000.000,0.000,0.000,50000.000,0
11201,74.706,635.000,50000.000,0.000,0.000,50000.000,0
11251,-59.765,739.588,50000.000,0.000,0.000,50000.000,0
11301,-44.824,552.823,50000.000,0.000,0.000,50000.000,0
11351,-59.765,388.471,50000.000,0.000,0.000,50000.000,0
11401,-119.529,179.294,50000.000,-37.353,82.176,50000.000,0
11451,-134.471,-97.118,50000.000,0.000,22.412,50000.000,0
11501,-67.235,-298.824,50000.000,-14.941,0.000,50000.000,0
11551,-29.882,-567.765,50000.000,-52.294,7.471,50000.000,0
11601,22.412,-732.118,50000.000,0.000,37.353,50000.000,0
11651,0.000,-664.882,50000.000,-7.471,-44.824,50000.000,0
11701,44.824,-537.882,50000.000,-97.118,-224.118,50000.000,0
11751,44.824,-306.294,50000.000,-37.353,-291.353,50000.000,0
11801,22.412,-112.059,50000.000,-22.412,-395.941,50000.000,0
11851,29.882,67.235,50000.000,0.000,-82.176,50000.000,0
11901,22.412,254.000,50000.000,0.000,0.000,50000.000,0
11951,0.000,478.118,50000.000,0.000,0.000,50000.000,0
12001,7.471,679.823,50000.000,0.000,0.000,50000.000,0
12051,0.000,739.588,50000.000,0.000,0.000,50000.000,0
12101,-14.941,597.647,50000.000,0.000,0.000,50000.000,0
12151,-67.235,425.823,50000.000,0.000,0.000,50000.000,0
12201,-82.176,179.294,50000.000,-14.941,44.824,50000.000,0
12251,-74.706,-97.118,50000.000,-37.353,104.588,50000.000,0
12301,0.000,-321.235,50000.000,-44.824,119.529,50000.000,0
12351,0.000,-515.471,50000.000,-97.118,37.353,50000.000,0
12401,14.941,-687.294,50000.000,-104.588,-74.706,50000.000,0
12451,-29.882,-724.647,50000.000,-97.118,-164.353,50000.000,0
12501,-7.471,-522.941,50000.000,-82.176,-164.353,50000.000,0
12551,37.353,-373.529,50000.000,-59.765,-261.471,50000.000,0
12601,22.412,-112.059,50000.000,-22.412,-216.647,50000.000,0
12651,37.353,74.706,50000.000,-7.471,-29.882,50000.000,0
12701,59.765,328.706,50000.000,0.000,0.000,50000.000,0
12751,0.000,530.412,50000.000,0.000,0.000,50000.000,0
12801,-7.471,664.882,50000.000,0.000,0.000,50000.000,0
12851,-104.588,664.882,50000.000,0.000,0.000,50000.000,0
12901,-67.235,425.823,50000.000,0.000,0.000,50000.000,0
12951,-52.294,231.588,50000.000,14.941,59.765,50000.000,0
13001,7.471,127.000,50000.000,0.000,37.353,50000.000,0
13051,-14.941,-52.294,50000.000,14.941,14.941,50000.000,0
13101,-7.471,-321.235,50000.000,-44.824,-22.412,50000.000,0
13151,14.941,-455.706,50000.000,-112.059,-22.412,50000.000,0
13201,-7.471,-642.471,50000.000,-104.588,-82.176,50000.000,0
13251,59.765,-709.706,50000.000,-134.471,-119.529,50000.000,0
13301,0.000,-515.471,50000.000,-112.059,-134.471,50000.000,0
13351,0.000,-381.000,50000.000,-52.294,-89.647,50000.000,0
13401,22.412,-119.529,50000.000,-22.412,-44.824,50000.000,0
13451,22.412,59.765,50000.000,-14.941,0.000,50000.000,0
13501,-29.882,246.529,50000.000,-22.412,0.000,50000.000,0
13551,-7.471,575.235,50000.000,22.412,22.412,50000.000,0
13601,14.941,642.471,50000.000,67.235,59.765,50000.000,0
13651,7.471,605.118,50000.000,44.824,14.941,50000.000,0
13701,0.000,508.000,50000.000,0.000,14.941,50000.000,0
13751,-37.353,343.647,50000.000,-22.412,-7.471,50000.000,0
13801,-22.412,104.588,50000.000,-59.765,-52.294,50000.000,0
13851,0.000,-89.647,50000.000,-37.353,-37.353,50000.000,0
13901,44.824,-268.941,50000.000,-22.412,-14.941,50000.000,0
13951,59.765,-403.412,50000.000,-59.765,-7.471,50000.000,0
14001,89.647,-530.412,50000.000,-59.765,-22.412,50000.000,0
14051,-7.471,-515.471,50000.000,-22.412,-29.882,50000.000,0
14101,7.471,-500.529,50000.000,-14.941,-37.353,50000.000,0
14151,-7.471,-336.176,50000.000,-22.412,-44.824,50000.000,0
14201,-14.941,-89.647,50000.000,-22.412,44.824,50000.000,0
14251,0.000,82.176,50000.000,0.000,89.647,50000.000,0
14301,7.471,298.824,50000.000,22.412,89.647,50000.000,0
14351,-22.412,433.294,50000.000,82.176,112.059,50000.000,0
14401,-44.824,530.412,50000.000,104.588,119.529,50000.000,0
14451,-44.824,515.471,50000.000,74.706,82.176,50000.000,0
14501,0.000,336.176,50000.000,59.765,29.882,50000.000,0
14551,0.000,179.294,50000.000,44.824,14.941,50000.000,0
14601,22.412,7.471,50000.000,-22.412,-7.471,50000.000,0
14651,0.000,-82.176,50000.000,0.000,-89.647,50000.000,0
14701,14.941,-216.647,50000.000,-67.235,-89.647,50000.000,0
14751,-29.882,-433.294,50000.000,-59.765,-29.882,50000.000,0
14801,0.000,-530.412,50000.000,-44.824,-22.412,50000.000,0
14851,37.353,-298.824,50000.000,-7.471,0.000,50000.000,0
14901,7.471,-231.588,50000.000,-37.353,22.412,50000.000,0
14951,-14.941,-186.765,50000.000,-22.412,22.412,50000.000,0
15001,-14.941,-22.412,50000.000,-7.471,89.647,50000.000,0
15051,-7.471,89.647,50000.000,0.000,171.824,50000.000,0
15101,-14.941,321.235,50000.000,29.882,149.412,50000.000,0
15151,0.000,321.235,50000.000,89.647,134.471,50000.000,0
15201,0.000,425.823,50000.000,97.118,74.706,50000.000,0
15251,0.000,418.353,50000.000,59.765,0.000,50000.000,0
15301,-14.941,246.529,50000.000,52.294,-52.294,50000.000,0
15351,-14.941,104.588,50000.000,44.824,-104.588,50000.000,0
15401,0.000,0.000,50000.000,0.000,-156.882,50000.000,0
15451,37.353,-104.588,50000.000,-44.824,-127.000,50000.000,0
15501,22.412,-268.941,50000.000,-22.412,-44.824,50000.000,0
15551,-7.471,-433.294,50000.000,0.000,0.000,50000.000,0
15601,-7.471,-433.294,50000.000,7.471,0.000,50000.000,0
15651,0.000,-336.176,50000.000,0.000,0.000,50000.000,0
15701,44.824,-149.412,50000.000,-7.471,7.471,50000.000,0
15751,0.000,-59.765,50000.000,-14.941,82.176,50000.000,0
15801,-7.471,-7.471,50000.000,-7.471,164.353,50000.000,0
15851,-14.941,112.059,50000.000,22.412,194.235,50000.000,0
15901,-22.412,254.000,50000.000,44.824,127.000,50000.000,0
15951,-14.941,291.353,50000.000,67.235,127.000,50000.000,0
16001,-29.882,328.706,50000.000,74.706,22.412,50000.000,0
16051,0.000,283.882,50000.000,44.824,-29.882,50000.000,0
16101,14.941,164.353,50000.000,52.294,-141.941,50000.000,0
16151,29.882,89.647,50000.000,52.294,-156.882,50000.000,0
16201,7.471,-7.471,50000.000,22.412,-141.941,50000.000,0
16251,29.882,-119.529,50000.000,-29.882,-59.765,50000.000,0
16301,14.941,-239.059,50000.000,-14.941,0.000,50000.000,0
16351,0.000,-336.176,50000.000,0.000,0.000,50000.000,0
16401,0.000,-373.529,50000.000,0.000,0.000,50000.000,0
16451,-7.471,-194.235,50000.000,0.000,0.000,50000.000,0
16501,-44.824,-97.118,50000.000,-22.412,37.353,50000.000,0
16551,-52.294,-59.765,50000.000,-29.882,171.824,50000.000,0
16601,-22.412,22.412,50000.000,-29.882,194.235,50000.000,0
16651,-52.294,134.471,50000.000,14.941,171.824,50000.000,0
16701,-22.412,209.176,50000.000,37.353,82.176,50000.000,0
16751,7.471,224.118,50000.000,22.412,7.471,50000.000,0
16801,7.471,246.529,50000.000,44.824,-37.353,50000.000,0
16851,7.471,194.235,50000.000,59.765,-134.471,50000.000,0
16901,44.824,104.588,50000.000,29.882,-209.176,50000.000,0
16951,37.353,29.882,50000.000,-22.412,-186.765,50000.000,0
17001,14.941,-37.353,50000.000,-22.412,-97.118,50000.000,0
17051,0.000,-127.000,50000.000,7.471,-37.353,50000.000,0
17101,0.000,-246.529,50000.000,0.000,0.000,50000.000,0
17151,-22.412,-298.824,50000.000,0.000,0.000,50000.000,0
17201,-37.353,-224.118,50000.000,0.000,0.000,50000.000,0
17251,-37.353,-119.529,50000.000,-22.412,52.294,50000.000,0
17301,-22.412,-59.765,50000.000,-59.765,171.824,50000.000,0
17351,-44.824,0.000,50000.000,-29.882,194.235,50000.000,0
17401,-14.941,52.294,50000.000,0.000,156.882,50000.000,0
17451,-7.471,119.529,50000.000,0.000,52.294,50000.000,0
17501,0.000,164.353,50000.000,14.941,14.941,50000.000,0
17551,-22.412,156.882,50000.000,14.941,-7.471,50000.000,0
17601,7.471,164.353,50000.000,29.882,-67.235,50000.000,0
17651,44.824,164.353,50000.000,29.882,-141.941,50000.000,0
17701,37.353,59.765,50000.000,52.294,-216.647,50000.000,0
17751,7.471,7.471,50000.000,44.824,-209.176,50000.000,0
17801,14.941,-52.294,50000.000,7.471,-44.824,50000.000,0
17851,0.000,-112.059,50000.000,0.000,0.000,50000.000,0
17901,-52.294,-194.235,50000.000,0.000,0.000,50000.000,0
17951,-44.824,-156.882,50000.000,0.000,0.000,50000.000,0
18001,-29.882,-156.882,50000.000,-14.941,22.412,50000.000,0
18051,-44.824,-112.059,50000.000,-52.294,127.000,50000.000,0
18101,-44.824,-52.294,50000.000,-29.882,186.765,50000.000,0
18151,-37.353,0.000,50000.000,-29.882,209.176,50000.000,0
18201,-14.941,37.353,50000.000,0.000,127.000,50000.000,0
18251,0.000,119.529,50000.000,14.941,59.765,50000.000,0
18301,7.471,179.294,50000.000,14.941,-14.941,50000.000,0
18351,29.882,141.941,50000.000,14.941,-37.353,50000.000,0
18401,14.941,104.588,50000.000,37.353,-97.118,50000.000,0
18451,44.824,52.294,50000.000,59.765,-201.706,50000.000,0
18501,29.882,29.882,50000.000,14.941,-209.176,50000.000,0
18551,29.882,-14.941,50000.000,0.000,-74.706,50000.000,0
18601,22.412,-97.118,50000.000,0.000,-7.471,50000.000,0
18651,0.000,-119.529,50000.000,0.000,-22.412,50000.000,0
18701,-14.941,-112.059,50000.000,0.000,7.471,50000.000,0
18751,-52.294,-82.176,50000.000,29.882,44.824,50000.000,0
18801,-52.294,-89.647,50000.000,14.941,127.000,50000.000,0
18851,-44.824,-67.235,50000.000,-37.353,186.765,50000.000,0
18901,-37.353,-14.941,50000.000,0.000,179.294,50000.000,0
18951,-14.941,14.941,50000.000,-14.941,141.941,50000.000,0
19001,-7.471,37.353,50000.000,7.471,74.706,50000.000,0
19051,-14.941,82.176,50000.000,14.941,0.000,50000.000,0
19101,22.412,104.588,50000.000,29.882,-74.706,50000.000,0
19151,29.882,127.000,50000.000,52.294,-156.882,50000.000,0
19201,52.294,134.471,50000.000,52.294,-134.471,50000.000,0
19251,44.824,52.294,50000.000,7.471,-156.882,50000.000,0
19301,22.412,7.471,50000.000,-14.941,-112.059,50000.000,0
19351,14.941,-7.471,50000.000,-29.882,-37.353,50000.000,0
19401,0.000,-74.706,50000.000,-14.941,0.000,50000.000,0
19451,0.000,-82.176,50000.000,-7.471,29.882,50000.000,0
19501,-37.353,-74.706,50000.000,-22.412,52.294,50000.000,0
19551,-37.353,-52.294,50000.000,-22.412,141.941,50000.000,0
19601,-7.471,-52.294,50000.000,-52.294,179.294,50000.000,0
19651,-22.412,-22.412,50000.000,-22.412,164.353,50000.000,0
19701,-14.941,-7.471,50000.000,-14.941,127.000,50000.000,0
19751,-7.471,0.000,50000.000,0.000,67.235,50000.000,0
19801,-7.471,37.353,50000.000,0.000,0.000,50000.000,0
19851,-7.471,37.353,50000.000,22.412,-44.824,50000.000,0
19901,0.000,44.824,50000.000,29.882,-112.059,50000.000,0
19951,37.353,67.235,50000.000,37.353,-186.765,50000.000,0
20001,29.882,52.294,50000.000,22.412,-127.000,50000.000,0
20051,29.882,37.353,50000.000,-14.941,-127.000,50000.000,0
20101,14.941,7.471,50000.000,0.000,-59.765,50000.000,0
20151,0.000,0.000,50000.000,14.941,0.000,50000.000,0
20201,-14.941,-29.882,50000.000,0.000,0.000,50000.000,0
20251,-22.412,-29.882,50000.000,-22.412,14.941,50000.000,0
20301,-37.353,-44.824,50000.000,-44.824,119.529,50000.000,0
20351,-29.882,-44.824,50000.000,-37.353,171.824,50000.000,0
20401,-37.353,-59.765,50000.000,-52.294,164.353,50000.000,0
20451,-37.353,-29.882,50000.000,0.000,134.471,50000.000,0
20501,-14.941,-14.941,50000.000,7.471,74.706,50000.000,0
20551,-7.471,0.000,50000.000,0.000,0.000,50000.000,0
20601,7.471,7.471,50000.000,7.471,-52.294,50000.000,0
20651,14.941,22.412,50000.000,14.941,-112.059,50000.000,0
20701,29.882,67.235,50000.000,29.882,-156.882,50000.000,0
20751,22.412,59.765,50000.000,22.412,-149.412,50000.000,0
20801,0.000,0.000,50000.000,44.824,-119.529,50000.000,0
20851,7.471,14.941,50000.000,29.882,-22.412,50000.000,0
20901,7.471,0.000,50000.000,0.000,0.000,50000.000,0
20951,0.000,0.000,50000.000,0.000,0.000,50000.000,0
21001,-29.882,-22.412,50000.000,0.000,0.000,50000.000,0
21051,-44.824,-29.882,50000.000,-29.882,97.118,50000.000,0
21101,-52.294,-44.824,50000.000,-29.882,141.941,50000.000,0
21151,-59.765,-74.706,50000.000,-29.882,119.529,50000.000,0
21201,-29.882,-52.294,50000.000,-14.941,119.529,50000.000,0
21251,-7.471,-14.941,50000.000,-7.471,67.235,50000.000,0
21301,0.000,-14.941,50000.000,-7.471,0.000,50000.000,0
21351,0.000,0.000,50000.000,0.000,-37.353,50000.000,0
21401,14.941,14.941,50000.000,7.471,-112.059,50000.000,0
21451,44.824,44.824,50000.000,29.882,-141.941,50000.000,0
21501,44.824,52.294,50000.000,44.824,-112.059,50000.000,0
21551,37.353,59.765,50000.000,29.882,-52.294,50000.000,0
21601,22.412,37.353,50000.000,0.000,14.941,50000.000,0
21651,0.000,14.941,50000.000,-14.941,0.000,50000.000,0
21701,0.000,0.000,50000.000,14.941,7.471,50000.000,0
21751,-7.471,0.000,50000.000,7.471,44.824,50000.000,0
21801,-22.412,-22.412,50000.000,0.000,97.118,50000.000,0
21851,-29.882,-29.882,50000.000,-14.941,149.412,50000.000,0
21901,-29.882,-37.353,50000.000,-7.471,89.647,50000.000,0
21951,-14.941,-29.882,50000.000,0.000,74.706,50000.000,0
22001,-7.471,-29.882,50000.000,0.000,29.882,50000.000,0
22051,-14.941,-29.882,50000.000,-7.471,-7.471,50000.000,0
22101,0.000,0.000,50000.000,0.000,-59.765,50000.000,0
22151,14.941,0.000,50000.000,7.471,-97.118,50002.000,0
22201,7.471,14.941,50000.000,22.412,-134.471,50000.000,0
22251,14.941,37.353,50000.000,29.882,-112.059,50000.000,0
22301,7.471,29.882,50000.000,37.353,-74.706,50000.000,0
22351,14.941,37.353,50000.000,14.941,-22.412,50000.000,0
22401,7.471,29.882,50000.000,0.000,-29.882,50000.000,0
22451,14.941,22.412,50000.000,29.882,-29.882,50000.000,0
22501,0.000,0.000,50000.000,-44.824,37.353,50000.000,0
22551,-7.471,0.000,50000.000,-14.941,97.118,50000.000,0
22601,-14.941,-22.412,50000.000,-22.412,97.118,50000.000,0
22651,-29.882,-67.235,50000.000,-14.941,89.647,50000.000,0
22701,-22.412,-44.824,50000.000,-22.412,74.706,50000.000,0
22751,-14.941,-44.824,50000.000,-22.412,37.353,50000.000,0
22801,-14.941,-44.824,50000.000,-22.412,-7.471,50000.000,0
22851,0.000,-22.412,50000.000,-14.941,-44.824,50000.000,0
22901,0.000,0.000,50000.000,0.000,-67.235,50000.000,0
22951,22.412,14.941,50000.000,7.471,-112.059,50000.000,0
23001,29.882,59.765,50000.000,22.412,-97.118,50000.000,0
23051,29.882,74.706,50000.000,37.353,-82.176,50000.000,0
23101,7.471,44.824,50000.000,7.471,-37.353,50000.000,0
23151,22.412,37.353,50000.000,0.000,-14.941,50000.000,0
23201,7.471,22.412,50000.000,-14.941,7.471,50000.000,0
23251,0.000,0.000,50000.000,-7.471,82.176,50000.000,0
23301,-14.941,7.471,50000.000,-22.412,82.176,50000.000,0
23351,-7.471,0.000,50000.000,-14.941,89.647,50000.000,0
23401,-14.941,-29.882,50000.000,-22.412,82.176,50000.000,0
23451,-14.941,-59.765,50000.000,-22.412,44.824,50000.000,0
23501,-14.941,-74.706,50000.000,-14.941,14.941,50000.000,0
23551,0.000,-59.765,50000.000,-7.471,-14.941,50000.000,0
23601,0.000,-22.412,50000.000,0.000,-29.882,50000.000,0
23651,7.471,0.000,50000.000,0.000,-82.176,50000.000,0
23701,7.471,14.941,50000.000,22.412,-97.118,50000.000,0
23751,14.941,22.412,50000.000,14.941,-67.235,50000.000,0
23801,7.471,22.412,50000.000,14.941,-52.294,50000.000,0
23851,0.000,52.294,50000.000,14.941,-7.471,50000.000,0
23901,0.000,74.706,50000.000,0.000,0.000,50000.000,0
23951,0.000,44.824,50000.000,0.000,22.412,50000.000,0
24001,-14.941,7.471,50000.000,7.471,74.706,50000.000,0
24051,-7.471,0.000,50000.000,-14.941,59.765,50000.000,0
24101,0.000,-7.471,50000.000,-29.882,52.294,50000.000,0
24151,-14.941,-44.824,50000.000,-29.882,52.294,50000.000,0
24201,-14.941,-29.882,50000.000,-37.353,29.882,50000.000,0
24251,-7.471,-44.824,50000.000,-14.941,0.000,50000.000,0
24301,7.471,-44.824,50001.000,-14.941,-14.941,50000.000,0
24351,7.471,-29.882,49999.000,-22.412,-52.294,49998.000,0
24401,7.471,-7.471,50000.000,0.000,-59.765,50000.000,0
24451,14.941,0.000,50000.000,0.000,-52.294,50000.000,0
24501,7.471,22.412,50000.000,0.000,-37.353,50000.000,0
24551,14.941,59.765,50000.000,14.941,-37.353,50000.000,0
24601,7.471,82.176,50000.000,7.471,0.000,50000.000,0
24651,14.941,74.706,50000.000,7.471,7.471,50000.000,0
24701,0.000,37.353,50000.000,7.471,44.824,50000.000,0
24751,-7.471,14.941,50000.000,0.000,52.294,50000.000,0
24801,0.000,0.000,50000.000,7.471,59.765,50000.000,0
24851,-14.941,-22.412,50000.000,0.000,44.824,50000.000,0
24901,-14.941,-37.353,50000.000,-7.471,37.353,50000.000,0
24951,7.471,-74.706,50000.000,-7.471,7.471,50000.000,0
25001,14.941,-67.235,50000.000,-7.471,0.000,50000.000,0
25051,0.000,-44.824,50000.000,-14.941,-22.412,50000.000,0
25101,7.471,-14.941,50000.000,0.000,-44.824,50000.000,0
25151,7.471,0.000,50000.000,0.000,-44.824,50000.000,0
25201,22.412,22.412,50000.000,7.471,-44.824,50000.000,0
25251,22.412,37.353,50000.000,22.412,-14.941,50000.000,0
25301,22.412,67.235,50000.000,7.471,-7.471,50000.000,0
25351,0.000,67.235,50000.000,22.412,0.000,50000.000,0
25401,0.000,82.176,50000.000,14.941,29.882,50000.000,0
25451,7.471,37.353,50000.000,0.000,29.882,50000.000,0
25501,-7.471,22.412,50000.000,7.471,52.294,50000.000,0
25551,-7.471,0.000,50000.000,0.000,29.882,50000.000,0
25601,-7.471,-22.412,50000.000,-14.941,22.412,50000.000,0
25651,-7.471,-52.294,50000.000,0.000,0.000,50000.000,0
25701,0.000,-37.353,50000.000,-7.471,0.000,50000.000,0
25751,0.000,-44.824,50000.000,-22.412,-7.471,50000.000,0
25801,14.941,-44.824,50000.000,-22.412,-37.353,50000.000,0
25851,0.000,-14.941,50000.000,-7.471,-22.412,50000.000,0
25901,0.000,0.000,50000.000,-7.471,-29.882,50000.000,0
25951,0.000,0.000,50000.000,-7.471,-14.941,50000.000,0
26001,-14.941,22.412,50000.000,0.000,-7.471,50000.000,0
26051,0.000,59.765,50000.000,0.000,0.000,50000.000,0
26101,0.000,67.235,50000.000,0.000,7.471,50000.000,0
26151,0.000,52.294,50000.000,0.000,7.471,50000.000,0
26201,-7.471,29.882,50000.000,0.000,0.000,50000.000,0
26251,0.000,0.000,50000.000,0.000,0.000,50000.000,0
26301,-14.941,0.000,50000.000,-14.941,44.824,50000.000,0
26351,-14.941,-14.941,50000.000,-7.471,7.471,50000.000,0
26401,0.000,-67.235,50000.000,-7.471,0.000,50000.000,0
26451,0.000,-59.765,50000.000,-14.941,-7.471,50000.000,0
26501,7.471,-52.294,50000.000,0.000,0.000,50000.000,0
26551,22.412,-67.235,50000.000,-7.471,-14.941,50000.000,0
26601,7.471,-22.412,50000.000,-7.471,-7.471,50000.000,0
26651,0.000,0.000,50000.000,0.000,0.000,50000.000,0
26701,0.000,7.471,50000.000,14.941,-22.412,50000.000,0
26751,-7.471,52.294,50000.000,7.471,0.000,50000.000,0
26801,-7.471,59.765,50000.000,0.000,0.000,50000.000,0
26851,0.000,37.353,50000.000,0.000,14.941,50000.000,0
26901,0.000,14.941,50000.000,0.000,0.000,50000.000,0
26951,0.000,14.941,50000.000,0.000,14.941,50000.000,0
27001,0.000,7.471,50000.000,0.000,22.412,50000.000,0
27051,0.000,0.000,50000.000,0.000,0.000,50000.000,0
27101,-14.941,-22.412,50000.000,-7.471,0.000,50000.000,0
27151,0.000,-29.882,50000.000,-14.941,0.000,50000.000,0
27201,0.000,-52.294,50000.000,-37.353,-7.471,50000.000,0
27251,0.000,-22.412,50000.000,-7.471,-7.471,50000.000,0
27301,-7.471,-22.412,50000.000,-7.471,-7.471,50000.000,0
27351,0.000,-14.941,50000.000,-22.412,-14.941,50000.000,0
27401,-7.471,-7.471,50000.000,-7.471,-14.941,50000.000,0
27451,0.000,22.412,50000.000,0.000,0.000,50000.000,0
27501,-7.471,37.353,50000.000,0.000,0.000,50000.000,0
27551,-7.471,59.765,50000.000,0.000,0.000,50000.000,0
27601,0.000,37.353,50000.000,7.471,7.471,50000.000,0
27651,0.000,29.882,50000.000,22.412,22.412,50000.000,0
27701,0.000,7.471,50000.000,14.941,0.000,50000.000,0
27751,0.000,0.000,50000.000,-7.471,0.000,50000.000,0
27801,0.000,0.000,50000.000,-7.471,-7.471,50000.000,0
27851,0.000,-22.412,50000.000,0.000,-37.353,50000.000,0
27901,0.000,-22.412,50000.000,0.000,-37.353,50000.000,0
27951,14.941,-44.824,50000.000,14.941,-7.471,50000.000,0
28001,7.471,-22.412,50000.000,14.941,-7.471,50000.000,0
28051,0.000,-22.412,50000.000,14.941,0.000,50000.000,0
28101,7.471,-14.941,50000.000,22.412,0.000,50000.000,0
28151,0.000,0.000,50000.000,7.471,22.412,50000.000,0
28201,0.000,7.471,50000.000,7.471,14.941,50000.000,0
28251,7.471,37.353,50000.000,14.941,7.471,50000.000,0
28301,0.000,37.353,50000.000,7.471,0.000,50000.000,0
28351,7.471,44.824,50000.000,0.000,-14.941,50000.000,0
28401,0.000,22.412,50000.000,0.000,0.000,50000.000,0
28451,0.000,14.941,50000.000,0.000,0.000,50000.000,0
28501,0.000,0.000,50000.000,-7.471,0.000,50000.000,0
28551,0.000,0.000,50000.000,0.000,0.000,50000.000,0
28601,0.000,-22.412,50000.000,-7.471,-7.471,50000.000,0
28651,-7.471,-44.824,50000.000,-7.471,7.471,50000.000,0
28701,-7.471,-22.412,50000.000,-7.471,0.000,50000.000,0
28751,0.000,-29.882,50000.000,-22.412,0.000,50000.000,0
28801,-7.471,-14.941,50000.000,-7.471,0.000,50000.000,0
28851,-14.941,-7.471,50000.000,-7.471,7.471,50000.000,0
28901,0.000,0.000,50000.000,-7.471,14.941,50000.000,0
28951,-7.471,7.471,50000.000,0.000,0.000,50000.000,0
29001,0.000,29.882,50000.000,0.000,7.471,50000.000,0
29051,0.000,14.941,50000.000,7.471,0.000,50000.000,0
29101,0.000,22.412,50000.000,0.000,0.000,50000.000,0
29151,0.000,7.471,50000.000,0.000,0.000,50000.000,0
29201,0.000,0.000,50000.000,0.000,-14.941,50000.000,0
29251,0.000,0.000,50000.000,7.471,1792.941,50000.000,0
29301,0.000,0.000,50000.000,22.412,7.471,50000.000,0
29351,0.000,-1688.353,50000.000,0.000,-1807.882,50000.000,0
29401,0.000,-14.941,50000.000,0.000,-14.941,50000.000,0
29451,7.471,-7.471,50000.000,-14.941,-14.941,50000.000,0
29501,0.000,-7.471,50000.000,-14.941,-14.941,50000.000,0
29551,7.471,-14.941,50000.000,-29.882,-22.412,50000.000,0
29601,0.000,-7.471,50000.000,-14.941,1807.882,50000.000,0
29651,0.000,0.000,50000.000,22.412,0.000,50000.000,0
29701,7.471,14.941,50000.000,37.353,-1800.412,50000.000,0
29751,0.000,14.941,50000.000,7.471,-7.471,50000.000,0
29801,-7.471,14.941,50000.000,29.882,14.941,50000.000,0
29851,-59.765,-59.765,50000.000,37.353,0.000,50000.000,0
29901,0.000,0.000,50000.000,22.412,-14.941,50000.000,0
29951,0.000,0.000,50000.000,22.412,-29.882,50000.000,0
30001,0.000,0.000,50000.000,7.471,-22.412,50000.000,0
30051,0.000,0.000,50000.000,7.471,-22.412,50000.000,0
30101,-7.471,-7.471,50000.000,0.000,14.941,50000.000,0
30151,-5744.882,-7.471,50000.000,14.941,22.412,50000.000,0
30201,0.000,-7.471,50000.000,14.941,14.941,50000.000,0
30251,-7.471,-7.471,50000.000,0.000,14.941,50000.000,0
30301,-22.412,-22.412,50000.000,0.000,22.412,50000.000,0
30351,0.000,0.000,50000.000,0.000,0.000,50000.000,0
30401,0.000,0.000,50000.000,14.941,7.471,50000.000,0
30451,-7.471,14.941,50000.000,0.000,14.941,50000.000,0
30501,-7.471,7.471,50000.000,0.000,0.000,50000.000,0
30551,0.000,0.000,50000.000,0.000,0.000,50000.000,0
30601,0.000,7.471,50000.000,0.000,-7.471,50000.000,0
30651,0.000,0.000,50000.000,7.471,0.000,50000.000,0
30701,0.000,0.000,50000.000,0.000,14.941,50000.000,0
30751,0.000,0.000,50000.000,37.353,22.412,50000.000,0
30801,0.000,-1680.882,50000.000,0.000,0.000,50000.000,0
30851,5737.411,-14.941,50000.000,0.000,0.000,50000.000,0
30901,-7.471,-14.941,50000.000,0.000,0.000,50000.000,0
30951,0.000,-14.941,50000.000,0.000,0.000,50000.000,0
31001,-14.941,-14.941,50000.000,0.000,0.000,50000.000,0
31051,0.000,0.000,50000.000,0.000,14.941,50000.000,0
31101,0.000,0.000,50000.000,0.000,7.471,50000.000,0
31151,0.000,0.000,50000.000,0.000,0.000,50000.000,0
31201,0.000,0.000,50000.000,0.000,0.000,50000.000,1
31251,0.000,0.000,50000.000,0.000,0.000,50000.000,1
31301,0.000,14.941,50000.000,14.941,-7.471,50000.000,0
31351,7.471,7.471,50000.000,0.000,-14.941,50000.000,0
31401,0.000,0.000,50000.000,0.000,-14.941,50000.000,0
31451,0.000,0.000,50000.000,0.000,-14.941,50000.000,0
31501,0.000,0.000,50000.000,0.000,0.000,50000.000,0
31551,0.000,0.000,50000.000,0.000,0.000,50000.000,0
31601,0.000,0.000,50000.000,0.000,0.000,50000.000,0
31651,0.000,-22.412,50000.000,0.000,0.000,50000.000,0
31701,-7.471,-22.412,50000.000,0.000,0.000,50000.000,0
31751,-7.471,0.000,50000.000,14.941,7.471,50000.000,0
31801,0.000,0.000,50000.000,-14.941,0.000,50000.000,0
31851,0.000,0.000,50000.000,-52.294,14.941,50000.000,0
31901,-7.471,0.000,50000.000,-82.176,44.824,50000.000,0
31951,0.000,7.471,50000.000,-22.412,-7.471,50000.000,0
32001,-7.471,0.000,50000.000,0.000,-22.412,50000.000,0
32051,-7.471,14.941,50000.000,14.941,-22.412,50000.000,0
32101,0.000,0.000,50000.000,0.000,7.471,50000.000,0
32151,0.000,0.000,50000.000,0.000,22.412,50000.000,0
32201,0.000,0.000,50000.000,0.000,0.000,50000.000,0
32251,0.000,0.000,50000.000,0.000,0.000,50000.000,0
32301,0.000,0.000,50000.000,7.471,0.000,50000.000,0
32351,0.000,-7.471,50000.000,0.000,0.000,50000.000,0
32401,0.000,-14.941,50000.000,0.000,0.000,50000.000,0
32451,7.471,-7.471,50000.000,0.000,0.000,50000.000,0
32501,0.000,-14.941,50000.000,-14.941,7.471,50000.000,0
32551,0.000,0.000,50000.000,-14.941,14.941,50000.000,0
32601,0.000,0.000,50000.000,0.000,0.000,50000.000,0
32651,0.000,0.000,50000.000,0.000,7.471,50000.000,0
32701,0.000,0.000,50000.000,0.000,0.000,50000.000,0
32751,0.000,14.941,50000.000,14.941,0.000,50000.000,0
32801,14.941,22.412,50000.000,0.000,0.000,50000.000,0
32851,0.000,7.471,50000.000,22.412,-1800.412,50000.000,0
32901,0.000,0.000,50000.000,14.941,-7.471,50000.000,0
32951,0.000,0.000,50000.000,0.000,-7.471,50000.000,0
33001,0.000,0.000,50000.000,7.471,-22.412,50000.000,0
33051,5737.411,0.000,50000.000,0.000,-22.412,50000.000,0
33101,-5744.882,-1441.823,50000.000,0.000,22.412,50000.000,0
33151,0.000,-7.471,50000.000,-22.412,22.412,50000.000,0
33201,0.000,-7.471,50000.000,0.000,14.941,50000.000,0
33251,-14.941,-14.941,50000.000,0.000,14.941,50000.000,0
33301,0.000,0.000,50000.000,7.471,0.000,50000.000,0
33351,0.000,0.000,50000.000,22.412,0.000,50000.000,0
33401,0.000,0.000,50000.000,29.882,14.941,50000.000,0
33451,0.000,0.000,50000.000,14.941,14.941,50000.000,0
33501,0.000,0.000,50000.000,22.412,22.412,50000.000,0
33551,0.000,7.471,50000.000,37.353,-29.882,50000.000,0
33601,0.000,7.471,50000.000,29.882,-29.882,50000.000,0
33651,0.000,14.941,50000.000,29.882,1792.941,50000.000,0
33701,0.000,7.471,50000.000,0.000,0.000,50000.000,0
33751,0.000,0.000,50000.000,0.000,29.882,50000.000,0
33801,0.000,-7.471,50000.000,0.000,29.882,50000.000,0
33851,0.000,0.000,50000.000,0.000,7.471,50000.000,0
33901,0.000,-14.941,50000.000,-44.824,0.000,50000.000,0
33951,0.000,-7.471,50000.000,-7.471,7.471,50000.000,0
34001,0.000,0.000,50000.000,0.000,0.000,50000.000,0
34051,0.000,0.000,50000.000,-7.471,0.000,50000.000,0
34101,0.000,0.000,50000.000,-7.471,7.471,50000.000,0
34151,0.000,0.000,50000.000,0.000,22.412,50000.000,0
34201,0.000,0.000,50000.000,7.471,22.412,50000.000,0
34251,0.000,0.000,50000.000,29.882,22.412,50000.000,0
34301,-7.471,7.471,50000.000,14.941,-14.941,50000.000,0
34351,0.000,7.471,50000.000,0.000,-14.941,50000.000,0
34401,0.000,7.471,50000.000,-14.941,-29.882,50000.000,0
34451,0.000,7.471,50000.000,-14.941,-29.882,50000.000,0
34501,0.000,0.000,50000.000,0.000,-59294.055,50000.000,0
34551,0.000,-1449.294,50000.000,0.000,0.000,50000.000,0
34601,0.000,-14.941,50000.000,-22.412,7.471,50000.000,0
34651,0.000,-14.941,50000.000,7.471,14.941,50000.000,0
34701,0.000,-7.471,50000.000,7.471,14.941,50000.000,0
34751,0.000,0.000,50000.000,-14.941,14.941,50000.000,0
34801,0.000,0.000,50000.000,-14.941,52.294,50000.000,0
34851,0.000,0.000,50000.000,-29.882,67.235,50000.000,0
34901,0.000,0.000,50000.000,-29.882,14.941,50000.000,0
34951,0.000,0.000,50000.000,-7.471,0.000,50000.000,0
35001,0.000,7.471,50000.000,0.000,-14.941,50000.000,0
35051,0.000,7.471,50000.000,7.471,-14.941,50000.000,0
35101,7.471,7.471,50000.000,14.941,-7.471,50000.000,0
35151,7.471,0.000,50000.000,-7.471,0.000,50000.000,0
35201,0.000,0.000,50000.000,-14.941,0.000,50000.000,0
35251,0.000,0.000,50000.000,0.000,0.000,50000.000,0
35301,0.000,0.000,50000.000,14.941,0.000,50000.000,0
35351,0.000,0.000,50000.000,22.412,0.000,50000.000,0
35401,-7.471,-1680.882,50000.000,7.471,-22.412,50000.000,0
35451,-7.471,-7.471,50000.000,0.000,1792.941,50000.000,0
35501,0.000,1673.412,50000.000,-7.471,0.000,50000.000,0
35551,0.000,0.000,50000.000,-29.882,7.471,50000.000,0
35601,0.000,0.000,50000.000,0.000,-14.941,50000.000,0
35651,0.000,0.000,50000.000,7.471,-14.941,50000.000,0
35701,0.000,0.000,50000.000,7.471,-22.412,50000.000,0
35751,0.000,0.000,50000.000,7.471,-22.412,50000.000,0
35801,0.000,0.000,50000.000,7.471,1792.941,50000.000,0
35851,0.000,0.000,50000.000,7.471,0.000,50000.000,0
35901,0.000,0.000,50000.000,0.000,7.471,50000.000,0
35951,0.000,0.000,50000.000,-7.471,7.471,50000.000,0
36001,0.000,0.000,50000.000,0.000,0.000,50000.000,0
36051,0.000,0.000,50000.000,7.471,0.000,50000.000,0
36101,0.000,0.000,50000.000,14.941,-7.471,50000.000,0
36151,0.000,0.000,50000.000,-29.882,0.000,50000.000,0
36201,0.000,1434.353,50000.000,-22.412,14.941,50000.000,0
36251,0.000,0.000,50000.000,0.000,0.000,50000.000,0
36301,0.000,0.000,50000.000,7.471,0.000,50000.000,0
36351,0.000,0.000,50000.000,0.000,0.000,50000.000,0
36401,0.000,0.000,50000.000,0.000,-14.941,50000.000,0
36451,0.000,0.000,50000.000,0.000,0.000,50000.000,0
36501,0.000,0.000,50000.000,0.000,0.000,50000.000,0
36551,0.000,0.000,50000.000,0.000,14.941,50000.000,0
36601,0.000,0.000,50000.000,7.471,14.941,50000.000,0
36651,0.000,7.471,50000.000,7.471,7.471,50000.000,0
36701,0.000,0.000,50000.000,0.000,0.000,50000.000,0
36751,0.000,0.000,50000.000,0.000,0.000,50000.000,0
36801,0.000,0.000,50000.000,14.941,7.471,50000.000,0
36851,0.000,0.000,50000.000,0.000,7.471,50000.000,0
36901,0.000,0.000,50000.000,0.000,7.471,50000.000,0
36951,0.000,0.000,50000.000,0.000,67.235,50000.000,0
37001,0.000,0.000,50000.000,0.000,59.765,50000.000,0
37051,0.000,0.000,50000.000,0.000,14.941,50000.000,0
37101,0.000,0.000,50000.000,0.000,14.941,50000.000,0
37151,0.000,0.000,50000.000,7.471,0.000,50000.000,0
37201,0.000,0.000,50000.000,7.471,7.471,50000.000,0
37251,-7.471,0.000,50000.000,7.471,-1807.882,50000.000,0
37301,0.000,0.000,50000.000,29.882,-14.941,50000.000,0
37351,0.000,7.471,50000.000,14.941,-14.941,50000.000,0
37401,0.000,7.471,50000.000,29.882,0.000,50000.000,0
37451,0.000,0.000,50000.000,22.412,14.941,50000.000,0
37501,0.000,0.000,50000.000,0.000,37.353,50000.000,0
37551,0.000,0.000,50000.000,-7.471,37.353,50000.000,0
37601,-7.471,0.000,50000.000,-37.353,22.412,50000.000,0
37651,0.000,0.000,50000.000,-14.941,0.000,50000.000,0
37701,0.000,-7.471,50000.000,-59.765,7.471,50000.000,0
37751,0.000,-7.471,50000.000,-52.294,14.941,50000.000,0
37801,0.000,-7.471,50000.000,-22.412,7.471,50000.000,0
37851,0.000,0.000,50000.000,-22.412,22.412,50000.000,0
37901,0.000,0.000,50000.000,-29.882,22.412,50000.000,0
37951,0.000,0.000,50000.000,-14.941,37.353,50000.000,0
38001,0.000,0.000,50000.000,-7.471,29.882,50000.000,0
38051,-7.471,7.471,50000.000,0.000,14.941,50000.000,0
38101,0.000,0.000,50000.000,0.000,14.941,50000.000,0
38151,0.000,0.000,50000.000,14.941,7.471,50000.000,0
38201,0.000,0.000,50000.000,7.471,22.412,50000.000,0
38251,0.000,0.000,50000.000,0.000,37.353,50000.000,0
38301,0.000,0.000,50000.000,1912.470,44.824,50000.000,0
38351,0.000,0.000,50000.000,-22.412,14.941,50000.000,0
38401,0.000,0.000,50000.000,0.000,242898.688,50000.000,0
38451,0.000,-7.471,50000.000,89.647,-7.471,50000.000,0
38501,0.000,-7.471,50000.000,44.824,59.765,50000.000,0
38551,0.000,0.000,50000.000,0.000,67.235,50000.000,0
38601,0.000,-7.471,50000.000,0.000,44.824,50000.000,0
38651,0.000,0.000,50000.000,22.412,14.941,50000.000,0
38701,0.000,0.000,50000.000,14.941,7.471,50000.000,0
38751,0.000,7.471,50000.000,0.000,14.941,50000.000,0
38801,0.000,7.471,50000.000,0.000,29.882,50000.000,0
38851,0.000,7.471,50000.000,0.000,22.412,50000.000,0
38901,0.000,0.000,50000.000,7.471,44.824,50000.000,0
38951,0.000,0.000,50000.000,52.294,74.706,50000.000,0
39001,0.000,0.000,50000.000,29.882,29.882,50000.000,0
39051,0.000,0.000,50000.000,14.941,14.941,50000.000,0
39101,0.000,-7.471,50000.000,14.941,0.000,50000.000,0
39151,0.000,1673.412,50000.000,7.471,29.882,50000.000,0
39201,0.000,0.000,50000.000,0.000,14.941,50000.000,0
39251,0.000,-7.471,50000.000,7.471,7.471,50000.000,0
39301,0.000,0.000,50000.000,14.941,29.882,50000.000,0
39351,0.000,-7.471,50000.000,7.471,7.471,50000.000,0
39401,0.000,0.000,50000.000,7.471,0.000,50000.000,0
39451,0.000,0.000,50000.000,0.000,0.000,50000.000,0
39501,-7.471,0.000,50000.000,0.000,0.000,50000.000,0
39551,-7.471,14.941,50000.000,7.471,0.000,50000.000,0
39601,0.000,0.000,50000.000,0.000,0.000,50000.000,0
39651,0.000,7.471,50000.000,7.471,22.412,50000.000,0
39701,-14.941,7.471,50000.000,7.471,22.412,50000.000,0
39751,0.000,0.000,50000.000,0.000,22.412,50000.000,0
39801,-7.471,0.000,50000.000,0.000,22.412,50000.000,0
39851,-7.471,-14.941,50000.000,-22.412,0.000,50000.000,0
39901,0.000,-7.471,50000.000,-14.941,-7.471,50000.000,0
39951,7.471,-7.471,50000.000,0.000,0.000,50000.000,0
40001,0.000,0.000,50000.000,-7.471,7.471,50000.000,0
40051,0.000,0.000,50000.000,-22.412,0.000,50000.000,0
40101,0.000,0.000,50000.000,-1919.941,29.882,50000.000,0
40151,0.000,0.000,50000.000,0.000,7.471,50000.000,0
40201,0.000,0.000,50000.000,0.000,7.471,50000.000,0
40251,0.000,0.000,50000.000,0.000,14.941,50000.000,0
40301,0.000,7.471,50000.000,7.471,0.000,50000.000,0
40351,0.000,0.000,50000.000,7.471,-1822.823,50000.000,0
40401,0.000,0.000,50000.000,0.000,-14.941,50000.000,0
40451,0.000,0.000,50000.000,0.000,-59301.527,50000.000,0
40501,0.000,0.000,50000.000,0.000,7.471,50000.000,0
40551,0.000,0.000,50000.000,-22.412,0.000,50000.000,0
40601,0.000,0.000,50000.000,-29.882,22.412,50000.000,0
40651,0.000,0.000,50000.000,-22.412,0.000,50000.000,0
40701,22.412,-29.882,50000.000,-37.353,0.000,50000.000,0
40751,7.471,0.000,50000.000,-37.353,7.471,50000.000,0
40801,0.000,0.000,50000.000,-29.882,14.941,50000.000,0
40851,0.000,0.000,50000.000,-44.824,14.941,50000.000,0
40901,0.000,0.000,50000.000,-7.471,7.471,50000.000,0
40951,0.000,0.000,50000.000,1912.470,14.941,50000.000,0
41001,14.941,0.000,50000.000,-7.471,7.471,50000.000,0
41051,14.941,7.471,50000.000,-22.412,22.412,50000.000,0
41101,0.000,0.000,50000.000,-22.412,22.412,50000.000,0
41151,0.000,0.000,50000.000,-14.941,29.882,50000.000,0
41201,0.000,0.000,50000.000,-22.412,0.000,50000.000,0
41251,0.000,0.000,50000.000,-22.412,0.000,50000.000,0
41301,0.000,0.000,50000.000,-37.353,0.000,50000.000,0
41351,5737.411,-1441.823,50000.000,-14.941,0.000,50000.000,0
41401,-7.471,-7.471,50000.000,-7.471,7.471,50000.000,0
41451,-5744.882,1673.412,50000.000,0.000,22.412,50000.000,0
41501,0.000,0.000,50000.000,0.000,7.471,50000.000,0
41551,0.000,0.000,50000.000,0.000,-1807.882,50000.000,0
41601,0.000,0.000,50000.000,1912.470,-52.294,50000.000,0
41651,0.000,7.471,50000.000,-22.412,-52.294,50000.000,0
41701,0.000,0.000,50000.000,-37.353,-7.471,50000.000,0
41751,0.000,7.471,50000.000,-7.471,0.000,50000.000,0
41801,0.000,0.000,50000.000,0.000,0.000,50000.000,0
41851,0.000,0.000,50000.000,0.000,0.000,50000.000,0
41901,0.000,0.000,50000.000,-7.471,7.471,50000.000,0
41951,-7.471,7.471,50000.000,0.000,0.000,50000.000,0
42001,-7.471,0.000,50000.000,0.000,14.941,50000.000,0
42051,0.000,0.000,50000.000,-7.471,44.824,50000.000,0
42101,0.000,-1680.882,50000.000,0.000,44.824,50000.000,0
42151,0.000,-120493.109,50000.000,14.941,44.824,50000.000,0
42201,0.000,0.000,50000.000,7.471,44.824,50000.000,0
42251,0.000,0.000,50000.000,0.000,52.294,50000.000,0
42301,0.000,0.000,50000.000,0.000,44.824,50000.000,0
42351,0.000,0.000,50000.000,1912.470,37.353,50000.000,0
42401,0.000,0.000,50000.000,-14.941,22.412,50000.000,0
42451,0.000,0.000,50000.000,-1919.941,14.941,50000.000,0
42501,0.000,7.471,50000.000,1912.470,37.353,50000.000,0
42551,-7.471,0.000,50000.000,-7.471,52.294,50000.000,0
42601,0.000,0.000,50000.000,-29.882,52.294,50000.000,0
42651,0.000,0.000,50000.000,-44.824,44.824,50000.000,0
42701,0.000,-1680.882,50000.000,-14.941,44.824,50000.000,0
42751,0.000,-7.471,50000.000,-29.882,0.000,50000.000,0
42801,0.000,-7.471,50000.000,-29.882,0.000,50000.000,0
42851,0.000,0.000,50000.000,-14.941,67.235,50000.000,0
42901,0.000,0.000,50000.000,14.941,67.235,50000.000,0
42951,0.000,0.000,50000.000,22.412,14.941,50000.000,0
43001,0.000,0.000,50000.000,7.471,7.471,50000.000,0
43051,0.000,14.941,50000.000,-7.471,14.941,50000.000,0
43101,0.000,14.941,50000.000,0.000,14.941,50000.000,0
43151,0.000,14.941,50000.000,0.000,22.412,50000.000,0
43201,0.000,0.000,50000.000,-37.353,37.353,50000.000,0
43251,0.000,0.000,50000.000,-22.412,14.941,50000.000,0
43301,0.000,0.000,50000.000,-1919.941,14.941,50000.000,0
43351,0.000,0.000,50000.000,7.471,7.471,50000.000,0
43401,0.000,0.000,50000.000,14.941,14.941,50000.000,0
43451,0.000,0.000,50000.000,7.471,14.941,50000.000,0
43501,-7.471,-7.471,50000.000,-7.471,22.412,50000.000,0
43551,-7.471,120485.641,50000.000,-22.412,0.000,50000.000,0
43601,0.000,1434.353,50000.000,-7.471,-1800.412,50000.000,0
43651,0.000,0.000,50000.000,-29.882,-14.941,50000.000,0
43701,0.000,0.000,50000.000,-1934.882,-14.941,50000.000,0
43751,-7.471,0.000,50000.000,0.000,-7.471,50000.000,0
43801,0.000,7.471,50000.000,0.000,-22.412,50000.000,0
43851,0.000,7.471,50000.000,0.000,-52.294,50000.000,0
43901,0.000,0.000,50000.000,-7.471,-29.882,50000.000,0
43951,0.000,0.000,50000.000,0.000,0.000,50000.000,0
44001,0.000,0.000,50000.000,1912.470,0.000,50000.000,0
44051,0.000,0.000,50000.000,-22.412,0.000,50000.000,0
44101,0.000,0.000,50000.000,-22.412,7.471,50000.000,0
44151,0.000,0.000,50000.000,-7.471,22.412,50000.000,0
44201,0.000,0.000,50000.000,0.000,37.353,50000.000,0
44251,7.471,0.000,50000.000,0.000,14.941,50000.000,0
44301,0.000,0.000,50000.000,0.000,14.941,50000.000,0
44351,0.000,0.000,50000.000,-37.353,7.471,50000.000,0
44401,0.000,0.000,50000.000,0.000,7.471,50000.000,0
44451,0.000,0.000,50000.000,0.000,0.000,50000.000,0
44501,0.000,0.000,50000.000,0.000,0.000,50000.000,0
44551,0.000,0.000,50000.000,0.000,0.000,50000.000,0
44601,0.000,0.000,50000.000,0.000,0.000,50000.000,0
44651,0.000,0.000,50000.000,0.000,0.000,50000.000,0
44701,7.471,7.471,50000.000,0.000,-14.941,50000.000,0
44751,0.000,7.471,50000.000,-7.471,-7.471,50000.000,0
44801,0.000,0.000,50000.000,22.412,44.824,50000.000,0
44851,0.000,0.000,50000.000,7.471,14.941,50000.000,0
44901,0.000,0.000,50000.000,0.000,7.471,50000.000,0
44951,0.000,-7.471,50000.000,0.000,0.000,50000.000,0
45001,0.000,-7.471,50000.000,0.000,7.471,50000.000,0
45051,0.000,0.000,50000.000,-7.471,7.471,50000.000,0
45101,0.000,0.000,50000.000,0.000,0.000,50000.000,0
45151,0.000,0.000,50000.000,0.000,0.000,50000.000,0
45201,0.000,0.000,50000.000,0.000,0.000,50000.000,0
45251,0.000,0.000,50000.000,0.000,0.000,50000.000,0
45301,0.000,0.000,50000.000,0.000,0.000,50000.000,0
45351,0.000,0.000,50000.000,0.000,0.000,50000.000,0
45401,0.000,0.000,50000.000,0.000,0.000,50000.000,0
45451,0.000,0.000,50000.000,7.471,0.000,50000.000,0
45501,0.000,0.000,50000.000,14.941,14.941,50000.000,0
45551,0.000,0.000,50000.000,22.412,7.471,50000.000,0
45601,0.000,0.000,50000.000,1919.941,37.353,50000.000,0
45651,0.000,0.000,50000.000,-14.941,22.412,50000.000,0
45701,0.000,0.000,50000.000,-22.412,29.882,50000.000,0
45751,-7.471,0.000,50000.000,-1919.941,14.941,50000.000,0
45801,1912.470,0.000,50000.000,0.000,14.941,50000.000,0
45851,-7.471,0.000,50000.000,14.941,7.471,50000.000,0
45901,0.000,0.000,50000.000,14.941,0.000,50000.000,0
45951,0.000,0.000,50000.000,22.412,7.471,50000.000,0
46001,0.000,0.000,50000.000,7.471,29.882,50000.000,0
46051,0.000,0.000,50000.000,-22.412,37.353,50000.000,0
46101,0.000,7.471,50000.000,-29.882,7.471,50000.000,0
46151,0.000,14.941,50000.000,-29.882,22.412,50000.000,0
46201,0.000,0.000,50000.000,-14.941,44.824,50000.000,0
46251,0.000,0.000,50000.000,-29.882,7.471,50000.000,0
46301,0.000,0.000,50000.000,-22.412,0.000,50000.000,0
46351,0.000,0.000,50000.000,-7.471,0.000,50000.000,0
46401,0.000,0.000,50000.000,-7.471,0.000,50000.000,0
46451,0.000,0.000,50000.000,0.000,14.941,50000.000,0
46501,0.000,0.000,50000.000,0.000,22.412,50000.000,0
46551,0.000,0.000,50000.000,0.000,0.000,50000.000,0
46601,0.000,0.000,50000.000,0.000,0.000,50000.000,0
46651,0.000,0.000,50000.000,14.941,7.471,50000.000,0
46701,0.000,0.000,50000.000,-7.471,0.000,50000.000,0
46751,0.000,0.000,50000.000,-7.471,44.824,50000.000,0
46801,0.000,0.000,50000.000,-1919.941,22.412,50000.000,0
46851,0.000,0.000,50000.000,0.000,7.471,50000.000,0
46901,0.000,0.000,50000.000,7.471,52.294,50000.000,0
46951,0.000,0.000,50000.000,29.882,52.294,50000.000,0
47001,0.000,0.000,50000.000,0.000,29.882,50000.000,0
47051,-7.471,7.471,50000.000,-14.941,14.941,50000.000,0
47101,-5744.882,0.000,50000.000,-97.118,-59.765,50000.000,0
47151,0.000,0.000,50000.000,-22.412,-28709.469,50000.000,0
47201,0.000,0.000,50000.000,14.941,7.471,50000.000,0
47251,0.000,0.000,50000.000,1912.470,7.471,50000.000,0
47301,0.000,0.000,50000.000,-7.471,0.000,50000.000,0
47351,0.000,0.000,50000.000,-14.941,7.471,50000.000,0
47401,0.000,0.000,50000.000,-22.412,0.000,50000.000,0
47451,0.000,0.000,50000.000,-22.412,0.000,50000.000,0
47501,0.000,0.000,50000.000,0.000,0.000,50000.000,0
47551,0.000,0.000,50000.000,0.000,0.000,50000.000,0
47601,0.000,0.000,50000.000,0.000,0.000,50000.000,0
47651,0.000,0.000,50000.000,0.000,0.000,50000.000,0
47701,0.000,0.000,50000.000,-14.941,0.000,50000.000,0
47751,0.000,0.000,50000.000,-22.412,0.000,50000.000,0
47801,0.000,0.000,50000.000,-29.882,-7.471,50000.000,0
47851,0.000,0.000,50000.000,0.000,-14.941,50000.000,0
47901,0.000,0.000,50000.000,7.471,-7.471,50000.000,0
47951,0.000,0.000,50000.000,-22.412,14.941,50000.000,0
48001,0.000,0.000,50000.000,-7.471,7.471,50000.000,0
48051,0.000,0.000,50000.000,-7.471,7.471,50000.000,0
48101,0.000,0.000,50000.000,0.000,7.471,50000.000,0
48151,0.000,0.000,50000.000,0.000,-1807.882,50000.000,0
48201,0.000,0.000,50000.000,14.941,-14.941,50000.000,0
48251,0.000,0.000,50000.000,22.412,-7.471,50000.000,0
48301,0.000,7.471,50000.000,0.000,-7.471,50000.000,0
48351,0.000,0.000,50000.000,22.412,-7.471,50000.000,0
48401,0.000,0.000,50000.000,7.471,0.000,50000.000,0
48451,0.000,0.000,50000.000,-14.941,0.000,50000.000,0
48501,0.000,0.000,50000.000,-22.412,14.941,50000.000,0
48551,0.000,0.000,50000.000,-14.941,7.471,50000.000,0
48601,0.000,0.000,50000.000,-7.471,7.471,50000.000,0
48651,0.000,0.000,50000.000,-14.941,7.471,50000.000,0
48701,0.000,0.000,50000.000,-7.471,14.941,50000.000,0
48751,0.000,-7.471,50000.000,0.000,7.471,50000.000,0
48801,0.000,1673.412,50000.000,0.000,0.000,50000.000,0
48851,0.000,0.000,50000.000,-22.412,1890.059,50000.000,0
48901,0.000,0.000,50000.000,-1919.941,22.412,50000.000,0
48951,0.000,0.000,50000.000,7.471,22.412,50000.000,0
49001,0.000,0.000,50000.000,22.412,7.471,50000.000,0
49051,0.000,0.000,50000.000,0.000,14.941,50000.000,0
49101,0.000,7.471,50000.000,-22.412,29.882,50000.000,0
49151,0.000,0.000,50000.000,-1934.882,44.824,50000.000,0
49201,0.000,0.000,50000.000,0.000,44.824,50000.000,0
49251,0.000,0.000,50000.000,0.000,52.294,50000.000,0
49301,0.000,0.000,50000.000,-14.941,44.824,50000.000,0
49351,0.000,0.000,50000.000,-14.941,14.941,50000.000,0
49401,0.000,0.000,50000.000,-7.471,0.000,50000.000,0
49451,0.000,-242891.219,50000.000,-22.412,0.000,50000.000,0
49501,0.000,0.000,50000.000,-7.471,0.000,50000.000,0
49551,0.000,0.000,50000.000,7.471,0.000,50000.000,0
49601,0.000,0.000,50000.000,29.882,22.412,50000.000,0
49651,0.000,0.000,50000.000,14.941,22.412,50000.000,0
49701,0.000,0.000,50000.000,0.000,22.412,50000.000,0
49751,0.000,0.000,50000.000,0.000,37.353,50000.000,0
49801,0.000,0.000,50000.000,14.941,37.353,50000.000,0
49851,0.000,7.471,50000.000,44.824,14.941,50000.000,0
49901,0.000,0.000,50000.000,14.941,0.000,50000.000,0
49951,0.000,0.000,50000.000,0.000,0.000,50000.000,0
50001,0.000,0.000,50000.000,7.471,0.000,50000.000,0
50051,0.000,0.000,50000.000,0.000,0.000,50000.000,0
50101,0.000,0.000,50000.000,0.000,-7.471,50000.000,0
50151,0.000,-1680.882,50000.000,-14.941,7.471,50000.000,0
50201,0.000,-7.471,50000.000,0.000,37.353,50000.000,0
50251,5737.411,0.000,50000.000,0.000,7.471,50000.000,0
50301,-14.941,0.000,50000.000,7.471,22.412,50000.000,0
50351,-5744.882,7.471,50000.000,1912.470,7.471,50000.000,0
50401,0.000,7.471,50000.000,-1919.941,-1815.353,50000.000,0
50451,0.000,0.000,50000.000,0.000,-22.412,50000.000,0
50501,0.000,0.000,50000.000,7.471,-14.941,50000.000,0
50551,0.000,0.000,50000.000,22.412,0.000,50000.000,0
50601,0.000,0.000,50000.000,7.471,7.471,50000.000,0
50651,-7.471,14.941,50000.000,7.471,22.412,50000.000,0
50701,0.000,0.000,50000.000,0.000,7.471,50000.000,0
50751,0.000,0.000,50000.000,0.000,0.000,50000.000,0
50801,-7.471,-7.471,50000.000,7.471,0.000,50000.000,0
50851,0.000,0.000,50000.000,0.000,22.412,50000.000,0
50901,0.000,0.000,50000.000,7.471,37.353,50000.000,0
50951,0.000,1673.412,50000.000,0.000,0.000,50000.000,0
51001,0.000,0.000,50000.000,0.000,0.000,50000.000,0
51051,0.000,0.000,50000.000,0.000,0.000,50000.000,0
51101,0.000,0.000,50000.000,-7.471,7.471,50000.000,0
51151,0.000,0.000,50000.000,0.000,0.000,50000.000,0
51201,0.000,0.000,50000.000,0.000,0.000,50000.000,0
51251,-7.471,0.000,50000.000,0.000,0.000,50000.000,0
51301,0.000,7.471,50000.000,0.000,0.000,50000.000,0
51351,0.000,0.000,50000.000,0.000,0.000,50002.000,0
51401,0.000,0.000,50000.000,0.000,-22.412,50000.000,0
51451,0.000,0.000,50000.000,-7.471,-14.941,50000.000,0
51501,0.000,0.000,50000.000,-14.941,-7.471,50000.000,0
51551,7.471,1673.412,50000.000,-7.471,7.471,50000.000,0
51601,0.000,0.000,50000.000,0.000,0.000,50000.000,0
51651,0.000,0.000,50000.000,0.000,0.000,50000.000,0
51701,0.000,0.000,50000.000,1912.470,0.000,50000.000,0
51751,0.000,0.000,50000.000,-7.471,0.000,50000.000,0
51801,0.000,7.471,50000.000,0.000,0.000,50000.000,0
51851,0.000,7.471,50000.000,0.000,0.000,50000.000,0
51901,0.000,0.000,50000.000,0.000,0.000,50000.000,0
51951,0.000,0.000,50000.000,0.000,-14.941,50000.000,0
52001,0.000,0.000,50000.000,0.000,-14.941,50000.000,0
52051,-5744.882,-1441.823,50000.000,0.000,-7.471,50000.000,0
52101,0.000,-7.471,50000.000,0.000,-14.941,50000.000,0
52151,0.000,0.000,50000.000,0.000,-7.471,50000.000,0
52201,0.000,0.000,50000.000,0.000,-7.471,50000.000,0
52251,0.000,0.000,50000.000,0.000,-7.471,50000.000,0
52301,7.471,-7.471,50000.000,0.000,0.000,50000.000,0
52351,0.000,0.000,50000.000,0.000,0.000,50000.000,0
52401,0.000,0.000,50000.000,0.000,0.000,50000.000,0
52451,0.000,0.000,50000.000,0.000,0.000,50000.000,0
52501,0.000,0.000,50000.000,0.000,0.000,50000.000,0
52551,0.000,0.000,50000.000,0.000,0.000,50000.000,0
52601,0.000,0.000,50000.000,0.000,0.000,50000.000,0
52651,0.000,0.000,50000.000,0.000,0.000,50000.000,0
52701,7.471,0.000,50000.000,0.000,0.000,50000.000,0
52751,7.471,-1680.882,50000.000,-7.471,7.471,50000.000,0
52801,0.000,-7.471,50000.000,0.000,7.471,50000.000,0
52851,0.000,0.000,50000.000,1912.470,0.000,50000.000,0
52901,0.000,0.000,50000.000,-1919.941,0.000,50000.000,0
52951,0.000,0.000,50000.000,0.000,0.000,50000.000,0
53001,0.000,0.000,50000.000,0.000,7.471,50000.000,0
53051,0.000,0.000,50000.000,0.000,0.000,50000.000,0
53101,0.000,0.000,50000.000,0.000,0.000,50000.000,0
53151,0.000,0.000,50000.000,0.000,0.000,50000.000,0
53201,0.000,0.000,50000.000,0.000,0.000,50000.000,0
53251,0.000,0.000,50000.000,0.000,0.000,50000.000,0
53301,0.000,0.000,50000.000,7.471,0.000,50000.000,0
53351,0.000,0.000,50000.000,0.000,7.471,50000.000,0
53401,0.000,0.000,50000.000,0.000,7.471,50000.000,0
53451,0.000,0.000,50000.000,-14.941,0.000,50000.000,0
53501,0.000,0.000,50001.000,0.000,0.000,50000.000,0
53551,0.000,0.000,49999.000,-7.471,0.000,49998.000,0
53601,0.000,0.000,50000.000,0.000,7.471,50000.000,0
53651,0.000,0.000,50000.000,0.000,0.000,50000.000,0
53701,0.000,0.000,50000.000,0.000,0.000,50000.000,0
53751,0.000,0.000,50000.000,1912.470,7.471,50000.000,0
53801,0.000,0.000,50000.000,-7.471,0.000,50000.000,0
53851,0.000,0.000,50000.000,-7.471,0.000,50000.000,0
53901,0.000,0.000,50000.000,-1919.941,0.000,50000.000,0
53951,0.000,0.000,50000.000,0.000,0.000,50000.000,0
54001,-7.471,0.000,50000.000,0.000,0.000,50000.000,0
54051,0.000,0.000,50000.000,0.000,0.000,50000.000,0
54101,0.000,0.000,50000.000,0.000,0.000,50000.000,0
54151,0.000,0.000,50000.000,0.000,0.000,50000.000,0
54201,0.000,7.471,50000.000,0.000,0.000,50000.000,0
54251,0.000,7.471,50000.000,0.000,0.000,50000.000,0
54301,0.000,0.000,50000.000,0.000,0.000,50000.000,0
54351,7.471,0.000,50000.000,0.000,0.000,50000.000,0
54401,0.000,0.000,50000.000,0.000,0.000,50000.000,0
54451,0.000,0.000,50000.000,0.000,0.000,50000.000,0
54501,0.000,0.000,50000.000,0.000,0.000,50000.000,0
54551,0.000,-1441.823,50000.000,0.000,7.471,50000.000,0
54601,0.000,-7.471,50000.000,0.000,7.471,50000.000,0
54651,0.000,-7.471,50000.000,0.000,0.000,50000.000,0
54701,0.000,0.000,50000.000,0.000,0.000,50000.000,0
54751,0.000,0.000,50000.000,0.000,0.000,50000.000,0
54801,0.000,0.000,50000.000,0.000,0.000,50000.000,0
54851,0.000,0.000,50000.000,0.000,0.000,50000.000,0
54901,0.000,0.000,50000.000,0.000,0.000,50000.000,0
54951,7.471,0.000,50000.000,0.000,0.000,50000.000,0
55001,7.471,0.000,50000.000,0.000,0.000,50000.000,0
55051,0.000,0.000,50000.000,0.000,0.000,50000.000,0
55101,0.000,0.000,50000.000,0.000,0.000,50000.000,0
55151,0.000,0.000,50000.000,0.000,0.000,50000.000,0
55201,0.000,0.000,50000.000,0.000,0.000,50000.000,0
55251,0.000,0.000,50000.000,0.000,0.000,50000.000,0
55301,0.000,0.000,50000.000,0.000,7.471,50000.000,0
55351,0.000,0.000,50000.000,0.000,0.000,50000.000,0
55401,7.471,0.000,50000.000,0.000,0.000,50000.000,0
55451,0.000,0.000,50000.000,0.000,0.000,50000.000,0
55501,0.000,0.000,50000.000,0.000,0.000,50000.000,0
55551,0.000,0.000,50000.000,0.000,0.000,50000.000,0
55601,0.000,0.000,50000.000,0.000,0.000,50000.000,0
55651,0.000,0.000,50000.000,0.000,0.000,50000.000,0
55701,0.000,7.471,50000.000,0.000,0.000,50000.000,0
55751,7.471,7.471,50000.000,0.000,0.000,50000.000,0
55801,0.000,0.000,50000.000,0.000,0.000,50000.000,0
55851,0.000,0.000,50000.000,0.000,0.000,50000.000,0
55901,0.000,0.000,50000.000,0.000,0.000,50000.000,0
55951,0.000,0.000,50000.000,0.000,0.000,50000.000,0
56001,0.000,0.000,50000.000,0.000,0.000,50000.000,0
56051,0.000,0.000,50000.000,0.000,0.000,50000.000,0
56101,0.000,-7.471,50000.000,0.000,0.000,50000.000,0
56151,0.000,0.000,50000.000,0.000,0.000,50000.000,0
56201,0.000,0.000,50000.000,0.000,0.000,50000.000,0
56251,7.471,0.000,50000.000,0.000,0.000,50000.000,0
56301,0.000,0.000,50000.000,0.000,0.000,50000.000,0
56351,7.471,7.471,50000.000,0.000,0.000,50000.000,0
56401,0.000,0.000,50000.000,0.000,0.000,50000.000,0
56451,0.000,0.000,50000.000,0.000,0.000,50000.000,0
56501,0.000,0.000,50000.000,0.000,0.000,50000.000,0
56551,0.000,0.000,50000.000,0.000,0.000,50000.000,0
56601,0.000,0.000,50000.000,0.000,0.000,50000.000,0
56651,0.000,0.000,50000.000,0.000,0.000,50000.000,0
56701,0.000,0.000,50000.000,0.000,0.000,50000.000,0
56751,0.000,0.000,50000.000,0.000,0.000,50000.000,0
56801,7.471,0.000,50000.000,0.000,0.000,50000.000,0
56851,0.000,0.000,50000.000,0.000,0.000,50000.000,0
56901,0.000,0.000,50000.000,0.000,0.000,50000.000,0
56951,0.000,0.000,50000.000,0.000,0.000,50000.000,0
57001,0.000,7.471,50000.000,0.000,0.000,50000.000,0
57051,5737.411,0.000,50000.000,0.000,0.000,50000.000,0
57101,-7.471,0.000,50000.000,0.000,0.000,50000.000,0
57151,-7.471,7.471,50000.000,0.000,0.000,50000.000,0
57201,0.000,0.000,50000.000,0.000,0.000,50000.000,0
57251,0.000,0.000,50000.000,0.000,0.000,50000.000,0
57301,0.000,0.000,50000.000,0.000,0.000,50000.000,0
57351,7.471,0.000,50000.000,0.000,0.000,50000.000,0
57401,0.000,0.000,50000.000,0.000,0.000,50000.000,0
57451,0.000,0.000,50000.000,0.000,0.000,50000.000,0
57501,7.471,0.000,50000.000,0.000,0.000,50000.000,0
57551,7.471,1434.353,50000.000,0.000,0.000,50000.000,0
57601,0.000,0.000,50000.000,0.000,0.000,50000.000,0
57651,0.000,0.000,50000.000,0.000,0.000,50000.000,0
57701,7.471,0.000,50000.000,0.000,0.000,50000.000,0
57751,0.000,0.000,50000.000,0.000,0.000,50000.000,0
57801,0.000,7.471,50000.000,0.000,0.000,50000.000,0
57851,0.000,7.471,50000.000,0.000,0.000,50000.000,0
57901,0.000,0.000,50000.000,0.000,0.000,50000.000,0
57951,0.000,0.000,50000.000,0.000,0.000,50000.000,0
58001,0.000,0.000,50000.000,0.000,0.000,50000.000,0
58051,0.000,0.000,50000.000,0.000,0.000,50000.000,0
58101,0.000,0.000,50000.000,0.000,0.000,50000.000,0
58151,0.000,-7.471,50000.000,0.000,0.000,50000.000,0
58201,0.000,-7.471,50000.000,0.000,0.000,50000.000,0
58251,0.000,0.000,50000.000,0.000,0.000,50000.000,0
58301,0.000,0.000,50000.000,0.000,0.000,50000.000,0
58351,0.000,0.000,50000.000,0.000,0.000,50000.000,0
58401,0.000,0.000,50000.000,0.000,0.000,50000.000,0
58451,0.000,0.000,50000.000,0.000,0.000,50000.000,0
58501,0.000,7.471,50000.000,0.000,0.000,50000.000,0
58551,0.000,0.000,50000.000,0.000,0.000,50000.000,0
58601,0.000,0.000,50000.000,0.000,0.000,50000.000,0
58651,-5744.882,1434.353,50000.000,0.000,0.000,50000.000,0
58701,0.000,-1680.882,50000.000,0.000,0.000,50000.000,0
58751,0.000,-7.471,50000.000,0.000,0.000,50000.000,0
58801,0.000,0.000,50000.000,0.000,0.000,50000.000,0
58851,0.000,0.000,50000.000,0.000,0.000,50000.000,0
58901,0.000,0.000,50000.000,0.000,0.000,50000.000,0
58951,0.000,0.000,50000.000,0.000,0.000,50000.000,0
59001,0.000,0.000,50000.000,0.000,0.000,50000.000,0
59051,0.000,0.000,50000.000,0.000,0.000,50000.000,0
59101,0.000,0.000,50000.000,0.000,0.000,50000.000,0
59151,0.000,0.000,50000.000,0.000,0.000,50000.000,0
59201,0.000,0.000,50000.000,0.000,0.000,50000.000,0
59251,0.000,0.000,50000.000,0.000,0.000,50000.000,0
59301,0.000,0.000,50000.000,0.000,0.000,50000.000,0
59351,0.000,0.000,50000.000,0.000,0.000,50000.000,0
59401,0.000,0.000,50000.000,0.000,0.000,50000.000,0
59451,0.000,0.000,50000.000,0.000,0.000,50000.000,0
59501,0.000,0.000,50000.000,0.000,0.000,50000.000,0
59551,0.000,0.000,50000.000,0.000,0.000,50000.000,0
59601,0.000,0.000,50000.000,0.000,0.000,50000.000,0
59651,0.000,0.000,50000.000,0.000,0.000,50000.000,0
59701,0.000,0.000,50000.000,0.000,0.000,50000.000,0
59751,0.000,0.000,50000.000,0.000,0.000,50000.000,0
59801,0.000,0.000,50000.000,0.000,0.000,50000.000,0
59851,0.000,0.000,50000.000,0.000,0.000,50000.000,0
59901,0.000,0.000,50000.000,0.000,0.000,50000.000,0
59951,0.000,0.000,50000.000,0.000,0.000,50000.000,0
