timestamp[ms],left_dx[um],left_dy[um],left_dt[us],right_dx[um],right_dy[um],right_dt[us],waterPin
0,0.000,0.000,50156.000,0.000,0.000,50153.000,0
51,0.000,0.000,50000.000,0.000,0.000,50000.000,0
101,0.000,0.000,50000.000,0.000,0.000,50000.000,0
151,0.000,-7.471,50000.000,0.000,0.000,50000.000,0
201,0.000,-7.471,50000.000,0.000,0.000,50000.000,0
251,0.000,-7.471,50000.000,0.000,0.000,50000.000,0
301,0.000,1673.412,50000.000,0.000,0.000,50000.000,0
351,7.471,0.000,50000.000,0.000,0.000,50000.000,0
401,0.000,0.000,50000.000,-59.765,29.882,50000.000,0
451,0.000,0.000,50000.000,-22.412,52.294,50000.000,0
501,0.000,7.471,50000.000,-67.235,67.235,50000.000,0
551,0.000,22.412,50000.000,-1927.412,22.412,50000.000,0
601,0.000,22.412,50000.000,44.824,22.412,50000.000,0
651,0.000,7.471,50000.000,14.941,44.824,50000.000,0
701,0.000,7.471,50000.000,0.000,0.000,50000.000,0
751,0.000,0.000,50000.000,0.000,0.000,50000.000,0
801,0.000,0.000,50000.000,0.000,0.000,50000.000,0
851,0.000,0.000,50000.000,0.000,0.000,50000.000,0
901,0.000,-22.412,50000.000,0.000,0.000,50000.000,0
951,0.000,-7.471,50000.000,0.000,0.000,50000.000,0
1001,0.000,1434.353,50000.000,0.000,0.000,50000.000,0
1051,0.000,0.000,50000.000,0.000,0.000,50000.000,0
1101,5737.411,14.941,50000.000,0.000,0.000,50000.000,0
1151,-5744.882,14.941,50000.000,0.000,0.000,50000.000,0
1201,0.000,0.000,50000.000,0.000,0.000,50000.000,0
1251,0.000,7.471,50000.000,0.000,0.000,50000.000,0
1301,0.000,0.000,50000.000,0.000,0.000,50000.000,0
1351,0.000,0.000,50000.000,0.000,0.000,50000.000,0
1401,0.000,0.000,50000.000,0.000,0.000,50000.000,0
1451,0.000,0.000,50000.000,0.000,0.000,50001.000,0
1501,0.000,0.000,50000.000,0.000,0.000,49999.000,0
1551,0.000,-1688.353,50000.000,0.000,0.000,50000.000,0
1601,0.000,1673.412,50000.000,0.000,0.000,50000.000,0
1651,0.000,0.000,50000.000,0.000,0.000,50000.000,0
1701,0.000,0.000,50000.000,0.000,0.000,50000.000,0
1751,0.000,0.000,50000.000,0.000,0.000,50000.000,0
1801,0.000,0.000,50000.000,0.000,0.000,50000.000,0
1851,0.000,0.000,50000.000,0.000,0.000,50000.000,0
1901,0.000,0.000,50000.000,0.000,0.000,50000.000,0
1951,7.471,0.000,50000.000,0.000,0.000,50000.000,0
2001,0.000,0.000,50000.000,0.000,0.000,50000.000,0
2051,7.471,7.471,50000.000,0.000,0.000,50000.000,0
2101,0.000,0.000,50000.000,0.000,0.000,50000.000,0
2151,0.000,0.000,50000.000,0.000,0.000,50000.000,0
2201,0.000,0.000,50000.000,0.000,0.000,50000.000,0
2251,0.000,0.000,50000.000,0.000,0.000,50000.000,0
2301,0.000,0.000,50000.000,0.000,0.000,50000.000,0
2351,0.000,0.000,50000.000,0.000,0.000,50000.000,0
2401,0.000,0.000,50000.000,0.000,0.000,50000.000,0
2451,0.000,0.000,50000.000,0.000,0.000,50000.000,0
2501,0.000,0.000,50000.000,0.000,0.000,50000.000,0
2551,0.000,0.000,50000.000,0.000,0.000,50000.000,0
2601,0.000,0.000,50000.000,0.000,0.000,50000.000,0
2651,0.000,0.000,50000.000,0.000,0.000,50000.000,0
2701,0.000,0.000,50000.000,0.000,0.000,50000.000,0
2751,0.000,0.000,50000.000,0.000,0.000,50000.000,0
2801,0.000,7.471,50000.000,0.000,0.000,50000.000,0
2851,0.000,0.000,50000.000,0.000,0.000,50000.000,0
2901,0.000,0.000,50000.000,0.000,0.000,50000.000,0
2951,0.000,0.000,50000.000,0.000,0.000,50000.000,0
3001,0.000,-1680.882,50000.000,0.000,0.000,50000.000,0
3051,0.000,-7.471,50000.000,0.000,0.000,50000.000,0
3101,0.000,0.000,50000.000,0.000,0.000,50000.000,0
3151,0.000,0.000,50000.000,0.000,0.000,50000.000,0
3201,0.000,0.000,50000.000,0.000,0.000,50000.000,0
3251,0.000,0.000,50000.000,-22.412,0.000,50000.000,0
3301,0.000,7.471,50000.000,0.000,0.000,50000.000,0
3351,0.000,0.000,50000.000,-14.941,7.471,50000.000,0
3401,0.000,0.000,50000.000,-29.882,-14.941,50000.000,0
3451,0.000,0.000,50000.000,-141.941,-22.412,50000.000,0
3501,0.000,7.471,50000.000,-149.412,-14.941,50002.000,0
3551,0.000,7.471,50000.000,-37.353,-14.941,50000.000,0
3601,0.000,7.471,50000.000,0.000,0.000,50000.000,0
3651,0.000,0.000,50000.000,0.000,0.000,50000.000,0
3701,0.000,0.000,50000.000,0.000,0.000,50000.000,0
3751,0.000,7.471,50000.000,0.000,0.000,50000.000,0
3801,0.000,0.000,50000.000,0.000,0.000,50000.000,0
3851,0.000,-7.471,50000.000,0.000,0.000,50000.000,0
3901,0.000,-13394.764,50000.000,0.000,0.000,50000.000,0
3951,0.000,0.000,50000.000,0.000,0.000,50000.000,0
4001,0.000,0.000,50000.000,0.000,0.000,50000.000,0
4051,5737.411,0.000,50000.000,0.000,0.000,50000.000,0
4101,-5744.882,7.471,50000.000,0.000,0.000,50000.000,0
4151,0.000,7.471,50000.000,0.000,0.000,50000.000,0
4201,0.000,7.471,50000.000,0.000,0.000,50000.000,0
4251,0.000,0.000,50000.000,0.000,0.000,50000.000,0
4301,0.000,0.000,50000.000,0.000,0.000,50000.000,0
4351,0.000,0.000,50000.000,0.000,0.000,50000.000,0
4401,0.000,0.000,50000.000,0.000,0.000,50000.000,0
4451,0.000,0.000,50000.000,0.000,0.000,50000.000,0
4501,7.471,0.000,50000.000,0.000,0.000,50000.000,0
4551,0.000,-1680.882,50000.000,0.000,0.000,50000.000,0
4601,0.000,1434.353,50000.000,0.000,0.000,50000.000,0
4651,0.000,0.000,50000.000,0.000,0.000,50000.000,0
4701,0.000,0.000,50000.000,0.000,0.000,50000.000,0
4751,0.000,0.000,50000.000,0.000,0.000,50000.000,0
4801,0.000,0.000,50000.000,0.000,0.000,50000.000,0
4851,0.000,0.000,50000.000,0.000,0.000,50000.000,0
4901,0.000,0.000,50000.000,0.000,0.000,50000.000,0
4951,0.000,0.000,50000.000,0.000,0.000,50000.000,0
5001,0.000,0.000,50000.000,0.000,0.000,50000.000,0
5051,0.000,0.000,50000.000,0.000,0.000,50000.000,0
5101,0.000,0.000,50000.000,0.000,0.000,50000.000,0
5151,0.000,0.000,50000.000,0.000,0.000,50000.000,0
5201,0.000,0.000,50000.000,0.000,0.000,50000.000,0
5251,0.000,0.000,50000.000,0.000,0.000,50000.000,0
5301,0.000,0.000,50000.000,0.000,0.000,50000.000,0
5351,0.000,0.000,50000.000,0.000,0.000,50000.000,0
5401,0.000,0.000,50000.000,0.000,0.000,50000.000,0
5451,0.000,0.000,50000.000,0.000,0.000,50000.000,0
5501,0.000,7.471,50000.000,0.000,0.000,50000.000,0
5551,0.000,7.471,50000.000,0.000,0.000,50000.000,0
5601,0.000,7.471,50002.000,0.000,0.000,50000.000,0
5651,0.000,7.471,50000.000,0.000,0.000,50000.000,0
5701,0.000,0.000,49998.000,0.000,0.000,49998.000,0
5751,0.000,0.000,50000.000,0.000,0.000,50000.000,0
5801,0.000,-1905.000,50000.000,0.000,0.000,50000.000,0
5851,0.000,1434.353,50000.000,0.000,0.000,50000.000,0
5901,0.000,0.000,50000.000,0.000,0.000,50000.000,0
5951,0.000,-14.941,50000.000,0.000,0.000,50000.000,0
6001,0.000,-7.471,50000.000,-7.471,0.000,50000.000,0
6051,0.000,1852.706,50000.000,-52.294,-29.882,50000.000,0
6101,0.000,-1441.823,50000.000,-37.353,-7.471,50000.000,0
6151,7.471,-7.471,50000.000,0.000,0.000,50000.000,0
6201,0.000,0.000,50000.000,0.000,-14.941,50000.000,0
6251,-7.471,0.000,50000.000,0.000,-14.941,50000.000,0
6301,-29.882,179.294,50000.000,0.000,0.000,50000.000,0
6351,-463.176,6297.706,50000.000,769.471,657.412,50000.000,0
6401,844.176,11669.058,50000.000,2756.647,-470.647,50000.000,0
6451,3526.117,11482.293,50000.000,3040.529,-2188.882,50000.000,0
6501,3600.823,10780.058,50000.000,1060.823,-694.765,50000.000,0
6551,5804.646,12699.999,50000.000,3892.176,-2390.588,50000.000,0
6601,10025.528,12035.117,50000.000,6671.235,-5842.000,50000.000,0
6651,13760.822,13730.940,50000.000,3660.588,-3160.059,50001.000,0
6701,11407.588,11743.764,50000.000,5214.470,-4676.588,49999.000,0
6751,11273.117,11482.293,50000.000,5685.117,-4826.000,50000.000,0
6801,13432.117,12752.293,50000.000,7186.706,-5729.941,50000.000,0
6851,12826.999,11855.822,50000.000,4758.764,-3765.176,50000.000,0
6901,10742.705,10503.646,50000.000,9584.764,-6544.235,50000.000,0
6951,11616.764,10959.353,50000.000,10974.293,-7186.706,50000.000,0
7001,11063.940,10279.528,50000.000,10608.234,-7044.764,50000.000,0
7051,11571.940,11034.058,50000.000,10914.528,-7239.000,50000.000,0
7101,10630.646,10122.646,50000.000,11415.058,-7134.411,50000.000,0
7151,10354.234,9173.882,50000.000,11131.176,-7268.882,50000.000,0
7201,10503.646,9173.882,50000.000,8934.823,-5871.882,50000.000,0
7251,11273.117,10107.705,50000.000,3182.470,-1949.823,50000.000,0
7301,11265.646,10481.234,50000.000,2988.235,-1785.470,50000.000,0
7351,11855.822,11908.117,50000.000,859.118,-500.529,50000.000,0
7401,12072.470,12886.764,50000.000,4855.882,-2883.647,50000.000,0
7451,12513.234,13708.528,50000.000,10555.940,-6312.646,50000.000,0
7501,12042.588,13529.234,50000.000,7896.411,-4758.764,50000.000,0
7551,12460.940,13835.528,50000.000,4542.117,-2823.882,50000.000,0
7601,13006.293,15045.764,50000.000,6051.176,-3787.588,50000.000,0
7651,12064.999,13865.411,50000.000,5057.588,-3346.823,50000.000,0
7701,12580.470,14306.176,50000.000,3152.588,-2398.059,50000.000,0
7751,14836.587,15673.293,50000.000,4332.941,-3802.529,50001.000,0
7801,13723.470,13110.882,50000.000,3937.000,-3974.353,49999.000,0
7851,12946.528,10735.234,50000.000,3593.353,-3817.470,50000.000,0
7901,12565.528,9285.940,50000.000,3302.000,-3421.529,50000.000,0
7951,12341.411,8464.176,50000.000,3399.117,-3630.706,50000.000,0
8001,12939.058,8800.353,50000.000,4161.117,-4295.588,50000.000,0
8051,10339.293,6006.353,50000.000,9016.999,-9285.940,50000.000,0
8101,11295.528,7201.646,50000.000,8523.940,-8994.588,50000.000,0
8151,12042.588,7724.588,50000.000,8015.940,-8254.999,50000.000,0
8201,11848.353,7171.764,50000.000,8777.940,-8232.588,50000.000,0
8251,11504.705,6925.235,50000.000,8785.411,-7866.529,50000.000,0
8301,11706.411,7059.706,50000.000,9158.940,-7814.235,50000.000,0
8351,11549.528,6865.470,50000.000,8740.588,-7164.293,50000.000,0
8401,11497.234,6663.764,50000.000,9039.411,-7485.529,50000.000,0
8451,12221.882,7037.293,50000.000,8987.117,-7515.411,50000.000,0
8501,12162.117,6671.235,50000.000,6783.293,-5864.411,50000.000,0
8551,12528.176,6514.353,50000.000,5087.470,-4385.235,50000.000,0
8601,12438.528,6110.941,50000.000,1568.823,-1277.470,50000.000,0
8651,12431.058,5812.117,50000.000,3675.529,-3085.353,50000.000,0
8701,12229.353,5983.941,50000.000,3324.412,-2794.000,50000.000,0
8751,12169.588,6096.000,50000.000,702.235,-560.294,50000.000,0
8801,12475.882,6940.176,50000.000,1755.588,-1359.647,50000.000,0
8851,12453.470,7522.882,50000.000,2607.235,-2286.000,50000.000,0
8901,12154.646,7941.235,50000.000,3735.294,-3608.294,50000.000,0
8951,11579.411,7933.764,50000.000,4340.412,-4265.706,50000.000,0
9001,11116.234,7866.529,50000.000,2390.588,-2450.353,50000.000,0
9051,11870.764,8180.293,50000.000,2569.882,-2681.941,50000.000,0
9101,12767.234,8568.764,50000.000,2263.588,-2540.000,50000.000,0
9151,12468.411,8344.646,50000.000,3503.706,-3877.235,50000.000,0
9201,13312.587,8068.235,50000.000,2629.647,-3264.647,50000.000,0
9251,14022.293,7463.117,50000.000,2188.882,-3033.059,50000.000,0
9301,13379.822,5558.117,50000.000,2906.059,-4542.117,50000.000,0
9351,12610.353,3197.412,50000.000,3361.764,-5109.882,50000.000,0
9401,13835.528,1636.059,50000.000,5251.823,-7799.293,50000.000,0
9451,14201.587,530.412,50000.000,5378.823,-8105.588,50000.000,0
9501,14223.999,104.588,50000.000,5879.353,-8860.117,50000.000,0
9551,13835.528,82.176,50000.000,6820.646,-10548.470,50000.000,0
9601,13835.528,59.765,50000.000,4870.823,-7171.764,50000.000,0
9651,13544.176,89.647,50000.000,2689.412,-3675.529,50000.000,0
9701,13349.940,134.471,50000.000,1688.353,-2480.235,50000.000,0
9751,13118.353,425.823,50000.000,1636.059,-2218.765,50000.000,0
9801,13066.058,530.412,50000.000,2734.235,-3451.412,50000.000,0
9851,12483.353,844.176,50000.000,4415.117,-5050.117,50000.000,0
9901,12154.646,1374.588,50000.000,6110.941,-6260.353,50000.000,0
9951,11870.764,1800.412,50000.000,4639.235,-4362.823,50000.000,0
10001,11556.999,2435.412,50000.000,2181.412,-1845.235,50000.000,0
10051,11131.176,2868.706,50000.000,3907.117,-3048.000,50000.000,0
10101,10563.411,2861.235,50000.000,3884.706,-2921.000,50000.000,0
10151,10832.353,2891.117,50000.000,3115.235,-2420.470,50000.000,0
10201,10533.528,3040.529,50000.000,3070.412,-2330.823,50000.000,0
10251,10399.059,3018.117,50000.000,1135.529,-836.706,50000.000,0
10301,10339.293,3354.294,50000.000,1232.647,-933.823,50000.000,0
10351,10638.117,3593.353,50000.000,1643.529,-1277.470,50000.000,0
10401,11138.646,4355.353,50000.000,1098.176,-821.765,50000.000,0
10451,11556.999,5035.176,50000.000,1337.235,-1001.059,50000.000,0
10501,11258.176,5707.529,50000.000,567.765,-395.941,50000.000,0
10551,11093.823,6245.411,50000.000,582.706,-455.706,50000.000,0
10601,10877.176,6521.823,50000.000,1053.353,-874.059,50000.000,0
10651,10929.470,6977.529,50000.000,1598.706,-1411.941,50000.000,0
10701,10122.646,6738.470,50000.000,291.353,-246.529,50000.000,0
10751,10115.176,7044.764,50000.000,1157.941,-1075.765,50000.000,0
10801,9816.353,7253.941,50000.000,3443.941,-3189.941,50000.000,0
10851,9696.823,7627.470,50000.000,2562.412,-2435.412,50000.000,0
10901,9831.293,8240.059,50000.000,2659.529,-2547.470,50000.000,0
10951,10010.588,8083.176,50000.000,5005.294,-5498.353,50000.000,0
11001,10667.999,7911.353,50000.000,7014.882,-8606.117,50000.000,0
11051,11377.705,7351.058,50000.000,8180.293,-11213.353,50000.000,0
11101,12304.058,6260.353,50000.000,7634.940,-11317.940,50000.000,0
11151,12445.999,4295.588,50000.000,8210.176,-12296.588,50000.000,0
11201,12117.293,2465.294,50000.000,6902.823,-10824.882,50000.000,0
11251,12348.882,1060.823,50000.000,6925.235,-10757.646,50000.000,0
11301,12266.705,500.529,50000.000,5221.941,-8277.411,50000.000,0
11351,12132.234,261.471,50000.000,4751.294,-7597.588,50000.000,0
11401,12087.411,127.000,50000.000,5050.117,-7605.058,50000.000,0
11451,11542.058,-7.471,50000.000,2129.117,-3040.529,50000.000,0
11501,11041.528,-44.824,50000.000,2300.941,-2958.353,50000.000,0
11551,10115.176,141.941,50000.000,2173.941,-2554.941,50000.000,0
11601,9704.294,336.176,50000.000,2510.117,-2779.059,50000.000,0
11651,9435.353,717.176,50000.000,2181.412,-2144.059,50000.000,0
11701,9091.705,1411.941,50000.000,2218.765,-1770.529,50000.000,0
11751,8344.646,2106.706,50000.000,306.294,-186.765,50000.000,0
11801,7911.353,2868.706,50000.000,2853.764,-1202.765,50000.000,0
11851,7657.353,3832.412,50000.000,2457.823,-672.353,50000.000,0
11901,6865.470,4579.470,50000.000,2457.823,-141.941,50000.000,0
11951,6439.646,5326.529,50000.000,3556.000,231.588,50000.000,0
12001,6155.764,6043.706,50000.000,5192.059,971.176,50000.000,0
12051,5998.882,6947.646,50000.000,3302.000,1045.882,50000.000,0
12101,5767.294,8142.940,50000.000,3832.412,1733.176,50000.000,0
12151,5931.646,9681.882,50000.000,2876.176,1538.941,50000.000,0
12201,5617.882,10107.705,50000.000,2472.765,1538.941,50000.000,0
12251,5169.646,10697.882,50000.000,2308.412,1456.765,50000.000,0
12301,5147.235,11086.353,50000.000,2689.412,1673.412,50000.000,0
12351,4661.647,10981.764,50000.000,3817.470,2547.470,50000.000,0
12401,4288.117,10914.528,50000.000,5864.411,4146.176,50000.000,0
12451,3563.470,10735.234,50000.000,5475.941,4064.000,50000.000,0
12501,3473.823,11751.234,50000.000,6760.882,5147.235,50000.000,0
12551,3279.588,12587.940,50000.000,7231.529,5468.470,50000.000,0
12601,3234.764,14306.176,50000.000,6835.588,4878.294,50000.000,0
12651,2614.706,14687.176,50000.000,7687.235,4713.941,50000.000,0
12701,4004.235,15576.176,50000.000,5386.294,2681.941,50000.000,0
12751,4624.294,16114.058,50000.000,8150.411,2943.412,50000.000,0
12801,4699.000,14754.411,50000.000,8852.646,2360.706,50000.000,0
12851,4332.941,12050.058,50000.000,8389.470,1591.235,50000.000,0
12901,4848.412,11504.705,50000.000,8344.646,1374.588,50000.000,0
12951,4228.353,10809.940,50000.000,8232.588,1337.235,50000.000,0
13001,4639.235,10869.705,50000.000,8486.588,1501.588,50000.000,0
13051,4960.470,11071.411,50000.000,8180.293,1434.353,50000.000,0
13101,5289.176,10966.823,50000.000,7717.117,1270.000,50000.000,0
13151,5393.764,11325.411,50000.000,7851.588,1426.882,50000.000,0
13201,5341.470,10055.411,50000.000,7597.588,1494.118,50000.000,0
13251,5356.412,8815.294,50000.000,7186.706,1621.118,50000.000,0
13301,5259.294,8247.529,50000.000,6125.882,1621.118,50000.000,0
13351,5281.706,7194.176,50000.000,3384.176,1016.000,50000.000,0
13401,4900.706,5617.882,50000.000,2166.470,747.059,50000.000,0
13451,4579.470,4497.294,50000.000,4116.294,1680.882,50000.000,0
13501,4631.764,3496.235,50000.000,4631.764,2398.059,50000.000,0
13551,4303.059,2173.941,50000.000,2121.647,1240.118,50000.000,0
13601,4191.000,1098.176,50000.000,1538.941,1143.000,50000.000,0
13651,3959.411,328.706,50000.000,2674.470,2532.529,50000.000,0
13701,3085.353,-216.647,50000.000,2203.823,2413.000,50000.000,0
13751,2801.470,-918.882,50000.000,1001.059,1382.059,50000.000,0
13801,2846.294,-1546.412,50000.000,2211.294,3488.764,50000.000,0
13851,2644.588,-2099.235,50000.000,2495.176,4161.117,50000.000,0
13901,2779.059,-2846.294,50000.000,1576.294,2794.000,50000.000,0
13951,2398.059,-2779.059,50000.000,1934.882,4019.176,50000.000,0
14001,2136.588,-2906.059,50000.000,1210.235,3197.412,50000.000,0
14051,2345.765,-3100.294,50000.000,1157.941,3249.706,50000.000,0
14101,1994.647,-3137.647,50000.000,1217.706,3712.882,50000.000,0
14151,1792.941,-3010.647,50000.000,948.765,3683.000,50000.000,0
14201,1807.882,-3279.588,50000.000,1045.882,4071.470,50000.000,0
14251,1621.118,-3189.941,50000.000,776.941,3302.000,50000.000,0
14301,1411.941,-2659.529,50000.000,597.647,2853.764,50000.000,0
14351,918.882,-1942.353,50000.000,530.412,3137.647,50000.000,0
14401,433.294,-1068.294,50000.000,440.765,3817.470,50000.000,0
14451,351.118,-254.000,50000.000,874.059,6103.470,50000.000,0
14501,298.824,896.471,50000.000,1016.000,4751.294,50000.000,0
14551,500.529,2099.235,50000.000,717.176,3152.588,50000.000,0
14601,575.235,3346.823,50000.000,1045.882,3765.176,50000.000,0
14651,724.647,4056.529,50000.000,948.765,2472.765,50000.000,0
14701,1344.706,4699.000,50000.000,552.823,1322.294,50000.000,0
14751,1524.000,4900.706,50000.000,1165.412,2659.529,50000.000,0
14801,1740.647,5035.176,50000.000,702.235,1060.823,50000.000,0
14851,2226.235,5162.176,50000.000,1800.412,2547.470,50000.000,0
14901,2203.823,5423.646,50000.000,1636.059,2300.941,50000.000,0
14951,2353.235,5080.000,50000.000,2323.353,3331.882,50000.000,0
15001,2599.765,4900.706,50000.000,1030.941,1314.823,50000.000,0
15051,2726.764,4609.353,50000.000,1344.706,1651.000,50000.000,0
15101,2868.706,4445.000,50000.000,776.941,933.823,50000.000,0
15151,3025.588,4318.000,50000.000,268.941,276.412,50000.000,0
15201,3085.353,3787.588,50000.000,2584.823,2435.412,50000.000,0
15251,3122.706,3518.647,50000.000,2256.117,2009.588,50000.000,0
15301,3182.470,3107.764,50000.000,896.471,702.235,50000.000,0
15351,3518.647,2704.353,50000.000,986.118,605.118,50000.000,0
15401,3503.706,2173.941,50000.000,1733.176,896.471,50000.000,0
15451,3503.706,1471.706,50000.000,1255.059,612.588,50000.000,0
15501,3705.412,709.706,50000.000,597.647,291.353,50000.000,0
15551,3727.823,-74.706,50000.000,642.471,67.235,50000.000,0
15601,3466.353,-694.765,50000.000,395.941,37.353,50000.000,0
15651,3414.059,-1740.647,50000.000,141.941,0.000,50000.000,0
15701,3653.117,-2353.235,50000.000,67.235,-7.471,50000.000,0
15751,3316.941,-2786.529,50000.000,1038.412,-328.706,50000.000,0
15801,3541.059,-3735.294,50000.000,1255.059,-508.000,50000.000,0
15851,3473.823,-4064.000,50000.000,7.471,0.000,50000.000,0
15901,3249.706,-4303.059,50000.000,552.823,-298.824,50000.000,0
15951,3272.117,-4609.353,50000.000,1643.529,-1150.470,50000.000,0
16001,3503.706,-5139.764,50000.000,1270.000,-978.647,50000.000,0
16051,3518.647,-5550.646,50000.000,1561.353,-1247.588,50000.000,0
16101,3473.823,-5438.588,50000.000,1232.647,-1165.412,50000.000,0
16151,3556.000,-5558.117,50000.000,1359.647,-1262.529,50000.000,0
16201,3451.412,-6051.176,50000.000,1068.294,-1008.529,50000.000,0
16251,3518.647,-6701.117,50000.000,948.765,-971.176,50000.000,0
16301,3503.706,-7194.176,50000.000,1105.647,-1217.706,50000.000,0
16351,3242.235,-7253.941,50000.000,769.471,-851.647,50000.000,0
16401,3040.529,-7776.882,50000.000,717.176,-859.118,50000.000,0
16451,2906.059,-8322.234,50000.000,590.176,-679.823,50000.000,0
16501,2390.588,-8688.294,50000.000,620.059,-508.000,50000.000,0
16551,2293.470,-9793.940,50000.000,306.294,-149.412,50000.000,0
16601,1449.294,-10421.470,50000.000,-22.412,201.706,50000.000,0
16651,1135.529,-12199.470,50000.000,-82.176,597.647,50000.000,0
16701,903.941,-12072.470,50000.000,-134.471,1060.823,50000.000,0
16751,1120.588,-11893.176,50000.000,14.941,1157.941,50000.000,0
16801,1143.000,-10331.823,50000.000,7.471,1680.882,50000.000,0
16851,1120.588,-8748.059,50000.000,82.176,1359.647,50001.000,0
16901,1352.176,-8053.293,50000.000,171.824,881.529,49999.000,0
16951,1628.588,-6581.588,50000.000,209.176,694.765,50000.000,0
17001,1426.882,-5229.412,50000.000,216.647,388.471,50000.000,0
17051,1763.059,-4900.706,50000.000,171.824,194.235,50000.000,0
17101,1867.647,-4064.000,50000.000,784.412,664.882,50000.000,0
17151,1867.647,-3593.353,50000.000,1157.941,709.706,50000.000,0
17201,1964.765,-3219.823,50000.000,1568.823,889.000,50000.000,0
17251,2196.353,-2823.882,50000.000,1576.294,672.353,50000.000,0
17301,2226.235,-2159.000,50000.000,1867.647,687.294,50000.000,0
17351,2278.529,-1509.059,50000.000,2241.176,687.294,50000.000,0
17401,2166.470,-806.823,50000.000,2144.059,567.765,50000.000,0
17451,2629.647,-261.471,50000.000,918.882,149.412,50000.000,0
17501,2846.294,149.412,50000.000,986.118,186.765,50000.000,0
17551,2801.470,694.765,50000.000,156.882,52.294,50000.000,0
17601,2928.470,1270.000,50000.000,179.294,0.000,50000.000,0
17651,2995.706,1807.882,50000.000,1576.294,112.059,50000.000,0
17701,3324.412,2413.000,50000.000,739.588,0.000,50000.000,0
17751,3458.882,2704.353,50000.000,3257.176,-67.235,50000.000,0
17801,3511.176,2943.412,50000.000,2950.882,-179.294,50000.000,0
17851,3645.647,3361.764,50000.000,1875.118,-209.176,50000.000,0
17901,3757.706,3645.647,50000.000,1023.471,-261.471,50000.000,0
17951,3608.294,3526.117,50000.000,2248.647,-821.765,50000.000,0
18001,3974.353,3847.353,50000.000,2106.706,-1008.529,50000.000,0
18051,4078.941,3892.176,50000.000,1964.765,-1165.412,50000.000,0
18101,3974.353,3847.353,50000.000,2652.059,-1890.059,50000.000,0
18151,4579.470,4101.353,50000.000,1725.706,-1538.941,50000.000,0
18201,4967.941,4123.765,50000.000,1680.882,-2136.588,50000.000,0
18251,5177.117,4093.882,50000.000,1583.765,-2353.235,50000.000,0
18301,5602.941,4078.941,50000.000,1964.765,-3331.882,50000.000,0
18351,6895.353,4123.765,50000.000,2958.353,-5931.646,50000.000,0
18401,7253.941,3645.647,50000.000,2704.353,-5595.470,50000.000,0
18451,7112.000,2592.294,50000.000,2039.470,-4228.353,50000.000,0
18501,7328.646,1486.647,50000.000,2159.000,-4669.117,50000.000,0
18551,6977.529,582.706,50000.000,1703.294,-3720.353,50000.000,0
18601,6536.764,-52.294,50000.000,2233.706,-4885.764,50000.000,0
18651,5864.411,-306.294,50000.000,1553.882,-3062.941,50000.000,0
18701,5393.764,-493.059,50000.000,1277.470,-2114.176,50000.000,0
18751,4975.412,-500.529,50000.000,605.118,-874.059,50000.000,0
18801,4713.941,-552.823,50000.000,1561.353,-1628.588,50000.000,0
18851,4400.176,-381.000,50000.000,1919.941,-1673.412,50000.000,0
18901,4198.470,-298.824,50000.000,1568.823,-993.588,50000.000,0
18951,4101.353,-261.471,50000.000,343.647,-186.765,50000.000,0
19001,3697.941,-164.353,50000.000,0.000,0.000,50000.000,0
19051,3578.412,119.529,50000.000,97.118,14.941,50000.000,0
19101,3548.529,351.118,50000.000,2540.000,1113.118,50000.000,0
19151,3010.647,395.941,50000.000,2696.882,1591.235,50000.000,0
19201,2554.941,933.823,50000.000,1770.529,1404.470,50000.000,0
19251,2315.882,1232.647,50000.000,1643.529,1755.588,50000.000,0
19301,2173.941,1606.176,50000.000,1023.471,1419.412,50000.000,0
19351,2024.529,2121.647,50000.000,1837.765,2913.529,50000.000,0
19401,1897.529,2794.000,50000.000,1359.647,2330.823,50000.000,0
19451,1322.294,2861.235,50000.000,1665.941,3339.353,50000.000,0
19501,836.706,3481.294,50000.000,1247.588,3249.706,50000.000,0
19551,433.294,4385.235,50000.000,1546.412,4422.588,50000.000,0
19601,433.294,5588.000,50000.000,1673.412,4766.235,50000.000,0
19651,298.824,6110.941,50000.000,2980.764,8322.234,50000.000,0
19701,672.353,5983.941,50000.000,2002.118,5348.941,50000.000,0
19751,776.941,5894.294,50000.000,3578.412,8740.588,50000.000,0
19801,717.176,4161.117,50000.000,4385.235,9233.646,50000.000,0
19851,1337.235,3735.294,50000.000,4131.235,7507.940,50000.000,0
19901,1501.588,2741.706,50000.000,3780.117,5670.176,50000.000,0
19951,2121.647,2338.294,50000.000,3697.941,4265.706,50000.000,0
20001,2263.588,1673.412,50000.000,3212.353,2921.000,50000.000,0
20051,2383.117,769.471,50000.000,2861.235,1927.412,50000.000,0
20101,3182.470,74.706,50000.000,2734.235,1210.235,50000.000,0
20151,3279.588,-605.118,50000.000,2741.706,672.353,50000.000,0
20201,3399.117,-1643.529,50000.000,2121.647,-89.647,50000.000,0
20251,3302.000,-2286.000,50000.000,1344.706,-254.000,50000.000,0
20301,3615.764,-3160.059,50000.000,2300.941,-1314.823,50000.000,0
20351,3443.941,-3473.823,50000.000,2256.117,-1860.176,50000.000,0
20401,3787.588,-4863.353,50000.000,836.706,-926.353,50000.000,0
20451,4228.353,-6544.235,50000.000,328.706,-515.471,50000.000,0
20501,4422.588,-7530.353,50000.000,620.059,-1187.823,50000.000,0
20551,4669.117,-8501.529,50000.000,575.235,-1501.588,50000.000,0
20601,5094.941,-9793.940,50000.000,1172.882,-2898.588,50000.000,0
20651,4878.294,-9524.999,50000.000,1329.765,-3645.647,50000.000,0
20701,5147.235,-9510.059,50000.000,926.353,-2188.882,50000.000,0
20751,4773.706,-8098.117,50000.000,261.471,-739.588,50000.000,0
20801,4646.706,-6947.646,50000.000,201.706,-291.353,50000.000,0
20851,4691.529,-5744.882,50000.000,141.941,-194.235,50000.000,0
20901,4325.470,-4078.941,50000.000,74.706,-67.235,50000.000,0
20951,4437.529,-2868.706,50000.000,470.647,-134.471,50000.000,0
21001,3795.059,-1060.823,50000.000,776.941,-209.176,50000.000,0
21051,4078.941,29.882,50000.000,298.824,0.000,50000.000,0
21101,3660.588,1030.941,50000.000,209.176,-14.941,50000.000,0
21151,3585.882,2719.294,50000.000,1255.059,254.000,50000.000,0
21201,3541.059,4258.235,50000.000,1135.529,276.412,50000.000,0
21251,3406.588,5707.529,50000.000,754.529,336.176,50000.000,0
21301,3414.059,7590.117,50000.000,1240.118,515.471,50000.000,0
21351,3287.059,8665.882,50000.000,1389.529,605.118,50000.000,0
21401,3324.412,10152.528,50000.000,2584.823,1023.471,50000.000,0
21451,3488.764,11295.528,50000.000,2188.882,620.059,50000.000,0
21501,3548.529,10593.293,50000.000,5214.470,1284.941,50000.000,0
21551,3780.117,10227.234,50000.000,3690.470,582.706,50000.000,0
21601,3974.353,8680.823,50000.000,4220.882,395.941,50000.000,0
21651,3817.470,7298.764,50000.000,2076.823,112.059,50000.000,0
21701,3705.412,5946.588,50000.000,2375.647,59.765,50000.000,0
21751,3466.353,3854.823,50000.000,1404.470,22.412,50000.000,0
21801,3339.353,2233.706,50000.000,1068.294,22.412,50000.000,0
21851,3361.764,724.647,50000.000,784.412,59.765,50000.000,0
21901,2958.353,-821.765,50000.000,1367.118,119.529,50000.000,0
21951,2980.764,-2480.235,50000.000,52.294,14.941,50000.000,0
22001,2906.059,-3951.941,50000.000,470.647,171.824,50000.000,0
22051,2517.588,-4960.470,50000.000,52.294,29.882,50000.000,0
22101,2091.765,-6036.235,50000.000,7.471,22.412,50000.000,0
22151,1591.235,-6902.823,50000.000,52.294,112.059,50000.000,0
22201,1262.529,-8240.059,50000.000,-7.471,29.882,50000.000,0
22251,1449.294,-9345.705,50000.000,-29.882,231.588,50000.000,0
22301,1538.941,-8942.294,50000.000,59.765,82.176,50000.000,0
22351,1434.353,-7844.117,50000.000,-104.588,537.882,50000.000,0
22401,1157.941,-6387.353,50000.000,127.000,1090.706,50000.000,0
22451,1501.588,-4527.176,50000.000,358.588,1299.882,50000.000,0
22501,1905.000,-3324.412,50000.000,44.824,89.647,50000.000,0
22551,1934.882,-1680.882,50000.000,7.471,7.471,50000.000,0
22601,2353.235,-14.941,50000.000,134.471,-7.471,50000.000,0
22651,2794.000,1695.823,50000.000,381.000,-52.294,50000.000,0
22701,2898.588,3227.294,50000.000,1016.000,-403.412,50000.000,0
22751,3107.764,5012.764,50000.000,1994.647,-1098.176,50000.000,0
22801,3204.882,6267.823,50000.000,1994.647,-1426.882,50000.000,0
22851,3585.882,7687.235,50000.000,1651.000,-1419.412,50000.000,0
22901,3772.647,8090.646,50000.000,2569.882,-2629.647,50000.000,0
22951,3974.353,8113.058,50000.000,1763.059,-2114.176,50000.000,0
23001,3585.882,7343.588,50000.000,478.118,-575.235,50000.000,0
23051,3316.941,6462.059,50000.000,1128.059,-1434.353,50000.000,0
23101,2876.176,5244.353,50000.000,1665.941,-2069.353,50000.000,0
23151,2562.412,3959.411,50000.000,395.941,-448.235,50000.000,0
23201,2121.647,2450.353,50000.000,343.647,-336.176,50000.000,0
23251,1845.235,1180.353,50000.000,216.647,-141.941,50000.000,0
23301,1494.118,-59.765,50000.000,194.235,-89.647,50000.000,0
23351,986.118,-1150.470,50000.000,0.000,0.000,50000.000,0
23401,799.353,-2002.118,50000.000,37.353,298.824,50000.000,0
23451,373.529,-3137.647,50000.000,119.529,1703.294,50000.000,0
23501,186.765,-4280.647,50000.000,37.353,1665.941,50000.000,0
23551,-104.588,-5311.588,50000.000,-37.353,1225.176,50000.000,0
23601,-530.412,-5789.706,50000.000,-112.059,948.765,50000.000,0
23651,-664.882,-5969.000,50000.000,-74.706,590.176,50000.000,0
23701,-575.235,-5289.176,50000.000,-14.941,89.647,50000.000,0
23751,-373.529,-4198.470,50000.000,-395.941,2188.882,50000.000,0
23801,-291.353,-3257.176,50000.000,-59.765,732.118,50000.000,0
23851,0.000,-2330.823,50000.000,-7.471,52.294,50000.000,0
23901,-67.235,-1374.588,50000.000,0.000,0.000,50000.000,0
23951,156.882,-194.235,50000.000,0.000,0.000,50000.000,0
24001,597.647,918.882,50000.000,0.000,0.000,50000.000,0
24051,1247.588,2159.000,50000.000,14.941,-7.471,50000.000,0
24101,1464.235,2965.823,50000.000,231.588,-388.471,50000.000,0
24151,1845.235,3929.529,50000.000,508.000,-948.765,50000.000,0
24201,2084.294,4191.000,50000.000,829.235,-2121.647,50000.000,0
24251,2442.882,4885.764,50000.000,590.176,-1538.941,50000.000,0
24301,2525.059,4713.941,50000.000,747.059,-2196.353,50000.000,0
24351,2263.588,4026.647,50000.000,717.176,-2106.706,50000.000,0
24401,2173.941,3212.353,50000.000,836.706,-2868.706,50000.000,0
24451,1740.647,2472.765,50000.000,1307.353,-4497.294,50000.000,0
24501,1501.588,1658.470,50000.000,1045.882,-3630.706,50000.000,0
24551,1068.294,582.706,50000.000,552.823,-2248.647,50000.000,0
24601,724.647,-216.647,50000.000,209.176,-1143.000,50000.000,0
24651,358.588,-963.706,50000.000,22.412,-351.118,50000.000,0
24701,44.824,-1755.588,50000.000,-67.235,246.529,50000.000,0
24751,-381.000,-2360.706,50000.000,-381.000,1150.470,50000.000,0
24801,-642.471,-2838.823,50000.000,-747.059,2495.176,50000.000,0
24851,-747.059,-2652.059,50000.000,-649.941,3085.353,50000.000,0
24901,-1419.412,-3212.353,50000.000,-694.765,3316.941,50000.000,0
24951,-1464.235,-3092.823,50000.000,-515.471,2652.059,50000.000,0
25001,-1680.882,-3077.882,50000.000,-209.176,1240.118,50000.000,0
25051,-1651.000,-2405.529,50000.000,-7.471,74.706,50000.000,0
25101,-1546.412,-1740.647,50000.000,-239.059,1919.941,50000.000,0
25151,-1240.118,-956.235,50000.000,-328.706,2121.647,50000.000,0
25201,-874.059,-201.706,50000.000,0.000,37.353,50001.000,0
25251,-493.059,440.765,50000.000,0.000,0.000,49999.000,0
25301,-156.882,1240.118,50000.000,0.000,0.000,50000.000,0
25351,52.294,1725.706,50000.000,0.000,0.000,50000.000,0
25401,321.235,1837.765,50000.000,0.000,0.000,50000.000,0
25451,829.235,2196.353,50000.000,59.765,-478.118,50000.000,0
25501,1068.294,2442.882,50000.000,463.176,-2607.235,50000.000,0
25551,1449.294,2719.294,50000.000,112.059,-567.765,50000.000,1
25601,1643.529,2390.588,50000.000,37.353,-478.118,50000.000,1
25651,1374.588,1897.529,50000.000,224.118,-2823.882,50000.000,0
25701,881.529,1143.000,50000.000,291.353,-4034.117,50000.000,0
25751,747.059,776.941,50000.000,119.529,-2779.059,50000.000,0
25801,381.000,149.412,50000.000,-37.353,-2203.823,50000.000,0
25851,82.176,-231.588,50000.000,-194.235,-1374.588,50000.000,0
25901,-239.059,-620.059,50000.000,-470.647,-508.000,50000.000,0
25951,-717.176,-1255.059,50000.000,-395.941,171.824,50000.000,0
26001,-1180.353,-1718.235,50000.000,-500.529,956.235,50000.000,0
26051,-1509.059,-1852.706,50000.000,-814.294,1807.882,50000.000,0
26101,-1815.353,-2099.235,50000.000,-470.647,1367.118,50000.000,0
26151,-2136.588,-2091.765,50000.000,-440.765,1419.412,50000.000,0
26201,-2151.529,-2032.000,50000.000,-425.823,1404.470,50000.000,0
26251,-2413.000,-2091.765,50000.000,-440.765,1344.706,50000.000,0
26301,-2300.941,-1800.412,50000.000,-425.823,1613.647,50000.000,0
26351,-1994.647,-1374.588,50000.000,-358.588,829.235,50000.000,0
26401,-1845.235,-933.823,50000.000,-321.235,776.941,50000.000,0
26451,-1404.470,-388.471,50000.000,-141.941,298.824,50000.000,0
26501,-1075.765,201.706,50000.000,0.000,0.000,50000.000,0
26551,-537.882,605.118,50000.000,0.000,-29.882,50000.000,0
26601,-276.412,1105.647,50000.000,7.471,-440.765,50000.000,0
26651,52.294,1449.294,50000.000,14.941,-246.529,50000.000,0
26701,254.000,1680.882,50000.000,29.882,-874.059,50000.000,0
26751,410.882,1583.765,50000.000,52.294,-2039.470,50000.000,0
26801,597.647,1703.294,50000.000,14.941,-1068.294,50000.000,0
26851,328.706,1546.412,50000.000,37.353,-1770.529,50000.000,0
26901,201.706,1456.765,50000.000,-149.412,-2988.235,50000.000,0
26951,22.412,1090.706,50000.000,-44.824,-993.588,50000.000,0
27001,-298.824,814.294,50000.000,-119.529,-709.706,50000.000,0
27051,-664.882,552.823,50000.000,-485.588,-1180.353,50000.000,0
27101,-1083.235,74.706,50000.000,-37.353,-29.882,50000.000,0
27151,-1464.235,-276.412,50000.000,-261.471,216.647,50000.000,0
27201,-2076.823,-814.294,50000.000,-672.353,926.353,50000.000,0
27251,-2614.706,-1441.823,50000.000,-582.706,1030.941,50000.000,0
27301,-2816.412,-1837.765,50000.000,-1292.412,2577.353,50000.000,0
27351,-2876.176,-2248.647,50000.000,-575.235,1120.588,50000.000,0
27401,-2868.706,-2808.941,50000.000,-1292.412,2749.176,50000.000,0
27451,-3130.176,-3264.647,50000.000,-1703.294,2913.529,50000.000,0
27501,-2846.294,-2913.529,50000.000,-1449.294,2069.353,50000.000,0
27551,-2719.294,-2764.117,50000.000,-1524.000,1934.882,50000.000,0
27601,-2173.941,-2099.235,50000.000,-762.000,635.000,50000.000,0
27651,-1897.529,-1404.470,50000.000,-605.118,239.059,50000.000,0
27701,-1247.588,-463.176,50000.000,-74.706,-82.176,50000.000,0
27751,-844.176,321.235,50000.000,-597.647,-1314.823,50000.000,0
27801,-657.412,956.235,50000.000,-537.882,-1815.353,50000.000,0
27851,-440.765,1628.588,50000.000,-82.176,-1426.882,50000.000,0
27901,-291.353,2286.000,50000.000,-268.941,-2330.823,50000.000,0
27951,-298.824,2540.000,50000.000,-134.471,-1710.765,50000.000,0
28001,-381.000,2913.529,50000.000,-179.294,-1606.176,50000.000,0
28051,-769.471,2958.353,50000.000,-52.294,-119.529,50000.000,0
28101,-1352.176,2921.000,50000.000,-306.294,-672.353,50000.000,0
28151,-1613.647,2517.588,50000.000,-149.412,-209.176,50000.000,0
28201,-1987.176,1837.765,50000.000,-171.824,59.765,50000.000,0
28251,-2345.765,784.412,50000.000,-291.353,261.471,50000.000,0
28301,-2891.117,-141.941,50000.000,-575.235,537.882,50000.000,0
28351,-2980.764,-1113.118,50000.000,-97.118,104.588,50000.000,0
28401,-3234.764,-2151.529,50000.000,-649.941,821.765,50000.000,0
28451,-3003.176,-3085.353,50000.000,-806.823,911.412,50000.000,0
28501,-3018.117,-3839.882,50000.000,-89.647,119.529,50000.000,0
28551,-3025.588,-4631.764,50000.000,-7.471,0.000,50000.000,0
28601,-2846.294,-4586.941,50000.000,-7.471,0.000,50000.000,0
28651,-2681.941,-4295.588,50000.000,-74.706,-14.941,50000.000,0
28701,-2188.882,-3354.294,50000.000,-455.706,-97.118,50000.000,0
28751,-1822.823,-2203.823,50000.000,-261.471,-216.647,50000.000,0
28801,-1531.470,-986.118,50000.000,-321.235,-298.824,50000.000,0
28851,-1217.706,216.647,50000.000,-1292.412,-2256.117,50000.000,0
28901,-1180.353,1464.235,50000.000,-918.882,-1860.176,50000.000,0
28951,-1262.529,2420.470,50000.000,-747.059,-1897.529,50000.000,0
29001,-1441.823,3175.000,50000.000,-590.176,-1628.588,50000.000,0
29051,-1404.470,3653.117,50000.000,-956.235,-1583.765,50000.000,0
29101,-1882.588,4056.529,50000.000,-881.529,-627.529,50000.000,0
29151,-2136.588,4041.588,50000.000,-776.941,97.118,50000.000,0
29201,-2091.765,3429.000,50000.000,-1337.235,911.412,50000.000,0
29251,-2442.882,2667.000,50000.000,-1382.059,1680.882,50000.000,0
29301,-2898.588,1822.823,50000.000,-2084.294,2525.059,50000.000,0
29351,-3182.470,388.471,50000.000,-2450.353,2779.059,50000.000,0
29401,-2913.529,-859.118,50000.000,-2278.529,2173.941,50000.000,0
29451,-2943.412,-2226.235,50000.000,-2973.294,2069.353,50000.000,0
29501,-2794.000,-3376.706,50000.000,-2861.235,1397.000,50000.000,0
29551,-2569.882,-4161.117,50000.000,-2263.588,313.765,50000.000,0
29601,-2338.294,-4243.294,50000.000,-1479.176,-179.294,50000.000,0
29651,-1852.706,-4146.176,50000.000,-859.118,-567.765,50000.000,0
29701,-1419.412,-3548.529,50000.000,-1329.765,-1434.353,50000.000,0
29751,-1307.353,-3018.117,50000.000,1195.294,0.000,50000.000,0
29801,-1008.529,-2046.941,50000.000,-1225.176,-1703.294,50000.000,0
29851,-754.529,-724.647,50000.000,-1867.647,-3451.412,50000.000,0
29901,-948.765,268.941,50000.000,-1060.823,-2203.823,50000.000,0
29951,-1075.765,1367.118,50000.000,-874.059,-1628.588,50000.000,0
30001,-1045.882,1957.294,50000.000,1195.294,0.000,50000.000,0
30051,-1382.059,2681.941,50000.000,-702.235,-859.118,50000.000,0
30101,-1688.353,3309.470,50000.000,-1299.882,605.118,50000.000,0
30151,-1994.647,3466.353,50000.000,-649.941,1606.176,50000.000,0
30201,-2106.706,3369.235,50000.000,-709.706,2308.412,50000.000,0
30251,-2017.059,2599.765,50000.000,-455.706,1882.588,50000.000,0
30301,-1949.823,1785.470,50000.000,1195.294,0.000,50000.000,0
30351,-1949.823,1090.706,50000.000,-597.647,1994.647,50000.000,0
30401,-1830.294,224.118,50000.000,1195.294,0.000,50000.000,0
30451,-1613.647,-575.235,50000.000,-2144.059,4893.235,50000.000,0
30501,-1359.647,-1307.353,50000.000,-1128.059,1449.294,50000.000,0
30551,-926.353,-1830.294,50000.000,-1180.353,-343.647,50001.000,0
30601,-485.588,-1949.823,50000.000,-1157.941,-1255.059,49999.000,0
30651,-141.941,-2173.941,50000.000,-485.588,-963.706,50000.000,0
30701,149.412,-2300.941,50000.000,1195.294,0.000,50000.000,0
30751,156.882,-2203.823,50000.000,-171.824,-791.882,50000.000,0
30801,321.235,-1419.412,50000.000,1195.294,0.000,50000.000,0
30851,373.529,-1023.471,50000.000,-448.235,-3115.235,50000.000,0
30901,261.471,-508.000,50000.000,-201.706,-3175.000,50000.000,0
30951,141.941,-149.412,50000.000,-52.294,-911.412,50000.000,0
31001,-29.882,171.824,50000.000,-22.412,-440.765,50000.000,0
31051,-239.059,605.118,50000.000,-22.412,67.235,50000.000,0
31101,-485.588,1083.235,50000.000,-29.882,1105.647,50000.000,0
31151,-784.412,1426.882,50000.000,37.353,1307.353,50000.000,0
31201,-1008.529,1733.176,50000.000,1195.294,1195.294,50000.000,0
31251,-971.176,1606.176,50000.000,14.941,1688.353,50000.000,0
31301,-911.412,1561.353,50000.000,-14.941,3003.176,50000.000,0
31351,-769.471,1471.706,50000.000,44.824,2816.412,50000.000,0
31401,-508.000,1001.059,50000.000,82.176,2345.765,50000.000,0
31451,-149.412,664.882,50000.000,74.706,1299.882,50000.000,0
31501,112.059,455.706,50000.000,321.235,567.765,50000.000,0
31551,455.706,156.882,50000.000,455.706,-254.000,50000.000,0
31601,754.529,-321.235,50000.000,1195.294,1195.294,50000.000,0
31651,971.176,-672.353,50000.000,268.941,-687.294,50000.000,0
31701,1374.588,-1135.529,50000.000,366.059,-1845.235,50000.000,0
31751,1441.823,-1509.059,50000.000,298.824,-2345.765,50000.000,0
31801,1501.588,-1770.529,50000.000,201.706,-1643.529,50000.000,0
31851,1314.823,-1740.647,50000.000,239.059,-1195.294,50000.000,0
31901,1307.353,-1934.882,50000.000,291.353,-1135.529,50000.000,0
31951,1195.294,-1755.588,50000.000,22.412,-97.118,50000.000,0
32001,963.706,-1329.765,50000.000,0.000,0.000,50000.000,0
32051,776.941,-889.000,50000.000,239.059,239.059,50000.000,0
32101,425.823,-171.824,50000.000,0.000,0.000,50000.000,0
32151,440.765,433.294,50000.000,0.000,0.000,50000.000,0
32201,343.647,896.471,50000.000,0.000,0.000,50000.000,0
32251,246.529,1270.000,50000.000,373.529,762.000,50000.000,0
32301,418.353,1934.882,50000.000,410.882,806.823,50000.000,0
32351,597.647,2054.412,50000.000,784.412,1172.882,50000.000,0
32401,896.471,2144.059,50000.000,1240.118,1150.470,50000.000,0
32451,1240.118,2241.176,50000.000,1195.294,1195.294,50000.000,0
32501,1636.059,1994.647,50000.000,1016.000,463.176,50000.000,0
32551,1800.412,1277.470,50000.000,3055.470,-239.059,50000.000,0
32601,2002.118,455.706,50000.000,597.647,-605.118,50000.000,0
32651,2069.353,-455.706,50000.000,1195.294,1195.294,50000.000,0
32701,1919.941,-1262.529,50000.000,1314.823,-1658.470,50002.000,0
32751,1919.941,-2032.000,50000.000,2263.588,-3742.764,50000.000,0
32801,1710.765,-2554.941,50000.000,784.412,-1210.235,50000.000,0
32851,1800.412,-2906.059,50000.000,739.588,-941.294,50000.000,0
32901,1740.647,-2943.412,50000.000,1195.294,1195.294,50000.000,0
32951,1374.588,-2390.588,50000.000,620.059,-373.529,50000.000,0
33001,1299.882,-1710.765,50000.000,156.882,44.824,50000.000,0
33051,1247.588,-1157.941,50000.000,186.765,186.765,50000.000,0
33101,1098.176,-194.235,50000.000,508.000,605.118,50000.000,0
33151,1157.941,649.941,50000.000,605.118,620.059,50000.000,0
33201,1322.294,1568.823,50000.000,1299.882,1038.412,50000.000,0
33251,1501.588,2368.176,50000.000,1441.823,896.471,50000.000,0
33301,1576.294,2622.176,50000.000,2420.470,896.471,50000.000,0
33351,1613.647,2898.588,50000.000,1195.294,1195.294,50000.000,0
33401,1830.294,2719.294,50000.000,0.000,0.000,50000.000,0
33451,1822.823,2300.941,50000.000,2637.117,336.176,50000.000,0
33501,2009.588,1636.059,50000.000,4519.706,-1180.353,50000.000,0
33551,1860.176,896.471,50000.000,1867.647,-1128.059,50000.000,0
33601,1740.647,-119.529,50000.000,1516.529,-911.412,50000.000,0
33651,1643.529,-1068.294,50000.000,1128.059,-627.529,50000.000,0
33701,1568.823,-1778.000,50000.000,590.176,-201.706,50000.000,0
33751,1314.823,-2136.588,50000.000,709.706,74.706,50000.000,0
33801,1030.941,-2218.765,50000.000,493.059,381.000,50000.000,0
33851,754.529,-1987.176,50000.000,1195.294,1195.294,50000.000,0
33901,784.412,-2061.882,50000.000,268.941,358.588,50000.000,0
33951,889.000,-1688.353,50000.000,1195.294,1195.294,50000.000,0
34001,814.294,-1157.941,50000.000,0.000,0.000,50000.000,0
34051,762.000,-381.000,50000.000,186.765,351.118,50000.000,0
34101,889.000,336.176,50000.000,1195.294,1195.294,50000.000,0
34151,1143.000,1113.118,50000.000,948.765,948.765,50000.000,0
34201,1135.529,1680.882,50000.000,2667.000,179.294,50000.000,0
34251,1187.823,2039.470,50000.000,179.294,-89.647,50000.000,0
34301,1344.706,2495.176,50000.000,567.765,-425.823,50000.000,0
34351,1225.176,2338.294,50000.000,119.529,-74.706,50000.000,0
34401,1240.118,2084.294,50000.000,194.235,-156.882,50000.000,0
34451,1113.118,1583.765,50000.000,52.294,-37.353,50000.000,0
34501,986.118,1001.059,50000.000,478.118,-336.176,50000.000,0
34551,724.647,254.000,50000.000,1195.294,1195.294,50000.000,0
34601,455.706,-425.823,50000.000,22.412,-14.941,50000.000,0
34651,231.588,-941.294,50000.000,1195.294,1195.294,50000.000,0
34701,89.647,-1486.647,50000.000,1195.294,1195.294,50000.000,0
34751,0.000,-2076.823,50000.000,44.824,104.588,50000.000,0
34801,-59.765,-2024.529,50002.000,0.000,1113.118,50000.000,0
34851,-82.176,-2203.823,49999.000,0.000,0.000,49999.000,0
34901,-44.824,-1934.882,49999.000,-74.706,276.412,49999.000,0
34951,-74.706,-1307.353,50000.000,-119.529,366.059,50000.000,0
35001,22.412,-672.353,50000.000,-22.412,29.882,50000.000,0
35051,171.824,7.471,50000.000,119.529,-366.059,50000.000,0
35101,254.000,635.000,50000.000,149.412,-455.706,50000.000,0
35151,209.176,1113.118,50000.000,0.000,-22.412,50000.000,0
35201,171.824,1456.765,50000.000,0.000,0.000,50000.000,0
35251,201.706,2091.765,50000.000,0.000,0.000,50000.000,0
35301,97.118,2390.588,50000.000,239.059,239.059,50000.000,0
35351,-22.412,2166.470,50000.000,0.000,0.000,50000.000,0
35401,-141.941,1583.765,50000.000,0.000,0.000,50000.000,0
35451,-388.471,1001.059,50000.000,0.000,0.000,50000.000,0
35501,-567.765,440.765,50000.000,0.000,0.000,50000.000,0
35551,-657.412,-201.706,50000.000,-328.706,440.765,50000.000,0
35601,-836.706,-933.823,50000.000,-231.588,268.941,50000.000,0
35651,-866.588,-1561.353,50000.000,-351.118,351.118,50000.000,0
35701,-881.529,-1725.706,50000.000,0.000,0.000,50000.000,0
35751,-844.176,-2039.470,50000.000,-97.118,22.412,50000.000,0
35801,-896.471,-2046.941,50000.000,-545.353,127.000,50000.000,0
35851,-732.118,-1598.706,50000.000,-224.118,-29.882,50000.000,0
35901,-717.176,-1262.529,50000.000,-986.118,-493.059,50000.000,0
35951,-597.647,-664.882,50000.000,-209.176,-201.706,50000.000,0
36001,-448.235,-44.824,50000.000,-59.765,-82.176,50000.000,0
36051,-470.647,522.941,50000.000,-7.471,-14.941,50000.000,0
36101,-493.059,971.176,50000.000,-283.882,-395.941,50000.000,0
36151,-635.000,1486.647,50000.000,-351.118,-552.823,50000.000,0
36201,-687.294,1688.353,50000.000,-14.941,-22.412,50000.000,0
36251,-956.235,2076.823,50000.000,-59.765,37.353,50000.000,0
36301,-1120.588,1830.294,50000.000,-291.353,216.647,50000.000,0
36351,-1202.765,1516.529,50000.000,-732.118,679.823,50000.000,0
36401,-1247.588,903.941,50000.000,-702.235,694.765,50000.000,0
36451,-1232.647,149.412,50000.000,-717.176,545.353,50000.000,0
36501,-1262.529,-395.941,50000.000,-1247.588,829.235,50000.000,0
36551,-1202.765,-1053.353,50000.000,-1434.353,664.882,50000.000,0
36601,-1105.647,-1456.765,50000.000,-433.294,127.000,50000.000,0
36651,-1113.118,-1807.882,50000.000,-298.824,-82.176,50000.000,0
36701,-956.235,-1807.882,50000.000,-1568.823,-642.471,50000.000,0
36751,-791.882,-1538.941,50000.000,-1135.529,-664.882,50000.000,0
36801,-844.176,-1329.765,50000.000,-657.412,-590.176,50000.000,0
36851,-687.294,-552.823,50000.000,-1202.765,-1232.647,50000.000,0
36901,-575.235,-186.765,50000.000,-941.294,-978.647,50000.000,0
36951,-552.823,254.000,50000.000,-448.235,-448.235,50000.000,0
37001,-784.412,844.176,50000.000,-724.647,-433.294,50000.000,0
37051,-963.706,1352.176,50000.000,-612.588,14.941,50000.000,0
37101,-1038.412,1479.176,50000.000,-530.412,373.529,50000.000,0
37151,-1023.471,1524.000,50000.000,-649.941,791.882,50000.000,0
37201,-1105.647,1553.882,50000.000,-664.882,1030.941,50000.000,0
37251,-1299.882,1329.765,50000.000,-844.176,1247.588,50000.000,0
37301,-1337.235,836.706,50000.000,-896.471,1068.294,50000.000,0
37351,-1143.000,283.882,50000.000,-418.353,388.471,50000.000,0
37401,-941.294,-179.294,50000.000,-859.118,254.000,50000.000,0
37451,-963.706,-784.412,50000.000,-1172.882,-82.176,50000.000,0
37501,-874.059,-1270.000,50000.000,-1060.823,-463.176,50000.000,0
37551,-635.000,-1322.294,50000.000,-806.823,-717.176,50000.000,0
37601,-410.882,-1195.294,50000.000,-702.235,-881.529,50000.000,0
37651,-381.000,-1247.588,50000.000,-799.353,-1165.412,50000.000,0
37701,-313.765,-978.647,50000.000,-612.588,-1023.471,50000.000,0
37751,-336.176,-649.941,50000.000,-403.412,-642.471,50000.000,0
37801,-358.588,-351.118,50000.000,-560.294,-769.471,50000.000,0
37851,-478.118,164.353,50000.000,-493.059,-276.412,50000.000,0
37901,-537.882,620.059,50000.000,-239.059,74.706,50000.000,0
37951,-485.588,903.941,50000.000,-119.529,381.000,50000.000,0
38001,-552.823,1090.706,50000.000,-119.529,747.059,50000.000,0
38051,-575.235,1329.765,50000.000,-89.647,1195.294,50000.000,0
38101,-493.059,1120.588,50000.000,-112.059,1314.823,50000.000,0
38151,-418.353,941.294,50000.000,-44.824,1120.588,50000.000,0
38201,-366.059,821.765,50000.000,-22.412,575.235,50000.000,0
38251,-164.353,358.588,50000.000,-7.471,82.176,50000.000,0
38301,-89.647,-7.471,50000.000,-52.294,-14.941,50000.000,0
38351,0.000,-336.176,50000.000,-22.412,-89.647,50000.000,0
38401,141.941,-702.235,50000.000,-52.294,-762.000,50000.000,0
38451,209.176,-1016.000,50000.000,-127.000,-1105.647,50000.000,0
38501,343.647,-1045.882,50000.000,-52.294,-1075.765,50000.000,0
38551,351.118,-1217.706,50000.000,-29.882,-926.353,50000.000,0
38601,283.882,-926.353,50000.000,7.471,-918.882,50000.000,0
38651,381.000,-956.235,50000.000,82.176,-455.706,50000.000,0
38701,298.824,-455.706,50000.000,149.412,-59.765,50000.000,0
38751,224.118,-37.353,50000.000,306.294,358.588,50000.000,0
38801,179.294,261.471,50000.000,373.529,635.000,50000.000,0
38851,156.882,627.529,50000.000,530.412,881.529,50000.000,0
38901,164.353,933.823,50000.000,754.529,1255.059,50000.000,0
38951,171.824,1038.412,50000.000,522.941,911.412,50000.000,0
39001,298.824,1060.823,50000.000,343.647,351.118,50000.000,0
39051,425.823,948.765,50000.000,851.647,560.294,50000.000,0
39101,552.823,851.647,50000.000,844.176,209.176,50000.000,0
39151,762.000,620.059,50000.000,709.706,-112.059,50000.000,0
39201,739.588,134.471,50000.000,351.118,-171.824,50000.000,0
39251,762.000,-336.176,50000.000,268.941,-388.471,50000.000,0
39301,821.765,-806.823,50000.000,567.765,-851.647,50000.000,0
39351,762.000,-1135.529,50000.000,395.941,-657.412,50000.000,0
39401,791.882,-1277.470,50000.000,343.647,-530.412,50000.000,0
39451,687.294,-1270.000,50000.000,201.706,-186.765,50000.000,0
39501,552.823,-911.412,50000.000,186.765,-52.294,50000.000,0
39551,567.765,-769.471,50000.000,239.059,59.765,50000.000,0
39601,410.882,-313.765,50000.000,44.824,22.412,50000.000,0
39651,410.882,37.353,50000.000,508.000,440.765,50000.000,0
39701,470.647,448.235,50000.000,799.353,709.706,50000.000,0
39751,493.059,687.294,50000.000,911.412,709.706,50000.000,0
39801,500.529,874.059,50000.000,963.706,582.706,50000.000,0
39851,575.235,1090.706,50000.000,1045.882,336.176,50000.000,0
39901,552.823,963.706,50000.000,1001.059,59.765,50000.000,0
39951,739.588,1075.765,50000.000,851.647,-149.412,50000.000,0
40001,762.000,754.529,50000.000,769.471,-321.235,50000.000,0
40051,582.706,261.471,50000.000,597.647,-366.059,50000.000,0
40101,582.706,-156.882,50000.000,508.000,-373.529,50000.000,0
40151,425.823,-478.118,50000.000,283.882,-209.176,50000.000,0
40201,366.059,-806.823,50000.000,179.294,-89.647,50000.000,0
40251,216.647,-1008.529,50000.000,82.176,-29.882,50000.000,0
40301,261.471,-1128.059,50000.000,22.412,67.235,50000.000,0
40351,216.647,-874.059,50000.000,0.000,127.000,50000.000,0
40401,156.882,-799.353,50000.000,7.471,134.471,50000.000,0
40451,112.059,-395.941,50000.000,89.647,246.529,50000.000,0
40501,119.529,-89.647,50000.000,209.176,306.294,50000.000,0
40551,134.471,246.529,50000.000,283.882,239.059,50000.000,0
40601,112.059,463.176,50000.000,351.118,119.529,50000.000,0
40651,156.882,799.353,50000.000,328.706,7.471,50000.000,0
40701,194.235,1105.647,50000.000,268.941,-104.588,50000.000,0
40751,156.882,978.647,50000.000,261.471,-164.353,50000.000,0
40801,97.118,941.294,50000.000,239.059,-186.765,50000.000,0
40851,82.176,784.412,50000.000,186.765,-216.647,50000.000,0
40901,-14.941,395.941,50000.000,82.176,-149.412,50000.000,0
40951,-82.176,-14.941,50000.000,-67.235,-29.882,50000.000,0
41001,-164.353,-313.765,50000.000,-216.647,52.294,50000.000,0
41051,-201.706,-672.353,50000.000,-283.882,164.353,50000.000,0
41101,-186.765,-829.235,50000.000,-321.235,171.824,50000.000,0
41151,-246.529,-896.471,50000.000,-440.765,201.706,50000.000,0
41201,-231.588,-784.412,50000.000,-418.353,127.000,50000.000,0
41251,-268.941,-739.588,50000.000,-448.235,59.765,50000.000,0
41301,-291.353,-537.882,50000.000,-433.294,-37.353,50000.000,0
41351,-231.588,-164.353,50000.000,-343.647,-119.529,50000.000,0
41401,-216.647,141.941,50000.000,-231.588,-194.235,50000.000,0
41451,-186.765,373.529,50000.000,-171.824,-268.941,50000.000,0
41501,-141.941,552.823,50000.000,-97.118,-201.706,50000.000,0
41551,-127.000,709.706,50000.000,-44.824,-149.412,50000.000,0
41601,-216.647,836.706,50000.000,-112.059,-97.118,50000.000,0
41651,-268.941,769.471,50000.000,-127.000,-7.471,50000.000,0
41701,-358.588,635.000,50000.000,-149.412,67.235,50000.000,0
41751,-358.588,291.353,50000.000,-343.647,209.176,50000.000,0
41801,-463.176,37.353,50000.000,-448.235,276.412,50000.000,0
41851,-508.000,-298.824,50000.000,-515.471,261.471,50000.000,0
41901,-522.941,-605.118,50000.000,-657.412,224.118,50000.000,0
41951,-425.823,-702.235,50000.000,-687.294,112.059,50000.000,0
42001,-433.294,-762.000,50000.000,-672.353,-44.824,50000.000,0
42051,-351.118,-739.588,50000.000,-552.823,-171.824,50000.000,0
42101,-358.588,-791.882,50000.000,-590.176,-336.176,50000.000,0
42151,-276.412,-463.176,50000.000,-500.529,-463.176,50000.000,0
42201,-239.059,-186.765,50000.000,-388.471,-448.235,50000.000,0
42251,-134.471,89.647,50000.000,-283.882,-366.059,50000.000,0
42301,-149.412,321.235,50000.000,-141.941,-186.765,50000.000,0
42351,-216.647,493.059,50000.000,-44.824,-7.471,50000.000,0
42401,-276.412,687.294,50000.000,0.000,0.000,50000.000,0
42451,-239.059,776.941,50000.000,-67.235,171.824,50000.000,0
42501,-261.471,672.353,50000.000,-74.706,298.824,50000.000,0
42551,-268.941,493.059,50000.000,-112.059,388.471,50000.000,0
42601,-254.000,261.471,50000.000,-89.647,321.235,50000.000,0
42651,-209.176,-14.941,50000.000,-119.529,141.941,50000.000,0
42701,-164.353,-306.294,50000.000,-194.235,127.000,50000.000,0
42751,-119.529,-493.059,50000.000,-224.118,29.882,50000.000,0
42801,-22.412,-709.706,50000.000,-209.176,-127.000,50000.000,0
42851,52.294,-754.529,50000.000,-201.706,-306.294,50000.000,0
42901,67.235,-709.706,50000.000,-127.000,-410.882,50000.000,0
42951,74.706,-478.118,50000.000,-14.941,-343.647,50000.000,0
43001,127.000,-268.941,50000.000,14.941,-373.529,50000.000,0
43051,127.000,-67.235,50000.000,89.647,-373.529,50000.000,0
43101,119.529,149.412,50000.000,74.706,-104.588,50000.000,0
43151,97.118,358.588,50000.000,22.412,0.000,50000.000,0
43201,104.588,537.882,50000.000,112.059,119.529,50000.000,0
43251,74.706,679.823,50000.000,321.235,478.118,50000.000,0
43301,67.235,620.059,50000.000,336.176,567.765,50000.000,0
43351,59.765,478.118,50000.000,306.294,522.941,50001.000,0
43401,104.588,313.765,50000.000,283.882,470.647,49999.000,0
43451,156.882,134.471,50000.000,186.765,239.059,50000.000,0
43501,97.118,-44.824,50000.000,164.353,112.059,50000.000,0
43551,186.765,-254.000,50000.000,97.118,-29.882,50000.000,0
43601,283.882,-463.176,50000.000,127.000,-239.059,50000.000,0
43651,351.118,-560.294,50000.000,127.000,-321.235,50000.000,0
43701,298.824,-537.882,50000.000,97.118,-336.176,50000.000,0
43751,298.824,-522.941,50000.000,89.647,-343.647,50000.000,0
43801,298.824,-395.941,50000.000,127.000,-336.176,50000.000,0
43851,254.000,-209.176,50000.000,141.941,-156.882,50000.000,0
43901,194.235,-37.353,50000.000,224.118,7.471,50000.000,0
43951,149.412,164.353,50000.000,246.529,209.176,50000.000,0
44001,112.059,321.235,50000.000,261.471,418.353,50000.000,0
44051,44.824,410.882,50000.000,283.882,440.765,50000.000,0
44101,-7.471,440.765,50000.000,59.765,119.529,50000.000,0
44151,-14.941,500.529,50000.000,156.882,224.118,50000.000,0
44201,14.941,306.294,50000.000,224.118,298.824,50000.000,0
44251,67.235,261.471,50000.000,164.353,112.059,50000.000,0
44301,89.647,112.059,50000.000,119.529,-52.294,50000.000,0
44351,82.176,-67.235,50000.000,37.353,-179.294,50000.000,0
44401,112.059,-231.588,50000.000,7.471,-328.706,50000.000,0
44451,89.647,-336.176,50000.000,-29.882,-164.353,50000.000,0
44501,0.000,-455.706,50000.000,-104.588,-209.176,50000.000,0
44551,22.412,-463.176,50000.000,-134.471,-268.941,50000.000,0
44601,-7.471,-448.235,50000.000,-149.412,-194.235,50000.000,0
44651,-29.882,-283.882,50000.000,-156.882,-82.176,50000.000,0
44701,-67.235,-141.941,50000.000,-119.529,97.118,50000.000,0
44751,-119.529,44.824,50000.000,-104.588,201.706,50000.000,0
44801,-127.000,224.118,50000.000,-59.765,276.412,50000.000,0
44851,-97.118,306.294,50000.000,-14.941,149.412,50000.000,0
44901,-89.647,418.353,50000.000,0.000,7.471,50000.000,0
44951,-119.529,448.235,50000.000,-22.412,67.235,50000.000,0
45001,-89.647,358.588,50000.000,-22.412,44.824,50000.000,0
45051,-74.706,321.235,50000.000,-37.353,-14.941,50000.000,0
45101,-112.059,179.294,50000.000,-59.765,-119.529,50000.000,0
45151,-52.294,22.412,50000.000,0.000,-29.882,50000.000,0
45201,-67.235,-97.118,50000.000,0.000,0.000,50000.000,0
45251,-74.706,-261.471,50000.000,-37.353,-22.412,50000.000,0
45301,-97.118,-440.765,50000.000,-231.588,-164.353,50000.000,0
45351,-156.882,-545.353,50000.000,-276.412,-149.412,50000.000,0
45401,-141.941,-388.471,50000.000,-291.353,-29.882,50000.000,0
45451,-134.471,-313.765,50000.000,-224.118,29.882,50000.000,0
45501,-171.824,-261.471,50000.000,-201.706,119.529,50000.000,0
45551,-164.353,-59.765,50000.000,-141.941,127.000,50000.000,0
45601,-134.471,141.941,50000.000,-82.176,134.471,50000.000,0
45651,-104.588,254.000,50000.000,-29.882,104.588,50000.000,0
45701,-74.706,351.118,50000.000,0.000,67.235,50000.000,0
45751,-141.941,313.765,50000.000,29.882,29.882,50000.000,0
45801,-37.353,455.706,50000.000,29.882,0.000,50000.000,0
45851,0.000,388.471,50000.000,22.412,-37.353,50000.000,0
45901,7.471,246.529,50000.000,22.412,-37.353,50000.000,0
45951,14.941,67.235,50000.000,0.000,-67.235,50000.000,0
46001,7.471,-112.059,50000.000,-44.824,-59.765,50000.000,0
46051,0.000,-224.118,50000.000,-67.235,-29.882,50000.000,0
46101,7.471,-403.412,50000.000,-112.059,-14.941,50000.000,0
46151,37.353,-395.941,50000.000,-82.176,-22.412,50000.000,0
46201,0.000,-381.000,50000.000,-37.353,7.471,50000.000,0
46251,7.471,-343.647,50000.000,-52.294,14.941,50000.000,0
46301,14.941,-141.941,50000.000,-14.941,7.471,50000.000,0
46351,59.765,-52.294,50000.000,29.882,0.000,50000.000,0
46401,44.824,44.824,50000.000,104.588,0.000,50000.000,0
46451,89.647,231.588,50000.000,164.353,-7.471,50000.000,0
46501,67.235,276.412,50000.000,164.353,-22.412,50000.000,0
46551,97.118,366.059,50000.000,239.059,29.882,50000.000,0
46601,89.647,321.235,50000.000,201.706,44.824,50000.000,0
46651,134.471,224.118,50000.000,171.824,37.353,50000.000,0
46701,82.176,149.412,50000.000,156.882,89.647,50000.000,0
46751,59.765,59.765,50000.000,44.824,52.294,50000.000,0
46801,37.353,-67.235,50000.000,-14.941,59.765,50000.000,0
46851,7.471,-209.176,50000.000,0.000,44.824,50000.000,0
46901,0.000,-328.706,50000.000,0.000,29.882,50000.000,0
46951,29.882,-395.941,50000.000,-22.412,74.706,50000.000,0
47001,52.294,-358.588,50000.000,-37.353,-14.941,50000.000,0
47051,97.118,-283.882,50000.000,-14.941,-59.765,50000.000,0
47101,52.294,-141.941,50000.000,7.471,-119.529,50000.000,0
47151,74.706,-52.294,50000.000,29.882,-112.059,50000.000,0
47201,74.706,82.176,50000.000,67.235,-104.588,50000.000,0
47251,37.353,209.176,50000.000,74.706,-52.294,50000.000,0
47301,44.824,306.294,50000.000,74.706,0.000,50000.000,0
47351,29.882,373.529,50000.000,74.706,22.412,50000.000,0
47401,97.118,291.353,50000.000,89.647,104.588,50000.000,0
47451,29.882,283.882,50000.000,0.000,14.941,50000.000,0
47501,-22.412,141.941,50000.000,0.000,0.000,50000.000,0
47551,-59.765,52.294,50000.000,0.000,0.000,50000.000,0
47601,-44.824,-59.765,50000.000,0.000,7.471,50000.000,0
47651,-52.294,-186.765,50000.000,-22.412,67.235,50000.000,0
47701,-44.824,-283.882,50000.000,-82.176,-52.294,50000.000,0
47751,-22.412,-373.529,50000.000,-74.706,-97.118,50000.000,0
47801,0.000,-366.059,50000.000,-97.118,-127.000,50000.000,0
47851,-14.941,-224.118,50000.000,-52.294,-134.471,50000.000,0
47901,-22.412,-134.471,50000.000,-74.706,-164.353,50000.000,0
47951,-14.941,-22.412,50000.000,-59.765,-134.471,50000.000,0
48001,-29.882,59.765,50000.000,-22.412,-37.353,50000.000,0
48051,-44.824,134.471,50000.000,-7.471,0.000,50000.000,0
48101,-52.294,216.647,50000.000,0.000,59.765,50000.000,0
48151,-82.176,209.176,50000.000,7.471,179.294,50000.000,0
48201,-89.647,141.941,50000.000,0.000,201.706,50000.000,0
48251,-37.353,186.765,50000.000,0.000,171.824,50000.000,0
48301,-67.235,134.471,50000.000,-14.941,127.000,50000.000,0
48351,-67.235,52.294,50000.000,-22.412,82.176,50000.000,0
48401,-29.882,-44.824,50000.000,-59.765,14.941,50000.000,0
48451,0.000,-119.529,50000.000,-82.176,-74.706,50000.000,0
48501,14.941,-179.294,50000.000,-82.176,-127.000,50000.000,0
48551,14.941,-201.706,50000.000,-82.176,-171.824,50000.000,0
48601,7.471,-268.941,50000.000,-59.765,-224.118,50000.000,0
48651,0.000,-216.647,50000.000,-59.765,-201.706,50000.000,0
48701,7.471,-119.529,50000.000,-22.412,-89.647,50000.000,0
48751,0.000,-29.882,50000.000,-14.941,-37.353,50000.000,0
48801,0.000,14.941,50000.000,14.941,37.353,50000.000,0
48851,-7.471,104.588,50000.000,44.824,127.000,50000.000,0
48901,14.941,164.353,50000.000,59.765,164.353,50000.000,0
48951,29.882,291.353,50000.000,37.353,127.000,50000.000,0
49001,-14.941,216.647,50000.000,67.235,134.471,50000.000,0
49051,-14.941,112.059,50000.000,67.235,112.059,50000.000,0
49101,-14.941,112.059,50000.000,59.765,59.765,50000.000,0
49151,14.941,29.882,50000.000,44.824,0.000,50000.000,0
49201,29.882,-14.941,50000.000,29.882,-67.235,50000.000,0
49251,67.235,-127.000,50000.000,7.471,-127.000,50000.000,0
49301,52.294,-156.882,50000.000,7.471,-141.941,50000.000,0
49351,22.412,-224.118,50000.000,7.471,-171.824,50000.000,0
49401,44.824,-201.706,50000.000,-7.471,-134.471,50000.000,0
49451,37.353,-164.353,50000.000,-7.471,-59.765,50000.000,0
49501,0.000,-127.000,50000.000,0.000,-7.471,50000.000,0
49551,0.000,-22.412,50000.000,0.000,22.412,50000.000,0
49601,7.471,0.000,50000.000,29.882,67.235,50000.000,0
49651,0.000,74.706,50000.000,52.294,141.941,50000.000,0
49701,-7.471,186.765,50000.000,74.706,134.471,50000.000,0
49751,-82.176,134.471,50000.000,74.706,104.588,50000.000,0
49801,-29.882,224.118,50000.000,67.235,74.706,50000.000,0
49851,0.000,186.765,50000.000,37.353,14.941,50001.000,0
49901,0.000,149.412,50000.000,22.412,-14.941,49999.000,0
49951,7.471,22.412,50000.000,-7.471,-44.824,50000.000,0
50001,7.471,-44.824,50000.000,-22.412,-89.647,50000.000,0
50051,0.000,-97.118,50000.000,-14.941,-89.647,50000.000,0
50101,-14.941,-216.647,50000.000,-52.294,-74.706,50000.000,0
50151,-14.941,-268.941,50000.000,-74.706,-59.765,50000.000,0
50201,-14.941,-186.765,50000.000,-67.235,-44.824,50000.000,0
50251,-22.412,-134.471,50000.000,-89.647,0.000,50000.000,0
50301,-37.353,-82.176,50000.000,-52.294,22.412,50000.000,0
50351,-52.294,0.000,50000.000,-22.412,29.882,50000.000,0
50401,-14.941,52.294,50000.000,-7.471,52.294,50000.000,0
50451,-14.941,141.941,50000.000,7.471,52.294,50000.000,0
50501,-7.471,164.353,50000.000,14.941,29.882,50000.000,0
50551,7.471,231.588,50000.000,22.412,7.471,50000.000,0
50601,0.000,231.588,50000.000,0.000,0.000,50000.000,0
50651,-7.471,156.882,50000.000,0.000,0.000,50000.000,0
50701,-14.941,89.647,50000.000,7.471,-14.941,50000.000,0
50751,-7.471,7.471,50000.000,0.000,-7.471,50000.000,0
50801,0.000,-59.765,50000.000,-14.941,-22.412,50000.000,0
50851,0.000,-112.059,50000.000,-29.882,-14.941,50000.000,0
50901,7.471,-164.353,50000.000,-37.353,0.000,50000.000,0
50951,-22.412,-201.706,50000.000,-67.235,-7.471,50000.000,0
51001,-22.412,-164.353,50000.000,-52.294,-7.471,50000.000,0
51051,-7.471,-82.176,50000.000,-14.941,0.000,50000.000,0
51101,0.000,-44.824,50000.000,0.000,0.000,50000.000,0
51151,0.000,7.471,50000.000,0.000,-7.471,50000.000,0
51201,0.000,74.706,50000.000,29.882,-7.471,50000.000,0
51251,22.412,149.412,50000.000,29.882,0.000,50000.000,0
51301,37.353,171.824,50000.000,22.412,0.000,50000.000,0
51351,37.353,179.294,50000.000,22.412,0.000,50000.000,0
51401,37.353,194.235,50000.000,52.294,37.353,50000.000,0
51451,14.941,112.059,50000.000,37.353,37.353,50000.000,0
51501,14.941,22.412,50000.000,7.471,29.882,50000.000,0
51551,0.000,-7.471,50000.000,0.000,29.882,50000.000,0
51601,-14.941,-44.824,50000.000,-7.471,14.941,50000.000,0
51651,0.000,-97.118,50000.000,-37.353,0.000,50000.000,0
51701,59.765,-97.118,50000.000,-7.471,0.000,50000.000,0
51751,22.412,-201.706,50000.000,0.000,-7.471,50000.000,0
51801,14.941,-119.529,50000.000,0.000,-29.882,50000.000,0
51851,14.941,-44.824,50000.000,0.000,-52.294,50000.000,0
51901,14.941,-14.941,50000.000,7.471,-44.824,50000.000,0
51951,22.412,29.882,50000.000,22.412,-22.412,50000.000,0
52001,0.000,82.176,50000.000,22.412,-7.471,50000.000,0
52051,14.941,119.529,50000.000,44.824,14.941,50000.000,0
52101,14.941,179.294,50000.000,29.882,29.882,50001.000,0
52151,22.412,127.000,50000.000,7.471,22.412,49999.000,0
52201,14.941,59.765,50000.000,29.882,74.706,50000.000,0
52251,-14.941,22.412,50000.000,0.000,67.235,50000.000,0
52301,-7.471,7.471,50000.000,-7.471,14.941,50000.000,0
52351,-14.941,-52.294,50000.000,-14.941,0.000,50000.000,0
52401,0.000,-127.000,50000.000,-29.882,-7.471,50000.000,0
52451,0.000,-104.588,50000.000,-44.824,-37.353,50000.000,0
52501,-14.941,-156.882,50000.000,-37.353,-59.765,50000.000,0
52551,-7.471,-104.588,50000.000,-52.294,-67.235,50000.000,0
52601,0.000,-67.235,50000.000,-22.412,-52.294,50000.000,0
52651,0.000,-22.412,50000.000,-29.882,-52.294,50000.000,0
52701,0.000,0.000,50000.000,-7.471,-14.941,50000.000,0
52751,0.000,44.824,50000.000,0.000,0.000,50000.000,0
52801,22.412,156.882,50000.000,0.000,7.471,50000.000,0
52851,14.941,171.824,50000.000,-14.941,7.471,50000.000,0
52901,0.000,89.647,50000.000,-14.941,37.353,50000.000,0
52951,7.471,97.118,50000.000,0.000,67.235,50000.000,0
53001,-14.941,67.235,50000.000,7.471,67.235,50000.000,0
53051,0.000,22.412,50000.000,7.471,37.353,50000.000,0
53101,0.000,-7.471,50000.000,0.000,0.000,50000.000,0
53151,7.471,-52.294,50000.000,-7.471,-22.412,50000.000,0
53201,0.000,-82.176,50000.000,-14.941,-52.294,50000.000,0
53251,7.471,-134.471,50000.000,-7.471,-52.294,50000.000,0
53301,14.941,-119.529,50000.000,-22.412,-59.765,50000.000,0
53351,7.471,-67.235,50000.000,-22.412,-52.294,50000.000,0
53401,0.000,-29.882,50000.000,0.000,-14.941,50000.000,0
53451,7.471,-7.471,50000.000,7.471,0.000,50000.000,0
53501,0.000,7.471,50000.000,0.000,0.000,50000.000,0
53551,0.000,59.765,50000.000,22.412,37.353,50000.000,0
53601,0.000,74.706,50000.000,14.941,29.882,50000.000,0
53651,0.000,141.941,50000.000,7.471,37.353,50000.000,0
53701,0.000,112.059,50000.000,29.882,44.824,50000.000,0
53751,0.000,104.588,50000.000,29.882,44.824,50000.000,0
53801,7.471,59.765,50000.000,22.412,22.412,50000.000,0
53851,0.000,7.471,50000.000,22.412,-7.471,50000.000,0
53901,22.412,-14.941,50000.000,7.471,-37.353,50000.000,0
53951,22.412,-52.294,50000.000,7.471,-37.353,50000.000,0
54001,14.941,-82.176,50000.000,14.941,-22.412,50000.000,0
54051,7.471,-112.059,50000.000,-7.471,-37.353,50000.000,0
54101,29.882,-119.529,50000.000,-14.941,-22.412,50000.000,0
54151,22.412,-59.765,50000.000,-14.941,-14.941,50000.000,0
54201,14.941,-29.882,50000.000,-7.471,0.000,50000.000,0
54251,0.000,0.000,50000.000,0.000,29.882,50001.000,0
54301,0.000,29.882,50000.000,0.000,37.353,49999.000,0
54351,-7.471,82.176,50000.000,7.471,44.824,50000.000,0
54401,-7.471,82.176,50000.000,14.941,22.412,50000.000,0
54451,0.000,112.059,50000.000,14.941,22.412,50000.000,0
54501,0.000,89.647,50000.000,7.471,7.471,50000.000,0
54551,-7.471,59.765,50000.000,29.882,7.471,50000.000,0
54601,-14.941,29.882,50000.000,22.412,0.000,50000.000,0
54651,0.000,0.000,50000.000,0.000,-14.941,50000.000,0
54701,0.000,-29.882,50000.000,-14.941,-44.824,50000.000,0
54751,-22.412,-52.294,50000.000,-29.882,-67.235,50000.000,0
54801,-22.412,-67.235,50000.000,-14.941,-7.471,50000.000,0
54851,-14.941,-119.529,50000.000,-29.882,-14.941,50000.000,0
54901,-22.412,-89.647,50000.000,-37.353,-7.471,50000.000,0
54951,-7.471,-29.882,50000.000,-7.471,0.000,50000.000,0
55001,-7.471,0.000,50000.000,-7.471,7.471,50000.000,0
55051,0.000,7.471,50000.000,0.000,7.471,50000.000,0
55101,-7.471,59.765,50000.000,7.471,22.412,50000.000,0
55151,-7.471,74.706,50000.000,14.941,22.412,50000.000,0
55201,14.941,104.588,50000.000,7.471,0.000,50000.000,0
55251,22.412,89.647,50000.000,7.471,0.000,50000.000,0
55301,0.000,37.353,50000.000,0.000,7.471,50000.000,0
55351,0.000,7.471,50000.000,0.000,0.000,50000.000,0
55401,0.000,0.000,50000.000,0.000,0.000,50000.000,0
55451,0.000,0.000,50000.000,-7.471,0.000,50000.000,0
55501,0.000,-29.882,50000.000,0.000,0.000,50000.000,0
55551,0.000,-59.765,50000.000,-7.471,-7.471,50000.000,0
55601,-22.412,-104.588,50000.000,-22.412,-7.471,50000.000,0
55651,0.000,-59.765,50000.000,-7.471,0.000,50000.000,0
55701,0.000,-67.235,50000.000,0.000,-14.941,50000.000,0
55751,0.000,-14.941,50000.000,-14.941,-7.471,50000.000,0
55801,0.000,0.000,50000.000,0.000,0.000,50000.000,0
55851,7.471,37.353,50000.000,0.000,0.000,50000.000,0
55901,29.882,82.176,50000.000,7.471,0.000,50000.000,0
55951,0.000,89.647,50000.000,7.471,0.000,50000.000,0
56001,7.471,82.176,50000.000,14.941,7.471,50000.000,0
56051,7.471,67.235,50000.000,0.000,7.471,50000.000,0
56101,14.941,37.353,50000.000,7.471,7.471,50000.000,0
56151,7.471,0.000,50000.000,7.471,22.412,50000.000,0
56201,0.000,0.000,50000.000,0.000,14.941,50000.000,0
56251,0.000,-52.294,50000.000,-7.471,0.000,50000.000,0
56301,0.000,-59.765,50000.000,0.000,0.000,50000.000,0
56351,0.000,-82.176,50000.000,0.000,0.000,50000.000,0
56401,0.000,-82.176,50000.000,0.000,0.000,50000.000,0
56451,0.000,-67.235,50000.000,-14.941,-22.412,50000.000,0
56501,0.000,-37.353,50000.000,-7.471,-22.412,50000.000,0
56551,7.471,0.000,50000.000,0.000,0.000,50000.000,0
56601,0.000,22.412,50000.000,0.000,0.000,50000.000,0
56651,0.000,59.765,50000.000,0.000,0.000,50000.000,0
56701,-14.941,89.647,50000.000,-7.471,0.000,50000.000,0
56751,-14.941,74.706,50000.000,0.000,14.941,50000.000,0
56801,0.000,37.353,50000.000,0.000,14.941,50000.000,0
56851,-14.941,22.412,50000.000,7.471,22.412,50000.000,0
56901,0.000,7.471,50000.000,0.000,22.412,50000.000,0
56951,-7.471,0.000,50000.000,0.000,7.471,50000.000,0
57001,-14.941,-37.353,50000.000,-14.941,0.000,50000.000,0
57051,-22.412,-67.235,50000.000,-22.412,-7.471,50000.000,0
57101,-14.941,-59.765,50000.000,-22.412,-29.882,50000.000,0
57151,-14.941,-44.824,50000.000,0.000,-7.471,50000.000,0
57201,-14.941,-37.353,50000.000,-14.941,-29.882,50000.000,0
57251,0.000,-22.412,50000.000,-7.471,-14.941,50000.000,0
57301,0.000,-7.471,50000.000,-7.471,-7.471,50000.000,0
57351,0.000,0.000,50000.000,0.000,-7.471,50000.000,0
57401,0.000,44.824,50000.000,0.000,7.471,50000.000,0
57451,0.000,52.294,50000.000,7.471,22.412,50000.000,0
57501,0.000,44.824,50000.000,7.471,29.882,50000.000,0
57551,-7.471,52.294,50000.000,7.471,22.412,50000.000,0
57601,-7.471,37.353,50000.000,14.941,29.882,50000.000,0
57651,0.000,14.941,50000.000,0.000,7.471,50000.000,0
57701,0.000,0.000,50000.000,0.000,0.000,50000.000,0
57751,0.000,-7.471,50000.000,0.000,0.000,50000.000,0
57801,0.000,-44.824,50000.000,0.000,-22.412,50000.000,0
57851,0.000,-44.824,50000.000,0.000,-22.412,50000.000,0
57901,0.000,-82.176,50000.000,0.000,-22.412,50000.000,0
57951,0.000,-37.353,50000.000,0.000,-22.412,50000.000,0
58001,0.000,-7.471,50000.000,-7.471,-22.412,50000.000,0
58051,0.000,-14.941,50000.000,0.000,-7.471,50000.000,0
58101,0.000,0.000,50000.000,0.000,0.000,50000.000,0
58151,0.000,22.412,50000.000,7.471,0.000,50000.000,0
58201,7.471,37.353,50000.000,22.412,29.882,50000.000,0
58251,7.471,37.353,50000.000,0.000,7.471,50000.000,0
58301,14.941,37.353,50000.000,0.000,7.471,50000.000,0
58351,14.941,37.353,50000.000,22.412,52.294,50000.000,0
58401,7.471,14.941,50000.000,14.941,29.882,50000.000,0
58451,0.000,0.000,50000.000,7.471,0.000,50000.000,0
58501,0.000,-7.471,50000.000,0.000,0.000,50000.000,0
58551,0.000,-14.941,50000.000,-7.471,-14.941,50000.000,0
58601,7.471,-52.294,50000.000,-7.471,-29.882,50000.000,0
58651,0.000,-59.765,50000.000,-14.941,-22.412,50000.000,0
58701,0.000,-52.294,50000.000,-7.471,-14.941,50000.000,0
58751,-7.471,-44.824,50000.000,-7.471,0.000,50000.000,0
58801,-14.941,-22.412,50000.000,-7.471,0.000,50000.000,0
58851,0.000,0.000,50000.000,-14.941,0.000,50000.000,0
58901,-7.471,7.471,50000.000,0.000,7.471,50000.000,0
58951,0.000,37.353,50000.000,0.000,22.412,50000.000,0
59001,-7.471,37.353,50000.000,7.471,22.412,50000.000,0
59051,0.000,67.235,50000.000,14.941,7.471,50000.000,0
59101,0.000,52.294,50000.000,7.471,14.941,50000.000,0
59151,0.000,22.412,50000.000,7.471,0.000,50000.000,0
59201,0.000,14.941,50000.000,0.000,0.000,50000.000,0
59251,0.000,0.000,50000.000,0.000,0.000,50000.000,0
59301,0.000,-7.471,50000.000,0.000,-7.471,50000.000,0
59351,-7.471,-59.765,50000.000,0.000,0.000,50000.000,0
59401,-7.471,-67.235,50000.000,0.000,-7.471,50000.000,0
59451,0.000,-22.412,50000.000,-14.941,-14.941,50000.000,0
59501,0.000,-44.824,50000.000,-7.471,0.000,50000.000,0
59551,7.471,0.000,50000.000,-7.471,-7.471,50000.000,0
59601,0.000,0.000,50000.000,-7.471,0.000,50000.000,0
59651,0.000,7.471,50000.000,0.000,0.000,50000.000,0
59701,0.000,22.412,50000.000,0.000,0.000,50000.000,0
59751,14.941,59.765,50000.000,0.000,0.000,50000.000,0
59801,-7.471,67.235,50000.000,7.471,7.471,50000.000,0
59851,0.000,44.824,50000.000,7.471,0.000,50000.000,0
59901,-22.412,268.941,50000.000,-82.176,-37.353,50000.000,0
59951,-859.118,4713.941,50000.000,-74.706,-620.059,50000.000,0
