timestamp[ms],left_dx[um],left_dy[um],left_dt[us],right_dx[um],right_dy[um],right_dt[us],waterPin
0,0.000,0.000,51455.000,0.000,0.000,50287.000,0
50,0.000,0.000,50000.000,0.000,0.000,50000.000,0
100,0.000,0.000,50000.000,0.000,0.000,50000.000,0
150,0.000,0.000,50000.000,0.000,0.000,50000.000,0
200,0.000,0.000,50000.000,0.000,0.000,50000.000,0
250,0.000,0.000,50000.000,0.000,0.000,50000.000,0
300,0.000,0.000,50000.000,0.000,0.000,50000.000,0
350,0.000,0.000,50000.000,0.000,0.000,50000.000,0
400,0.000,0.000,50000.000,0.000,0.000,50000.000,0
450,0.000,0.000,50000.000,0.000,0.000,50000.000,0
500,0.000,0.000,50000.000,0.000,0.000,50000.000,0
550,0.000,0.000,50000.000,0.000,0.000,50000.000,0
600,0.000,0.000,50000.000,0.000,0.000,50000.000,0
650,0.000,0.000,50000.000,0.000,0.000,50000.000,0
700,0.000,0.000,50000.000,0.000,0.000,50000.000,0
750,0.000,0.000,50000.000,0.000,0.000,50000.000,0
800,0.000,0.000,50000.000,0.000,0.000,50000.000,0
850,0.000,0.000,50000.000,0.000,0.000,50000.000,0
900,0.000,0.000,50000.000,0.000,0.000,50000.000,0
950,0.000,0.000,50000.000,0.000,0.000,50000.000,0
1000,0.000,0.000,50000.000,0.000,0.000,50000.000,0
1050,0.000,0.000,50000.000,0.000,0.000,50000.000,0
1100,0.000,0.000,50000.000,0.000,0.000,50000.000,0
1150,0.000,0.000,50000.000,0.000,0.000,50000.000,0
1200,0.000,0.000,50000.000,0.000,0.000,50000.000,0
1250,0.000,0.000,50000.000,0.000,0.000,50000.000,0
1300,0.000,0.000,50000.000,0.000,0.000,50000.000,0
1350,0.000,0.000,50000.000,0.000,0.000,50000.000,0
1400,0.000,0.000,50000.000,0.000,0.000,50000.000,0
1450,0.000,0.000,50000.000,0.000,0.000,50000.000,0
1500,0.000,0.000,50000.000,0.000,0.000,50000.000,0
1550,0.000,0.000,50000.000,0.000,0.000,50000.000,0
1600,0.000,0.000,50000.000,0.000,0.000,50000.000,0
1650,0.000,0.000,50000.000,0.000,0.000,50000.000,0
1700,0.000,0.000,50000.000,0.000,0.000,50000.000,0
1750,0.000,0.000,50000.000,0.000,0.000,50000.000,0
1800,0.000,0.000,50000.000,0.000,0.000,50000.000,0
1850,0.000,0.000,50000.000,0.000,0.000,50000.000,0
1900,0.000,0.000,50000.000,0.000,0.000,50000.000,0
1950,0.000,0.000,50000.000,0.000,0.000,50000.000,0
2000,0.000,0.000,50000.000,0.000,0.000,50000.000,0
2050,0.000,0.000,50000.000,63.749,406.400,50000.000,0
2100,0.000,0.000,50000.000,0.000,0.000,50000.000,0
2150,0.000,0.000,50000.000,0.000,0.000,50000.000,0
2200,0.000,0.000,50000.000,0.000,0.000,50000.000,0
2250,0.000,0.000,50000.000,0.000,0.000,50000.000,0
2300,0.000,0.000,50000.000,0.000,0.000,50000.000,0
2350,0.000,0.000,50000.000,0.000,0.000,50000.000,0
2400,0.000,0.000,50000.000,0.000,0.000,50000.000,0
2450,0.000,0.000,50000.000,0.000,0.000,50000.000,0
2500,0.000,0.000,50000.000,0.000,0.000,50000.000,0
2550,0.000,0.000,50000.000,0.000,0.000,50000.000,0
2600,0.000,0.000,50000.000,0.000,0.000,50000.000,0
2650,0.000,0.000,50000.000,0.000,0.000,50000.000,0
2700,0.000,0.000,50000.000,0.000,0.000,50000.000,0
2750,0.000,0.000,50000.000,0.000,0.000,50000.000,0
2800,0.000,0.000,50000.000,0.000,0.000,50000.000,0
2850,0.000,0.000,50000.000,0.000,0.000,50000.000,0
2900,0.000,0.000,50000.000,0.000,0.000,50000.000,0
2950,0.000,0.000,50000.000,0.000,0.000,50000.000,0
3000,0.000,0.000,50000.000,0.000,0.000,50000.000,0
3050,0.000,0.000,50000.000,0.000,0.000,50000.000,0
3100,0.000,0.000,50000.000,0.000,0.000,50000.000,0
3150,0.000,0.000,50000.000,0.000,0.000,50000.000,0
3200,0.000,0.000,50000.000,0.000,0.000,50000.000,0
3250,0.000,0.000,50000.000,0.000,0.000,50000.000,0
3300,0.000,0.000,50000.000,0.000,0.000,50000.000,0
3350,0.000,0.000,50000.000,0.000,0.000,50000.000,0
3400,0.000,0.000,50000.000,0.000,0.000,50000.000,0
3450,0.000,0.000,50000.000,0.000,0.000,50000.000,0
3500,0.000,0.000,50000.000,0.000,0.000,50000.000,0
3550,0.000,0.000,50000.000,0.000,0.000,50000.000,0
3600,0.000,0.000,50000.000,0.000,0.000,50000.000,0
3650,0.000,0.000,50000.000,0.000,0.000,50000.000,0
3700,0.000,0.000,50000.000,0.000,0.000,50000.000,0
3750,0.000,0.000,50000.000,0.000,0.000,50000.000,0
3800,0.000,0.000,50000.000,0.000,0.000,50000.000,0
3850,0.000,0.000,50000.000,0.000,0.000,50000.000,0
3900,0.000,0.000,50000.000,63.749,-504.016,50000.000,0
3950,0.000,0.000,50000.000,0.000,0.000,50000.000,0
4000,0.000,0.000,50000.000,0.000,0.000,50000.000,0
4050,0.000,0.000,50000.000,0.000,0.000,50000.000,0
4100,0.000,0.000,50000.000,0.000,0.000,50000.000,0
4150,0.000,0.000,50000.000,0.000,0.000,50000.000,0
4200,0.000,0.000,50000.000,0.000,0.000,50000.000,0
4250,0.000,0.000,50000.000,0.000,0.000,50000.000,0
4300,0.000,0.000,50000.000,0.000,0.000,50000.000,0
4350,0.000,0.000,50000.000,0.000,0.000,50000.000,0
4400,0.000,0.000,50000.000,0.000,0.000,50000.000,0
4450,0.000,0.000,50000.000,0.000,0.000,50000.000,0
4500,0.000,0.000,50000.000,0.000,0.000,50000.000,0
4550,0.000,0.000,50000.000,0.000,0.000,50000.000,0
4600,0.000,0.000,50000.000,0.000,0.000,50000.000,0
4650,0.000,0.000,50000.000,0.000,0.000,50000.000,0
4700,0.000,0.000,50000.000,0.000,0.000,50000.000,0
4750,0.000,0.000,50000.000,0.000,0.000,50000.000,0
4800,0.000,0.000,50000.000,0.000,0.000,50000.000,0
4850,0.000,0.000,50000.000,0.000,0.000,50000.000,0
4900,0.000,0.000,50000.000,0.000,0.000,50000.000,0
4950,0.000,0.000,50000.000,0.000,0.000,50000.000,0
5000,0.000,0.000,50000.000,0.000,0.000,50000.000,0
5050,0.000,0.000,50000.000,0.000,0.000,50000.000,0
5100,0.000,0.000,50000.000,0.000,0.000,50000.000,0
5150,0.000,0.000,50000.000,0.000,0.000,50000.000,0
5200,0.000,0.000,50000.000,0.000,0.000,50000.000,0
5250,0.000,0.000,50000.000,0.000,0.000,50000.000,0
5300,0.000,0.000,50000.000,0.000,0.000,50000.000,0
5350,0.000,0.000,50000.000,0.000,0.000,50000.000,0
5400,0.000,0.000,50000.000,0.000,0.000,50000.000,0
5450,0.000,0.000,50000.000,0.000,0.000,50000.000,0
5500,0.000,0.000,50000.000,0.000,0.000,50000.000,0
5550,0.000,0.000,50000.000,0.000,0.000,50000.000,0
5600,0.000,0.000,50000.000,0.000,0.000,50000.000,0
5650,0.000,0.000,50000.000,0.000,0.000,50000.000,0
5700,0.000,0.000,50000.000,0.000,0.000,50000.000,0
5750,0.000,0.000,50000.000,0.000,0.000,50000.000,0
5800,0.000,0.000,50000.000,0.000,0.000,50000.000,0
5850,0.000,0.000,50000.000,0.000,0.000,50000.000,0
5900,0.000,0.000,50000.000,0.000,0.000,50000.000,0
5950,0.000,0.000,50000.000,0.000,0.000,50000.000,0
6000,0.000,0.000,50000.000,0.000,0.000,50000.000,0
6050,0.000,0.000,50000.000,0.000,0.000,50000.000,0
6100,0.000,0.000,50000.000,0.000,0.000,50000.000,0
6150,0.000,0.000,50000.000,0.000,0.000,50000.000,0
6200,0.000,0.000,50000.000,0.000,0.000,50000.000,0
6250,0.000,0.000,50000.000,0.000,0.000,50000.000,0
6300,0.000,0.000,50000.000,0.000,0.000,50000.000,0
6350,0.000,0.000,50000.000,0.000,0.000,50000.000,0
6400,0.000,0.000,50000.000,0.000,0.000,50000.000,0
6450,0.000,0.000,50000.000,0.000,0.000,50000.000,0
6500,0.000,0.000,50000.000,0.000,0.000,50000.000,0
6550,0.000,0.000,50000.000,0.000,0.000,50000.000,0
6600,0.000,0.000,50000.000,0.000,0.000,50000.000,0
6650,0.000,0.000,50000.000,0.000,0.000,50000.000,0
6700,0.000,0.000,50000.000,0.000,0.000,50000.000,0
6750,0.000,0.000,50000.000,0.000,0.000,50000.000,0
6800,0.000,0.000,50000.000,0.000,0.000,50000.000,0
6850,0.000,0.000,50000.000,0.000,0.000,50000.000,0
6900,0.000,0.000,50000.000,0.000,0.000,50000.000,0
6950,0.000,0.000,50000.000,0.000,0.000,50000.000,0
7000,0.000,0.000,50000.000,0.000,0.000,50000.000,0
7050,0.000,0.000,50000.000,0.000,0.000,50000.000,0
7100,0.000,0.000,50000.000,0.000,0.000,50000.000,0
7150,0.000,0.000,50000.000,0.000,0.000,50000.000,0
7200,0.000,0.000,50000.000,0.000,0.000,50000.000,0
7250,0.000,0.000,50000.000,0.000,0.000,50000.000,0
7300,0.000,0.000,50000.000,0.000,0.000,50000.000,0
7350,0.000,0.000,50000.000,0.000,0.000,50000.000,0
7400,0.000,0.000,50000.000,0.000,0.000,50000.000,0
7450,0.000,0.000,50000.000,0.000,0.000,50000.000,0
7500,0.000,0.000,50000.000,0.000,0.000,50000.000,0
7550,0.000,0.000,50000.000,0.000,0.000,50000.000,0
7600,0.000,0.000,50000.000,0.000,0.000,50000.000,0
7650,0.000,0.000,50000.000,0.000,0.000,50000.000,0
7700,0.000,0.000,50000.000,0.000,0.000,50000.000,0
7750,0.000,0.000,50000.000,0.000,0.000,50000.000,0
7800,0.000,0.000,50000.000,0.000,0.000,50000.000,0
7850,0.000,0.000,50000.000,0.000,0.000,50000.000,0
7900,0.000,0.000,50000.000,0.000,0.000,50000.000,0
7950,0.000,0.000,50000.000,0.000,0.000,50000.000,0
8000,0.000,0.000,50000.000,0.000,0.000,50000.000,0
8050,0.000,0.000,50000.000,0.000,0.000,50000.000,0
8100,0.000,0.000,50000.000,0.000,0.000,50000.000,0
8150,0.000,0.000,50000.000,0.000,0.000,50000.000,0
8200,0.000,0.000,50000.000,0.000,0.000,50000.000,0
8250,0.000,0.000,50000.000,0.000,0.000,50000.000,0
8300,0.000,0.000,50000.000,0.000,0.000,50000.000,0
8350,0.000,0.000,50000.000,0.000,0.000,50000.000,0
8400,0.000,0.000,50000.000,0.000,0.000,50000.000,0
8450,0.000,0.000,50000.000,0.000,0.000,50000.000,0
8500,0.000,0.000,50000.000,0.000,0.000,50000.000,0
8550,0.000,0.000,50000.000,0.000,0.000,50000.000,0
8600,0.000,0.000,50000.000,0.000,0.000,50000.000,0
8650,0.000,0.000,50000.000,0.000,0.000,50000.000,0
8700,0.000,0.000,50000.000,3.984,3.984,50000.000,0
8750,0.000,0.000,50000.000,0.000,0.000,50000.000,0
8800,0.000,0.000,50000.000,0.000,0.000,50000.000,0
8850,0.000,0.000,50000.000,0.000,0.000,50000.000,0
8900,0.000,0.000,50000.000,0.000,0.000,50000.000,0
8950,0.000,0.000,50000.000,0.000,0.000,50000.000,0
9000,0.000,0.000,50000.000,0.000,0.000,50000.000,0
9050,0.000,0.000,50000.000,0.000,0.000,50000.000,0
9100,0.000,0.000,50000.000,0.000,0.000,50000.000,0
9150,0.000,0.000,50000.000,0.000,0.000,50000.000,0
9200,0.000,0.000,50000.000,0.000,0.000,50000.000,0
9250,0.000,0.000,50000.000,0.000,0.000,50000.000,0
9300,0.000,0.000,50000.000,0.000,0.000,50000.000,0
9350,0.000,0.000,50000.000,0.000,0.000,50000.000,0
9400,0.000,0.000,50000.000,0.000,0.000,50000.000,0
9450,0.000,0.000,50000.000,0.000,0.000,50000.000,0
9500,0.000,0.000,50000.000,0.000,0.000,50000.000,0
9550,0.000,0.000,50000.000,0.000,0.000,50000.000,0
9600,0.000,0.000,50000.000,0.000,0.000,50000.000,0
9650,0.000,0.000,50000.000,0.000,0.000,50000.000,0
9700,0.000,0.000,50000.000,0.000,0.000,50000.000,0
9750,0.000,0.000,50000.000,0.000,0.000,50000.000,0
9800,0.000,0.000,50000.000,0.000,0.000,50000.000,0
9850,0.000,0.000,50000.000,0.000,0.000,50000.000,0
9900,0.000,0.000,50000.000,0.000,0.000,50000.000,0
9950,0.000,0.000,50000.000,0.000,0.000,50000.000,0
10000,0.000,0.000,50000.000,3.984,3.984,50000.000,0
10050,0.000,0.000,50000.000,0.000,0.000,50000.000,0
10100,0.000,0.000,50000.000,0.000,0.000,50000.000,0
10150,0.000,0.000,50000.000,0.000,0.000,50000.000,0
10200,0.000,0.000,50000.000,0.000,0.000,50000.000,0
10250,0.000,0.000,50000.000,0.000,0.000,50000.000,0
10300,0.000,0.000,50000.000,0.000,0.000,50000.000,0
10350,0.000,0.000,50000.000,0.000,0.000,50000.000,0
10400,0.000,0.000,50000.000,0.000,0.000,50000.000,0
10450,0.000,0.000,50000.000,0.000,0.000,50000.000,0
10500,0.000,0.000,50000.000,0.000,0.000,50000.000,0
10550,0.000,0.000,50000.000,0.000,0.000,50000.000,0
10600,0.000,0.000,50000.000,0.000,0.000,50000.000,0
10650,0.000,0.000,50000.000,0.000,0.000,50000.000,0
10700,0.000,0.000,50000.000,0.000,0.000,50000.000,0
10750,0.000,0.000,50000.000,0.000,0.000,50000.000,0
10800,0.000,0.000,50000.000,0.000,0.000,50000.000,0
10850,0.000,0.000,50000.000,0.000,0.000,50000.000,0
10900,0.000,0.000,50000.000,0.000,0.000,50000.000,0
10950,0.000,0.000,50000.000,0.000,0.000,50000.000,0
11000,0.000,0.000,50000.000,0.000,0.000,50000.000,0
11050,0.000,0.000,50000.000,0.000,0.000,50000.000,0
11100,0.000,0.000,50000.000,0.000,0.000,50000.000,0
11150,0.000,0.000,50000.000,0.000,0.000,50000.000,0
11200,0.000,0.000,50000.000,0.000,0.000,50000.000,0
11250,0.000,0.000,50000.000,0.000,0.000,50000.000,0
11300,0.000,0.000,50000.000,0.000,0.000,50000.000,0
11350,0.000,0.000,50000.000,0.000,0.000,50000.000,0
11400,0.000,0.000,50000.000,0.000,0.000,50000.000,0
11450,0.000,0.000,50000.000,0.000,0.000,50000.000,0
11500,0.000,0.000,50000.000,0.000,0.000,50000.000,0
11550,0.000,0.000,50000.000,0.000,0.000,50000.000,0
11600,0.000,0.000,50000.000,0.000,0.000,50000.000,0
11650,0.000,0.000,50000.000,0.000,0.000,50000.000,0
11700,0.000,0.000,50000.000,0.000,0.000,50000.000,0
11750,0.000,0.000,50000.000,0.000,0.000,50000.000,0
11800,0.000,0.000,50000.000,0.000,0.000,50000.000,0
11850,0.000,0.000,50000.000,0.000,0.000,50000.000,0
11900,0.000,0.000,50000.000,0.000,0.000,50000.000,0
11950,0.000,0.000,50000.000,0.000,0.000,50000.000,0
12000,0.000,0.000,50000.000,0.000,0.000,50000.000,0
12050,0.000,0.000,50000.000,0.000,0.000,50000.000,0
12100,0.000,0.000,50000.000,0.000,0.000,50000.000,0
12150,0.000,0.000,50000.000,0.000,0.000,50000.000,0
12200,0.000,0.000,50000.000,0.000,0.000,50000.000,0
12250,0.000,0.000,50000.000,0.000,0.000,50000.000,0
12300,0.000,0.000,50000.000,0.000,0.000,50000.000,0
12350,0.000,0.000,50000.000,0.000,0.000,50000.000,0
12400,0.000,0.000,50000.000,0.000,0.000,50000.000,0
12450,0.000,0.000,50000.000,0.000,0.000,50000.000,0
12500,0.000,0.000,50000.000,0.000,0.000,50000.000,0
12550,0.000,0.000,50000.000,0.000,0.000,50000.000,0
12600,0.000,0.000,50000.000,0.000,0.000,50000.000,0
12650,0.000,0.000,50000.000,0.000,0.000,50000.000,0
12700,0.000,0.000,50000.000,0.000,0.000,50000.000,0
12750,0.000,0.000,50000.000,0.000,0.000,50000.000,0
12800,0.000,0.000,50000.000,0.000,0.000,50000.000,0
12850,0.000,0.000,50000.000,0.000,0.000,50000.000,0
12900,0.000,0.000,50000.000,0.000,0.000,50000.000,0
12950,0.000,0.000,50000.000,0.000,0.000,50000.000,0
13000,0.000,0.000,50000.000,0.000,0.000,50000.000,0
13050,0.000,0.000,50000.000,0.000,0.000,50000.000,0
13100,0.000,0.000,50000.000,0.000,0.000,50000.000,0
13150,0.000,0.000,50000.000,0.000,0.000,50000.000,0
13200,0.000,0.000,50000.000,0.000,0.000,50000.000,0
13250,0.000,0.000,50000.000,0.000,0.000,50000.000,0
13300,639.704,639.704,50000.000,0.000,0.000,50000.000,0
13350,639.704,639.704,50000.000,0.000,0.000,50000.000,0
13400,639.704,639.704,50000.000,0.000,0.000,50000.000,0
13450,639.704,639.704,50000.000,0.000,0.000,50000.000,0
13500,639.704,639.704,50000.000,0.000,0.000,50000.000,0
13550,639.704,639.704,50000.000,0.000,0.000,50000.000,0
13600,0.000,0.000,50000.000,0.000,0.000,50000.000,0
13650,0.000,0.000,50000.000,0.000,0.000,50000.000,0
13700,0.000,0.000,50000.000,0.000,0.000,50000.000,0
13750,0.000,0.000,50000.000,0.000,0.000,50000.000,0
13800,0.000,0.000,50000.000,0.000,0.000,50000.000,0
13850,639.704,639.704,50000.000,0.000,0.000,50000.000,0
13900,639.704,639.704,50000.000,0.000,0.000,50000.000,0
13950,0.000,0.000,50000.000,0.000,0.000,50000.000,0
14000,0.000,0.000,50000.000,0.000,0.000,50000.000,0
14050,0.000,0.000,50000.000,0.000,0.000,50000.000,0
14100,0.000,0.000,50000.000,0.000,0.000,50000.000,0
14150,0.000,0.000,50000.000,0.000,0.000,50000.000,0
14200,639.704,639.704,50000.000,0.000,0.000,50000.000,0
14250,639.704,639.704,50000.000,0.000,0.000,50000.000,0
14300,639.704,639.704,50000.000,0.000,0.000,50000.000,0
14350,0.000,0.000,50000.000,0.000,0.000,50000.000,0
14400,0.000,0.000,50000.000,0.000,0.000,50000.000,0
14450,639.704,639.704,50000.000,0.000,0.000,50000.000,0
14500,639.704,639.704,50000.000,0.000,0.000,50000.000,0
14550,639.704,639.704,50000.000,0.000,0.000,50000.000,0
14600,639.704,639.704,50000.000,0.000,0.000,50000.000,0
14650,639.704,639.704,50000.000,0.000,0.000,50000.000,0
14700,639.704,639.704,50000.000,0.000,0.000,50000.000,0
14750,639.704,639.704,50000.000,0.000,0.000,50000.000,0
14800,639.704,639.704,50000.000,0.000,0.000,50000.000,0
14850,639.704,639.704,50000.000,0.000,0.000,50000.000,0
14900,0.000,0.000,50000.000,0.000,0.000,50000.000,0
14950,639.704,639.704,50000.000,0.000,0.000,50000.000,0
15000,639.704,639.704,50000.000,0.000,0.000,50000.000,0
15050,639.704,639.704,50000.000,0.000,0.000,50000.000,0
15100,0.000,0.000,50000.000,0.000,0.000,50000.000,0
15150,639.704,639.704,50000.000,0.000,0.000,50000.000,0
15200,639.704,639.704,50000.000,0.000,0.000,50000.000,0
15250,639.704,639.704,50000.000,0.000,0.000,50000.000,0
15300,639.704,639.704,50000.000,0.000,0.000,50000.000,0
15350,639.704,639.704,50000.000,0.000,0.000,50000.000,0
15400,639.704,639.704,50000.000,0.000,0.000,50000.000,0
15450,639.704,639.704,50000.000,0.000,0.000,50000.000,0
15500,639.704,639.704,50000.000,0.000,0.000,50000.000,0
15550,639.704,639.704,50000.000,0.000,0.000,50000.000,0
15600,0.000,0.000,50000.000,0.000,0.000,50000.000,0
15650,304132.094,0.000,50000.000,0.000,0.000,50000.000,0
15700,677.333,0.000,50000.000,0.000,0.000,50000.000,0
15750,677.333,677.333,50000.000,0.000,0.000,50000.000,0
15800,677.333,677.333,50000.000,0.000,0.000,50000.000,0
15850,677.333,677.333,50000.000,0.000,0.000,50000.000,0
15900,677.333,677.333,50000.000,0.000,0.000,50000.000,0
15950,677.333,677.333,50000.000,0.000,0.000,50000.000,0
16000,677.333,677.333,50000.000,0.000,0.000,50000.000,0
16050,677.333,677.333,50000.000,0.000,0.000,50000.000,0
16100,677.333,677.333,50000.000,0.000,0.000,50000.000,0
16150,0.000,0.000,50000.000,0.000,0.000,50000.000,0
16200,0.000,0.000,50000.000,0.000,0.000,50000.000,0
16250,304132.094,0.000,50000.000,0.000,0.000,50000.000,0
16300,0.000,0.000,50000.000,0.000,0.000,50000.000,0
16350,0.000,0.000,50000.000,0.000,0.000,50000.000,0
16400,0.000,0.000,50000.000,0.000,0.000,50000.000,0
16450,304132.094,0.000,50000.000,0.000,0.000,50000.000,0
16500,0.000,0.000,50000.000,0.000,0.000,50000.000,0
16550,0.000,0.000,50000.000,0.000,0.000,50000.000,0
16600,304132.094,0.000,50000.000,0.000,0.000,50000.000,0
16650,0.000,0.000,50000.000,0.000,0.000,50000.000,0
16700,0.000,0.000,50000.000,0.000,0.000,50000.000,0
16750,304132.094,0.000,50000.000,0.000,0.000,50000.000,0
16800,677.333,0.000,50000.000,0.000,0.000,50000.000,0
16850,0.000,0.000,50000.000,0.000,0.000,50000.000,0
16900,304132.094,0.000,50000.000,0.000,0.000,50000.000,0
16950,677.333,0.000,50000.000,0.000,0.000,50000.000,0
17000,677.333,677.333,50000.000,0.000,0.000,50000.000,0
17050,677.333,677.333,50000.000,0.000,0.000,50000.000,0
17100,677.333,677.333,50000.000,0.000,0.000,50000.000,0
17150,677.333,677.333,50000.000,0.000,0.000,50000.000,0
17200,677.333,677.333,50000.000,0.000,0.000,50000.000,0
17250,0.000,0.000,50000.000,0.000,0.000,50000.000,0
17300,304132.094,0.000,50000.000,0.000,0.000,50000.000,0
17350,677.333,0.000,50000.000,0.000,0.000,50000.000,0
17400,677.333,677.333,50000.000,0.000,0.000,50000.000,0
17450,677.333,677.333,50000.000,0.000,0.000,50000.000,0
17500,677.333,677.333,50000.000,0.000,0.000,50000.000,0
17550,0.000,0.000,50000.000,0.000,0.000,50000.000,0
17600,0.000,0.000,50000.000,0.000,0.000,50000.000,0
17650,304132.094,0.000,50000.000,0.000,0.000,50000.000,0
17700,0.000,0.000,50000.000,0.000,0.000,50000.000,0
17750,0.000,0.000,50000.000,0.000,0.000,50000.000,0
17800,0.000,0.000,50000.000,0.000,0.000,50000.000,0
17850,0.000,0.000,50000.000,0.000,0.000,50000.000,0
17900,0.000,0.000,50000.000,0.000,0.000,50000.000,0
17950,304132.094,0.000,50000.000,0.000,0.000,50000.000,0
18000,677.333,0.000,50000.000,0.000,0.000,50000.000,0
18050,0.000,0.000,50000.000,0.000,0.000,50000.000,0
18100,0.000,0.000,50000.000,0.000,0.000,50000.000,0
18150,0.000,0.000,50000.000,0.000,0.000,50000.000,0
18200,304132.094,0.000,50000.000,0.000,0.000,50000.000,0
18250,0.000,0.000,50000.000,0.000,0.000,50000.000,0
18300,304132.094,0.000,50000.000,0.000,0.000,50000.000,0
18350,0.000,0.000,50000.000,0.000,0.000,50000.000,0
18400,0.000,0.000,50000.000,0.000,0.000,50000.000,0
18450,0.000,0.000,50000.000,0.000,0.000,50000.000,0
18500,0.000,0.000,50000.000,0.000,0.000,50000.000,0
18550,0.000,0.000,50000.000,0.000,0.000,50000.000,0
18600,304132.094,0.000,50000.000,0.000,0.000,50000.000,0
18650,677.333,0.000,50000.000,0.000,0.000,50000.000,0
18700,0.000,0.000,50000.000,0.000,0.000,50000.000,0
18750,0.000,0.000,50000.000,0.000,0.000,50000.000,0
18800,304132.094,0.000,50000.000,0.000,0.000,50000.000,0
18850,0.000,0.000,50000.000,0.000,0.000,50000.000,0
18900,304132.094,0.000,50000.000,0.000,0.000,50000.000,0
18950,677.333,0.000,50000.000,0.000,0.000,50000.000,0
19000,0.000,0.000,50000.000,0.000,0.000,50000.000,0
19050,0.000,0.000,50000.000,0.000,0.000,50000.000,0
19100,304132.094,0.000,50000.000,0.000,0.000,50000.000,0
19150,677.333,0.000,50000.000,0.000,0.000,50000.000,0
19200,677.333,677.333,50000.000,0.000,0.000,50000.000,0
19250,0.000,0.000,50000.000,0.000,0.000,50000.000,0
19300,304132.094,0.000,50000.000,0.000,0.000,50000.000,0
19350,677.333,0.000,50000.000,0.000,0.000,50000.000,0
19400,677.333,677.333,50000.000,0.000,0.000,50000.000,0
19450,0.000,0.000,50000.000,0.000,0.000,50000.000,0
19500,304132.094,0.000,50000.000,0.000,0.000,50000.000,0
19550,0.000,0.000,50000.000,0.000,0.000,50000.000,0
19600,0.000,0.000,50000.000,0.000,0.000,50000.000,0
19650,0.000,0.000,50000.000,0.000,0.000,50000.000,0
19700,0.000,0.000,50000.000,0.000,0.000,50000.000,0
19750,0.000,0.000,50000.000,0.000,0.000,50000.000,0
19800,0.000,0.000,50000.000,0.000,0.000,50000.000,0
19850,0.000,0.000,50000.000,0.000,0.000,50000.000,0
19900,304132.094,0.000,50000.000,0.000,0.000,50000.000,0
19950,0.000,0.000,50000.000,0.000,0.000,50000.000,0
20000,0.000,0.000,50000.000,0.000,0.000,50000.000,0
20050,0.000,0.000,50000.000,0.000,0.000,50000.000,0
20100,0.000,0.000,50000.000,0.000,0.000,50000.000,0
20150,0.000,0.000,50000.000,0.000,0.000,50000.000,0
20200,0.000,0.000,50000.000,0.000,0.000,50000.000,0
20250,304132.094,0.000,50000.000,0.000,0.000,50000.000,0
20300,0.000,0.000,50000.000,0.000,0.000,50000.000,0
20350,304132.094,0.000,50000.000,0.000,0.000,50000.000,0
20400,677.333,0.000,50000.000,0.000,0.000,50000.000,0
20450,677.333,677.333,50000.000,0.000,0.000,50000.000,0
20500,677.333,677.333,50000.000,0.000,0.000,50000.000,0
20550,0.000,0.000,50000.000,0.000,0.000,50000.000,0
20600,0.000,0.000,50000.000,0.000,0.000,50000.000,0
20650,304132.094,0.000,50000.000,0.000,0.000,50000.000,0
20700,677.333,0.000,50000.000,0.000,0.000,50000.000,0
20750,677.333,677.333,50000.000,0.000,0.000,50000.000,0
20800,677.333,677.333,50000.000,0.000,0.000,50000.000,0
20850,0.000,0.000,50000.000,0.000,0.000,50000.000,0
20900,0.000,0.000,50000.000,0.000,0.000,50000.000,0
20950,0.000,0.000,50000.000,0.000,0.000,50000.000,0
21000,0.000,0.000,50000.000,0.000,0.000,50000.000,0
21050,304132.094,0.000,50000.000,0.000,0.000,50000.000,0
21100,677.333,0.000,50000.000,0.000,0.000,50000.000,0
21150,677.333,677.333,50000.000,0.000,0.000,50000.000,0
21200,677.333,677.333,50000.000,0.000,0.000,50000.000,0
21250,677.333,677.333,50000.000,0.000,0.000,50000.000,0
21300,677.333,677.333,50000.000,0.000,0.000,50000.000,0
21350,677.333,677.333,50000.000,0.000,0.000,50000.000,0
21400,677.333,677.333,50000.000,0.000,0.000,50000.000,0
21450,0.000,0.000,50000.000,0.000,0.000,50000.000,0
21500,0.000,0.000,50000.000,0.000,0.000,50000.000,0
21550,0.000,0.000,50000.000,0.000,0.000,50000.000,0
21600,0.000,0.000,50000.000,0.000,0.000,50000.000,0
21650,0.000,0.000,50000.000,0.000,0.000,50000.000,0
21700,0.000,0.000,50000.000,0.000,0.000,50000.000,0
21750,0.000,0.000,50000.000,0.000,0.000,50000.000,0
21800,0.000,0.000,50000.000,0.000,0.000,50000.000,0
21850,0.000,0.000,50000.000,0.000,0.000,50000.000,0
21900,304132.094,0.000,50000.000,0.000,0.000,50000.000,0
21950,677.333,0.000,50000.000,0.000,0.000,50000.000,0
22000,677.333,677.333,50000.000,0.000,0.000,50000.000,0
22050,677.333,677.333,50000.000,0.000,0.000,50000.000,0
22100,677.333,677.333,50000.000,0.000,0.000,50000.000,0
22150,677.333,677.333,50000.000,0.000,0.000,50000.000,0
22200,0.000,0.000,50000.000,0.000,0.000,50000.000,0
22250,304132.094,0.000,50000.000,0.000,0.000,50000.000,0
22300,677.333,0.000,50000.000,0.000,0.000,50000.000,0
22350,677.333,677.333,50000.000,0.000,0.000,50000.000,0
22400,0.000,0.000,50000.000,0.000,0.000,50000.000,0
22450,0.000,0.000,50000.000,0.000,0.000,50000.000,0
22500,0.000,0.000,50000.000,0.000,0.000,50000.000,0
22550,0.000,0.000,50000.000,0.000,0.000,50000.000,0
22600,0.000,0.000,50000.000,0.000,0.000,50000.000,0
22650,0.000,0.000,50000.000,0.000,0.000,50000.000,0
22700,0.000,0.000,50000.000,0.000,0.000,50000.000,0
22750,0.000,0.000,50000.000,0.000,0.000,50000.000,0
22800,0.000,0.000,50000.000,0.000,0.000,50000.000,0
22850,0.000,0.000,50000.000,0.000,0.000,50000.000,0
22900,0.000,0.000,50000.000,0.000,0.000,50000.000,0
22950,0.000,0.000,50000.000,0.000,0.000,50000.000,0
23000,0.000,0.000,50000.000,0.000,0.000,50000.000,0
23050,0.000,0.000,50000.000,0.000,0.000,50000.000,0
23100,0.000,0.000,50000.000,0.000,0.000,50000.000,0
23150,0.000,0.000,50000.000,0.000,0.000,50000.000,0
23200,0.000,0.000,50000.000,0.000,0.000,50000.000,0
23250,0.000,0.000,50000.000,0.000,0.000,50000.000,0
23300,0.000,0.000,50000.000,0.000,0.000,50000.000,0
23350,0.000,0.000,50000.000,0.000,0.000,50000.000,0
23400,0.000,0.000,50000.000,0.000,0.000,50000.000,0
23450,304132.094,0.000,50000.000,0.000,0.000,50000.000,0
23500,677.333,0.000,50000.000,0.000,0.000,50000.000,0
23550,0.000,0.000,50000.000,0.000,0.000,50000.000,0
23600,304132.094,0.000,50000.000,0.000,0.000,50000.000,0
23650,0.000,0.000,50000.000,0.000,0.000,50000.000,0
23700,0.000,0.000,50000.000,0.000,0.000,50000.000,0
23750,0.000,0.000,50000.000,0.000,0.000,50000.000,0
23800,0.000,0.000,50000.000,0.000,0.000,50000.000,0
23850,0.000,0.000,50000.000,0.000,0.000,50000.000,0
23900,0.000,0.000,50000.000,0.000,0.000,50000.000,0
23950,0.000,0.000,50000.000,0.000,0.000,50000.000,0
24000,0.000,0.000,50000.000,0.000,0.000,50000.000,0
24050,304132.094,0.000,50000.000,0.000,0.000,50000.000,0
24100,677.333,0.000,50000.000,0.000,0.000,50000.000,0
24150,677.333,677.333,50000.000,0.000,0.000,50000.000,0
24200,0.000,0.000,50000.000,0.000,0.000,50000.000,0
24250,0.000,0.000,50000.000,0.000,0.000,50002.000,0
24300,0.000,0.000,50000.000,0.000,0.000,50000.000,0
24350,0.000,0.000,50000.000,0.000,0.000,50000.000,0
24400,0.000,0.000,50000.000,0.000,0.000,50000.000,0
24450,0.000,0.000,50000.000,0.000,0.000,50000.000,0
24500,0.000,0.000,50000.000,0.000,0.000,50000.000,0
24550,0.000,0.000,50000.000,0.000,0.000,50000.000,0
24600,0.000,0.000,50000.000,0.000,0.000,50000.000,0
24650,0.000,0.000,50000.000,0.000,0.000,50000.000,0
24700,0.000,0.000,50000.000,0.000,0.000,50000.000,0
24750,0.000,0.000,50000.000,0.000,0.000,50000.000,0
24800,0.000,0.000,50000.000,0.000,0.000,50000.000,0
24850,0.000,0.000,50000.000,0.000,0.000,50000.000,0
24900,0.000,0.000,50000.000,0.000,0.000,50000.000,0
24950,0.000,0.000,50000.000,0.000,0.000,50000.000,0
25000,0.000,0.000,50000.000,0.000,0.000,50000.000,0
25050,0.000,0.000,50000.000,0.000,0.000,50000.000,0
25100,0.000,0.000,50000.000,0.000,0.000,50000.000,0
25150,0.000,0.000,50000.000,0.000,0.000,50000.000,0
25200,0.000,0.000,50000.000,0.000,0.000,50000.000,0
25250,304132.094,0.000,50000.000,0.000,0.000,50000.000,0
25300,677.333,0.000,50000.000,0.000,0.000,50000.000,0
25350,677.333,677.333,50000.000,0.000,0.000,50000.000,0
25400,677.333,677.333,50000.000,0.000,0.000,50000.000,0
25450,677.333,677.333,50000.000,0.000,0.000,50000.000,0
25500,0.000,0.000,50000.000,0.000,0.000,50000.000,0
25550,304132.094,0.000,50000.000,0.000,0.000,50000.000,0
25600,677.333,677.333,50000.000,0.000,0.000,50000.000,0
25650,677.333,677.333,50000.000,0.000,0.000,50000.000,0
25700,677.333,677.333,50000.000,0.000,0.000,50000.000,0
25750,677.333,677.333,50000.000,0.000,0.000,50000.000,0
25800,677.333,677.333,50000.000,0.000,0.000,50000.000,0
25850,677.333,677.333,50000.000,0.000,0.000,50000.000,0
25900,677.333,677.333,50000.000,0.000,0.000,50000.000,0
25950,677.333,677.333,50000.000,0.000,0.000,50000.000,0
26000,677.333,677.333,50000.000,0.000,0.000,50000.000,0
26050,677.333,677.333,50000.000,0.000,0.000,50000.000,0
26100,677.333,677.333,50000.000,0.000,0.000,50000.000,0
26150,677.333,677.333,50000.000,0.000,0.000,50000.000,0
26200,677.333,677.333,50000.000,0.000,0.000,50000.000,0
26250,677.333,677.333,50000.000,0.000,0.000,50000.000,0
26300,677.333,677.333,50000.000,0.000,0.000,50000.000,0
26350,677.333,677.333,50000.000,0.000,0.000,50000.000,0
26400,677.333,677.333,50000.000,0.000,0.000,50000.000,0
26450,677.333,677.333,50000.000,0.000,0.000,50000.000,0
26500,677.333,677.333,50000.000,0.000,0.000,50000.000,0
26550,677.333,677.333,50000.000,0.000,0.000,50000.000,0
26600,677.333,677.333,50000.000,0.000,0.000,50000.000,0
26650,677.333,677.333,50000.000,0.000,0.000,50000.000,0
26700,677.333,677.333,50000.000,0.000,0.000,50000.000,0
26750,0.000,0.000,50000.000,0.000,0.000,50000.000,0
26800,304132.094,0.000,50000.000,0.000,0.000,50000.000,0
26850,677.333,0.000,50000.000,0.000,0.000,50000.000,0
26900,677.333,677.333,50000.000,0.000,0.000,50000.000,0
26950,677.333,677.333,50000.000,0.000,0.000,50000.000,0
27000,677.333,677.333,50000.000,0.000,0.000,50000.000,0
27050,677.333,677.333,50000.000,0.000,0.000,50000.000,0
27100,677.333,677.333,50000.000,0.000,0.000,50000.000,0
27150,338.667,338.667,50000.000,0.000,0.000,50000.000,0
27200,677.333,677.333,50000.000,0.000,0.000,50000.000,0
27250,677.333,677.333,50000.000,0.000,0.000,50000.000,0
27300,677.333,677.333,50000.000,0.000,0.000,50000.000,0
27350,677.333,677.333,50000.000,0.000,0.000,50000.000,0
27400,677.333,677.333,50000.000,0.000,0.000,50000.000,0
27450,0.000,0.000,50000.000,0.000,0.000,50000.000,0
27500,0.000,0.000,50000.000,0.000,0.000,50000.000,0
27550,304132.094,0.000,50000.000,0.000,0.000,50000.000,0
27600,0.000,0.000,50000.000,0.000,0.000,50000.000,0
27650,0.000,0.000,50000.000,0.000,0.000,50000.000,0
27700,0.000,0.000,50000.000,0.000,0.000,50000.000,0
27750,0.000,0.000,50000.000,0.000,0.000,50000.000,0
27800,0.000,0.000,50000.000,0.000,0.000,50000.000,0
27850,0.000,0.000,50000.000,0.000,0.000,50000.000,0
27900,0.000,0.000,50000.000,0.000,0.000,50000.000,0
27950,0.000,0.000,50000.000,0.000,0.000,50000.000,0
28000,0.000,0.000,50000.000,0.000,0.000,50000.000,0
28050,0.000,0.000,50000.000,0.000,0.000,50000.000,0
28100,0.000,0.000,50000.000,0.000,0.000,50000.000,0
28150,0.000,0.000,50000.000,0.000,0.000,50000.000,0
28200,0.000,0.000,50002.000,0.000,0.000,50000.000,0
28250,0.000,338.667,49999.000,0.000,0.000,49999.000,0
28300,0.000,0.000,49999.000,0.000,0.000,49999.000,0
28350,304132.094,0.000,50000.000,0.000,0.000,50000.000,0
28400,338.667,338.667,50000.000,0.000,0.000,50000.000,0
28450,0.000,0.000,50000.000,0.000,0.000,50000.000,0
28500,0.000,0.000,50000.000,0.000,0.000,50000.000,0
28550,0.000,0.000,50000.000,0.000,0.000,50000.000,0
28600,0.000,0.000,50000.000,0.000,0.000,50000.000,0
28650,0.000,0.000,50000.000,0.000,0.000,50000.000,0
28700,0.000,0.000,50000.000,0.000,0.000,50000.000,0
28750,0.000,0.000,50000.000,0.000,0.000,50000.000,0
28800,0.000,-2229.556,50000.000,-1.992,-1.992,50000.000,0
28850,0.000,0.000,50000.000,0.000,0.000,50000.000,0
28900,0.000,0.000,50000.000,0.000,0.000,50000.000,0
28950,0.000,0.000,50000.000,0.000,0.000,50000.000,0
29000,0.000,0.000,50000.000,0.000,0.000,50000.000,0
29050,0.000,0.000,50000.000,0.000,0.000,50000.000,0
29100,0.000,0.000,50000.000,0.000,0.000,50000.000,0
29150,0.000,0.000,50000.000,0.000,0.000,50000.000,0
29200,0.000,0.000,50000.000,0.000,0.000,50000.000,0
29250,0.000,0.000,50000.000,0.000,0.000,50000.000,0
29300,0.000,0.000,50000.000,0.000,0.000,50000.000,0
29350,0.000,0.000,50000.000,0.000,0.000,50000.000,0
29400,0.000,0.000,50000.000,0.000,0.000,50000.000,0
29450,0.000,0.000,50000.000,0.000,0.000,50000.000,0
29500,0.000,0.000,50000.000,0.000,0.000,50000.000,0
29550,0.000,0.000,50000.000,0.000,0.000,50000.000,0
29600,0.000,0.000,50000.000,0.000,0.000,50000.000,0
29650,0.000,0.000,50000.000,0.000,0.000,50000.000,0
29700,0.000,0.000,50000.000,0.000,0.000,50000.000,0
29750,0.000,0.000,50000.000,0.000,0.000,50000.000,0
29800,0.000,0.000,50000.000,0.000,0.000,50000.000,0
29850,0.000,0.000,50000.000,0.000,0.000,50000.000,0
29900,0.000,0.000,50000.000,0.000,0.000,50000.000,0
29950,0.000,0.000,50000.000,0.000,0.000,50000.000,0
