timestamp[ms],left_dx[um],left_dy[um],left_dt[us],right_dx[um],right_dy[um],right_dt[us],waterPin
0,0.000,-1695.823,50152.000,1912.470,0.000,50153.000,0
51,0.000,-22.412,50000.000,-1919.941,-7.471,50000.000,0
101,0.000,-14.941,50001.000,0.000,-7.471,50000.000,0
151,0.000,-22.412,49999.000,0.000,-22.412,50000.000,0
201,0.000,-14.941,50000.000,7.471,0.000,50000.000,0
251,0.000,-7.471,50001.000,0.000,0.000,50000.000,0
301,0.000,0.000,49999.000,0.000,0.000,50000.000,0
351,0.000,0.000,50000.000,0.000,0.000,50000.000,0
401,0.000,0.000,50000.000,0.000,0.000,50000.000,0
451,7.471,14.941,50001.000,0.000,0.000,50000.000,0
501,0.000,14.941,49999.000,0.000,14.941,50000.000,0
551,-7.471,7.471,50000.000,0.000,0.000,50000.000,0
601,0.000,0.000,50000.000,0.000,0.000,50000.000,0
651,0.000,0.000,50001.000,0.000,0.000,50000.000,0
701,0.000,0.000,49999.000,0.000,0.000,50000.000,0
751,0.000,0.000,50000.000,0.000,0.000,50000.000,0
801,0.000,-1688.353,50000.000,-7.471,-1800.412,50000.000,0
851,0.000,-14.941,50000.000,0.000,-7.471,50000.000,0
901,0.000,-14.941,50000.000,0.000,-7.471,50000.000,0
951,7.471,-14.941,50000.000,0.000,0.000,50000.000,0
1001,0.000,-14.941,50000.000,0.000,0.000,50000.000,0
1051,0.000,-14.941,50000.000,0.000,0.000,50000.000,0
1101,0.000,0.000,50000.000,0.000,0.000,50000.000,0
1151,0.000,0.000,50000.000,0.000,-1800.412,50000.000,0
1201,0.000,0.000,50001.000,0.000,-7.471,50000.000,0
1251,0.000,0.000,49999.000,7.471,1673.412,50000.000,0
1301,0.000,0.000,50000.000,0.000,0.000,50000.000,0
1351,0.000,7.471,50000.000,0.000,0.000,50000.000,0
1401,0.000,7.471,50000.000,0.000,0.000,50000.000,0
1451,0.000,7.471,50000.000,0.000,0.000,50000.000,0
1501,0.000,0.000,50000.000,0.000,7.471,50000.000,0
1551,0.000,0.000,50001.000,0.000,7.471,50000.000,0
1601,0.000,-7.471,49999.000,0.000,0.000,50000.000,0
1651,0.000,0.000,50000.000,0.000,0.000,50000.000,0
1701,0.000,0.000,50000.000,0.000,0.000,50000.000,0
1751,0.000,-7.471,50001.000,0.000,0.000,50000.000,0
1801,0.000,0.000,49999.000,-7.471,0.000,50000.000,0
1851,0.000,-14.941,50000.000,-7.471,-7.471,50000.000,0
1901,0.000,-7.471,50000.000,0.000,-7.471,50000.000,0
1951,0.000,0.000,50000.000,0.000,-14.941,50000.000,0
2001,-74.706,799.353,50000.000,455.706,963.706,50000.000,0
2051,791.882,5946.588,50000.000,4273.176,5804.646,50000.000,0
2101,4280.647,8583.705,50000.000,8464.176,4751.294,50000.000,0
2151,5827.059,8180.293,50000.000,8635.999,2218.765,50000.000,0
2201,6223.000,9913.470,50000.000,10025.528,1516.529,50000.000,0
2251,7433.235,11385.176,50000.000,10167.470,-724.647,50000.000,0
2301,8277.411,9629.588,50000.000,9495.117,-4773.706,50000.000,0
2351,7926.293,10204.823,50000.000,8658.411,-5894.294,50000.000,0
2401,10757.646,10458.823,50001.000,9084.234,-8591.176,50000.000,0
2451,16330.705,9256.059,49999.000,10533.528,-12692.528,50000.000,0
2501,16651.939,10331.823,50000.000,8531.411,-11273.117,50000.000,0
2551,15643.411,10675.470,50000.000,7007.411,-8635.999,50000.000,0
2601,16584.705,10914.528,50000.000,12572.999,-14993.470,50000.000,0
2651,17130.059,10555.940,50000.000,12587.940,-14672.234,50000.000,0
2701,16689.293,10376.646,50000.000,11751.234,-13215.470,50000.000,0
2751,17122.588,10951.882,50000.000,5229.412,-5819.588,50000.000,0
2801,16480.117,10660.528,50000.000,5289.176,-6200.588,50000.000,0
2851,15307.234,10212.293,50001.000,5886.823,-6723.529,50000.000,0
2901,16644.469,10682.940,49999.000,5423.646,-6230.470,50000.000,0
2951,16905.939,10443.882,50000.000,4691.529,-5304.117,50000.000,0
3001,16719.176,10219.764,50000.000,1778.000,-2069.353,50000.000,0
3051,16480.117,10085.293,50001.000,3257.176,-3981.823,50000.000,0
3101,15815.234,10264.588,49999.000,1964.765,-2390.588,50000.000,0
3151,15949.705,10682.940,50000.000,1583.765,-1972.235,50000.000,0
3201,16793.881,10630.646,50000.000,3780.117,-4474.882,50000.000,0
3251,15874.999,9651.999,50000.000,5453.529,-6671.235,50000.000,0
3301,15658.352,9248.588,50000.000,6574.117,-9054.353,50000.000,0
3351,17286.939,9659.470,50000.000,6663.764,-10003.117,50000.000,0
3401,17451.293,8411.882,50000.000,5759.823,-9308.353,50000.000,0
3451,16554.822,6021.294,50000.000,9524.999,-15822.705,50000.000,0
3501,16360.587,4504.764,50000.000,9965.764,-15725.587,50000.000,0
3551,17077.764,3974.353,50000.000,6021.294,-9143.999,50000.000,0
3601,16450.234,3854.823,50000.000,4609.353,-7037.293,50000.000,0
3651,16696.764,3645.647,50000.000,6394.823,-9644.528,50000.000,0
3701,15456.646,3391.647,50000.000,8165.353,-11355.293,50000.000,0
3751,14956.116,3429.000,50000.000,9330.764,-12752.293,50000.000,0
3801,14470.528,3600.823,50001.000,8762.999,-11564.470,50000.000,0
3851,13805.646,3981.823,49999.000,3436.470,-4557.059,50000.000,0
3901,13155.705,3907.117,50000.000,2973.294,-4123.765,50000.000,0
3951,12991.353,3951.941,50000.000,4676.588,-6402.293,50000.000,0
4001,14156.764,4422.588,50000.000,3451.412,-4669.117,50000.000,0
4051,13379.822,3742.764,50000.000,4213.412,-5737.411,50000.000,0
4101,13230.411,3391.647,50000.000,6529.293,-9181.353,50000.000,0
4151,12012.705,2876.176,50001.000,2188.882,-3100.294,50000.000,0
4201,12737.353,3608.294,49999.000,2368.176,-3324.412,50000.000,0
4251,12468.411,3429.000,50001.000,2644.588,-3750.235,50000.000,0
4301,12647.705,4108.823,49999.000,283.882,-373.529,50000.000,0
4351,12423.587,4019.176,50001.000,635.000,-806.823,50000.000,0
4401,12102.353,3817.470,49999.000,2271.059,-3458.882,50000.000,0
4451,12953.999,3802.529,50000.000,2868.706,-4512.235,50000.000,0
4501,13305.117,3884.706,50000.000,3765.176,-5744.882,50000.000,0
4551,13267.764,3137.647,50000.000,3742.764,-6604.000,50000.000,0
4601,14089.528,1322.294,50000.000,3892.176,-7605.058,50000.000,0
4651,15068.176,522.941,50000.000,7164.293,-14223.999,50000.000,0
4701,14903.822,-291.353,50000.000,7717.117,-14799.234,50000.000,0
4751,14582.587,-911.412,50000.000,7881.470,-14373.411,50000.000,0
4801,14321.116,-821.765,50000.000,6379.882,-11056.470,50000.000,0
4851,13648.764,-889.000,50000.000,5490.882,-9547.411,50000.000,0
4901,13499.352,-993.588,50000.000,3989.294,-6962.588,50000.000,0
4951,13028.705,-739.588,50000.000,3832.412,-6432.176,50000.000,0
5001,12886.764,-403.412,50001.000,2278.529,-3862.294,50000.000,0
5051,13163.176,-37.353,49999.000,3533.588,-5752.353,50000.000,0
5101,12804.587,433.294,50001.000,4116.294,-6193.117,50000.000,0
5151,13118.353,971.176,50000.000,2592.294,-3884.706,50000.000,0
5201,12909.176,1247.588,49999.000,4340.412,-6185.646,50000.000,0
5251,12797.117,1053.353,50000.000,1524.000,-2159.000,50000.000,0
5301,12670.117,1135.529,50000.000,2726.764,-3951.941,50000.000,0
5351,12953.999,1255.059,50000.000,5670.176,-8531.411,50000.000,0
5401,12595.411,978.647,50000.000,4669.117,-7007.411,50000.000,0
5451,12587.940,933.823,50000.000,5886.823,-8927.353,50000.000,0
5501,12595.411,1098.176,50000.000,4728.882,-6977.529,50000.000,0
5551,12572.999,1270.000,50000.000,814.294,-1172.882,50000.000,0
5601,12184.528,1800.412,50000.000,537.882,-762.000,50000.000,0
5651,8718.176,3548.529,50000.000,366.059,-313.765,50000.000,0
5701,5446.059,4713.941,50000.000,44.824,-7.471,50000.000,0
5751,6529.293,6454.588,50000.000,119.529,-127.000,50000.000,0
5801,9136.528,10548.470,50000.000,1568.823,-1613.647,50000.000,0
5851,9510.059,12871.822,50000.000,97.118,-104.588,50000.000,0
5901,9099.176,16099.116,50000.000,2114.176,-1621.118,50000.000,0
5951,8449.234,17391.527,50000.000,3533.588,-3309.470,50000.000,0
6001,7485.529,16554.822,50000.000,4011.706,-4728.882,50000.000,0
6051,9704.294,17862.176,50000.000,2241.176,-2495.176,50000.000,0
6101,10122.646,18086.293,50000.000,2353.235,-2823.882,50000.000,0
6151,9741.646,17914.469,50000.000,1934.882,-2569.882,50000.000,0
6201,9659.470,16457.705,50001.000,1232.647,-1531.470,50000.000,0
6251,8777.940,14754.411,49999.000,911.412,-1150.470,50000.000,0
6301,8561.294,14007.352,50000.000,1494.118,-1822.823,50000.000,0
6351,8001.000,12856.882,50000.000,2816.412,-3697.941,50000.000,0
6401,9024.470,13200.528,50000.000,2846.294,-3914.588,50000.000,0
6451,8105.588,10847.293,50000.000,3899.647,-5655.235,50000.000,0
6501,7493.000,9704.294,50000.000,6245.411,-9345.705,50000.000,0
6551,8957.234,10533.528,50001.000,7918.823,-12154.646,50000.000,0
6601,8949.764,10563.411,49999.000,7097.058,-10966.823,50000.000,0
6651,8665.882,10092.764,50001.000,8150.411,-12109.822,50000.000,0
6701,9054.353,10869.705,49999.000,5117.353,-7463.117,50000.000,0
6751,8225.117,9883.588,50001.000,2883.647,-4482.353,50000.000,0
6801,7709.646,9390.528,49999.000,3922.059,-5789.706,50000.000,0
6851,8561.294,9935.882,50000.000,3712.882,-5543.176,50000.000,0
6901,9129.059,10346.764,50000.000,2353.235,-3712.882,50000.000,0
6951,8987.117,9891.059,50000.000,1673.412,-2592.294,50000.000,0
7001,9039.411,9368.117,50000.000,1344.706,-2196.353,50000.000,0
7051,9076.764,9607.176,50000.000,2129.117,-3645.647,50000.000,0
7101,8598.646,9121.588,50000.000,3421.529,-6252.882,50000.000,0
7151,8785.411,9061.823,50000.000,4019.176,-6955.117,50000.000,0
7201,9629.588,9136.528,50000.000,3556.000,-6133.353,50000.000,0
7251,10130.117,9233.646,50000.000,4280.647,-7455.646,50000.000,0
7301,10847.293,9226.176,50000.000,3570.941,-6589.059,50000.000,0
7351,10765.117,8621.059,50000.000,4064.000,-7627.470,50000.000,0
7401,11205.882,8359.588,50000.000,3697.941,-7156.823,50000.000,0
7451,10809.940,7605.058,50000.000,1270.000,-2375.647,50000.000,0
7501,10697.882,6364.941,50001.000,2360.706,-4527.176,50000.000,0
7551,10720.293,5617.882,49999.000,1120.588,-2293.470,50000.000,0
7601,11086.353,4781.176,50000.000,2338.294,-4728.882,50000.000,0
7651,10690.411,3765.176,50000.000,4191.000,-8815.294,50000.000,0
7701,10384.117,2114.176,50000.000,3339.353,-6686.176,50000.000,0
7751,10653.058,1001.059,50000.000,4071.470,-7821.706,50000.000,0
7801,10712.823,127.000,50000.000,2629.647,-5192.059,50000.000,0
7851,11056.470,-545.353,50001.000,3541.059,-7156.823,50000.000,0
7901,10690.411,-1486.647,49999.000,2383.117,-4557.059,50000.000,0
7951,9547.411,-2315.882,50000.000,3974.353,-7986.058,50000.000,0
8001,10316.882,-3645.647,50000.000,5550.646,-11698.940,50000.000,0
8051,10914.528,-4512.235,50000.000,6342.529,-14089.528,50000.000,0
8101,10496.176,-4997.823,50000.000,5027.706,-11041.528,50000.000,0
8151,11004.176,-5640.294,50001.000,6790.764,-15038.293,50000.000,0
8201,10451.353,-5842.000,49999.000,4676.588,-10705.353,50000.000,0
8251,10182.411,-6185.646,50000.000,3466.353,-7881.470,50000.000,0
8301,9450.294,-6260.353,50001.000,3048.000,-7761.940,50000.000,0
8351,8523.940,-6514.353,49999.000,2398.059,-5812.117,50000.000,0
8401,7791.823,-6521.823,50000.000,747.059,-1875.118,50000.000,0
8451,8643.470,-7888.940,50000.000,366.059,-1075.765,50000.000,0
8501,9084.234,-9375.588,50001.000,1441.823,-4519.706,50000.000,0
8551,9211.234,-9920.940,49999.000,1621.118,-4631.764,50000.000,0
8601,8404.411,-9846.234,50000.000,1710.765,-5162.176,50000.000,0
8651,8800.353,-10839.823,50000.000,3316.941,-10869.705,50000.000,0
8701,8202.705,-10765.117,50000.000,4146.176,-12602.882,50000.000,0
8751,7395.882,-10040.470,50000.000,3570.941,-12371.293,50000.000,0
8801,7224.058,-10264.588,50000.000,2659.529,-10921.999,50000.000,0
8851,7687.235,-11586.882,50000.000,1964.765,-8075.706,50000.000,0
8901,7530.353,-11571.940,50000.000,784.412,-3929.529,50000.000,0
8951,7059.706,-11489.764,50000.000,1337.235,-6006.353,50000.000,0
9001,7418.293,-11997.764,50000.000,1576.294,-6693.646,50000.000,0
9051,7881.470,-13140.764,50000.000,1157.941,-5236.882,50000.000,0
9101,7478.058,-12804.587,50000.000,455.706,-1718.235,50000.000,0
9151,7851.588,-13760.822,50001.000,171.824,-642.471,50000.000,0
9201,6618.941,-12431.058,49999.000,141.941,-463.176,50000.000,0
9251,6514.353,-12139.705,50000.000,508.000,-1576.294,50000.000,0
9301,6260.353,-11900.646,50000.000,403.412,-1359.647,50000.000,0
9351,5700.059,-12184.528,50000.000,433.294,-918.882,50000.000,0
9401,5363.882,-11937.999,50000.000,321.235,-635.000,50000.000,0
9451,5535.706,-12647.705,50000.000,268.941,-597.647,50000.000,0
9501,5446.059,-13110.882,50000.000,44.824,-67.235,50000.000,0
9551,4310.529,-12147.176,50000.000,298.824,-455.706,50000.000,0
9601,4534.647,-12513.234,50001.000,14.941,-14.941,50000.000,0
9651,4071.470,-12550.587,49999.000,82.176,14.941,50000.000,0
9701,3316.941,-12378.764,50001.000,179.294,97.118,50000.000,0
9751,2831.353,-12169.588,49999.000,14.941,7.471,50000.000,0
9801,2420.470,-11691.470,50000.000,44.824,261.471,50000.000,0
9851,1807.882,-10914.528,50000.000,-37.353,1135.529,50000.000,0
9901,1628.588,-11078.882,50000.000,74.706,1755.588,50000.000,0
9951,1105.647,-11175.999,50000.000,186.765,2756.647,50000.000,0
10001,1075.765,-10727.764,50000.000,224.118,4273.176,50000.000,0
10051,313.765,-10526.059,50000.000,268.941,5774.764,50000.000,0
10101,776.941,-9898.528,50000.000,-59.765,6999.941,50000.000,0
10151,814.294,-10361.705,50000.000,164.353,6529.293,50000.000,0
10201,1090.706,-9607.176,50000.000,44.824,4676.588,50000.000,0
10251,859.118,-9786.470,50000.000,74.706,1800.412,50000.000,0
10301,590.176,-8830.234,50000.000,-22.412,1195.294,50000.000,0
10351,791.882,-9076.764,50000.000,59.765,4572.000,50000.000,0
10401,769.471,-9241.117,50000.000,171.824,3996.764,50000.000,0
10451,717.176,-8523.940,50001.000,97.118,2973.294,50000.000,0
10501,276.412,-7769.411,49999.000,119.529,1942.353,50000.000,0
10551,112.059,-7029.823,50000.000,209.176,4594.412,50000.000,0
10601,216.647,-7642.411,50000.000,343.647,6932.706,50000.000,0
10651,82.176,-6618.941,50000.000,201.706,8284.882,50000.000,0
10701,-119.529,-5729.941,50000.000,261.471,9943.353,50000.000,0
10751,-82.176,-4482.353,50000.000,418.353,10817.411,50000.000,0
10801,-134.471,-3391.647,50000.000,373.529,10877.176,50000.000,0
10851,-186.765,-2801.470,50000.000,388.471,8322.234,50000.000,0
10901,-89.647,-2091.765,50000.000,343.647,7993.529,50000.000,0
10951,-59.765,-1225.176,50000.000,216.647,3533.588,50000.000,0
11001,7.471,-605.118,50001.000,582.706,4654.176,50000.000,0
11051,67.235,52.294,49999.000,709.706,4691.529,50000.000,0
11101,89.647,635.000,50000.000,814.294,4123.765,50000.000,0
11151,209.176,1389.529,50000.000,1382.059,5393.764,50000.000,0
11201,358.588,2286.000,50000.000,1060.823,4415.117,50000.000,0
11251,418.353,3204.882,50000.000,1292.412,4527.176,50000.000,0
11301,254.000,4086.411,50000.000,889.000,2943.412,50000.000,0
11351,478.118,5319.059,50000.000,941.294,2749.176,50000.000,0
11401,597.647,6342.529,50000.000,1157.941,2472.765,50000.000,0
11451,522.941,7493.000,50000.000,896.471,1815.353,50000.000,0
11501,306.294,7747.000,50000.000,403.412,963.706,50000.000,0
11551,515.471,8195.234,50000.000,1284.941,2525.059,50000.000,0
11601,844.176,9248.588,50000.000,313.765,664.882,50000.000,0
11651,978.647,10630.646,50000.000,478.118,814.294,50000.000,0
11701,1292.412,10809.940,50000.000,2801.470,4870.823,50000.000,0
11751,1255.059,11026.588,50000.000,1740.647,2928.470,50000.000,0
11801,1090.706,10481.234,50001.000,2039.470,3234.764,50000.000,0
11851,1434.353,10959.353,49999.000,2831.353,3989.294,50000.000,0
11901,941.294,10847.293,50001.000,2106.706,2779.059,50000.000,0
11951,1329.765,10989.234,49999.000,2480.235,3294.529,50000.000,0
12001,1822.823,11295.528,50000.000,1128.059,1307.353,50000.000,0
12051,2084.294,11564.470,50000.000,2383.117,2652.059,50000.000,0
12101,1546.412,10675.470,50000.000,1434.353,1464.235,50000.000,0
12151,1651.000,10159.999,50000.000,388.471,440.765,50000.000,0
12201,1680.882,9211.234,50000.000,276.412,306.294,50000.000,0
12251,1240.118,8583.705,50000.000,231.588,283.882,50000.000,0
12301,1277.470,8964.705,50001.000,0.000,0.000,50000.000,0
12351,1516.529,8785.411,50000.000,67.235,52.294,50000.000,0
12401,1389.529,8673.353,49999.000,1023.471,903.941,50000.000,0
12451,1636.059,8882.529,50000.000,978.647,694.765,50000.000,0
12501,1270.000,7209.117,50000.000,493.059,186.765,50000.000,0
12551,1778.000,7993.529,50000.000,246.529,89.647,50000.000,0
12601,2263.588,7926.293,50000.000,216.647,29.882,50000.000,0
12651,2338.294,7918.823,50000.000,171.824,22.412,50000.000,0
12701,2495.176,7440.706,50000.000,201.706,-37.353,50000.000,0
12751,2659.529,7530.353,50000.000,956.235,-336.176,50000.000,0
12801,2980.764,7679.764,50000.000,1128.059,-612.588,50000.000,0
12851,3137.647,7507.940,50001.000,1411.941,-1016.000,50000.000,0
12901,3130.176,7246.470,49999.000,993.588,-836.706,50000.000,0
12951,3668.059,7806.764,50000.000,1785.470,-1800.412,50000.000,0
13001,3518.647,7216.588,50000.000,1225.176,-1501.588,50000.000,0
13051,3862.294,7388.411,50000.000,2271.059,-3048.000,50000.000,0
13101,3795.059,6895.353,50001.000,1718.235,-2756.647,50000.000,0
13151,4004.235,6745.941,49999.000,1419.412,-2517.588,50000.000,0
13201,4086.411,6252.882,50000.000,2002.118,-3533.588,50000.000,0
13251,4153.647,5834.529,50000.000,1068.294,-1949.823,50000.000,0
13301,4183.529,5475.941,50001.000,1090.706,-2084.294,50000.000,0
13351,3899.647,5139.764,49999.000,1494.118,-3204.882,50000.000,0
13401,4086.411,4870.823,50001.000,672.353,-1419.412,50000.000,0
13451,2704.353,4572.000,50000.000,141.941,-1165.412,50000.000,0
13501,-1636.059,7209.117,49999.000,-216.647,-567.765,50000.000,0
13551,351.118,12543.117,50000.000,1090.706,-2420.470,50000.000,0
13601,3772.647,12640.234,50000.000,1778.000,-3384.176,50000.000,0
13651,7933.764,14657.293,50001.000,4056.529,-5595.470,50000.000,0
13701,8807.823,13603.940,49999.000,3683.000,-5812.117,50000.000,0
13751,7224.058,11310.470,50000.000,3145.117,-5072.529,50000.000,0
13801,7747.000,11429.999,50000.000,4280.647,-6760.882,50000.000,0
13851,7754.470,9898.528,50000.000,7687.235,-13394.764,50000.000,0
13901,7836.646,9099.176,50000.000,7821.706,-13842.999,50000.000,0
13951,8195.234,8972.176,50000.000,8680.823,-14948.646,50000.000,0
14001,8374.529,7881.470,50001.000,8247.529,-14985.999,50000.000,0
14051,8531.411,7590.117,49999.000,5983.941,-11571.940,50000.000,0
14101,9188.823,7478.058,50000.000,6282.764,-12072.470,50000.000,0
14151,9577.294,6402.293,50000.000,8426.823,-16233.587,50000.000,0
14201,10279.528,5393.764,50001.000,7844.117,-15740.528,50000.000,0
14251,10354.234,4616.823,49999.000,7291.293,-15217.587,50000.000,0
14301,9935.882,3287.059,50000.000,6110.941,-12759.764,50000.000,0
14351,8927.353,1733.176,50001.000,3929.529,-9158.940,50000.000,0
14401,8845.176,1195.294,49999.000,2913.529,-6618.941,50000.000,0
14451,9778.999,455.706,50000.000,1486.647,-3197.412,50000.000,0
14501,9898.528,-209.176,50001.000,709.706,-1651.000,50000.000,0
14551,9457.764,-896.471,50000.000,2928.470,-7239.000,50000.000,0
14601,8292.353,-1352.176,49999.000,2286.000,-6267.823,50000.000,0
14651,8680.823,-2667.000,50000.000,2577.353,-7799.293,50000.000,0
14701,8912.411,-3466.353,50001.000,3331.882,-10092.764,50000.000,0
14751,9756.588,-4273.176,50000.000,5042.646,-14619.940,50000.000,0
14801,9622.117,-4923.117,49999.000,4833.470,-14784.293,50000.000,0
14851,9188.823,-5207.000,50000.000,3481.294,-10384.117,50000.000,0
14901,8860.117,-5617.882,50001.000,2540.000,-7888.940,50000.000,0
14951,8374.529,-5744.882,50000.000,2360.706,-7149.353,50000.000,0
15001,8613.588,-6820.646,49999.000,1725.706,-5588.000,50000.000,0
15051,7403.353,-6462.059,50000.000,1598.706,-5177.117,50000.000,0
15101,6626.411,-6394.823,50001.000,321.235,-918.882,50000.000,0
15151,7321.176,-7306.235,49999.000,463.176,-1576.294,50000.000,0
15201,7448.176,-8128.000,50000.000,1023.471,-3406.588,50000.000,0
15251,7948.706,-9143.999,50000.000,889.000,-3100.294,50000.000,0
15301,8090.646,-9995.646,50000.000,664.882,-2278.529,50000.000,0
15351,8015.940,-10540.999,50000.000,911.412,-2278.529,50000.000,0
15401,7769.411,-11131.176,50000.000,433.294,-1352.176,50000.000,0
15451,7769.411,-12348.882,50000.000,1404.470,-4527.176,50000.000,0
15501,7732.058,-12543.117,50000.000,1949.823,-6835.588,50000.000,0
15551,7649.882,-13312.587,50001.000,821.765,-3600.823,50000.000,0
15601,7679.764,-14126.882,49999.000,1075.765,-3937.000,50000.000,0
15651,7291.293,-14089.528,50001.000,590.176,-4250.765,50000.000,0
15701,6917.764,-14896.352,49999.000,560.294,-3189.941,50000.000,0
15751,6506.882,-15053.234,50000.000,560.294,-2764.117,50000.000,0
15801,6469.529,-15449.176,50000.000,336.176,-2024.529,50000.000,0
15851,5647.764,-14470.528,50000.000,440.765,-1411.941,50000.000,0
15901,4990.353,-13992.411,50000.000,821.765,-1718.235,50000.000,0
15951,4385.235,-13745.882,50001.000,530.412,-1322.294,50000.000,0
16001,4041.588,-14082.058,50000.000,112.059,-231.588,50000.000,0
16051,3518.647,-13693.587,49999.000,0.000,-52.294,50000.000,0
16101,3533.588,-14642.352,50001.000,0.000,-37.353,50000.000,0
16151,2681.941,-12296.588,49999.000,14.941,0.000,50000.000,0
16201,2794.000,-13387.293,50000.000,0.000,0.000,50000.000,0
16251,2032.000,-12251.764,50000.000,0.000,0.000,50000.000,0
16301,2375.647,-13514.293,50000.000,0.000,0.000,50000.000,0
16351,2293.470,-14052.176,50000.000,0.000,0.000,50000.000,0
16401,2457.823,-14575.116,50000.000,44.824,141.941,50000.000,0
16451,2017.059,-14186.646,50000.000,134.471,567.765,50000.000,0
16501,1763.059,-14567.646,50001.000,44.824,552.823,50000.000,0
16551,1845.235,-14089.528,49999.000,134.471,522.941,50000.000,0
16601,1337.235,-14134.352,50000.000,0.000,597.647,50000.000,0
16651,1038.412,-13872.882,50000.000,-336.176,1001.059,50000.000,0
16701,926.353,-13073.528,50000.000,-52.294,605.118,50000.000,0
16751,874.059,-11833.411,50000.000,-14.941,418.353,50000.000,0
16801,889.000,-11459.882,50000.000,-149.412,2017.059,50000.000,0
16851,582.706,-10638.117,50000.000,134.471,1763.059,50000.000,0
16901,851.647,-9435.353,50000.000,82.176,1807.882,50000.000,0
16951,799.353,-7485.529,50000.000,119.529,2457.823,50000.000,0
17001,993.588,-6872.941,50000.000,134.471,1426.882,50000.000,0
17051,537.882,-6110.941,50000.000,59.765,732.118,50000.000,0
17101,7.471,-4332.941,50001.000,149.412,2009.588,50000.000,0
17151,127.000,-4273.176,49999.000,89.647,1815.353,50000.000,0
17201,201.706,-3683.000,50000.000,82.176,1090.706,50000.000,0
17251,52.294,-2510.117,50000.000,112.059,1807.882,50000.000,0
17301,-112.059,-1800.412,50000.000,224.118,6006.353,50000.000,0
17351,-321.235,-1479.176,50000.000,366.059,10481.234,50000.000,0
17401,-246.529,-881.529,50000.000,493.059,8030.882,50000.000,0
17451,-358.588,-410.882,50000.000,298.824,6394.823,50000.000,0
17501,-545.353,-149.412,50000.000,455.706,9891.059,50000.000,0
17551,-709.706,239.059,50001.000,403.412,13036.176,50000.000,0
17601,-941.294,694.765,49999.000,455.706,11601.822,50000.000,0
17651,-1008.529,1120.588,50001.000,903.941,13170.646,50000.000,0
17701,-1053.353,1568.823,49999.000,1016.000,13596.470,50000.000,0
17751,-978.647,1778.000,50001.000,791.882,12266.705,50000.000,0
17801,-739.588,1785.470,49999.000,620.059,10765.117,50000.000,0
17851,-545.353,1785.470,50000.000,403.412,6880.411,50000.000,0
17901,-582.706,2046.941,50000.000,328.706,4751.294,50000.000,0
17951,-216.647,2017.059,50000.000,82.176,1792.941,50000.000,0
18001,-246.529,2704.353,50000.000,313.765,3204.882,50000.000,0
18051,-97.118,3279.588,50000.000,194.235,1068.294,50000.000,0
18101,-67.235,3996.764,50001.000,134.471,216.647,50000.000,0
18151,-97.118,4407.647,49999.000,59.765,231.588,50000.000,0
18201,-22.412,4400.176,50001.000,470.647,1606.176,50000.000,0
18251,-156.882,5834.529,49999.000,425.823,1516.529,50000.000,0
18301,171.824,6544.235,50001.000,298.824,1030.941,50000.000,0
18351,127.000,7067.176,49999.000,455.706,1449.294,50000.000,0
18401,209.176,7754.470,50000.000,1247.588,3257.176,50000.000,0
18451,687.294,7134.411,50000.000,3212.353,7776.882,50000.000,0
18501,836.706,8464.176,50000.000,3638.176,7776.882,50000.000,0
18551,933.823,8695.764,50001.000,3937.000,7747.000,50000.000,0
18601,784.412,9263.528,49999.000,3227.294,6006.353,50000.000,0
18651,1075.765,9472.705,50001.000,3346.823,5393.764,50000.000,0
18701,1240.118,10936.940,49999.000,3421.529,4676.588,50000.000,0
18751,986.118,10944.411,50000.000,4168.588,4422.588,50000.000,0
18801,1172.882,10316.882,50000.000,4557.059,4415.117,50000.000,0
18851,1524.000,10413.999,50000.000,4624.294,3824.941,50000.000,0
18901,1538.941,10974.293,50000.000,5050.117,3272.117,50000.000,0
18951,1449.294,10824.882,50000.000,5543.176,2876.176,50000.000,0
19001,1613.647,9995.646,50000.000,3429.000,1187.823,50000.000,0
19051,1636.059,9995.646,50000.000,1621.118,179.294,50000.000,0
19101,1927.412,9726.705,50000.000,4967.941,164.353,50000.000,0
19151,2181.412,9868.646,50000.000,5124.823,-261.471,50000.000,0
19201,2353.235,9151.470,50000.000,4646.706,-836.706,50000.000,0
19251,2622.176,9517.528,50000.000,4407.647,-1464.235,50000.000,0
19301,2719.294,9719.234,50000.000,4564.529,-2046.941,50000.000,0
19351,3070.412,10242.176,50000.000,4459.941,-2674.470,50000.000,0
19401,3361.764,10660.528,50000.000,4474.882,-3010.647,50000.000,0
19451,3623.235,9905.999,50000.000,4288.117,-3712.882,50000.000,0
19501,3787.588,9502.588,50000.000,3772.647,-3959.411,50000.000,0
19551,3294.529,8725.646,50000.000,3675.529,-4497.294,50000.000,0
19601,4056.529,9323.294,50000.000,3563.470,-4721.412,50000.000,0
19651,4116.294,8075.706,50000.000,2659.529,-3951.941,50000.000,0
19701,4064.000,7522.882,50000.000,3966.882,-6335.059,50000.000,0
19751,4004.235,6843.059,50000.000,4183.529,-7231.529,50000.000,0
19801,4205.941,6701.117,50000.000,4071.470,-7082.117,50000.000,0
19851,4228.353,6185.646,50000.000,2965.823,-5535.706,50000.000,0
19901,4489.823,5595.470,50000.000,1471.706,-2584.823,50000.000,0
19951,4452.470,5132.294,50000.000,1837.765,-3451.412,50000.000,0
20001,4138.706,4474.882,50000.000,687.294,-1240.118,50000.000,0
20051,4392.706,4355.353,50000.000,37.353,-89.647,50000.000,0
20101,4332.941,3914.588,50000.000,328.706,-530.412,50000.000,0
20151,4609.353,3884.706,50000.000,455.706,-829.235,50000.000,0
20201,4601.882,3458.882,50000.000,762.000,-1426.882,50000.000,0
20251,4542.117,2876.176,50000.000,418.353,-754.529,50000.000,0
20301,4863.353,2584.823,50000.000,351.118,-649.941,50000.000,0
20351,4415.117,2099.235,50000.000,1860.176,-3421.529,50000.000,0
20401,3996.764,1180.353,50000.000,2159.000,-4086.411,50000.000,0
20451,4101.353,522.941,50000.000,1688.353,-3115.235,50000.000,0
20501,4579.470,-74.706,50000.000,776.941,-1524.000,50000.000,0
20551,4430.059,-709.706,50000.000,1090.706,-2076.823,50000.000,0
20601,3899.647,-1471.706,50000.000,373.529,-694.765,50000.000,0
20651,3996.764,-2203.823,50000.000,590.176,-1045.882,50000.000,0
20701,4138.706,-2838.823,50000.000,1389.529,-2286.000,50000.000,0
20751,3757.706,-3122.706,50000.000,1733.176,-2838.823,50000.000,0
20801,3630.706,-3653.117,50000.000,2032.000,-3249.706,50000.000,0
20851,4101.353,-4773.706,50000.000,2084.294,-3227.294,50000.000,0
20901,4459.941,-5632.823,50000.000,2203.823,-3077.882,50000.000,0
20951,4213.412,-5789.706,50000.000,1449.294,-1673.412,50002.000,0
21001,3257.176,-4071.470,50000.000,2151.529,-679.823,50000.000,0
21051,1553.882,918.882,50000.000,3862.294,5446.059,50000.000,0
21101,1441.823,5879.353,50000.000,5834.529,9397.999,50000.000,0
21151,2353.235,6536.764,50000.000,5393.764,7560.235,50000.000,0
21201,2084.294,9637.059,50000.000,5976.470,10032.999,50000.000,0
21251,4220.882,13730.940,50000.000,9188.823,9614.646,50000.000,0
21301,9143.999,16457.705,50001.000,13925.176,7814.235,50000.000,0
21351,13768.293,15015.881,49999.000,17339.234,4512.235,50000.000,0
21401,16106.587,14492.940,50001.000,17929.410,3175.000,50000.000,0
21451,14956.116,13835.528,49999.000,8008.470,1516.529,50000.000,0
21501,12894.234,12856.882,50001.000,11093.823,3369.235,50000.000,0
21551,14634.882,14216.528,49999.000,18893.117,6409.764,50000.000,0
21601,13708.528,13798.176,50000.000,18527.057,6872.941,50000.000,0
21651,13036.176,13887.822,50000.000,18766.117,7545.293,50000.000,0
21701,12572.999,14037.234,50000.000,16524.939,6828.117,50000.000,0
21751,12333.940,13686.117,50000.000,13925.176,5371.353,50000.000,0
21801,12983.882,15090.587,50000.000,13476.940,5438.588,50000.000,0
21851,12968.940,15762.940,50001.000,16203.705,6828.117,50000.000,0
21901,13028.705,16338.176,49999.000,18945.410,7896.411,50000.000,0
21951,12027.646,15680.764,50000.000,18213.293,7029.823,50000.000,0
22001,11676.528,15217.587,50001.000,19117.234,6260.353,50000.000,0
22051,13073.528,16405.410,49999.000,18527.057,5065.059,50000.000,0
22101,12968.940,15337.116,50001.000,18429.939,4422.588,50000.000,0
22151,12333.940,13887.822,49999.000,17914.469,3742.764,50000.000,0
22201,13080.999,13962.528,50000.000,18019.057,4176.059,50000.000,0
22251,12856.882,13715.999,50000.000,18033.998,4168.588,50000.000,0
22301,9853.705,10682.940,50000.000,18011.588,4415.117,50000.000,0
22351,10742.705,11086.353,50001.000,17772.527,4870.823,50000.000,0
22401,11571.940,11527.117,50000.000,18063.881,5274.235,50000.000,0
22451,10660.528,10929.470,49999.000,17712.764,5520.764,50000.000,0
22501,11310.470,11549.528,50000.000,18019.057,6163.235,50000.000,0
22551,10518.588,10690.411,50001.000,14477.999,5326.529,50000.000,0
22601,9853.705,10092.764,49999.000,15874.999,6671.235,50000.000,0
22651,9808.882,9958.293,50001.000,17212.234,7776.882,50000.000,0
22701,10839.823,11280.588,49999.000,18287.998,8598.646,50000.000,0
22751,9741.646,10451.353,50001.000,17996.646,8942.294,50000.000,0
22801,10735.234,11123.705,49999.000,18019.057,9069.294,50000.000,0
22851,9539.940,10301.940,50000.000,15710.646,7702.176,50000.000,0
22901,10391.588,11586.882,50001.000,9061.823,4437.529,50000.000,0
22951,10869.705,13036.176,49999.000,5334.000,2577.353,50000.000,0
23001,11676.528,14276.293,50000.000,9704.294,4885.764,50000.000,0
23051,11781.117,15239.999,50002.000,14089.528,7507.940,50000.000,0
23101,12042.588,16300.822,50000.000,14582.587,7866.529,49999.000,0
23151,12318.999,17025.469,49998.000,15964.646,8225.117,49999.000,0
23201,11975.353,16136.470,50000.000,15299.764,7575.176,50000.000,0
23251,11698.940,15000.940,50000.000,15598.587,7343.588,50000.000,0
23301,11586.882,14343.528,50000.000,15882.470,7507.940,50000.000,0
23351,11026.588,13200.528,50000.000,14500.411,7097.058,50000.000,0
23401,10712.823,12535.646,50000.000,13200.528,6559.176,50000.000,0
23451,9898.528,11280.588,50001.000,16188.764,8426.823,50000.000,0
23501,9330.764,10204.823,49999.000,17085.234,9039.411,50000.000,0
23551,8755.529,9256.059,50001.000,17174.881,9383.059,50000.000,0
23601,8658.411,9375.588,49999.000,17421.410,9666.940,50000.000,0
23651,9248.588,9323.294,50001.000,17115.117,9808.882,50000.000,0
23701,9181.353,9211.234,49999.000,17197.293,10122.646,50000.000,0
23751,8254.999,7761.940,50001.000,16136.470,9764.059,50000.000,0
23801,9091.705,8650.940,49999.000,13514.293,8262.470,50000.000,0
23851,9226.176,8875.059,50000.000,6215.529,3847.353,50000.000,0
23901,9256.059,8904.940,50000.000,5363.882,3302.000,50000.000,0
23951,9465.234,9412.940,50000.000,5744.882,3645.647,50000.000,0
24001,9480.176,9270.999,50000.000,6738.470,4392.706,50000.000,0
24051,9816.353,9629.588,50000.000,8015.940,5483.412,50000.000,0
24101,9995.646,9569.823,50001.000,5924.176,4303.059,50000.000,0
24151,9308.353,9270.999,49999.000,3877.235,3182.470,50000.000,0
24201,8217.646,9323.294,50000.000,3705.412,3309.470,50000.000,0
24251,7732.058,9883.588,50000.000,7134.411,6499.411,50000.000,0
24301,9009.528,12326.470,50000.000,4826.000,4474.882,50000.000,0
24351,9278.470,12617.822,50000.000,2487.706,2136.588,50000.000,0
24401,10025.528,13327.528,50000.000,5050.117,3877.235,50000.000,0
24451,10570.882,13028.705,50000.000,6036.235,4415.117,50000.000,0
24501,10130.117,11400.117,50001.000,2637.117,1890.059,50000.000,0
24551,10092.764,10316.882,49999.000,4624.294,3092.823,50000.000,0
24601,10765.117,10122.646,50000.000,6432.176,4205.941,50000.000,0
24651,10152.528,9472.705,50000.000,3107.764,1964.765,50000.000,0
24701,10511.117,9412.940,50000.000,2853.764,1733.176,50000.000,0
24751,9233.646,8269.940,50001.000,7590.117,4601.882,50000.000,0
24801,9726.705,8367.059,49999.000,8852.646,5393.764,50000.000,0
24851,9263.528,7104.529,50000.000,12094.882,7380.941,50000.000,0
24901,9106.646,6693.646,50000.000,13372.352,8284.882,50000.000,0
24951,8927.353,5856.941,50001.000,14522.822,9188.823,50000.000,0
25001,9629.588,6088.529,49999.000,12102.353,7821.706,50000.000,0
25051,9905.999,6193.117,50001.000,13476.940,8957.234,50000.000,0
25101,9838.764,5909.235,49999.000,11616.764,7888.940,50000.000,0
25151,10361.705,5901.764,50000.000,4407.647,3070.412,50000.000,0
25201,10324.353,5632.823,50001.000,1023.471,769.471,50000.000,0
25251,10331.823,5894.294,49999.000,3152.588,2144.059,50000.000,0
25301,10667.999,5707.529,50000.000,3130.176,2136.588,50000.000,0
25351,9487.646,4885.764,50000.000,5707.529,4400.176,50000.000,0
25401,10406.528,5842.000,50000.000,2846.294,2353.235,50000.000,1
25451,9607.176,5729.941,50000.000,2965.823,2644.588,50000.000,1
25501,7545.293,5139.764,50000.000,2009.588,1845.235,50000.000,0
25551,7224.058,5961.529,50000.000,3600.823,3421.529,50000.000,0
25601,8277.411,7881.470,50001.000,6163.235,5774.764,50000.000,0
25651,9629.588,9681.882,50000.000,7761.940,6663.764,50000.000,0
25701,10608.234,10518.588,49999.000,8299.823,6237.941,50000.000,0
25751,11048.999,10115.176,50001.000,9487.646,6267.823,50000.000,0
25801,11198.411,9584.764,49999.000,4878.294,2943.412,50000.000,0
25851,11810.999,8755.529,50001.000,6663.764,3429.000,50000.000,0
25901,11937.999,8195.234,49999.000,6185.646,2906.059,50000.000,0
25951,12946.528,8210.176,50001.000,5580.529,2502.647,50000.000,0
26001,13476.940,7642.411,49999.000,6327.588,2786.529,50000.000,0
26051,12520.705,6357.470,50000.000,3548.529,1576.294,50000.000,0
26101,12139.705,5722.470,50000.000,1157.941,530.412,50000.000,0
26151,11243.234,4243.294,50000.000,3832.412,1942.353,50000.000,0
26201,10047.940,3145.117,50001.000,3055.470,1479.176,50000.000,0
26251,9778.999,2846.294,49999.000,1509.059,791.882,50000.000,0
26301,9420.411,2420.470,50000.000,7874.000,4445.000,50000.000,0
26351,9495.117,1957.294,50001.000,11437.470,6663.764,50000.000,0
26401,9009.528,1359.647,50000.000,12251.764,7522.882,50000.000,0
26451,9151.470,1329.765,49999.000,12513.234,7851.588,50000.000,0
26501,9599.705,1284.941,50001.000,11990.293,7806.764,50000.000,0
26551,10921.999,2032.000,49999.000,11571.940,7702.176,50000.000,0
26601,9330.764,1680.882,50001.000,11952.940,8307.294,50000.000,0
26651,10294.470,1583.765,50000.000,11071.411,8045.823,50000.000,0
26701,10780.058,1509.059,50000.000,8479.117,6589.059,50000.000,0
26751,9442.823,1934.882,50000.000,4056.529,3406.588,50000.000,0
26801,9689.353,2480.235,49999.000,5326.529,4863.353,50000.000,0
26851,9905.999,3795.059,50001.000,4631.764,4340.412,50000.000,0
26901,10100.234,5640.294,49999.000,6110.941,5909.235,50000.000,0
26951,9726.705,6364.941,50000.000,5856.941,5319.059,50000.000,0
27001,9846.234,7134.411,50000.000,9696.823,8157.882,50000.000,0
27051,9935.882,6820.646,50000.000,13013.764,9749.117,50000.000,0
27101,9793.940,6350.000,50000.000,13566.587,8837.705,50000.000,0
27151,10301.940,6424.706,50000.000,10877.176,6484.470,50000.000,0
27201,10369.176,5483.412,50000.000,9935.882,5348.941,50000.000,0
27251,9614.646,4153.647,50000.000,10316.882,5162.176,50000.000,0
27301,11168.528,4131.235,50000.000,11736.293,5602.941,50000.000,0
27351,10070.353,2256.117,50000.000,9084.234,3981.823,50000.000,0
27401,10802.470,2009.588,50001.000,10458.823,4265.706,50000.000,0
27451,11646.646,1150.470,49999.000,10458.823,4183.529,50000.000,0
27501,12445.999,567.765,50000.000,11990.293,4826.000,50000.000,0
27551,12752.293,29.882,50000.000,8643.470,3466.353,50000.000,0
27601,12363.822,-194.235,50000.000,5236.882,2099.235,50000.000,0
27651,11975.353,-836.706,50000.000,836.706,336.176,50000.000,0
27701,10324.353,-1172.882,50000.000,4953.000,2099.235,50000.000,0
27751,10877.176,-2427.941,50001.000,6058.646,2704.353,50000.000,0
27801,8606.117,-2540.000,49999.000,3055.470,1561.353,50000.000,0
27851,9487.646,-3750.235,50001.000,4049.059,2300.941,50000.000,0
27901,9935.882,-4213.412,49999.000,8060.764,5378.823,50000.000,0
27951,9166.411,-4325.470,50001.000,7306.235,5483.412,50000.000,0
28001,9480.176,-4011.706,49999.000,8882.529,7881.470,50000.000,0
28051,8120.529,-2704.353,50000.000,7933.764,7597.588,50000.000,0
28101,8232.588,-1912.470,50000.000,9151.470,9248.588,50000.000,0
28151,7373.470,-1030.941,50000.000,10809.940,10892.117,50000.000,0
28201,8419.353,14.941,50000.000,10630.646,10301.940,50000.000,0
28251,7963.646,948.765,50000.000,11392.646,10077.823,50000.000,0
28301,8613.588,1703.294,50000.000,11579.411,8598.646,50000.000,0
28351,9532.470,2465.294,50000.000,12348.882,7552.764,50000.000,0
28401,9487.646,2450.353,50001.000,8523.940,4452.470,50000.000,0
28451,9472.705,1860.176,49999.000,4332.941,1621.118,50000.000,0
28501,10458.823,1434.353,50001.000,7582.646,1486.647,50000.000,0
28551,11863.293,1060.823,50000.000,6611.470,717.176,50000.000,0
28601,12020.176,410.882,49999.000,2995.706,74.706,50000.000,0
28651,12333.940,194.235,50000.000,530.412,-7.471,50000.000,0
28701,13066.058,-948.765,50000.000,2525.059,-239.059,50000.000,0
28751,11235.764,-1792.941,50001.000,2838.823,-351.118,50000.000,0
28801,10331.823,-2921.000,49999.000,4385.235,-769.471,50000.000,0
28851,10399.059,-4108.823,50000.000,1501.588,-268.941,50000.000,0
28901,11355.293,-6133.353,50001.000,1621.118,-67.235,50000.000,0
28951,11048.999,-6932.706,49999.000,3802.529,22.412,50000.000,0
29001,9808.882,-7007.411,50000.000,4123.765,209.176,50000.000,0
29051,10122.646,-8075.706,50000.000,2054.412,291.353,50000.000,0
29101,8919.882,-7298.764,50001.000,3346.823,1150.470,50000.000,0
29151,8919.882,-7171.764,49999.000,6618.941,2988.235,50000.000,0
29201,9024.470,-6312.646,50000.000,9569.823,4557.059,50000.000,0
29251,9233.646,-5498.353,50000.000,9330.764,4676.588,50000.000,0
29301,8254.999,-3331.882,50001.000,11168.528,5027.706,50000.000,0
29351,8389.470,-2353.235,49999.000,11400.117,4758.764,50000.000,0
29401,10032.999,-1673.412,50000.000,8075.706,2935.941,50000.000,0
29451,11183.470,-933.823,50000.000,6940.176,1927.412,50000.000,0
29501,11004.176,-433.294,50000.000,6462.059,1030.941,50000.000,0
29551,12378.764,14.941,50000.000,10212.293,993.588,50000.000,0
29601,12752.293,201.706,50000.000,9158.940,216.647,50000.000,0
29651,13424.646,448.235,50000.000,8837.705,-298.824,50000.000,0
29701,12909.176,620.059,50000.000,3675.529,-261.471,50000.000,0
29751,12931.587,373.529,50000.000,1397.000,-246.529,50000.000,0
29801,14829.116,508.000,50000.000,261.471,-67.235,50000.000,0
29851,15314.705,-59.765,50000.000,1292.412,-522.941,50000.000,0
29901,15635.940,-530.412,50000.000,5162.176,-2607.235,50000.000,0
29951,14873.940,-1568.823,50001.000,4654.176,-2637.117,50000.000,0
30001,14664.764,-3070.412,49999.000,3137.647,-1994.647,50000.000,0
30051,14515.352,-4661.647,50000.000,3892.176,-2472.765,50000.000,0
30101,13402.234,-5207.000,50000.000,9136.528,-5446.059,50000.000,0
30151,12998.822,-5610.412,50000.000,8456.705,-4392.706,50000.000,0
30201,12804.587,-5588.000,50000.000,8643.470,-3488.764,50000.000,0
30251,10989.234,-4557.059,50000.000,11781.117,-3361.764,50000.000,0
30301,10182.411,-3660.588,50001.000,11908.117,-1531.470,50000.000,0
30351,10712.823,-2734.235,49999.000,11609.293,-351.118,50000.000,0
30401,10018.059,-1479.176,50000.000,9151.470,351.118,50000.000,0
30451,11288.058,-799.353,50000.000,12505.764,851.647,50000.000,0
30501,11437.470,37.353,50001.000,12826.999,1367.118,50000.000,0
30551,11415.058,1262.529,49999.000,12214.411,1531.470,50000.000,0
30601,11004.176,2891.117,50000.000,10914.528,1352.176,50000.000,0
30651,11721.353,4788.647,50000.000,8658.411,926.353,50000.000,0
30701,11863.293,5789.706,50000.000,3399.117,261.471,50000.000,0
30751,11900.646,6858.000,50000.000,2226.235,74.706,50000.000,0
30801,12632.764,8030.882,50000.000,7761.940,-261.471,50000.000,0
30851,12453.470,8576.234,50000.000,11437.470,-560.294,50000.000,0
30901,12289.117,8957.234,50000.000,8023.411,-956.235,50000.000,0
30951,13454.528,9338.234,50000.000,4900.706,-1045.882,50000.000,0
31001,12931.587,8254.999,50000.000,4691.529,-1284.941,50000.000,0
31051,13193.058,7672.293,50000.000,2502.647,-791.882,50000.000,0
31101,11721.353,5207.000,50001.000,881.529,-164.353,50000.000,0
31151,10899.588,3780.117,49999.000,3339.353,-552.823,50000.000,0
31201,10690.411,2495.176,50000.000,4609.353,-366.059,50000.000,0
31251,11146.117,1673.412,50000.000,1284.941,0.000,50000.000,0
31301,11743.764,844.176,50000.000,1426.882,127.000,50000.000,0
31351,11116.234,254.000,50000.000,1426.882,276.412,50000.000,0
31401,9345.705,-141.941,50000.000,1695.823,732.118,50000.000,0
31451,8725.646,-403.412,50000.000,2420.470,1225.176,50000.000,0
31501,8098.117,-336.176,50000.000,127.000,74.706,50000.000,0
31551,8650.940,-186.765,50001.000,1987.176,1763.059,50000.000,0
31601,7597.588,-156.882,49999.000,1359.647,1284.941,50000.000,0
31651,7358.529,366.059,50000.000,2315.882,2226.235,50000.000,0
31701,7052.235,926.353,50000.000,5109.882,4908.176,50000.000,0
31751,6633.882,1561.353,50001.000,4078.941,3690.470,50000.000,0
31801,8314.764,2248.647,49999.000,5319.059,4019.176,50000.000,0
31851,8680.823,2248.647,50000.000,8337.176,5207.000,50000.000,0
31901,10892.117,2323.353,50000.000,5849.470,2823.882,50000.000,0
31951,11295.528,1845.235,50001.000,2390.588,874.059,50000.000,0
32001,11975.353,1001.059,49999.000,2764.117,485.588,50000.000,0
32051,12520.705,104.588,50000.000,2405.529,194.235,50000.000,0
32101,12490.822,-799.353,50001.000,3817.470,-186.765,50000.000,0
32151,11534.588,-1763.059,49999.000,6073.588,-657.412,50000.000,0
32201,11452.411,-3638.176,50000.000,7694.706,-1374.588,50000.000,0
32251,10809.940,-4967.941,50000.000,3697.941,-814.294,50000.000,0
32301,10966.823,-6275.293,50001.000,1800.412,-515.471,50000.000,0
32351,11243.234,-7425.764,49999.000,2838.823,-590.176,50000.000,0
32401,10167.470,-7239.000,50000.000,6267.823,-1172.882,50000.000,0
32451,10376.646,-7507.940,50000.000,7485.529,-642.471,50000.000,0
32501,10130.117,-6872.941,50000.000,8807.823,89.647,50000.000,0
32551,9076.764,-5528.235,50000.000,10593.293,702.235,50000.000,0
32601,9547.411,-4893.235,50000.000,10399.059,1217.706,50000.000,0
32651,9681.882,-3264.647,50000.000,10182.411,1307.353,50000.000,0
32701,9554.882,-1195.294,50000.000,8411.882,1060.823,50000.000,0
32751,11235.764,-156.882,50000.000,11586.882,1068.294,50000.000,0
32801,11041.528,1404.470,50000.000,12169.588,597.647,50000.000,0
32851,10996.705,3092.823,50001.000,9166.411,59.765,50000.000,0
32901,11810.999,4721.412,50000.000,6073.588,-470.647,50000.000,0
32951,12050.058,5901.764,49999.000,2263.588,-351.118,50000.000,0
33001,12266.705,6671.235,50000.000,2644.588,-799.353,50000.000,0
33051,12655.176,7276.353,50000.000,3600.823,-1299.882,50000.000,0
33101,12632.764,7126.941,50000.000,6133.353,-2256.117,50000.000,0
33151,12229.353,6462.059,50000.000,7179.235,-2398.059,50000.000,0
33201,11908.117,5483.412,50001.000,7485.529,-2300.941,50000.000,0
33251,11982.822,4370.294,49999.000,5408.706,-1270.000,50000.000,0
33301,11900.646,3309.470,50001.000,4549.588,-508.000,50000.000,0
33351,11654.117,2106.706,50000.000,5184.588,-156.882,50000.000,0
33401,11452.411,1270.000,49999.000,8180.293,433.294,50000.000,0
33451,10817.411,672.353,50000.000,4265.706,552.823,50000.000,0
33501,10309.411,276.412,50000.000,1143.000,283.882,50000.000,0
33551,8882.529,-231.588,50001.000,3518.647,1755.588,50000.000,0
33601,8015.940,-216.647,49999.000,3145.117,1867.647,50000.000,0
33651,7470.588,-119.529,50000.000,649.941,500.529,50000.000,0
33701,7306.235,209.176,50000.000,3421.529,2913.529,50000.000,0
33751,7253.941,298.824,50000.000,6043.706,5438.588,50000.000,0
33801,5692.588,440.765,50000.000,7201.646,6327.588,50000.000,0
33851,5804.646,1016.000,50000.000,7455.646,5924.176,50000.000,0
33901,6566.646,1232.647,50000.000,3391.647,2353.235,50000.000,0
33951,7253.941,1568.823,50000.000,3533.588,1748.118,50000.000,0
34001,7627.470,1464.235,50000.000,874.059,283.882,50000.000,0
34051,9256.059,1374.588,50000.000,2338.294,328.706,50000.000,0
34101,10959.353,933.823,50000.000,6110.941,433.294,50000.000,0
34151,12027.646,425.823,50000.000,4459.941,-231.588,50000.000,0
34201,12460.940,-537.882,50000.000,5490.882,-814.294,50000.000,0
34251,12094.882,-1972.235,50000.000,6566.646,-1636.059,50000.000,0
34301,11332.882,-3257.176,50000.000,10145.059,-2823.882,50000.000,0
34351,11273.117,-4489.823,50001.000,8494.059,-2323.353,50000.000,0
34401,10638.117,-5371.353,49999.000,4534.647,-986.118,50000.000,0
34451,9823.823,-5617.882,50001.000,2405.529,-268.941,50000.000,0
34501,9696.823,-6133.353,49999.000,1292.412,-7.471,50000.000,0
34551,9898.528,-6058.646,50001.000,1949.823,67.235,50000.000,0
34601,8606.117,-4684.059,50000.000,1292.412,268.941,50000.000,0
34651,8434.294,-3697.941,49999.000,4385.235,1135.529,50000.000,0
34701,8217.646,-2084.294,50000.000,4594.412,1688.353,50000.000,0
34751,8740.588,-799.353,50000.000,3533.588,1322.294,50000.000,0
34801,8658.411,254.000,50000.000,2928.470,866.588,50000.000,0
34851,7717.117,1441.823,50000.000,2876.176,635.000,50000.000,0
34901,9734.176,3638.176,50000.000,4086.411,635.000,50000.000,0
34951,10600.764,4863.353,50000.000,7119.470,298.824,50000.000,0
35001,11340.353,5662.706,50000.000,6708.588,-254.000,50000.000,0
35051,11713.882,5909.235,50000.000,10563.411,-1546.412,50000.000,0
35101,11676.528,5431.117,50000.000,11265.646,-2734.235,50000.000,0
35151,11810.999,4848.412,50000.000,10660.528,-3272.117,50000.000,0
35201,11840.882,3548.529,50000.000,8561.294,-2719.294,50000.000,0
35251,11422.528,1875.118,50000.000,7918.823,-2338.294,50000.000,0
35301,11108.764,664.882,50000.000,8643.470,-1748.118,50000.000,0
35351,10712.823,-358.588,50000.000,10548.470,-1068.294,50000.000,0
35401,9427.882,-881.529,50000.000,10025.528,29.882,50000.000,0
35451,8322.234,-1613.647,50000.000,9360.646,1284.941,50000.000,0
35501,6999.941,-1875.118,50001.000,9016.999,3025.588,50000.000,0
35551,6895.353,-2024.529,49999.000,8867.588,4161.117,50000.000,0
35601,5954.059,-1807.882,50000.000,7029.823,4310.529,50000.000,0
35651,6215.529,-1426.882,50000.000,7814.235,5363.882,50000.000,0
35701,7649.882,-836.706,50000.000,6208.059,4609.353,50000.000,0
35751,8045.823,-351.118,50001.000,5976.470,4138.706,50000.000,0
35801,8038.353,22.412,49999.000,7493.000,4609.353,50000.000,0
35851,7597.588,657.412,50000.000,6245.411,2891.117,50000.000,0
35901,7784.353,762.000,50000.000,8352.117,2637.117,50000.000,0
35951,8449.234,1128.059,50001.000,3085.353,485.588,50000.000,0
36001,10391.588,1060.823,49999.000,5296.646,59.765,50000.000,0
36051,10518.588,687.294,50000.000,1210.235,-246.529,50000.000,0
36101,11429.999,455.706,50000.000,5251.823,-1755.588,50000.000,0
36151,11676.528,-261.471,50000.000,2390.588,-1030.941,50000.000,0
36201,10638.117,-605.118,50000.000,851.647,-485.588,50000.000,0
36251,10197.353,-1583.765,50000.000,418.353,-216.647,50000.000,0
36301,9988.176,-1905.000,50001.000,2577.353,-1240.118,50000.000,0
36351,9569.823,-2569.882,49999.000,1972.235,-866.588,50000.000,0
36401,8852.646,-2681.941,50001.000,2711.823,-844.176,50000.000,0
36451,8113.058,-2136.588,49999.000,4086.411,-261.471,50000.000,0
36501,7784.353,-1172.882,50000.000,6962.588,209.176,50000.000,0
36551,8367.059,-1060.823,50000.000,6051.176,620.059,50000.000,0
36601,8494.059,-306.294,50001.000,3623.235,836.706,50000.000,0
36651,8157.882,1023.471,49999.000,3115.235,1030.941,50000.000,0
36701,7709.646,1583.765,50000.000,5752.353,2159.000,50000.000,0
36751,7888.940,3085.353,50000.000,8135.470,3189.941,50000.000,0
36801,8695.764,4332.941,50000.000,5924.176,2241.176,50000.000,0
36851,8650.940,5251.823,50001.000,8673.353,2898.588,50000.000,0
36901,9539.940,5924.176,49999.000,4512.235,1314.823,50000.000,0
36951,10339.293,5812.117,50001.000,5931.646,1060.823,50000.000,0
37001,9928.411,4885.764,49999.000,7769.411,918.882,50000.000,0
37051,10070.353,4064.000,50000.000,6514.353,366.059,50000.000,0
37101,9495.117,2592.294,50000.000,10070.353,224.118,50000.000,0
37151,9457.764,933.823,50001.000,7433.235,156.882,50000.000,0
37201,9666.940,0.000,49999.000,4407.647,37.353,50000.000,0
37251,9158.940,-844.176,50000.000,1651.000,74.706,50000.000,0
37301,7776.882,-1770.529,50000.000,2779.059,268.941,50000.000,0
37351,7463.117,-2861.235,50000.000,635.000,89.647,50000.000,0
37401,7515.411,-3750.235,50000.000,2921.000,754.529,50000.000,0
37451,7978.588,-4332.941,50000.000,4908.176,1643.529,50000.000,0
37501,7186.706,-4474.882,50001.000,3167.529,1337.235,50000.000,0
37551,6559.176,-3630.706,49999.000,3787.588,1964.765,50000.000,0
37601,6491.941,-3399.117,50000.000,2629.647,1382.059,50000.000,0
37651,6708.588,-2540.000,50000.000,2950.882,1232.647,50000.000,0
37701,7194.176,-1098.176,50000.000,2211.294,844.176,50000.000,0
37751,7956.176,-410.882,50000.000,3974.353,896.471,50000.000,0
37801,8015.940,522.941,50000.000,2129.117,313.765,50000.000,0
37851,8800.353,1344.706,50000.000,5856.941,89.647,50000.000,0
37901,8949.764,1695.823,50000.000,7836.646,-739.588,50000.000,0
37951,8464.176,1845.235,50000.000,7963.646,-1897.529,50000.000,0
38001,9607.176,2099.235,50000.000,8942.294,-3145.117,50000.000,0
38051,10010.588,1710.765,50000.000,8023.411,-3227.294,50000.000,0
38101,9771.528,866.588,50001.000,7448.176,-3175.000,50000.000,0
38151,10346.764,366.059,49999.000,6320.117,-2517.588,50000.000,0
38201,9629.588,37.353,50000.000,6536.764,-2121.647,50000.000,0
38251,9114.117,-388.471,50000.000,7605.058,-1270.000,50000.000,0
38301,8359.588,-874.059,50000.000,9016.999,-254.000,50000.000,0
38351,7724.588,-874.059,50000.000,8404.411,620.059,50000.000,0
38401,7014.882,-739.588,50001.000,8695.764,2159.000,50000.000,0
38451,7224.058,-694.765,49999.000,9360.646,3675.529,50000.000,0
38501,7560.235,-366.059,50000.000,9308.353,4751.294,50000.000,0
38551,7418.293,186.765,50000.000,8307.294,4826.000,50000.000,0
38601,6999.941,268.941,50000.000,5812.117,3563.470,50000.000,0
38651,7164.293,986.118,50000.000,4108.823,2375.647,50000.000,0
38701,7433.235,1673.412,50000.000,4848.412,2159.000,50000.000,0
38751,6895.353,1852.706,50000.000,6731.000,2323.353,50000.000,0
38801,7814.235,1860.176,50000.000,7844.117,1479.176,50000.000,0
38851,8352.117,1606.176,50000.000,6148.294,433.294,50000.000,0
38901,8546.353,963.706,50000.000,3316.941,-179.294,50000.000,0
38951,9158.940,657.412,50000.000,1957.294,-373.529,50000.000,0
39001,9517.528,171.824,50000.000,3077.882,-1008.529,50000.000,0
39051,9099.176,-627.529,50000.000,2510.117,-814.294,50000.000,0
39101,8516.470,-1307.353,50000.000,1792.941,-649.941,50000.000,0
39151,8396.940,-2129.117,50000.000,7.471,0.000,50000.000,0
39201,7455.646,-2465.294,50000.000,732.118,-119.529,50000.000,0
39251,7156.823,-2644.588,50000.000,2069.353,-156.882,50000.000,0
39301,7171.764,-2271.059,50000.000,2913.529,59.765,50000.000,0
39351,6215.529,-1524.000,50001.000,1225.176,171.824,50000.000,0
39401,5617.882,-657.412,49999.000,4280.647,1165.412,50000.000,0
39451,6887.882,-261.471,50000.000,7642.411,2383.117,50000.000,0
39501,6626.411,0.000,50000.000,9002.059,3152.588,50000.000,0
39551,6701.117,1128.059,50000.000,7963.646,2652.059,50000.000,0
39601,7261.411,2293.470,50000.000,8897.470,2801.470,50000.000,0
39651,7351.058,3018.117,50001.000,7717.117,2084.294,50000.000,0
39701,6828.117,3376.706,50000.000,7380.941,1352.176,50000.000,0
39751,7806.764,4116.294,49999.000,5856.941,657.412,50000.000,0
39801,8053.293,3884.706,50001.000,5162.176,283.882,50000.000,0
39851,7530.353,2794.000,49999.000,5662.706,149.412,50000.000,0
39901,7866.529,1964.765,50000.000,6828.117,0.000,50000.000,0
39951,7605.058,918.882,50000.000,8053.293,-44.824,50000.000,0
40001,8673.353,52.294,50000.000,8098.117,74.706,50000.000,0
40051,8269.940,-866.588,50001.000,4549.588,209.176,50000.000,0
40101,7649.882,-1755.588,49999.000,7590.117,657.412,50000.000,0
40151,7380.941,-2540.000,50000.000,7597.588,1284.941,50000.000,0
40201,6402.293,-2711.823,50000.000,6865.470,1621.118,50000.000,0
40251,6499.411,-3092.823,50001.000,5207.000,1651.000,50000.000,0
40301,6738.470,-3085.353,49999.000,7209.117,2667.000,50000.000,0
40351,6140.823,-2330.823,50000.000,4497.294,1583.765,50000.000,0
40401,6230.470,-1710.765,50000.000,3062.941,1045.882,50000.000,0
40451,7283.823,-978.647,50000.000,2592.294,649.941,50000.000,0
40501,7851.588,-336.176,50000.000,1979.706,254.000,50000.000,0
40551,8471.646,351.118,50000.000,2136.588,89.647,50000.000,0
40601,8381.999,612.588,50001.000,1770.529,-134.471,50000.000,0
40651,8628.529,1098.176,49999.000,3645.647,-425.823,50000.000,0
40701,8486.588,1703.294,50000.000,4146.176,-948.765,50000.000,0
40751,8284.882,2017.059,50000.000,5169.646,-1397.000,50000.000,0
40801,8561.294,1957.294,50000.000,1613.647,-455.706,50000.000,0
40851,8292.353,1628.588,50000.000,2592.294,-739.588,50000.000,0
40901,8172.823,1232.647,50001.000,1240.118,-306.294,50000.000,0
40951,8434.294,836.706,50000.000,4071.470,-470.647,50000.000,0
41001,7605.058,268.941,49999.000,2958.353,-37.353,50000.000,0
41051,7007.411,149.412,50000.000,5453.529,522.941,50000.000,0
41101,6820.646,-14.941,50000.000,7373.470,1509.059,50000.000,0
41151,6551.706,-246.529,50001.000,6895.353,2263.588,50000.000,0
41201,6394.823,-216.647,49999.000,7089.588,3160.059,50000.000,0
41251,5849.470,-224.118,50001.000,6880.411,3608.294,50000.000,0
41301,5729.941,-82.176,49999.000,7560.235,4205.941,50000.000,0
41351,5998.882,-14.941,50000.000,6439.646,3593.353,50000.000,0
41401,5595.470,141.941,50000.000,6454.588,3242.235,50000.000,0
41451,6252.882,-59.765,50000.000,8546.353,3697.941,50000.000,0
41501,5931.646,171.824,50001.000,8561.294,2592.294,50000.000,0
41551,6327.588,239.059,49999.000,8015.940,1449.294,50000.000,0
41601,6932.706,216.647,50000.000,8135.470,276.412,50000.000,0
41651,8068.235,194.235,50000.000,8165.353,-448.235,50000.000,0
41701,8352.117,-127.000,50000.000,6096.000,-784.412,50000.000,0
41751,8068.235,-254.000,50000.000,7388.411,-1852.706,50000.000,0
41801,8015.940,-732.118,50000.000,7485.529,-2300.941,50000.000,0
41851,7702.176,-1001.059,50001.000,6237.941,-1845.235,50000.000,0
41901,7552.764,-1479.176,49999.000,6626.411,-1531.470,50000.000,0
41951,7963.646,-1441.823,50000.000,7059.706,-978.647,50000.000,0
42001,7306.235,-1561.353,50000.000,4609.353,-261.471,50000.000,0
42051,6716.059,-1135.529,50001.000,5842.000,418.353,50000.000,0
42101,6745.941,-769.471,49999.000,3675.529,530.412,50000.000,0
42151,6701.117,-216.647,50000.000,3167.529,963.706,50000.000,0
42201,6140.823,7.471,50000.000,4676.588,1673.412,50000.000,0
42251,5386.294,470.647,50000.000,4684.059,1792.941,50000.000,0
42301,5431.117,978.647,50001.000,5573.059,2136.588,50000.000,0
42351,5864.411,1591.235,49999.000,5774.764,1934.882,50000.000,0
42401,5864.411,1957.294,50001.000,4407.647,1195.294,50000.000,0
42451,6566.646,2196.353,49999.000,3204.882,537.882,50000.000,0
42501,6096.000,1703.294,50001.000,485.588,44.824,50000.000,0
42551,6506.882,1075.765,49999.000,948.765,-29.882,50000.000,0
42601,7313.706,537.882,50000.000,2159.000,-134.471,50000.000,0
42651,7283.823,29.882,50000.000,5931.646,-545.353,50000.000,0
42701,7097.058,-298.824,50000.000,2091.765,-224.118,50000.000,0
42751,6454.588,-889.000,50000.000,1561.353,-246.529,50000.000,0
42801,5886.823,-1382.059,50000.000,1284.941,-127.000,50000.000,0
42851,6178.176,-1740.647,50000.000,635.000,-29.882,50000.000,0
42901,5416.176,-1576.294,50000.000,1038.412,44.824,50000.000,0
42951,5154.706,-1404.470,50000.000,4093.882,373.529,50000.000,0
43001,5610.412,-1419.412,50001.000,3481.294,582.706,50000.000,0
43051,5498.353,-717.176,49999.000,3742.764,821.765,50000.000,0
43101,5685.117,-201.706,50001.000,4676.588,1225.176,50000.000,0
43151,6133.353,216.647,49999.000,5983.941,1576.294,50000.000,0
43201,5363.882,1210.235,50001.000,6872.941,1568.823,50000.000,0
43251,5461.000,1785.470,49999.000,6387.353,1090.706,50000.000,0
43301,5468.470,2465.294,50001.000,6648.823,791.882,50000.000,0
43351,5550.646,2136.588,50000.000,6133.353,425.823,50000.000,0
43401,6036.235,2196.353,49999.000,3062.941,82.176,50000.000,0
43451,6223.000,1875.118,50001.000,4071.470,14.941,50000.000,0
43501,6058.646,963.706,49999.000,5475.941,0.000,50000.000,0
43551,6208.059,388.471,50000.000,6275.293,127.000,50000.000,0
43601,6133.353,14.941,50000.000,5438.588,194.235,50000.000,0
43651,5774.764,-627.529,50001.000,6521.823,418.353,50000.000,0
43701,6133.353,-1038.412,49999.000,4101.353,336.176,50000.000,0
43751,5819.588,-1426.882,50001.000,2248.647,388.471,50000.000,0
43801,5812.117,-1927.412,49999.000,3115.235,649.941,50000.000,0
43851,5819.588,-1912.470,50000.000,2121.647,545.353,50000.000,0
43901,5782.235,-2017.059,50000.000,5065.059,1389.529,50000.000,0
43951,5737.411,-1202.765,50000.000,3152.588,762.000,50000.000,0
44001,6110.941,-851.647,50001.000,3541.059,694.765,50000.000,0
44051,6917.764,-410.882,50000.000,3660.588,463.176,50000.000,0
44101,7089.588,82.176,49999.000,6357.470,358.588,50000.000,0
44151,6887.882,627.529,50000.000,4183.529,14.941,50000.000,0
44201,6745.941,739.588,50000.000,3085.353,-149.412,50000.000,0
44251,6992.470,963.706,50000.000,2390.588,-164.353,50000.000,0
44301,6648.823,1180.353,50000.000,627.529,-82.176,50000.000,0
44351,6940.176,1240.118,50000.000,769.471,-112.059,50000.000,0
44401,6559.176,1075.765,50000.000,1195.294,-52.294,50000.000,0
44451,6260.353,903.941,50001.000,2502.647,-59.765,50000.000,0
44501,6275.293,605.118,49999.000,709.706,37.353,50000.000,0
44551,6439.646,463.176,50000.000,4258.235,485.588,50000.000,0
44601,6028.764,104.588,50000.000,2973.294,612.588,50000.000,0
44651,5296.646,22.412,50000.000,1949.823,612.588,50000.000,0
44701,5012.764,-306.294,50000.000,3391.647,1277.470,50000.000,0
44751,4811.059,-508.000,50000.000,2293.470,1016.000,50000.000,0
44801,4594.412,-388.471,50000.000,1486.647,649.941,50000.000,0
44851,4743.823,-388.471,50000.000,2420.470,1016.000,50000.000,0
44901,4467.412,-627.529,50001.000,784.412,313.765,50000.000,0
44951,4557.059,-82.176,49999.000,0.000,0.000,50000.000,0
45001,5244.353,-209.176,50000.000,0.000,0.000,50000.000,0
45051,5319.059,-104.588,50001.000,590.176,0.000,50000.000,0
45101,5759.823,37.353,49999.000,3556.000,-156.882,50000.000,0
45151,5969.000,14.941,50001.000,4863.353,-597.647,50000.000,0
45201,6193.117,164.353,49999.000,5236.882,-1001.059,50000.000,0
45251,6260.353,119.529,50001.000,4303.059,-1210.235,50000.000,0
45301,6454.588,89.647,49999.000,5677.646,-1576.294,50000.000,0
45351,6185.646,0.000,50000.000,5461.000,-1367.118,50000.000,0
45401,5856.941,-104.588,50000.000,4945.529,-903.941,50000.000,0
45451,5625.353,-209.176,50000.000,1561.353,-149.412,50000.000,0
45501,5371.353,-298.824,50001.000,3294.529,112.059,50000.000,0
45551,5057.588,-597.647,49999.000,4534.647,410.882,50000.000,0
45601,4534.647,-328.706,50000.000,2144.059,470.647,50000.000,0
45651,4609.353,-141.941,50000.000,5012.764,1524.000,50000.000,0
45701,4781.176,-134.471,50000.000,3570.941,1337.235,50000.000,0
45751,4953.000,239.059,50001.000,4131.235,1598.706,50000.000,0
45801,4811.059,515.471,49999.000,6716.059,2383.117,50000.000,0
45851,4863.353,739.588,50000.000,6798.235,2211.294,50000.000,0
45901,4743.823,754.529,50000.000,6387.353,1568.823,50000.000,0
45951,4766.235,724.647,50000.000,6297.706,903.941,50000.000,0
46001,5192.059,597.647,50000.000,6170.706,418.353,50000.000,0
46051,5513.294,627.529,50000.000,5580.529,-7.471,50000.000,0
46101,5916.706,246.529,50000.000,4975.412,-82.176,50000.000,0
46151,6043.706,29.882,50000.000,3877.235,-231.588,50000.000,0
46201,6013.823,-283.882,50001.000,4183.529,-261.471,50000.000,0
46251,5475.941,-642.471,49999.000,3346.823,-261.471,50000.000,0
46301,5528.235,-1045.882,50001.000,2353.235,-89.647,50000.000,0
46351,5147.235,-1083.235,49999.000,3959.411,-14.941,50000.000,0
46401,4751.294,-866.588,50001.000,1180.353,14.941,50000.000,0
46451,4497.294,-821.765,49999.000,1942.353,261.471,50000.000,0
46501,4004.235,-679.823,50000.000,3302.000,649.941,50000.000,0
46551,3989.294,-627.529,50000.000,3466.353,747.059,50000.000,0
46601,4198.470,-7.471,50000.000,3130.176,776.941,50000.000,0
46651,4489.823,67.235,50000.000,2808.941,664.882,50000.000,0
46701,4332.941,261.471,50000.000,4191.000,866.588,50000.000,0
46751,4691.529,515.471,50001.000,4026.647,575.235,50000.000,0
46801,4691.529,799.353,49999.000,2883.647,194.235,50000.000,0
46851,4504.764,1038.412,50000.000,1344.706,89.647,50000.000,0
46901,4669.117,926.353,50000.000,1120.588,-44.824,50000.000,0
46951,4833.470,739.588,50001.000,1860.176,-119.529,50000.000,0
47001,5035.176,747.059,50000.000,739.588,-44.824,50000.000,0
47051,5124.823,440.765,49999.000,2413.000,-246.529,50000.000,0
47101,4773.706,82.176,50000.000,268.941,-14.941,50000.000,0
47151,5124.823,-216.647,50000.000,1860.176,-112.059,50000.000,0
47201,4766.235,-418.353,50000.000,463.176,22.412,50000.000,0
47251,4116.294,-515.471,50000.000,261.471,22.412,50000.000,0
47301,3847.353,-500.529,50000.000,29.882,7.471,50000.000,0
47351,3757.706,-470.647,50001.000,1068.294,276.412,50000.000,0
47401,3869.764,-433.294,49999.000,1277.470,373.529,50000.000,0
47451,4086.411,-433.294,50000.000,246.529,82.176,50000.000,0
47501,4026.647,-276.412,50000.000,366.059,149.412,50000.000,0
47551,3966.882,1830.294,50000.000,2106.706,702.235,50000.000,0
47601,4161.117,246.529,50000.000,3048.000,747.059,50000.000,0
47651,3839.882,478.118,50001.000,2338.294,358.588,50000.000,0
47701,4064.000,739.588,49999.000,2196.353,156.882,50000.000,0
47751,4415.117,672.353,50000.000,4288.117,44.824,50000.000,0
47801,4318.000,552.823,50000.000,5057.588,-216.647,50000.000,0
47851,4445.000,537.882,50000.000,4915.646,-478.118,50000.000,0
47901,4788.647,321.235,50001.000,4908.176,-679.823,50000.000,0
47951,4826.000,97.118,49999.000,3406.588,-455.706,50000.000,0
48001,4347.882,-141.941,50000.000,4586.941,-515.471,50000.000,0
48051,4684.059,-261.471,50000.000,2173.941,-216.647,50000.000,0
48101,3959.411,-575.235,50000.000,1120.588,14.941,50000.000,0
48151,3772.647,-433.294,50000.000,3496.235,224.118,50000.000,0
48201,3623.235,-560.294,50000.000,3249.706,537.882,50000.000,0
48251,3877.235,-612.588,50001.000,881.529,216.647,50000.000,0
48301,3585.882,-418.353,49999.000,1344.706,351.118,50000.000,0
48351,3585.882,-97.118,50000.000,4138.706,1172.882,50000.000,0
48401,3697.941,127.000,50000.000,4818.529,1568.823,50000.000,0
48451,3929.529,395.941,50000.000,4004.235,1157.941,50000.000,0
48501,3421.529,552.823,50000.000,3981.823,918.882,50000.000,0
48551,3742.764,620.059,50000.000,5117.353,806.823,50000.000,0
48601,3339.353,605.118,50000.000,3839.882,366.059,50000.000,0
48651,3989.294,694.765,50000.000,3914.588,209.176,50000.000,0
48701,4138.706,530.412,50001.000,5124.823,112.059,50000.000,0
48751,4766.235,373.529,49999.000,3473.823,-22.412,50000.000,0
48801,5094.941,112.059,50000.000,3907.117,-37.353,50000.000,0
48851,4945.529,-231.588,50000.000,2495.176,14.941,50000.000,0
48901,4676.588,-463.176,50000.000,1023.471,52.294,50000.000,0
48951,4549.588,-582.706,50000.000,3720.353,186.765,50000.000,0
49001,4213.412,-933.823,50000.000,2502.647,246.529,50000.000,0
49051,4564.529,-1120.588,50000.000,2562.412,455.706,50000.000,0
49101,4325.470,-889.000,50000.000,4415.117,859.118,50000.000,0
49151,4459.941,-657.412,50000.000,3466.353,664.882,50000.000,0
49201,4422.588,-388.471,50000.000,4564.529,829.235,50000.000,0
49251,4751.294,-67.235,50000.000,3974.353,537.882,50000.000,0
49301,4960.470,179.294,50000.000,4572.000,381.000,50000.000,0
49351,5102.412,425.823,50000.000,3115.235,119.529,50000.000,0
49401,4990.353,642.471,50000.000,2704.353,14.941,50000.000,0
49451,4721.412,709.706,50000.000,2779.059,-14.941,50000.000,0
49501,4833.470,724.647,50000.000,635.000,-44.824,50000.000,0
49551,4572.000,657.412,50000.000,351.118,-22.412,50000.000,0
49601,4512.235,560.294,50000.000,179.294,0.000,50000.000,0
49651,4459.941,268.941,50000.000,59.765,-14.941,50000.000,0
49701,4586.941,134.471,50000.000,403.412,-22.412,50000.000,0
49751,4176.059,-209.176,50000.000,2226.235,179.294,50000.000,0
49801,4026.647,-156.882,50000.000,2457.823,455.706,50000.000,0
49851,3787.588,-448.235,50000.000,2846.294,762.000,50000.000,0
49901,3369.235,-575.235,50000.000,1471.706,485.588,50000.000,0
49951,3227.294,-321.235,50000.000,3787.588,1284.941,50000.000,0
50001,2906.059,-246.529,50000.000,2002.118,620.059,50000.000,0
50051,3287.059,-395.941,50000.000,978.647,276.412,50000.000,0
50101,3421.529,-328.706,50000.000,1120.588,216.647,50000.000,0
50151,3600.823,-119.529,50000.000,933.823,74.706,50002.000,0
50201,3824.941,-44.824,50000.000,2988.235,119.529,50000.000,0
50251,3503.706,119.529,50000.000,1591.235,-22.412,50000.000,0
50301,3488.764,298.824,50000.000,694.765,-97.118,50000.000,0
50351,3541.059,366.059,50000.000,2913.529,-395.941,50000.000,0
50401,3436.470,388.471,50001.000,1695.823,-321.235,50000.000,0
50451,3175.000,388.471,49999.000,358.588,-127.000,50000.000,0
50501,3406.588,395.941,50000.000,328.706,-97.118,50000.000,0
50551,3182.470,261.471,50000.000,664.882,-52.294,50000.000,0
50601,3085.353,201.706,50001.000,1038.412,-22.412,50000.000,0
50651,2771.588,-7.471,49999.000,508.000,14.941,50000.000,0
50701,2375.647,-97.118,50000.000,978.647,134.471,50000.000,0
50751,2532.529,-104.588,50000.000,896.471,201.706,50000.000,0
50801,2338.294,-209.176,50000.000,440.765,194.235,50000.000,0
50851,2159.000,-201.706,50000.000,2502.647,1180.353,50000.000,0
50901,2099.235,-254.000,50000.000,2532.529,1157.941,50000.000,0
50951,2405.529,-179.294,50000.000,2935.941,1292.412,50000.000,0
51001,2450.353,-37.353,50000.000,2898.588,1060.823,50000.000,0
51051,2674.470,67.235,50001.000,1591.235,478.118,50000.000,0
51101,2764.117,97.118,49999.000,1718.235,246.529,50000.000,0
51151,2756.647,164.353,50000.000,2749.176,209.176,50000.000,0
51201,2719.294,209.176,50000.000,2286.000,-59.765,50000.000,0
51251,3077.882,239.059,50001.000,2980.764,-298.824,50000.000,0
51301,3287.059,141.941,49999.000,3137.647,-425.823,50000.000,0
51351,2950.882,22.412,50001.000,3137.647,-612.588,50000.000,0
51401,3145.117,-22.412,49999.000,2980.764,-522.941,50000.000,0
51451,3070.412,-119.529,50000.000,2024.529,-306.294,50000.000,0
51501,2532.529,-276.412,50000.000,1255.059,-97.118,50000.000,0
51551,2652.059,-366.059,50000.000,1045.882,0.000,50000.000,0
51601,2741.706,-395.941,50001.000,343.647,0.000,50000.000,0
51651,2427.941,-254.000,49999.000,44.824,0.000,50000.000,0
51701,2674.470,-283.882,50000.000,1240.118,328.706,50000.000,0
51751,2689.412,-74.706,50000.000,3175.000,866.588,50000.000,0
51801,2472.765,-7.471,50001.000,3025.588,903.941,50000.000,0
51851,2831.353,112.059,49999.000,3570.941,993.588,50000.000,0
51901,2510.117,246.529,50001.000,3443.941,851.647,50000.000,0
51951,2562.412,306.294,49999.000,3600.823,649.941,50000.000,0
52001,2771.588,478.118,50000.000,3429.000,470.647,50000.000,0
52051,2801.470,418.353,50000.000,3668.059,328.706,50000.000,0
52101,3287.059,455.706,50000.000,3832.412,179.294,50000.000,0
52151,3339.353,298.824,50000.000,3802.529,67.235,50000.000,0
52201,3249.706,261.471,50000.000,3466.353,44.824,50000.000,0
52251,3481.294,141.941,50002.000,3750.235,82.176,49999.000,0
52301,3316.941,-74.706,49999.000,3473.823,119.529,50000.000,0
52351,2950.882,-298.824,49999.000,3488.764,104.588,49999.000,0
52401,2838.823,-478.118,50000.000,3526.117,224.118,50000.000,0
52451,2704.353,-717.176,50000.000,2801.470,283.882,50000.000,0
52501,2823.882,-747.059,50000.000,2816.412,306.294,50000.000,0
52551,3018.117,-664.882,50000.000,2681.941,306.294,50000.000,0
52601,2711.823,-508.000,50000.000,1994.647,171.824,50000.000,0
52651,2838.823,-298.824,50001.000,1314.823,134.471,50000.000,0
52701,3137.647,-82.176,49999.000,2502.647,179.294,50000.000,0
52751,3152.588,156.882,50000.000,2577.353,89.647,50000.000,0
52801,3189.941,425.823,50000.000,3294.529,97.118,50000.000,0
52851,3145.117,590.176,50000.000,3100.294,59.765,50000.000,0
52901,2973.294,635.000,50000.000,1471.706,44.824,50000.000,0
52951,2779.059,762.000,50001.000,246.529,7.471,50000.000,0
53001,2696.882,694.765,50000.000,1531.470,82.176,50000.000,0
53051,2532.529,478.118,49999.000,1890.059,97.118,50000.000,0
53101,2405.529,306.294,50001.000,1875.118,156.882,50000.000,0
53151,2091.765,171.824,49999.000,2300.941,328.706,50000.000,0
53201,2315.882,74.706,50001.000,1763.059,268.941,50000.000,0
53251,2091.765,-29.882,49999.000,1277.470,276.412,50000.000,0
53301,2188.882,-179.294,50000.000,1180.353,276.412,50000.000,0
53351,1860.176,-209.176,50001.000,2106.706,478.118,50000.000,0
53401,1815.353,-508.000,49999.000,1658.470,358.588,50000.000,0
53451,1665.941,-620.059,50000.000,395.941,67.235,50000.000,0
53501,1501.588,-567.765,50000.000,1755.588,231.588,50000.000,0
53551,1531.470,-455.706,50000.000,1718.235,127.000,50000.000,0
53601,1718.235,-395.941,50000.000,1232.647,112.059,50000.000,0
53651,1860.176,-261.471,50000.000,590.176,-52.294,50000.000,0
53701,2061.882,-127.000,50000.000,1411.941,-119.529,50000.000,0
53751,2032.000,-7.471,50000.000,1680.882,-141.941,50000.000,0
53801,1979.706,171.824,50000.000,836.706,-59.765,50000.000,0
53851,1770.529,328.706,50000.000,0.000,0.000,50000.000,0
53901,1613.647,433.294,50000.000,164.353,-7.471,50000.000,0
53951,1441.823,463.176,50000.000,1456.765,74.706,50000.000,0
54001,1456.765,537.882,50001.000,1030.941,104.588,50000.000,0
54051,1471.706,470.647,49999.000,739.588,97.118,50000.000,0
54101,1501.588,336.176,50000.000,89.647,22.412,50000.000,0
54151,1397.000,209.176,50000.000,1187.823,268.941,50000.000,0
54201,1486.647,134.471,50000.000,1337.235,403.412,50000.000,0
54251,1486.647,-7.471,50000.000,254.000,74.706,50000.000,0
54301,1128.059,-156.882,50000.000,283.882,74.706,50000.000,0
54351,1202.765,-321.235,50000.000,1299.882,283.882,50000.000,0
54401,1232.647,-433.294,50000.000,381.000,67.235,50000.000,0
54451,1143.000,-448.235,50000.000,328.706,37.353,50000.000,0
54501,1217.706,-515.471,50000.000,851.647,7.471,50000.000,0
54551,1023.471,-470.647,50000.000,791.882,-44.824,50000.000,0
54601,1210.235,-425.823,50001.000,7.471,0.000,50000.000,0
54651,1277.470,-209.176,49999.000,0.000,0.000,50000.000,0
54701,1322.294,-67.235,50001.000,89.647,-29.882,50000.000,0
54751,1382.059,97.118,49999.000,82.176,-29.882,50000.000,0
54801,1165.412,216.647,50000.000,381.000,37.353,50000.000,0
54851,859.118,209.176,50001.000,530.412,44.824,50000.000,0
54901,1023.471,478.118,49999.000,52.294,7.471,50000.000,0
54951,1016.000,493.059,50000.000,1023.471,231.588,50000.000,0
55001,956.235,515.471,50000.000,1255.059,328.706,50000.000,0
55051,859.118,395.941,50001.000,1270.000,313.765,50000.000,0
55101,687.294,268.941,49999.000,440.765,112.059,50000.000,0
55151,754.529,44.824,50000.000,22.412,7.471,50000.000,0
55201,881.529,-44.824,50000.000,29.882,0.000,50000.000,0
55251,612.588,-59.765,50000.000,0.000,0.000,50000.000,0
55301,806.823,-381.000,50000.000,0.000,0.000,50000.000,0
55351,821.765,-500.529,50000.000,0.000,0.000,50000.000,0
55401,896.471,-522.941,50001.000,0.000,0.000,50000.000,0
55451,956.235,-552.823,49999.000,0.000,0.000,50000.000,0
55501,791.882,-410.882,50000.000,82.176,0.000,50000.000,0
55551,769.471,-343.647,50000.000,119.529,-7.471,50000.000,0
55601,874.059,-141.941,50000.000,0.000,0.000,50000.000,0
55651,903.941,59.765,50000.000,0.000,0.000,50000.000,0
55701,806.823,216.647,50000.000,0.000,0.000,50000.000,0
55751,694.765,328.706,50000.000,0.000,0.000,50000.000,0
55801,702.235,440.765,50000.000,0.000,0.000,50000.000,0
55851,754.529,560.294,50000.000,0.000,0.000,50000.000,0
55901,739.588,522.941,50000.000,0.000,0.000,50000.000,0
55951,702.235,455.706,50000.000,0.000,0.000,50000.000,0
56001,687.294,366.059,50001.000,0.000,0.000,50000.000,0
56051,657.412,119.529,49999.000,0.000,0.000,50000.000,0
56101,537.882,59.765,50001.000,0.000,0.000,50000.000,0
56151,425.823,-67.235,49999.000,0.000,0.000,50000.000,0
56201,515.471,-291.353,50000.000,0.000,0.000,50000.000,0
56251,575.235,-410.882,50000.000,0.000,0.000,50000.000,0
56301,657.412,-485.588,50000.000,37.353,7.471,50000.000,0
56351,605.118,-485.588,50000.000,29.882,7.471,50000.000,0
56401,575.235,-440.765,50000.000,0.000,0.000,50000.000,0
56451,508.000,-209.176,50000.000,119.529,119.529,50000.000,0
56501,425.823,-82.176,50000.000,-7.471,-1890.059,50000.000,0
56551,418.353,52.294,50000.000,0.000,0.000,50000.000,0
56601,418.353,209.176,50000.000,29.882,7.471,50000.000,0
56651,418.353,283.882,50000.000,224.118,74.706,50000.000,0
56701,448.235,388.471,50001.000,67.235,14.941,50000.000,0
56751,485.588,440.765,49999.000,112.059,29.882,50000.000,0
56801,395.941,410.882,50001.000,52.294,7.471,50000.000,0
56851,395.941,366.059,49999.000,0.000,0.000,50000.000,0
56901,366.059,246.529,50000.000,0.000,0.000,50000.000,0
56951,388.471,67.235,50001.000,0.000,0.000,50000.000,0
57001,381.000,-74.706,49999.000,0.000,0.000,50000.000,0
57051,366.059,-239.059,50000.000,0.000,0.000,50000.000,0
57101,313.765,-321.235,50000.000,0.000,7.471,50000.000,0
57151,298.824,-328.706,50000.000,156.882,37.353,50000.000,0
57201,328.706,-410.882,50000.000,186.765,0.000,50000.000,0
57251,291.353,-410.882,50000.000,119.529,-29.882,50000.000,0
57301,254.000,-276.412,50000.000,112.059,14.941,50000.000,0
57351,186.765,-89.647,50000.000,216.647,22.412,50000.000,0
57401,261.471,-14.941,50001.000,231.588,14.941,50000.000,0
57451,194.235,104.588,49999.000,29.882,7.471,50000.000,0
57501,179.294,231.588,50000.000,0.000,0.000,50000.000,0
57551,141.941,261.471,50000.000,0.000,0.000,50000.000,0
57601,89.647,268.941,50000.000,0.000,7.471,50000.000,0
57651,74.706,239.059,50001.000,97.118,44.824,50000.000,0
57701,112.059,231.588,49999.000,119.529,29.882,50000.000,0
57751,127.000,209.176,50001.000,29.882,0.000,50000.000,0
57801,112.059,119.529,49999.000,0.000,0.000,50000.000,0
57851,82.176,7.471,50001.000,0.000,0.000,50000.000,0
57901,74.706,-67.235,49999.000,0.000,0.000,50000.000,0
57951,59.765,-216.647,50000.000,0.000,0.000,50000.000,0
58001,52.294,-328.706,50000.000,0.000,0.000,50000.000,0
58051,44.824,-336.176,50000.000,0.000,0.000,50000.000,0
58101,14.941,-261.471,50000.000,0.000,0.000,50000.000,0
58151,0.000,-216.647,50000.000,0.000,0.000,50000.000,0
58201,-7.471,-209.176,50000.000,0.000,-7.471,50000.000,0
58251,-37.353,-82.176,50000.000,-14.941,7.471,50000.000,0
58301,-52.294,29.882,50000.000,-7.471,7.471,50000.000,0
58351,-59.765,134.471,50000.000,-7.471,22.412,50000.000,0
58401,-52.294,224.118,50000.000,0.000,0.000,50000.000,0
58451,-59.765,216.647,50001.000,0.000,7.471,50000.000,0
58501,-67.235,224.118,49999.000,0.000,7.471,50000.000,0
58551,-104.588,246.529,50001.000,0.000,0.000,50000.000,0
58601,-97.118,209.176,49999.000,0.000,0.000,50000.000,0
58651,-74.706,112.059,50000.000,-14.941,0.000,50000.000,0
58701,-97.118,37.353,50000.000,-74.706,-14.941,50000.000,0
58751,-74.706,-59.765,50000.000,-127.000,-74.706,50000.000,0
58801,-112.059,-186.765,50001.000,-82.176,-37.353,50000.000,0
58851,-112.059,-194.235,49999.000,-44.824,-7.471,50000.000,0
58901,-112.059,-231.588,50000.000,0.000,0.000,50000.000,0
58951,-141.941,-231.588,50000.000,0.000,0.000,50000.000,0
59001,-112.059,-209.176,50001.000,0.000,0.000,50000.000,0
59051,-149.412,-171.824,49999.000,-22.412,0.000,50000.000,0
59101,-127.000,-52.294,50000.000,-141.941,37.353,50000.000,0
59151,-134.471,7.471,50000.000,-134.471,22.412,50000.000,0
59201,-171.824,104.588,50000.000,-119.529,37.353,50000.000,0
59251,-141.941,179.294,50000.000,-74.706,22.412,50000.000,0
59301,-134.471,216.647,50000.000,-67.235,7.471,50000.000,0
59351,-112.059,201.706,50000.000,-74.706,14.941,50000.000,0
59401,-149.412,216.647,50001.000,-59.765,14.941,50000.000,0
59451,-134.471,179.294,49999.000,-44.824,7.471,50000.000,0
59501,-104.588,97.118,50000.000,-89.647,-37.353,50000.000,0
59551,-97.118,29.882,50000.000,-127.000,-52.294,50000.000,0
59601,-119.529,-22.412,50001.000,-112.059,-59.765,50000.000,0
59651,-119.529,-134.471,49999.000,-59.765,0.000,50000.000,0
59701,-97.118,-141.941,50000.000,-14.941,-7.471,50000.000,0
59751,-89.647,-186.765,50000.000,0.000,0.000,50000.000,0
59801,-104.588,-201.706,50000.000,0.000,0.000,50000.000,0
59851,-104.588,-179.294,50000.000,0.000,0.000,50000.000,0
59901,-127.000,-164.353,50000.000,0.000,0.000,50000.000,0
59951,-104.588,-104.588,50000.000,0.000,0.000,50000.000,0
