timestamp[ms],left_dx[um],left_dy[um],left_dt[us],right_dx[um],right_dy[um],right_dt[us],waterPin
0,0.000,7.471,50152.000,0.000,0.000,50153.000,0
51,3466.353,2256.117,50000.000,3951.941,-186.765,50000.000,0
101,7597.588,1165.412,50000.000,4056.529,-2293.470,50000.000,0
151,8217.646,1210.235,50000.000,2764.117,-1292.412,50000.000,0
201,5804.646,3914.588,50000.000,2696.882,717.176,50000.000,0
251,5834.529,6275.293,50000.000,2868.706,2211.294,50000.000,0
301,6693.646,7224.058,50000.000,2689.412,2248.647,50000.000,0
351,8441.764,8240.059,50000.000,3944.470,2353.235,50000.000,0
401,10570.882,9203.764,50000.000,8897.470,3765.176,50000.000,0
451,15919.822,6394.823,50000.000,16980.646,2091.765,50000.000,0
501,16771.469,3720.353,50000.000,17496.117,403.412,50000.000,0
551,14978.528,4288.117,50001.000,13775.764,276.412,50000.000,0
601,17824.822,6656.293,50000.000,17608.176,313.765,50000.000,0
651,21403.234,4855.882,49999.000,20887.764,-702.235,50000.000,0
701,23270.881,3242.235,50000.000,14029.764,-1576.294,50000.000,0
751,20663.646,5214.470,50000.000,8135.470,-171.824,50000.000,0
801,21956.057,4609.353,50000.000,11796.058,89.647,50000.000,0
851,20656.176,2151.529,50000.000,7903.882,321.235,50000.000,0
901,19333.881,1479.176,50000.000,14223.999,2764.117,50000.000,0
951,17159.939,1994.647,50001.000,10286.999,3466.353,50000.000,0
1001,15352.058,1718.235,49999.000,4982.882,1822.823,50000.000,0
1051,12027.646,239.059,50000.000,11743.764,5124.823,50000.000,0
1101,9928.411,-590.176,50000.000,11512.176,3526.117,50000.000,0
1151,6760.882,-2495.176,50000.000,5207.000,-313.765,50000.000,0
1201,4183.529,-4377.765,50001.000,2816.412,-4056.529,50000.000,0
1251,3406.588,-6051.176,49999.000,732.118,-6760.882,50000.000,0
1301,956.235,-8688.294,50000.000,-874.059,-4220.882,50000.000,0
1351,-2173.941,-8762.999,50000.000,-418.353,-537.882,50000.000,0
1401,-5378.823,-5490.882,50000.000,-1232.647,986.118,50000.000,0
1451,-7246.470,-5931.646,50000.000,-6887.882,3563.470,50000.000,0
1501,-7859.058,-9614.646,50000.000,-7769.411,2644.588,50000.000,0
1551,-8972.176,-10488.705,50000.000,-3585.882,1479.176,50000.000,0
1601,-10003.117,-11273.117,50000.000,-5490.882,1695.823,50000.000,0
1651,-10257.117,-12632.764,50000.000,-9099.176,522.941,50000.000,0
1701,-11519.646,-10765.117,50000.000,-7141.882,1270.000,50000.000,0
1751,-14657.293,-6237.941,50000.000,-9121.588,4459.941,50000.000,0
1801,-16054.293,-7209.117,50000.000,-10212.293,4788.647,50000.000,0
1851,-14791.764,-10413.999,50000.000,-6036.235,1740.647,50000.000,0
1901,-14597.528,-11788.588,50000.000,-9061.823,1553.882,50000.000,0
1951,-14918.764,-12259.234,50000.000,-5647.764,791.882,50000.000,0
2001,-15329.646,-10301.940,50000.000,-2592.294,67.235,50000.000,0
2051,-15068.176,-8688.294,50000.000,-10981.764,149.412,50000.000,0
2101,-14477.999,-10316.882,50000.000,-10951.882,-1195.294,50000.000,0
2151,-10638.117,-10555.940,50000.000,-9749.117,-3518.647,50000.000,0
2201,-11392.646,-12849.411,50000.000,-10130.117,-4086.411,50000.000,0
2251,-13760.822,-13984.940,50000.000,-8845.176,-3877.235,50000.000,0
2301,-13193.058,-13021.234,50001.000,-10854.764,-2442.882,50000.000,0
2351,-15090.587,-14171.705,49999.000,-11086.353,74.706,50000.000,0
2401,-15307.234,-15299.764,50001.000,-11691.470,-590.176,50000.000,0
2451,-14298.705,-13364.882,49999.000,-8299.823,-201.706,50000.000,0
2501,-14993.470,-12087.411,50000.000,-13648.764,283.882,50000.000,0
2551,-16084.176,-12759.764,50000.000,-9495.117,313.765,50000.000,0
2601,-16278.411,-15239.999,50000.000,-19147.117,-1382.059,50000.000,0
2651,-13902.764,-15897.411,50001.000,-14141.822,-3548.529,50000.000,0
2701,-13133.293,-13641.293,49999.000,-2054.412,-515.471,50000.000,0
2751,-14388.352,-11153.588,50000.000,-4161.117,418.353,50000.000,0
2801,-14903.822,-12162.117,50000.000,-6701.117,724.647,50000.000,0
2851,-15867.528,-14567.646,50000.000,-2472.765,216.647,50000.000,0
2901,-16405.410,-15157.822,50000.000,-4997.823,455.706,50000.000,0
2951,-16248.528,-15680.764,50000.000,-8329.705,-261.471,50000.000,0
3001,-15688.234,-14717.058,50000.000,-10809.940,14.941,50000.000,0
3051,-15591.116,-13783.234,50000.000,-9988.176,1314.823,50000.000,0
3101,-14941.176,-9741.646,50000.000,-4168.588,537.882,50000.000,0
3151,-15747.999,-10391.588,50000.000,-9480.176,627.529,50000.000,0
3201,-16636.998,-10720.293,50000.000,-17025.469,993.588,50000.000,0
3251,-15277.352,-12221.882,50000.000,-9495.117,201.706,50000.000,0
3301,-13880.352,-14948.646,50001.000,-3877.235,-283.882,50000.000,0
3351,-14993.470,-16943.293,49999.000,-8307.294,-470.647,50000.000,0
3401,-17914.469,-15344.587,50000.000,-16001.999,1524.000,50000.000,0
3451,-20925.117,-16069.234,50000.000,-9241.117,1695.823,50000.000,0
3501,-18302.939,-13193.058,50000.000,-10675.470,2771.588,50000.000,0
3551,-18571.881,-10518.588,50000.000,-12565.528,3899.647,50000.000,0
3601,-18422.469,-11004.176,50000.000,-21418.176,4534.647,50000.000,0
3651,-21761.822,-14784.293,50000.000,-21029.705,1718.235,50000.000,0
3701,-21522.764,-13842.999,50000.000,-12924.117,1673.412,50000.000,0
3751,-22718.057,-12363.822,50000.000,-20947.527,2442.882,50000.000,0
3801,-22396.822,-6835.588,50000.000,-13633.822,1299.882,50000.000,0
3851,-24219.645,-5386.294,50000.000,-17473.705,948.765,50000.000,0
3901,-26684.939,-11161.058,50000.000,-18220.764,246.529,50000.000,0
3951,-26505.645,-14993.470,50000.000,-10959.353,-336.176,50000.000,0
4001,-26049.939,-17481.176,50000.000,-20678.586,-1128.059,50000.000,0
4051,-19162.057,-14724.528,50000.000,-15471.587,-1210.235,50000.000,0
4101,-18758.646,-16061.764,50000.000,-4228.353,-612.588,50000.000,0
4151,-19147.117,-15075.646,50000.000,-10055.411,-1374.588,50000.000,0
4201,-20656.176,-15389.411,50000.000,-15389.411,-1090.706,50000.000,0
4251,-19625.234,-14313.646,50000.000,-12819.528,-1240.118,50000.000,0
4301,-20910.176,-14410.764,50000.000,-14858.999,-2375.647,50000.000,0
4351,-19961.410,-10324.353,50000.000,-20185.527,-2032.000,50000.000,0
4401,-25444.822,-12625.293,50000.000,-15337.116,156.882,50000.000,0
4451,-27947.469,-15329.646,50000.000,-26438.410,1284.941,50000.000,0
4501,-28007.234,-16181.293,50000.000,-30173.703,1157.941,50000.000,0
4551,-28918.645,-16704.234,50000.000,-25026.469,903.941,50000.000,0
4601,-27999.764,-15643.411,50000.000,-29673.174,-829.235,50000.000,0
4651,-29561.115,-18004.117,50000.000,-15628.470,-926.353,50000.000,0
4701,-29015.764,-14814.176,50000.000,-2450.353,67.235,50000.000,0
4751,-32616.586,-15262.411,50000.000,-3077.882,246.529,50000.000,0
4801,-33879.117,-17615.646,50000.000,-16562.293,1150.470,50000.000,0
4851,-34230.234,-18258.117,50000.000,-10458.823,254.000,50000.000,0
4901,-32751.057,-18967.822,50000.000,-10167.470,-552.823,50000.000,0
4951,-27446.939,-16681.822,50000.000,-12281.646,-2009.588,50000.000,0
5001,-26251.645,-15307.234,50000.000,-16181.293,-2950.882,50000.000,0
5051,-30569.645,-18691.410,50000.000,-17137.527,-2159.000,50000.000,0
5101,-29389.293,-20417.117,50000.000,-18123.646,-2330.823,50000.000,0
5151,-24040.352,-18273.057,50000.000,-12184.528,-1972.235,50000.000,0
5201,-25250.586,-17384.059,50000.000,-24630.527,-2794.000,50000.000,0
5251,-29463.998,-17787.469,50000.000,-23905.881,-1030.941,50000.000,0
5301,-28231.352,-17765.059,50000.000,-20671.117,-74.706,50000.000,0
5351,-31159.822,-20043.586,50000.000,-19027.588,29.882,50000.000,0
5401,-34058.410,-18220.764,50000.000,-13783.234,201.706,50000.000,0
5451,-32624.057,-17981.705,50000.000,-10959.353,134.471,50000.000,0
5501,-31652.881,-14470.528,50000.000,-9442.823,0.000,50000.000,0
5551,-31010.410,-11161.058,50000.000,-15606.058,59.765,50000.000,0
5601,-30158.762,-11683.999,50000.000,-13260.293,388.471,50000.000,0
5651,-32780.938,-10951.882,50000.000,-11213.353,-89.647,50000.000,0
5701,-29441.586,-6282.764,50000.000,-14306.176,-903.941,50000.000,0
5751,-26356.234,-2965.823,50000.000,-12558.058,-1919.941,50002.000,0
5801,-22807.705,-649.941,50000.000,-11041.528,-2913.529,50000.000,0
5851,-22097.998,1075.765,50000.000,-10174.940,-2032.000,50000.000,0
5901,-25131.057,156.882,50000.000,-12946.528,-2248.647,50000.000,0
5951,-20835.469,-732.118,50000.000,-24361.586,-8957.234,50000.000,0
6001,-13260.293,-1815.353,50000.000,-22023.293,-11415.058,50000.000,0
6051,-12251.764,-3033.059,50000.000,-15867.528,-9793.940,50000.000,0
6101,-13962.528,-2562.412,50000.000,-16577.234,-10272.059,50000.000,0
6151,-17384.059,-3361.764,50000.000,-6110.941,-2405.529,50000.000,0
6201,-18168.469,-6013.823,50000.000,-6223.000,-1576.294,50000.000,0
6251,-17593.234,-7799.293,50000.000,-15860.058,-8068.235,50000.000,0
6301,-13334.999,-7373.470,50001.000,-11056.470,-7418.293,50000.000,0
6351,-13394.764,-6133.353,49999.000,-13095.940,-7859.058,50000.000,0
6401,-11310.470,-1352.176,50000.000,-11885.705,-4646.706,50000.000,0
6451,-9383.059,3384.176,50000.000,-7470.588,425.823,50000.000,0
6501,-7493.000,3750.235,50000.000,-3989.294,2121.647,50000.000,0
6551,-3951.941,2330.823,50001.000,-1725.706,1546.412,50000.000,0
6601,-1397.000,889.000,49999.000,-104.588,283.882,50000.000,0
6651,986.118,1270.000,50000.000,1292.412,1352.176,50000.000,0
6701,3832.412,4990.353,50000.000,4736.353,2271.059,50000.000,0
6751,5580.529,6043.706,50000.000,3189.941,1217.706,50000.000,0
6801,8621.059,6589.059,50000.000,4108.823,515.471,50000.000,0
6851,10189.882,10720.293,50000.000,8187.764,2002.118,50000.000,0
6901,9950.823,10548.470,50000.000,7739.529,3369.235,50000.000,0
6951,11908.117,9651.999,50000.000,8165.353,3929.529,50000.000,0
7001,11564.470,9704.294,50000.000,6499.411,2950.882,50000.000,0
7051,12729.882,9084.234,50000.000,13842.999,6335.059,50000.000,0
7101,12625.293,8613.588,50000.000,8225.117,4004.235,50000.000,0
7151,10032.999,8202.705,50000.000,4967.941,2696.882,50000.000,0
7201,8553.823,7545.293,50000.000,10346.764,6686.176,50000.000,0
7251,8135.470,7082.117,50000.000,14507.882,8464.176,50000.000,0
7301,9607.176,8650.940,50000.000,16233.587,7709.646,50000.000,0
7351,10122.646,9472.705,50000.000,12931.587,6297.706,50000.000,0
7401,9853.705,8927.353,50001.000,16203.705,8479.117,50000.000,0
7451,10100.234,8583.705,49999.000,17488.646,9106.646,50000.000,0
7501,11474.822,8845.176,50000.000,17137.527,8352.117,50000.000,0
7551,13447.058,9487.646,50000.000,13663.705,6813.176,50000.000,0
7601,15225.058,10361.705,50000.000,7627.470,3780.117,50000.000,0
7651,14470.528,10839.823,50000.000,6230.470,3175.000,50000.000,0
7701,15830.176,12124.764,50000.000,8299.823,4161.117,50000.000,0
7751,15023.352,10436.411,50000.000,10951.882,5311.588,50000.000,0
7801,13282.705,7911.353,50000.000,6297.706,2973.294,50000.000,0
7851,12707.470,6858.000,50000.000,6282.764,2360.706,50000.000,0
7901,16009.470,11048.999,50001.000,7694.706,2233.706,50000.000,0
7951,17159.939,13230.411,49999.000,4123.765,866.588,50000.000,0
8001,16196.234,13364.882,50000.000,8523.940,2457.823,50000.000,0
8051,15889.940,13596.470,50000.000,15284.822,5498.353,50000.000,0
8101,17615.646,14059.646,50000.000,10623.176,4011.706,50000.000,0
8151,17570.822,13872.882,50000.000,12304.058,4818.529,50000.000,0
8201,19729.822,15807.764,50000.000,15456.646,6357.470,50000.000,0
8251,19132.176,16622.059,50002.000,23711.645,8576.234,49999.000,0
8301,16509.998,14619.940,49999.000,23636.939,9158.940,49999.000,0
8351,14156.764,12572.999,49999.000,25325.293,10727.764,50000.000,0
8401,15658.352,12087.411,50000.000,26079.822,10040.470,50000.000,0
8451,15710.646,11982.822,50000.000,26363.703,9368.117,50000.000,0
8501,17548.410,13118.353,50001.000,28552.586,6745.941,50000.000,0
8551,22068.115,15874.999,49999.000,25706.293,4392.706,50000.000,0
8601,23001.939,16883.527,50000.000,14971.058,3473.823,50000.000,0
8651,24824.764,16517.469,50001.000,18258.117,4205.941,50000.000,0
8701,22366.939,14679.705,49999.000,16958.234,5266.764,50000.000,0
8751,16614.588,11773.646,50000.000,8987.117,2928.470,50000.000,0
8801,17585.764,12834.470,50001.000,8314.764,1792.941,50000.000,0
8851,21866.410,15434.234,49999.000,11975.353,3346.823,50000.000,0
8901,24264.469,16285.881,50000.000,10585.823,3443.941,50000.000,0
8951,26610.234,16457.705,50000.000,8015.940,1912.470,50000.000,0
9001,26356.234,16577.234,50000.000,21866.410,4415.117,50000.000,0
9051,30263.352,19587.881,50001.000,23024.352,3533.588,50000.000,0
9101,27461.881,18325.352,49999.000,18108.705,2099.235,50000.000,0
9151,18467.293,13312.587,50000.000,21410.705,3272.117,50000.000,0
9201,14111.940,10727.764,50001.000,32609.115,4325.470,50000.000,0
9251,20813.057,15576.176,49999.000,34215.293,2181.412,50000.000,0
9301,28724.410,18833.352,50001.000,34730.762,313.765,50000.000,0
9351,32063.762,19311.469,49999.000,32937.820,-1763.059,50000.000,0
9401,31107.527,17533.469,50000.000,24989.115,-2525.059,50000.000,0
9451,31630.469,18900.588,50000.000,20043.586,-2532.529,50000.000,0
9501,26998.703,18228.234,50000.000,10593.293,-1001.059,50000.000,0
9551,27798.057,18340.293,50001.000,8516.470,-926.353,50000.000,0
9601,28141.703,16121.528,49999.000,4415.117,-724.647,50000.000,0
9651,23793.822,10361.705,50000.000,11071.411,-2973.294,50000.000,0
9701,26318.881,9465.234,50000.000,17772.527,-5311.588,50000.000,0
9751,27529.115,7343.588,50000.000,18908.057,-5498.353,50000.000,0
9801,24100.115,7291.293,50000.000,14410.764,-1957.294,50000.000,0
9851,21851.469,7470.588,50000.000,11250.705,-702.235,50000.000,0
9901,24436.293,2838.823,50001.000,23532.352,-4930.588,50000.000,0
9951,24615.586,-1837.765,49999.000,17906.998,-6529.293,50000.000,0
10001,21455.527,-5251.823,50000.000,12124.764,-3570.941,50000.000,0
10051,17107.646,-3481.294,50000.000,12064.999,-1822.823,50000.000,0
10101,17593.234,-3600.823,50000.000,12513.234,-1613.647,50000.000,0
10151,20372.293,-4840.941,50000.000,11743.764,-2510.117,50000.000,0
10201,19401.117,-6312.646,50001.000,5102.412,-1979.706,50000.000,0
10251,15987.058,-7478.058,49999.000,8449.234,-4176.059,50000.000,0
10301,16390.469,-7500.470,50000.000,9084.234,-3996.764,50000.000,0
10351,15912.352,-4803.588,50000.000,3608.294,-986.118,50000.000,0
10401,14194.116,-1755.588,50000.000,3212.353,-844.176,50000.000,0
10451,11489.764,-2988.235,50000.000,6028.764,-2667.000,50000.000,0
10501,8807.823,-7507.940,50000.000,8202.705,-5453.529,50000.000,0
10551,11601.822,-6551.706,50000.000,3780.117,-3092.823,50000.000,0
10601,11571.940,-6185.646,50001.000,1837.765,-1905.000,50000.000,0
10651,10540.999,-5199.529,49999.000,1546.412,-1651.000,50000.000,0
10701,8987.117,-5543.176,50000.000,37.353,-29.882,50000.000,0
10751,6813.176,-4848.412,50001.000,1075.765,-410.882,50000.000,0
10801,6394.823,-5042.646,49999.000,754.529,-216.647,50000.000,0
10851,5080.000,-5326.529,50000.000,1994.647,-993.588,50000.000,0
10901,5864.411,-6320.117,50001.000,3705.412,-4056.529,50000.000,0
10951,7313.706,-6185.646,49999.000,1524.000,-2226.235,50000.000,0
11001,8262.470,-4019.176,50001.000,612.588,-732.118,50000.000,0
11051,8598.646,-2233.706,49999.000,627.529,-732.118,50000.000,0
11101,8523.940,-4243.294,50000.000,739.588,-896.471,50000.000,0
11151,6417.235,-4519.706,50000.000,1785.470,-1860.176,50000.000,0
11201,5909.235,-4609.353,50000.000,1247.588,-1210.235,50000.000,0
11251,5744.882,-5042.646,50000.000,1374.588,-1128.059,50000.000,0
11301,5162.176,-5244.353,50000.000,425.823,-425.823,50000.000,0
11351,4848.412,-5356.412,50000.000,926.353,-1471.706,50000.000,0
11401,4220.882,-5610.412,50000.000,1411.941,-2256.117,50000.000,0
11451,3742.764,-5588.000,50000.000,552.823,-836.706,50000.000,0
11501,3824.941,-5729.941,50000.000,179.294,-395.941,50000.000,0
11551,3331.882,-5535.706,50000.000,664.882,-1374.588,50000.000,0
11601,1882.588,-3630.706,50000.000,463.176,-679.823,50000.000,0
11651,1165.412,-2465.294,50001.000,149.412,-164.353,50000.000,0
11701,1180.353,-2741.706,49999.000,-14.941,-119.529,50000.000,0
11751,575.235,-4594.412,50000.000,-22.412,-201.706,50000.000,0
11801,672.353,-5177.117,50000.000,-82.176,-664.882,50000.000,0
11851,552.823,-5109.882,50000.000,-448.235,-2159.000,50000.000,0
11901,104.588,-4265.706,50000.000,-239.059,-1957.294,50000.000,0
11951,246.529,-4034.117,50000.000,-373.529,-1695.823,50000.000,0
12001,164.353,-4811.059,50000.000,-657.412,-2121.647,50000.000,0
12051,-672.353,-4370.294,50000.000,-956.235,-1255.059,50000.000,0
12101,-1748.118,-3294.529,50000.000,-1359.647,-313.765,50000.000,0
12151,-2300.941,-3100.294,50000.000,-2099.235,44.824,50000.000,0
12201,-2427.941,-3234.764,50000.000,-829.235,-22.412,50000.000,0
12251,-2076.823,-3204.882,50000.000,-657.412,-508.000,50000.000,0
12301,-1299.882,-3122.706,50000.000,-747.059,-986.118,50000.000,0
12351,-635.000,-2338.294,50000.000,-1352.176,-2286.000,50000.000,0
12401,-1748.118,-1800.412,50000.000,-1882.588,-2061.882,50000.000,0
12451,-2375.647,-1284.941,50000.000,-2562.412,-1232.647,50000.000,0
12501,-2584.823,-918.882,50000.000,-508.000,-164.353,50000.000,0
12551,-2525.059,-552.823,50000.000,-321.235,-171.824,50000.000,0
12601,-2345.765,-52.294,50000.000,-560.294,-336.176,50000.000,0
12651,-2271.059,-29.882,50000.000,-1568.823,-1060.823,50000.000,0
12701,-2054.412,-724.647,50000.000,-1561.353,-2054.412,50000.000,0
12751,-1217.706,-1172.882,50000.000,-1456.765,-2427.941,50000.000,0
12801,-941.294,-112.059,50000.000,-522.941,-941.294,50000.000,0
12851,-1322.294,1030.941,50000.000,-567.765,-844.176,50000.000,0
12901,-1367.118,1098.176,50000.000,-1404.470,-1382.059,50000.000,0
12951,-1217.706,127.000,50000.000,-1957.294,-926.353,50000.000,0
13001,-1180.353,-896.471,50000.000,-1202.765,-732.118,50000.000,0
13051,-1150.470,-1651.000,50000.000,-1382.059,-836.706,50000.000,0
13101,-1359.647,-1397.000,50000.000,-403.412,-164.353,50000.000,0
13151,-1060.823,-844.176,50000.000,-433.294,-141.941,50000.000,0
13201,-649.941,-560.294,50000.000,0.000,0.000,50000.000,0
13251,-403.412,7.471,50001.000,-141.941,-44.824,50000.000,0
13301,-388.471,560.294,49999.000,-186.765,-52.294,50000.000,0
13351,-216.647,590.176,50000.000,-97.118,-194.235,50000.000,0
13401,-119.529,127.000,50000.000,-74.706,-149.412,50000.000,0
13451,-209.176,-179.294,50000.000,0.000,0.000,50000.000,0
13501,-209.176,-336.176,50000.000,0.000,0.000,50000.000,0
13551,-194.235,-194.235,50001.000,0.000,0.000,50000.000,0
13601,-82.176,67.235,49999.000,0.000,0.000,50000.000,0
13651,-29.882,276.412,50000.000,0.000,0.000,50000.000,0
13701,74.706,179.294,50000.000,0.000,0.000,50000.000,0
13751,231.588,37.353,50000.000,-7.471,0.000,50000.000,0
13801,171.824,22.412,50000.000,0.000,0.000,50000.000,0
13851,179.294,44.824,50000.000,44.824,29.882,50000.000,0
13901,194.235,-14.941,50000.000,29.882,0.000,50000.000,0
13951,201.706,-37.353,50001.000,7.471,0.000,50000.000,0
14001,164.353,112.059,49999.000,14.941,7.471,50000.000,0
14051,74.706,97.118,50000.000,119.529,-7.471,50000.000,0
14101,149.412,89.647,50000.000,171.824,-7.471,50000.000,0
14151,127.000,44.824,50000.000,97.118,29.882,50000.000,0
14201,104.588,37.353,50000.000,97.118,7.471,50000.000,0
14251,119.529,22.412,50000.000,82.176,-44.824,50000.000,0
14301,119.529,7.471,50000.000,22.412,-44.824,50000.000,0
14351,67.235,67.235,50000.000,14.941,7.471,50000.000,0
14401,89.647,104.588,50000.000,59.765,-14.941,50000.000,0
14451,74.706,14.941,50000.000,59.765,-22.412,50000.000,0
14501,89.647,-44.824,50000.000,14.941,-112.059,50000.000,0
14551,0.000,7.471,50000.000,29.882,-44.824,50000.000,0
14601,22.412,82.176,50001.000,37.353,14.941,50000.000,0
14651,59.765,59.765,49999.000,74.706,7.471,50000.000,0
14701,44.824,-29.882,50000.000,29.882,-89.647,50000.000,0
14751,0.000,-37.353,50000.000,-14.941,22.412,50000.000,0
14801,0.000,74.706,50000.000,7.471,52.294,50000.000,0
14851,67.235,52.294,50000.000,89.647,-89.647,50000.000,0
14901,67.235,-44.824,50001.000,29.882,-67.235,50000.000,0
14951,-37.353,-59.765,49999.000,-37.353,-14.941,50000.000,0
15001,-37.353,-97.118,50000.000,-97.118,-52.294,50000.000,0
15051,-119.529,44.824,50000.000,-127.000,112.059,50000.000,0
15101,-52.294,186.765,50000.000,37.353,22.412,50000.000,0
15151,44.824,44.824,50000.000,127.000,-141.941,50000.000,0
15201,-67.235,-82.176,50000.000,-112.059,0.000,50000.000,0
15251,-149.412,-22.412,50000.000,-164.353,0.000,50000.000,0
15301,-156.882,-22.412,50001.000,-134.471,7.471,50000.000,0
15351,-268.941,-224.118,49999.000,-276.412,-14.941,50000.000,0
15401,-747.059,-67.235,50000.000,-216.647,276.412,50000.000,0
15451,-1180.353,-209.176,50000.000,-455.706,829.235,50000.000,0
15501,-1546.412,-724.647,50000.000,-702.235,313.765,50000.000,0
15551,-1583.765,-911.412,50000.000,-1546.412,381.000,50000.000,0
15601,-1404.470,-463.176,50000.000,-545.353,-37.353,50000.000,0
15651,-1255.059,-239.059,50000.000,-1807.882,-1247.588,50000.000,0
15701,-575.235,246.529,50000.000,-918.882,-1314.823,50000.000,0
15751,-343.647,1531.470,50000.000,-97.118,-141.941,50000.000,0
15801,321.235,1546.412,50000.000,0.000,-7.471,50000.000,0
15851,298.824,530.412,50000.000,-37.353,-1299.882,50000.000,0
15901,732.118,-903.941,50000.000,0.000,-478.118,50000.000,0
15951,1023.471,-635.000,50000.000,0.000,-597.647,50000.000,0
16001,1397.000,537.882,50001.000,194.235,-1583.765,50000.000,0
16051,1232.647,709.706,49999.000,89.647,-537.882,50000.000,0
16101,537.882,717.176,50000.000,0.000,0.000,50000.000,0
16151,1195.294,1486.647,50000.000,313.765,-694.765,50000.000,0
16201,2256.117,1583.765,50000.000,276.412,-664.882,50000.000,0
16251,1942.353,978.647,50000.000,739.588,-1426.882,50000.000,0
16301,1890.059,1030.941,50000.000,119.529,-209.176,50000.000,0
16351,1748.118,903.941,50000.000,649.941,-358.588,50000.000,0
16401,1531.470,1538.941,50000.000,776.941,-545.353,50000.000,0
16451,1778.000,2465.294,50000.000,1030.941,-903.941,50000.000,0
16501,874.059,2136.588,50000.000,67.235,44.824,50000.000,0
16551,806.823,2106.706,50001.000,1337.235,926.353,50000.000,0
16601,1232.647,2159.000,49999.000,993.588,254.000,50000.000,0
16651,1299.882,2360.706,50000.000,14.941,7.471,50000.000,0
16701,941.294,3481.294,50001.000,246.529,343.647,50000.000,0
16751,1837.765,4616.823,49999.000,537.882,672.353,50000.000,0
16801,3130.176,4400.176,50000.000,881.529,747.059,50000.000,0
16851,4676.588,2562.412,50000.000,933.823,620.059,50000.000,0
16901,7380.941,1822.823,50000.000,896.471,-7.471,50000.000,0
16951,8464.176,4086.411,50000.000,859.118,44.824,50000.000,0
17001,8516.470,5535.706,50000.000,5617.882,2719.294,50000.000,0
17051,9069.294,6223.000,50000.000,6081.059,2405.529,50000.000,0
17101,11011.646,7455.646,50000.000,8591.176,1688.353,50000.000,0
17151,12356.353,7575.176,50000.000,8815.294,612.588,50000.000,0
17201,13857.940,7500.470,50000.000,6088.529,709.706,50000.000,0
17251,14238.940,8949.764,50000.000,8845.176,1815.353,50000.000,0
17301,17398.998,8464.176,50000.000,2883.647,455.706,50000.000,0
17351,17578.293,5729.941,50000.000,3107.764,186.765,50000.000,0
17401,15284.822,5356.412,50000.000,11706.411,1942.353,50000.000,0
17451,15366.999,7888.940,50000.000,9786.470,2689.412,50000.000,0
17501,15404.352,7351.058,50000.000,5050.117,1120.588,50000.000,0
17551,16808.822,7052.235,50000.000,7373.470,-298.824,50000.000,0
17601,20140.705,8942.294,50000.000,12438.528,-791.882,50000.000,0
17651,19423.527,10667.999,50000.000,18803.469,-261.471,50000.000,0
17701,19938.998,12378.764,50000.000,17398.998,179.294,50000.000,0
17751,27820.469,16046.822,50000.000,14343.528,-425.823,50000.000,0
17801,28253.764,14746.940,50001.000,24286.881,-1845.235,50000.000,0
17851,27573.939,13305.117,49999.000,24929.352,-2218.765,50000.000,0
17901,23666.822,9674.411,50000.000,13252.822,-1292.412,50000.000,0
17951,22986.998,8919.882,50000.000,3981.823,-351.118,50000.000,0
18001,22404.293,8718.176,50000.000,5408.706,7.471,50000.000,0
18051,23517.410,10197.353,50000.000,18810.939,-1180.353,50000.000,0
18101,29688.115,12378.764,50000.000,12102.353,-1740.647,50000.000,0
18151,26894.115,11825.940,50000.000,16793.881,-3757.706,50000.000,0
18201,26147.057,12281.646,50000.000,13021.234,-3040.529,50000.000,0
18251,28612.352,11452.411,50000.000,11803.528,-4594.412,50000.000,0
18301,25751.115,9375.588,50000.000,8568.764,-3712.882,50000.000,0
18351,23524.881,8254.999,50000.000,5864.411,-2398.059,50000.000,0
18401,23300.764,6738.470,50000.000,6529.293,-2614.706,50000.000,0
18451,23562.234,5535.706,50000.000,10264.588,-3899.647,50000.000,0
18501,21530.234,4930.588,50000.000,14306.176,-5483.412,50000.000,0
18551,22112.939,5401.235,50000.000,11923.058,-4848.412,50000.000,0
18601,22217.527,7911.353,50000.000,5475.941,-2726.764,50000.000,0
18651,20088.410,9980.705,50000.000,9308.353,-4669.117,50000.000,0
18701,19199.410,9427.882,50000.000,16980.646,-8038.353,50000.000,0
18751,19445.939,8889.999,50000.000,18123.646,-7806.764,50000.000,0
18801,18691.410,10511.117,50000.000,7522.882,-2756.647,50000.000,0
18851,17645.527,13013.764,50000.000,7590.117,-3040.529,50000.000,0
18901,19012.646,13603.940,50001.000,8703.234,-4228.353,50000.000,0
18951,19229.293,13088.470,49999.000,5685.117,-2801.470,50000.000,0
19001,18019.057,12961.470,50000.000,6731.000,-2211.294,50000.000,0
19051,19296.527,10630.646,50000.000,8516.470,-2689.412,50000.000,0
19101,20409.646,7194.176,50000.000,3705.412,-1919.941,50000.000,0
19151,17398.998,8643.470,50000.000,9457.764,-4377.765,50000.000,0
19201,16771.469,11325.411,50000.000,9510.059,-3496.235,50000.000,0
19251,19520.646,10107.705,50000.000,7821.706,-4332.941,50000.000,0
19301,20252.764,8001.000,50000.000,5655.235,-3832.412,50000.000,0
19351,19677.527,8613.588,50001.000,4609.353,-2741.706,50000.000,0
19401,15845.116,11317.940,49999.000,7328.646,-3496.235,50000.000,0
19451,15172.764,10720.293,50000.000,5886.823,-3279.588,50000.000,0
19501,18004.117,8875.059,50001.000,4713.941,-3578.412,50000.000,0
19551,18609.234,9136.528,49999.000,8852.646,-6454.588,50000.000,0
19601,17511.059,12326.470,50000.000,6036.235,-3660.588,50000.000,0
19651,16203.705,11616.764,50001.000,9046.882,-6738.470,50000.000,0
19701,17443.822,8202.705,49999.000,15725.587,-14836.587,50000.000,0
19751,18153.527,8501.529,50000.000,11489.764,-10936.940,50000.000,0
19801,16128.999,11967.882,50001.000,10862.234,-8411.882,50000.000,0
19851,16046.822,10630.646,49999.000,10294.470,-7971.117,50000.000,0
19901,17727.705,9435.353,50000.000,5812.117,-4564.529,50000.000,0
19951,16196.234,10623.176,50000.000,4840.941,-3055.470,50000.000,0
20001,13633.822,13252.822,50000.000,3033.059,-866.588,50000.000,0
20051,15195.176,13058.587,50000.000,3638.176,-717.176,50000.000,0
20101,15486.528,11093.823,50000.000,2024.529,-194.235,50000.000,0
20151,15792.822,11288.058,50000.000,4953.000,-171.824,50000.000,0
20201,16846.176,10376.646,50001.000,6432.176,89.647,50000.000,0
20251,16823.764,9173.882,49999.000,12662.646,1053.353,50000.000,0
20301,17144.998,9278.470,50000.000,16158.881,1277.470,50000.000,0
20351,17645.527,10145.059,50000.000,7209.117,268.941,50000.000,0
20401,19191.939,10204.823,50000.000,5251.823,-149.412,50000.000,0
20451,18317.881,11011.646,50000.000,5356.412,-97.118,50000.000,0
20501,20260.234,11728.822,50000.000,7627.470,149.412,50000.000,0
20551,21321.057,9241.117,50000.000,9263.528,-7.471,50000.000,0
20601,23875.998,10018.059,50000.000,18564.410,313.765,50000.000,0
20651,25407.469,13828.058,50001.000,14261.352,328.706,50000.000,0
20701,27506.703,14261.352,49999.000,24458.705,732.118,50000.000,0
20751,28836.469,11766.176,50000.000,19856.822,-799.353,50000.000,0
20801,30808.703,9256.059,50001.000,14044.705,-2032.000,50000.000,0
20851,27514.174,7239.000,49999.000,15874.999,-1972.235,50000.000,0
20901,24637.998,6170.706,50000.000,11243.234,-754.529,50000.000,0
20951,22986.998,7164.293,50000.000,20872.822,-1621.118,50000.000,0
21001,25474.705,6902.823,50000.000,22964.586,-3570.941,50000.000,0
21051,28941.057,6985.000,50000.000,8934.823,-1830.294,50000.000,0
21101,30681.703,8464.176,50001.000,6731.000,-1277.470,50000.000,0
21151,30442.645,8927.353,49999.000,13760.822,-2935.941,50000.000,0
21201,31428.762,7933.764,50000.000,12916.646,-2794.000,50000.000,0
21251,29703.057,5819.588,50000.000,9793.940,-1688.353,50000.000,0
21301,28365.822,4407.647,50000.000,16771.469,-3167.529,50000.000,0
21351,25683.881,5401.235,50000.000,11235.764,-1651.000,50000.000,0
21401,23988.057,7141.882,50000.000,8195.234,-1008.529,50000.000,0
21451,28948.527,8643.470,50000.000,9734.176,-2039.470,50000.000,0
21501,28664.645,8352.117,50000.000,10451.353,-2540.000,50000.000,0
21551,30166.232,10346.764,50000.000,17473.705,-3727.823,50000.000,0
21601,28597.410,9539.940,50000.000,13439.587,-3182.470,50000.000,0
21651,29247.352,8546.353,50000.000,7522.882,-1807.882,50000.000,0
21701,26916.527,7948.706,50000.000,15949.705,-3167.529,50000.000,0
21751,23666.822,5640.294,50000.000,15568.705,-2166.470,50000.000,0
21801,22762.881,6633.882,50000.000,12953.999,-1053.353,50000.000,0
21851,22553.705,8860.117,50000.000,11048.999,-1105.647,50000.000,0
21901,23681.764,9816.353,50000.000,6477.000,-1068.294,50000.000,0
21951,23943.234,12797.117,50000.000,3623.235,-261.471,50000.000,0
22001,24316.764,13618.882,50000.000,6058.646,-268.941,50000.000,0
22051,24630.527,13506.822,50000.000,18198.352,-1113.118,50000.000,0
22101,26468.293,13297.646,50000.000,20095.881,-1255.059,50000.000,0
22151,26767.115,12804.587,50000.000,19580.410,-1045.882,50000.000,0
22201,26640.115,12251.764,50000.000,10032.999,-747.059,50000.000,0
22251,24884.527,8695.764,50000.000,8807.823,-791.882,50000.000,0
22301,26520.586,7739.529,50000.000,14552.705,-649.941,50000.000,0
22351,26020.057,8710.705,50000.000,22172.705,-52.294,50000.000,0
22401,26841.822,11183.470,50000.000,6656.293,-134.471,50000.000,0
22451,29628.352,11459.882,50000.000,13006.293,-866.588,50000.000,0
22501,29165.174,9233.646,50000.000,22142.822,-2173.941,50000.000,0
22551,30756.410,11915.588,50001.000,15964.646,-2263.588,50000.000,0
22601,29247.352,13080.999,49999.000,16509.998,-2136.588,50000.000,0
22651,30188.645,11422.528,50000.000,24854.645,-4235.823,50000.000,0
22701,30390.352,9233.646,50000.000,13222.940,-2629.647,50000.000,0
22751,29792.703,10384.117,50000.000,9764.059,-1195.294,50000.000,0
22801,29553.645,12580.470,50000.000,9539.940,-806.823,50000.000,0
22851,32638.998,14336.058,50000.000,14238.940,-2338.294,50000.000,0
22901,34222.762,13506.822,50000.000,17892.057,-3227.294,50000.000,0
22951,30360.469,12423.587,50000.000,19886.705,-2756.647,50000.000,0
23001,32482.115,15643.411,50000.000,12856.882,-1598.706,50000.000,0
23051,30196.115,14836.587,50000.000,6133.353,-657.412,50000.000,0
23101,30592.057,12109.822,50001.000,7089.588,-1090.706,50000.000,0
23151,30128.881,8001.000,49999.000,13798.176,-2554.941,50000.000,0
23201,28933.586,8396.940,50000.000,17690.352,-1718.235,50000.000,0
23251,29919.703,11698.940,50000.000,14052.176,-1591.235,50000.000,0
23301,31869.527,10085.293,50000.000,13424.646,-2532.529,50000.000,0
23351,30300.703,7627.470,50000.000,17167.410,-4101.353,50000.000,0
23401,30726.527,7717.117,50001.000,21791.705,-5162.176,50000.000,0
23451,31428.762,8053.293,49999.000,23233.527,-6036.235,50000.000,0
23501,31495.998,5139.764,50000.000,10675.470,-2704.353,50000.000,0
23551,32624.057,2547.470,50000.000,10981.764,-2644.588,50000.000,0
23601,27992.293,6424.706,50000.000,4086.411,-336.176,50000.000,0
23651,26132.115,10227.234,50001.000,5588.000,-605.118,50000.000,0
23701,28828.998,9368.117,49999.000,5281.706,-1284.941,50000.000,0
23751,29284.703,7074.646,50000.000,7941.235,-4168.588,50000.000,0
23801,27618.764,9136.528,50000.000,15210.116,-4370.294,50000.000,0
23851,24824.764,12281.646,50000.000,4116.294,-776.941,50000.000,0
23901,25885.586,13551.646,50000.000,9442.823,-799.353,50000.000,0
23951,25975.234,12707.470,50000.000,11594.353,-1128.059,50000.000,0
24001,29523.764,12953.999,50001.000,7567.706,-881.529,50000.000,0
24051,27021.115,9734.176,49999.000,14731.999,-1553.882,50000.000,0
24101,24951.764,9002.059,50000.000,18190.881,-1202.765,50000.000,0
24151,24750.057,10645.588,50000.000,17578.293,-194.235,50000.000,0
24201,25071.293,11034.058,50000.000,10070.353,-1060.823,50000.000,0
24251,29015.764,9166.411,50000.000,27790.586,-5969.000,50000.000,0
24301,27260.174,9248.588,50001.000,20529.176,-5752.353,50000.000,0
24351,27895.174,13439.587,49999.000,10301.940,-1867.647,50000.000,0
24401,30420.232,14903.822,50000.000,14664.764,-1748.118,50000.000,0
24451,33019.996,12804.587,50001.000,8553.823,-1292.412,50000.000,0
24501,30345.527,10899.588,50000.000,11041.528,-2024.529,50000.000,0
24551,30472.527,7963.646,49999.000,17974.234,-3653.117,50000.000,0
24601,28515.232,5326.529,50001.000,18497.176,-2965.823,50000.000,0
24651,26423.469,6835.588,49999.000,11773.646,-1621.118,50000.000,0
24701,27827.939,12789.646,50000.000,3324.412,-418.353,50000.000,0
24751,29090.469,13678.646,50000.000,6447.117,-1016.000,50000.000,0
24801,29411.703,13790.705,50000.000,6850.529,-1187.823,50000.000,0
24851,32377.527,15889.940,50000.000,13820.587,-1748.118,50000.000,0
24901,31114.998,16001.999,50001.000,14179.176,-1397.000,50000.000,0
24951,29867.410,14597.528,49999.000,20760.764,-2032.000,50000.000,0
25001,33654.996,15568.705,50000.000,11534.588,-1651.000,50000.000,0
25051,31309.232,13566.587,50000.000,14223.999,-1912.470,50000.000,0
25101,27820.469,8830.234,50000.000,12528.176,-2084.294,50000.000,0
25151,28657.174,4654.176,50000.000,6006.353,-971.176,50000.000,0
25201,24854.645,4049.059,50000.000,7552.764,-388.471,50000.000,0
25251,22247.410,8292.353,50000.000,5573.059,-104.588,50000.000,0
25301,27417.057,11019.117,50000.000,6036.235,-321.235,50000.000,0
25351,31040.293,10369.176,50000.000,9547.411,-1157.941,50000.000,0
25401,28052.057,7978.588,50000.000,14216.528,-2271.059,50000.000,0
25451,29717.998,7747.000,50000.000,7784.353,-1337.235,50000.000,0
25501,29299.645,6947.646,50000.000,9674.411,-1770.529,50000.000,0
25551,27155.586,7119.470,50001.000,6320.117,-1068.294,50000.000,0
25601,28724.410,6148.294,49999.000,5842.000,-1105.647,50000.000,0
25651,30681.703,4168.588,50000.000,7433.235,-1240.118,50000.000,0
25701,27155.586,2823.882,50001.000,7963.646,-903.941,50000.000,0
25751,25930.410,4564.529,49999.000,10563.411,-530.412,50000.000,0
25801,24451.234,7306.235,50000.000,17869.646,-1725.706,50000.000,0
25851,28216.410,6237.941,50000.000,13596.470,-2973.294,50000.000,0
25901,28619.822,4684.059,50000.000,12856.882,-4138.706,50000.000,0
25951,26572.881,6364.941,50000.000,12378.764,-4034.117,50000.000,0
26001,25609.174,6760.882,50000.000,5670.176,-1792.941,50000.000,0
26051,27058.469,7328.646,50000.000,9928.411,-2704.353,50000.000,0
26101,27065.939,4661.647,50000.000,12236.822,-3996.764,50000.000,0
26151,30278.293,4967.941,50001.000,4430.059,-1374.588,50000.000,0
26201,25863.174,4086.411,49999.000,9158.940,-1912.470,50000.000,0
26251,23629.469,7171.764,50000.000,20902.705,-2203.823,50000.000,0
26301,24764.998,9256.059,50000.000,8733.117,-1090.706,50000.000,0
26351,26871.703,8389.470,50000.000,6850.529,-1651.000,50000.000,0
26401,26363.703,8113.058,50000.000,1337.235,-366.059,50000.000,0
26451,27140.645,9196.294,50000.000,2965.823,-605.118,50000.000,0
26501,27798.057,10638.117,50000.000,4482.353,-649.941,50000.000,0
26551,30136.352,12079.940,50000.000,6775.823,-1008.529,50000.000,0
26601,30502.410,9861.176,50000.000,2465.294,-463.176,50000.000,0
26651,28806.586,6193.117,50001.000,14702.116,-3257.176,50000.000,0
26701,26879.174,3309.470,49999.000,16539.881,-3227.294,50000.000,0
26751,24406.410,4512.235,50000.000,10899.588,-903.941,50000.000,0
26801,22516.352,6783.293,50000.000,21179.117,-2487.706,50000.000,0
26851,23696.705,8262.470,50000.000,17361.646,-4049.059,50000.000,0
26901,24518.469,9599.705,50000.000,14866.470,-3429.000,50000.000,0
26951,28223.881,11766.176,50001.000,17361.646,-2681.941,50000.000,0
27001,28186.527,9883.588,49999.000,7470.588,-836.706,50000.000,0
27051,25123.586,6469.529,50000.000,4407.647,-694.765,50000.000,0
27101,25788.469,6267.823,50000.000,14903.822,-1733.176,50000.000,0
27151,26430.939,5543.176,50000.000,18086.293,-1860.176,50000.000,0
27201,29971.998,2801.470,50000.000,2921.000,-395.941,50000.000,0
27251,30173.703,739.588,50000.000,3018.117,-455.706,50000.000,0
27301,22411.764,2173.941,50000.000,2039.470,-104.588,50000.000,0
27351,17839.764,5954.059,50000.000,4459.941,-560.294,50000.000,0
27401,23293.293,9024.470,50000.000,21769.293,-3346.823,50000.000,0
27451,26692.410,7171.764,50000.000,10346.764,-2794.000,50000.000,0
27501,28171.586,4078.941,50000.000,5692.588,-1800.412,50000.000,0
27551,26983.764,5012.764,50000.000,15098.058,-2188.882,50000.000,0
27601,26796.998,7388.411,50000.000,15703.176,-3623.235,50000.000,0
27651,23255.939,9114.117,50000.000,13402.234,-1792.941,50000.000,0
27701,23480.057,7298.764,50000.000,14201.587,-1651.000,50000.000,0
27751,21350.939,5020.235,50000.000,4997.823,-291.353,50000.000,0
27801,22292.234,7164.293,50000.000,10406.528,-67.235,50000.000,0
27851,21477.939,8523.940,50000.000,12072.470,-306.294,50000.000,0
27901,24809.822,7007.411,50001.000,13312.587,-1516.529,50000.000,0
27951,27073.410,6021.294,49999.000,2644.588,-388.471,50000.000,0
28001,26722.293,4945.529,50000.000,5094.941,-881.529,50000.000,0
28051,28425.586,5767.294,50000.000,11295.528,-2928.470,50000.000,0
28101,28739.352,7612.529,50000.000,16786.410,-3645.647,50000.000,0
28151,28530.174,6110.941,50000.000,7470.588,-1538.941,50000.000,0
28201,28918.645,4078.941,50000.000,15546.293,-4153.647,50000.000,0
28251,28313.527,4213.412,50001.000,5588.000,-1807.882,50000.000,0
28301,26894.115,7014.882,50000.000,6977.529,-2315.882,50000.000,0
28351,27962.410,8964.705,49999.000,6641.353,-2517.588,50000.000,0
28401,28978.410,8830.234,50000.000,2935.941,-1225.176,50000.000,0
28451,31137.410,11108.764,50001.000,5707.529,-2547.470,50000.000,0
28501,31204.645,11011.646,49999.000,16278.411,-6902.823,50000.000,0
28551,28821.527,10115.176,50000.000,12333.940,-5132.294,50000.000,0
28601,28627.293,11407.588,50000.000,11624.234,-5177.117,50000.000,0
28651,28096.881,12677.587,50000.000,17092.705,-8531.411,50000.000,0
28701,26625.174,14597.528,50000.000,2487.706,-1180.353,50000.000,0
28751,28672.115,16143.940,50000.000,1822.823,-649.941,50000.000,0
28801,31966.645,16330.705,50001.000,5550.646,-2076.823,50000.000,0
28851,31936.762,15075.646,49999.000,14448.116,-5416.176,50000.000,0
28901,31271.881,13559.117,50000.000,12057.528,-5363.882,50000.000,0
28951,32048.822,13813.117,50000.000,8979.646,-4863.353,50000.000,0
29001,30756.410,13290.176,50001.000,13745.882,-7224.058,50000.000,0
29051,32384.998,16457.705,49999.000,12849.411,-5483.412,50000.000,0
29101,32616.586,18624.176,50000.000,18370.176,-5625.353,50000.000,0
29151,31899.410,18586.822,50000.000,17735.176,-4220.882,50000.000,0
29201,28261.232,15337.116,50000.000,7657.353,-1546.412,50000.000,0
29251,31331.645,15366.999,50000.000,13110.882,-4631.764,50000.000,0
29301,34372.176,16188.764,50000.000,13999.882,-5916.706,50000.000,0
29351,31839.645,16390.469,50000.000,15598.587,-6058.646,50000.000,0
29401,31697.703,16958.234,50000.000,9106.646,-3331.882,50000.000,0
29451,30382.881,14806.705,50000.000,10720.293,-3914.588,50000.000,0
29501,31951.703,14186.646,50001.000,7052.235,-3055.470,50000.000,0
29551,32967.703,15919.822,49999.000,5035.176,-2136.588,50000.000,0
29601,33117.117,17600.705,50000.000,5020.235,-2002.118,50000.000,0
29651,34379.645,18228.234,50000.000,12841.940,-5438.588,50000.000,0
29701,32945.293,18205.822,50000.000,14971.058,-5177.117,50000.000,0
29751,30883.410,18302.939,50000.000,15068.176,-4318.000,50000.000,0
29801,28328.469,16622.059,50000.000,7201.646,-2046.941,50000.000,0
29851,31212.115,17690.352,50001.000,4116.294,-1150.470,50000.000,0
29901,31503.469,17765.059,49999.000,14253.882,-3406.588,50000.000,0
29951,31817.232,18489.705,50000.000,11758.705,-2487.706,50000.000,0
30001,31622.998,18639.117,50000.000,13140.764,-2061.882,50000.000,0
30051,30001.881,18444.881,50000.000,16502.527,-1688.353,50000.000,0
30101,30285.762,19468.352,50000.000,12767.234,-709.706,50000.000,0
30151,27170.527,18198.352,50000.000,17899.527,-493.059,50000.000,0
30201,28851.410,17384.059,50001.000,15792.822,-336.176,50000.000,0
30251,27902.645,15807.764,49999.000,6708.588,-276.412,50000.000,0
30301,30606.998,16300.822,50000.000,10921.999,-769.471,50000.000,0
30351,33565.352,14896.352,50000.000,6043.706,-321.235,50000.000,0
30401,30255.881,14328.587,50000.000,13260.293,-642.471,50000.000,0
30451,32795.879,15098.058,50000.000,11855.822,-2032.000,50000.000,0
30501,33923.938,15837.646,50000.000,14649.822,-4265.706,50000.000,0
30551,33931.410,16636.998,50000.000,9726.705,-3100.294,50000.000,0
30601,32691.291,16472.646,50000.000,5759.823,-1748.118,50000.000,0
30651,30928.232,14253.882,50000.000,11228.293,-3152.588,50000.000,0
30701,31712.645,14545.234,50000.000,15606.058,-3481.294,50000.000,0
30751,31159.822,14687.176,50000.000,13491.882,-2741.706,50000.000,0
30801,31383.939,14873.940,50000.000,19916.586,-4870.823,50000.000,0
30851,32362.586,14941.176,50000.000,14156.764,-4108.823,50000.000,0
30901,31092.586,13813.117,50000.000,13992.411,-4489.823,50000.000,0
30951,31197.174,14141.822,50000.000,12408.646,-4198.470,50000.000,0
31001,31241.998,12789.646,50000.000,9375.588,-3443.941,50000.000,0
31051,29583.527,12132.234,50000.000,7343.588,-2592.294,50000.000,0
31101,30621.939,15045.764,50000.000,4064.000,-1434.353,50000.000,0
31151,32833.234,16517.469,50000.000,5453.529,-2218.765,50000.000,0
31201,32026.410,15501.470,50000.000,11579.411,-4945.529,50000.000,0
31251,30166.232,14164.234,50000.000,19782.117,-7806.764,50000.000,0
31301,30547.232,14679.705,50000.000,13708.528,-5558.117,50000.000,0
31351,31652.881,12423.587,50000.000,10772.588,-4235.823,50000.000,0
31401,27925.057,8329.705,50000.000,5834.529,-2278.529,50000.000,0
31451,25922.939,6708.588,50000.000,11280.588,-4437.529,50000.000,0
31501,26445.881,7507.940,50001.000,7313.706,-3115.235,50000.000,0
31551,28537.645,9547.411,49999.000,12124.764,-5042.646,50000.000,0
31601,28739.352,12699.999,50000.000,9793.940,-3145.117,50000.000,0
31651,29127.822,13693.587,50001.000,20588.939,-7298.764,50000.000,0
31701,26886.645,13230.411,49999.000,24764.998,-7448.176,50000.000,0
31751,24906.939,12565.528,50000.000,23532.352,-4019.176,50000.000,0
31801,23427.764,12416.117,50000.000,20036.117,-2562.412,50000.000,0
31851,23659.352,12946.528,50000.000,8650.940,-1426.882,50000.000,0
31901,28037.115,14933.705,50000.000,13566.587,-3070.412,50000.000,0
31951,29897.293,16786.410,50000.000,6491.941,-1994.647,50000.000,0
32001,24794.881,15718.116,50001.000,9696.823,-2009.588,50000.000,0
32051,26647.586,18138.588,49999.000,17667.939,-1680.882,50000.000,0
32101,32138.469,18810.939,50000.000,19655.117,-2607.235,50000.000,0
32151,33475.703,18265.588,50000.000,12520.705,-1822.823,50000.000,0
32201,30763.881,15994.528,50001.000,17802.410,-2323.353,50000.000,0
32251,26938.939,14440.646,49999.000,15075.646,-2136.588,50000.000,0
32301,27065.939,13051.117,50000.000,18893.117,-3182.470,50000.000,0
32351,27969.881,13925.176,50001.000,17951.822,-2808.941,50000.000,0
32401,31921.822,17234.646,50000.000,12632.764,-2383.117,50000.000,0
32451,34013.586,17981.705,49999.000,18728.764,-3451.412,50000.000,0
32501,33811.879,18086.293,50000.000,27872.764,-6439.646,50000.000,0
32551,32392.469,15889.940,50001.000,33438.352,-8792.882,50000.000,0
32601,30846.057,13103.411,49999.000,22665.764,-6185.646,50000.000,0
32651,28806.586,12602.882,50000.000,4930.588,-709.706,50000.000,0
32701,30681.703,16039.352,50000.000,12117.293,-1262.529,50000.000,0
32751,35276.117,17712.764,50000.000,22187.646,-4654.176,50000.000,0
32801,36180.055,19035.057,50000.000,17413.939,-4684.059,50000.000,0
32851,36598.410,20417.117,50000.000,19938.998,-4572.000,50000.000,0
32901,37054.113,19782.117,50000.000,19229.293,-3391.647,50000.000,0
32951,32452.232,17436.352,50001.000,14627.411,-2689.412,50000.000,0
33001,32638.998,16405.410,49999.000,8725.646,-2054.412,50000.000,0
33051,32041.352,15075.646,50000.000,9928.411,-3780.117,50000.000,0
33101,32325.232,15464.116,50000.000,11415.058,-3399.117,50000.000,0
33151,32982.645,16472.646,50001.000,11863.293,-4392.706,50000.000,0
33201,34103.234,16173.822,49999.000,14283.764,-5461.000,50000.000,0
33251,33871.645,16248.528,50000.000,26348.764,-9577.294,50000.000,0
33301,33707.293,14223.999,50000.000,34267.586,-13499.352,50000.000,0
33351,32751.057,15919.822,50000.000,18900.588,-8030.882,50000.000,0
33401,34013.586,19528.117,50000.000,5513.294,-2218.765,50000.000,0
33451,36351.879,19281.588,50000.000,4093.882,-1710.765,50000.000,0
33501,36956.996,20783.176,50001.000,6701.117,-2091.765,50000.000,0
33551,35373.234,20110.822,49999.000,18997.705,-5042.646,50000.000,0
33601,37166.176,20880.293,50000.000,20775.705,-5871.882,50000.000,0
33651,37435.113,20387.234,50000.000,13013.764,-3219.823,50000.000,0
33701,30382.881,18646.588,50000.000,16450.234,-2846.294,50000.000,0
33751,28746.822,17540.939,50000.000,16480.117,-2495.176,50000.000,0
33801,30943.174,17354.176,50000.000,16853.646,-2532.529,50000.000,0
33851,32474.645,18302.939,50001.000,18429.939,-2495.176,50000.000,0
33901,32840.703,18706.352,49999.000,21201.527,-3316.941,50000.000,0
33951,34812.938,19020.117,50000.000,21567.586,-4258.235,50000.000,0
34001,34342.293,17981.705,50000.000,30599.527,-6596.529,50000.000,0
34051,33781.996,18347.764,50001.000,34431.938,-9151.470,50000.000,0
34101,33856.703,18721.293,49999.000,12819.528,-3137.647,50000.000,0
34151,35985.820,20588.939,50000.000,2816.412,-560.294,50000.000,0
34201,38779.820,22307.176,50001.000,6208.059,-1090.706,50000.000,0
34251,37539.703,19849.352,50000.000,16151.411,-2099.235,50000.000,0
34301,37345.469,19707.410,49999.000,22501.410,-2420.470,50000.000,0
34351,37890.820,19834.410,50000.000,14059.646,-1912.470,50000.000,0
34401,35858.820,18900.588,50001.000,14731.999,-1658.470,50000.000,0
34451,31361.527,15606.058,49999.000,13969.999,-1912.470,50000.000,0
34501,31458.645,12221.882,50000.000,11654.117,-2756.647,50000.000,0
34551,32907.938,11915.588,50000.000,21799.176,-5468.470,50000.000,0
34601,31884.469,13409.705,50001.000,22986.998,-4549.588,50000.000,0
34651,31451.174,12879.293,49999.000,25011.527,-6036.235,50000.000,0
34701,32138.469,12199.470,50000.000,31316.703,-9726.705,50000.000,0
34751,32384.998,14052.176,50000.000,27095.822,-8381.999,50000.000,0
34801,31301.762,15688.234,50001.000,29830.057,-8262.470,50000.000,0
34851,31876.998,16330.705,49999.000,12625.293,-3212.353,50000.000,0
34901,35253.703,18609.234,50000.000,7896.411,-1778.000,50000.000,0
34951,35866.293,19632.705,50000.000,7545.293,-1397.000,50000.000,0
35001,35582.410,20267.705,50000.000,16241.058,-3541.059,50000.000,0
35051,35462.879,20551.586,50000.000,26647.586,-2898.588,50000.000,0
35101,36882.293,20200.469,50000.000,20895.234,-1636.059,50000.000,0
35151,32713.703,19005.176,50001.000,11594.353,-1292.412,50000.000,0
35201,28552.586,15352.058,49999.000,10690.411,-1359.647,50000.000,0
35251,30293.232,13715.999,50000.000,15068.176,-2921.000,50000.000,0
35301,31593.115,12296.588,50000.000,19991.293,-4601.882,50000.000,0
35351,29486.410,12901.705,50001.000,15994.528,-4228.353,50000.000,0
35401,30987.998,14903.822,49999.000,11848.353,-3384.176,50000.000,0
35451,30054.174,15090.587,50000.000,15060.705,-4340.412,50000.000,0
35501,29351.939,14089.528,50000.000,29344.469,-8202.705,50000.000,0
35551,28193.998,12572.999,50000.000,23121.469,-5871.882,50000.000,0
35601,29717.998,12453.470,50000.000,12729.882,-2569.882,50000.000,0
35651,29859.939,10010.588,50000.000,7829.176,-1232.647,50000.000,0
35701,32213.174,10496.176,50000.000,3526.117,-485.588,50000.000,0
35751,29172.645,12782.176,50000.000,13947.587,-1434.353,50000.000,0
35801,31466.115,15845.116,50000.000,19005.176,-2771.588,50000.000,0
35851,35320.938,16629.527,50000.000,16472.646,-3331.882,50000.000,0
35901,30562.174,14537.764,50000.000,13357.411,-2525.059,50000.000,0
35951,30584.586,13357.411,50000.000,15135.411,-4235.823,50000.000,0
36001,29553.645,9248.588,50000.000,14844.058,-4564.529,50000.000,0
36051,26535.527,8904.940,50000.000,16524.939,-3720.353,50000.000,0
36101,27842.881,10309.411,50000.000,20454.469,-2741.706,50000.000,0
36151,27200.410,11564.470,50000.000,15396.881,-1755.588,50000.000,0
36201,28238.822,9898.528,50000.000,14821.646,-4803.588,50000.000,0
36251,30577.115,8142.940,50000.000,32482.115,-14717.058,50000.000,0
36301,25160.939,9734.176,50000.000,14896.352,-6947.646,50000.000,0
36351,28754.293,15889.940,50000.000,14672.234,-3675.529,50000.000,0
36401,25497.115,16031.881,50000.000,15374.470,-3137.647,50000.000,0
36451,30509.881,16681.822,50000.000,26625.174,-7380.941,50000.000,0
36501,33826.820,16696.764,50000.000,15464.116,-4542.117,50000.000,0
36551,28993.352,15441.705,50000.000,9233.646,-1277.470,50000.000,0
36601,28403.174,14492.940,50000.000,12782.176,-2046.941,50000.000,0
36651,27790.586,12281.646,50001.000,15120.470,-2614.706,50000.000,1
36701,27118.234,13312.587,50000.000,20245.293,-3929.529,50000.000,1
36751,28298.586,13603.940,49999.000,13514.293,-2816.412,50000.000,0
36801,28253.764,12057.528,50000.000,7358.529,-2233.706,50000.000,0
36851,29904.762,11937.999,50001.000,10996.705,-3600.823,50000.000,0
36901,26669.998,11444.940,49999.000,17832.293,-5027.706,50000.000,0
36951,26804.469,11616.764,50000.000,16450.234,-4699.000,50000.000,0
37001,29269.764,11594.353,50000.000,15098.058,-4661.647,50000.000,0
37051,29471.469,15284.822,50000.000,14283.764,-4310.529,50000.000,0
37101,30255.881,16106.587,50000.000,27484.293,-7575.176,50000.000,0
37151,30255.881,16509.998,50000.000,26841.822,-6723.529,50000.000,0
37201,28291.115,16801.352,50000.000,15217.587,-3421.529,50000.000,0
37251,27812.998,16390.469,50000.000,21156.705,-5356.412,50000.000,0
37301,31047.762,17667.939,50000.000,10615.705,-2375.647,50000.000,0
37351,29351.939,17802.410,50000.000,7888.940,-635.000,50000.000,0
37401,33072.293,19744.764,50000.000,18990.234,-1255.059,50000.000,0
37451,30121.410,17645.527,50000.000,22030.764,-769.471,50000.000,0
37501,30278.293,15733.058,50000.000,19154.588,-515.471,50000.000,0
37551,28231.352,13140.764,50000.000,10608.234,-336.176,50000.000,0
37601,29732.939,13701.058,50001.000,9943.353,-186.765,50000.000,0
37651,30181.174,14597.528,49999.000,8710.705,-291.353,50000.000,0
37701,31563.232,13760.822,50000.000,16831.234,-1001.059,50000.000,0
37751,32751.057,16143.940,50000.000,20827.998,-1643.529,50000.000,0
37801,34006.117,16360.587,50001.000,13723.470,-1389.529,50000.000,0
37851,33468.234,14470.528,49999.000,15673.293,-2218.765,50000.000,0
37901,32392.469,14104.470,50000.000,29658.232,-5453.529,50000.000,0
37951,31503.469,11945.470,50000.000,30614.469,-6536.764,50000.000,0
38001,31249.469,10197.353,50000.000,16823.764,-2427.941,50000.000,0
38051,30853.527,10257.117,50000.000,16659.410,-1568.823,50000.000,0
38101,32952.762,13484.411,50000.000,12064.999,-747.059,50000.000,0
38151,33774.527,11340.353,50000.000,16315.764,-1389.529,50000.000,0
38201,31914.352,11280.588,50000.000,19797.057,-2480.235,50000.000,0
38251,33834.293,11945.470,50000.000,17264.527,-2577.353,50000.000,0
38301,30719.057,14336.058,50000.000,16599.646,-2211.294,50000.000,0
38351,29830.057,6103.470,50000.000,12849.411,-2644.588,50000.000,0
38401,31749.998,5550.646,50000.000,13947.587,-4064.000,50000.000,0
38451,29688.115,6529.293,50000.000,18362.705,-4168.588,50000.000,0
38501,32138.469,5244.353,50000.000,14836.587,-3541.059,50000.000,0
38551,29396.764,2674.470,50000.000,16980.646,-3399.117,50000.000,0
38601,29165.174,6275.293,50000.000,16622.059,-3892.176,50000.000,0
38651,30786.293,2599.765,50000.000,32243.057,-8957.234,50000.000,0
38701,30472.527,5326.529,50000.000,20230.352,-6320.117,50000.000,0
38751,31466.115,10174.940,50000.000,17511.059,-5490.882,50000.000,0
38801,33229.176,10010.588,50000.000,14119.411,-5050.117,50000.000,0
38851,32302.822,9360.646,50000.000,15322.176,-5207.000,50000.000,0
38901,33879.117,8531.411,50000.000,9278.470,-3055.470,50000.000,0
38951,33468.234,9330.764,50000.000,10346.764,-3257.176,50000.000,0
39001,30763.881,8904.940,50000.000,16181.293,-4751.294,50000.000,0
39051,31959.174,9069.294,50000.000,14993.470,-3645.647,50000.000,0
39101,29187.586,7380.941,50000.000,9524.999,-2764.117,50000.000,0
39151,31062.703,6985.000,50000.000,9846.234,-3130.176,50000.000,0
39201,27835.410,5640.294,50000.000,13275.234,-3070.412,50000.000,0
39251,27857.822,5871.882,50000.000,6305.176,-1516.529,50000.000,0
39301,26049.939,5035.176,50000.000,10436.411,-3421.529,50000.000,0
39351,26206.822,5804.646,50000.000,15830.176,-5715.000,50000.000,0
39401,25616.645,5416.176,50000.000,13297.646,-4713.941,50000.000,0
39451,25041.410,5834.529,50000.000,20200.469,-8254.999,50000.000,0
39501,27073.410,3750.235,50000.000,24563.293,-10526.059,50000.000,0
39551,27275.115,1217.706,50000.000,19991.293,-9114.117,50000.000,0
39601,24899.469,-104.588,50000.000,13222.940,-5931.646,50000.000,0
39651,24570.764,-156.882,50000.000,11108.764,-4586.941,50000.000,0
39701,27043.527,59.765,50000.000,12214.411,-4467.412,50001.000,0
39751,23973.115,1367.118,50000.000,11168.528,-3772.647,50001.000,0
39801,22202.586,3279.588,50000.000,7784.353,-2965.823,50000.000,0
39851,21978.469,4900.706,50000.000,4594.412,-2218.765,50000.000,0
39901,22008.352,6917.764,50000.000,5102.412,-2510.117,50000.000,0
39951,20133.234,7971.117,50000.000,11011.646,-4781.176,50000.000,0
40001,21462.998,7702.176,50000.000,8613.588,-4004.235,50000.000,0
40051,21343.469,7343.588,50000.000,8658.411,-4071.470,50000.000,0
40101,21918.705,7941.235,50000.000,8090.646,-3458.882,50000.000,0
40151,20133.234,8688.294,50001.000,10593.293,-3585.882,50000.000,0
40201,17391.527,8501.529,49999.000,14276.293,-1733.176,50000.000,0
40251,16524.939,8837.705,50000.000,14261.352,508.000,50000.000,0
40301,18616.705,8695.764,50000.000,9151.470,-515.471,50000.000,0
40351,21052.117,6073.588,50001.000,10301.940,-2435.412,50000.000,0
40401,19714.881,4893.235,49999.000,9778.999,-2450.353,50000.000,0
40451,19229.293,7231.529,50000.000,8426.823,-1016.000,50000.000,0
40501,20192.998,8591.176,50000.000,16397.939,-1277.470,50000.000,0
40551,21089.469,6910.293,50000.000,23748.998,-5558.117,50000.000,0
40601,20880.293,4736.353,50000.000,18295.469,-6760.882,50000.000,0
40651,21470.469,5797.176,50000.000,15449.176,-5251.823,50000.000,0
40701,20439.527,5423.646,50000.000,20573.998,-7268.882,50000.000,0
40751,20491.822,4803.588,50000.000,11437.470,-4101.353,50000.000,0
40801,22464.057,3989.294,50000.000,4452.470,-1479.176,50000.000,0
40851,24055.293,4093.882,50000.000,3907.117,-1030.941,50000.000,0
40901,20559.057,6342.529,50000.000,7209.117,-1314.823,50000.000,0
40951,19408.588,8187.764,50000.000,9569.823,-3294.529,50000.000,0
41001,21276.234,9076.764,50000.000,12871.822,-4071.470,50000.000,0
41051,19408.588,8867.588,50000.000,14956.116,-3727.823,50000.000,0
41101,20730.881,9510.059,50000.000,15329.646,-3107.764,50000.000,0
41151,18863.234,8240.059,50000.000,14829.116,-3638.176,50000.000,0
41201,20155.646,7866.529,50000.000,12699.999,-3533.588,50000.000,0
41251,21530.234,9099.176,50001.000,8972.176,-1770.529,50000.000,0
41301,20566.527,5879.353,49999.000,8725.646,-2196.353,50000.000,0
41351,20192.998,5304.117,50000.000,7298.764,-2136.588,50000.000,0
41401,20043.586,7313.706,50000.000,10697.882,-3055.470,50000.000,0
41451,19871.764,7313.706,50000.000,9151.470,-3615.764,50000.000,0
41501,21492.881,8090.646,50000.000,8867.588,-3824.941,50000.000,0
41551,21851.469,7806.764,50000.000,8538.882,-3197.412,50000.000,0
41601,20910.176,6775.823,50000.000,19378.705,-6992.470,50000.000,0
41651,20671.117,4011.706,50000.000,20140.705,-8254.999,50000.000,0
41701,22837.586,1113.118,50000.000,17540.939,-8456.705,50000.000,0
41751,23390.410,-366.059,50000.000,12064.999,-7291.293,50000.000,0
41801,20790.646,-1792.941,50000.000,5057.588,-3361.764,50000.000,0
41851,19281.588,-1867.647,50000.000,3302.000,-2338.294,50000.000,0
41901,22598.527,59.765,50000.000,3593.353,-2614.706,50000.000,0
41951,21903.764,2300.941,50000.000,8897.470,-5662.706,50000.000,0
42001,21126.822,2794.000,50000.000,7724.588,-5229.412,50000.000,0
42051,23285.822,1202.765,50000.000,6021.294,-4362.823,50000.000,0
42101,20984.881,-134.471,50000.000,4564.529,-3302.000,50000.000,0
42151,19498.234,-2973.294,50002.000,4295.588,-3735.294,49999.000,0
42201,19841.881,-1807.882,50000.000,1553.882,-1419.412,50000.000,0
42251,19602.822,395.941,49999.000,1718.235,-1636.059,49999.000,0
42301,19931.527,836.706,49999.000,3376.706,-3077.882,50000.000,0
42351,19035.057,-1770.529,50000.000,3638.176,-3025.588,50000.000,0
42401,16450.234,-4572.000,50000.000,2293.470,-2159.000,50000.000,0
42451,17017.998,-4915.646,50000.000,1382.059,-1195.294,50000.000,0
42501,17458.764,-941.294,50000.000,5408.706,-4243.294,50000.000,0
42551,16726.646,1778.000,50001.000,7171.764,-5371.353,50000.000,0
42601,17055.352,545.353,49999.000,4601.882,-4347.882,50000.000,0
42651,18273.057,-1740.647,50000.000,4908.176,-5109.882,50000.000,0
42701,15292.293,-3182.470,50000.000,5020.235,-5401.235,50000.000,0
42751,14149.293,-4385.235,50000.000,3541.059,-3780.117,50000.000,0
42801,14560.176,-2360.706,50000.000,5401.235,-5244.353,50000.000,0
42851,14739.470,-597.647,50000.000,9734.176,-9950.823,50000.000,0
42901,16920.881,-366.059,50000.000,9793.940,-11549.528,50000.000,0
42951,15366.999,-254.000,50000.000,7627.470,-7963.646,50000.000,0
43001,15919.822,-1045.882,50000.000,8822.764,-9592.234,50000.000,0
43051,14769.352,-485.588,50000.000,5662.706,-6895.353,50000.000,0
43101,12916.646,4176.059,50001.000,5632.823,-5401.235,50000.000,0
43151,12752.293,5281.706,49999.000,3219.823,-2771.588,50000.000,0
43201,13394.764,3361.764,50000.000,3750.235,-3705.412,50000.000,0
43251,12767.234,1875.118,50000.000,4161.117,-3996.764,50000.000,0
43301,13947.587,1232.647,50000.000,3503.706,-3705.412,50000.000,0
43351,12714.940,5296.646,50000.000,6671.235,-5251.823,50000.000,0
43401,11213.353,9218.705,50000.000,6887.882,-3802.529,50000.000,0
43451,13088.470,10003.117,50000.000,6163.235,-3869.764,50000.000,0
43501,12572.999,10802.470,50000.000,6671.235,-3324.412,50000.000,0
43551,11183.470,10727.764,50000.000,8411.882,-2353.235,50000.000,0
43601,12064.999,9599.705,50000.000,2868.706,-605.118,50000.000,0
43651,14261.352,8919.882,50000.000,2061.882,-373.529,50000.000,0
43701,14492.940,8882.529,50001.000,2390.588,-605.118,50000.000,0
43751,16554.822,9980.705,49999.000,1815.353,-545.353,50000.000,0
43801,14806.705,12572.999,50001.000,5550.646,-836.706,50000.000,0
43851,14522.822,14052.176,50000.000,7119.470,-545.353,50000.000,0
43901,15090.587,12326.470,49999.000,4923.117,-321.235,50000.000,0
43951,15874.999,11198.411,50000.000,3690.470,-717.176,50000.000,0
44001,16181.293,10638.117,50000.000,5744.882,-2106.706,50000.000,0
44051,18347.764,9554.882,50000.000,7926.293,-3712.882,50000.000,0
44101,17667.939,9188.823,50000.000,10824.882,-3937.000,50000.000,0
44151,14858.999,9577.294,50000.000,10787.528,-3048.000,50000.000,0
44201,15867.528,9823.823,50000.000,10384.117,-3399.117,50000.000,0
44251,16995.588,8845.176,50000.000,8329.705,-2816.412,50000.000,0
44301,16681.822,9457.764,50000.000,4161.117,-679.823,50000.000,0
44351,15867.528,10884.646,50000.000,6589.059,-373.529,50000.000,0
44401,15217.587,10914.528,50000.000,14806.705,-1934.882,50000.000,0
44451,15845.116,10765.117,50000.000,9689.353,-2644.588,50000.000,0
44501,17645.527,12378.764,50000.000,7881.470,-2121.647,50000.000,0
44551,18646.588,12386.234,50000.000,2853.764,-246.529,50000.000,0
44601,17085.234,11108.764,50000.000,15643.411,-709.706,50000.000,0
44651,18721.293,11385.176,50000.000,17892.057,-1785.470,50000.000,0
44701,20499.293,11078.882,50000.000,16061.764,-2136.588,50000.000,0
44751,20768.234,9853.705,50000.000,10847.293,-2300.941,50000.000,0
44801,18952.881,10555.940,50000.000,1553.882,-582.706,50000.000,0
44851,18265.588,10264.588,50000.000,11332.882,-3585.882,50000.000,0
44901,17578.293,12050.058,50000.000,16480.117,-2928.470,50000.000,0
44951,20656.176,15606.058,50000.000,18601.764,-1411.941,50000.000,0
45001,22837.586,16338.176,50000.000,19147.117,-2136.588,50000.000,0
45051,24891.998,14709.587,50000.000,10189.882,-1501.588,50000.000,0
45101,24488.586,11960.411,50000.000,15471.587,-2450.353,50000.000,0
45151,24032.881,9607.176,50000.000,17989.176,-2472.765,50000.000,0
45201,22404.293,7986.058,50000.000,15292.293,-1546.412,50000.000,0
45251,22964.586,8688.294,50000.000,24570.764,-3294.529,50000.000,0
45301,24458.705,12206.940,50000.000,24705.234,-3937.000,50000.000,0
45351,28649.703,16382.999,50000.000,26729.764,-5334.000,50000.000,0
45401,28044.586,15419.293,50000.000,25355.174,-5453.529,50000.000,0
45451,27417.057,15718.116,50000.000,20872.822,-3294.529,50000.000,0
45501,27977.352,16651.939,50000.000,13842.999,-1725.706,50000.000,0
45551,27424.527,15083.116,50000.000,16988.117,-1890.059,50000.000,0
45601,28134.232,15508.940,50000.000,16031.881,-1389.529,50000.000,0
45651,26229.234,16480.117,50000.000,20775.705,-769.471,50000.000,0
45701,25907.998,15830.176,50000.000,23390.410,-358.588,50000.000,0
45751,23397.881,14463.058,50000.000,21537.705,-261.471,50000.000,0
45801,26064.881,14067.116,50000.000,14186.646,-395.941,50000.000,0
45851,24369.057,10189.882,50000.000,20992.352,-1255.059,50000.000,0
45901,24600.645,8426.823,50000.000,18093.764,-911.412,50000.000,0
45951,23203.645,9420.411,50000.000,17989.176,418.353,50000.000,0
46001,27237.764,14096.999,50001.000,9397.999,119.529,50000.000,0
46051,28096.881,14791.764,49999.000,14418.234,-2091.765,50000.000,0
46101,28455.469,11676.528,50000.000,21978.469,-3302.000,50000.000,0
46151,28522.703,10451.353,50000.000,21858.939,-2248.647,50000.000,0
46201,26393.586,11310.470,50000.000,27887.703,-1038.412,50000.000,0
46251,28440.527,12490.822,50000.000,33707.293,-1897.529,50000.000,0
46301,32892.996,12027.646,50000.000,28866.352,-3996.764,50000.000,0
46351,32340.174,9181.353,50000.000,16495.059,-2584.823,50000.000,0
46401,31660.352,8777.940,50001.000,21462.998,-1568.823,50000.000,0
46451,29030.703,9771.528,49999.000,18773.588,-351.118,50000.000,0
46501,27857.822,12296.588,50000.000,11415.058,-1225.176,50000.000,0
46551,27469.352,12565.528,50000.000,20559.057,-2427.941,50000.000,0
46601,25310.352,11228.293,50000.000,15576.176,-1352.176,50000.000,0
46651,27469.352,12991.353,50000.000,17892.057,-747.059,50000.000,0
46701,27596.352,13461.999,50000.000,18332.822,-231.588,50000.000,0
46751,25093.705,11101.293,50000.000,16368.058,-478.118,50000.000,0
46801,28500.293,8352.117,50000.000,11751.234,-1942.353,50000.000,0
46851,29307.115,6282.764,50000.000,12849.411,-3085.353,50000.000,0
46901,25310.352,5789.706,50000.000,14590.058,-1763.059,50000.000,0
46951,21462.998,7776.882,50000.000,17623.117,-605.118,50000.000,0
47001,23181.234,10047.940,50001.000,27573.939,-3436.470,50000.000,0
47051,25482.174,10757.646,49999.000,30711.586,-7029.823,50000.000,0
47101,26759.645,11258.176,50000.000,25116.115,-5080.000,50000.000,0
47151,30427.703,14014.822,50001.000,19662.586,-3234.764,50000.000,0
47201,29919.703,14096.999,50000.000,17167.410,-2017.059,50000.000,0
47251,29949.586,13402.234,49999.000,18370.176,-1964.765,50000.000,0
47301,29889.822,10921.999,50000.000,18609.234,-2629.647,50000.000,0
47351,30128.881,9980.705,50000.000,19132.176,-3503.706,50000.000,0
47401,28343.410,10376.646,50000.000,13499.352,-2696.882,50000.000,0
47451,25243.115,8703.234,50000.000,5072.529,-1023.471,50000.000,0
47501,26625.174,8262.470,50000.000,3951.941,-1262.529,50000.000,0
47551,31989.057,12266.705,50001.000,14746.940,-4728.882,50000.000,0
47601,31936.762,13357.411,49999.000,16435.293,-5311.588,50000.000,0
47651,31189.703,12445.999,50000.000,9181.353,-3279.588,50000.000,0
47701,33049.879,12393.705,50000.000,9308.353,-4108.823,50000.000,0
47751,31749.998,12296.588,50001.000,16375.528,-8172.823,50000.000,0
47801,30532.293,13641.293,49999.000,28425.586,-14619.940,50000.000,0
47851,29942.115,15620.999,50000.000,18086.293,-7119.470,50000.000,0
47901,29411.703,16943.293,50000.000,23024.352,-7246.470,50000.000,0
47951,31152.352,17794.939,50001.000,17025.469,-5580.529,50000.000,0
48001,31204.645,17436.352,49999.000,16696.764,-7007.411,50000.000,0
48051,31660.352,16973.176,50000.000,16569.764,-6910.293,50000.000,0
48101,29366.881,18160.998,50000.000,11870.764,-4161.117,50000.000,0
48151,30913.293,14336.058,50000.000,16166.352,-5894.294,50000.000,0
48201,29553.645,11534.588,50000.000,18900.588,-6387.353,50000.000,0
48251,26348.764,11571.940,50000.000,11751.234,-3473.823,50000.000,0
48301,24966.705,11317.940,50000.000,4325.470,-1531.470,50000.000,0
48351,27648.645,10936.940,50000.000,15142.881,-5782.235,50000.000,0
48401,29523.764,7104.529,50000.000,11392.646,-4437.529,50000.000,0
48451,24144.939,7052.235,50000.000,5341.470,-1897.529,50000.000,0
48501,23636.939,10413.999,50000.000,15613.528,-4041.588,50000.000,0
48551,27185.469,12438.528,50000.000,17682.881,-6110.941,50000.000,0
48601,29090.469,12177.058,50000.000,27282.586,-12311.528,50000.000,0
48651,28896.232,9397.999,50001.000,27685.998,-14814.176,50000.000,0
48701,30367.939,8889.999,49999.000,27798.057,-16442.764,50000.000,0
48751,29553.645,9188.823,50000.000,17361.646,-10301.940,50000.000,0
48801,29366.881,10503.646,50000.000,13461.999,-7732.058,50000.000,0
48851,31032.822,10682.940,50001.000,11683.999,-6760.882,50000.000,0
48901,29068.057,7082.117,49999.000,12408.646,-7672.293,50000.000,0
48951,33714.762,4176.059,50000.000,10981.764,-7418.293,50000.000,0
49001,26923.998,5304.117,50000.000,7560.235,-4064.000,50000.000,0
49051,25168.410,7351.058,50000.000,9427.882,-5446.059,50000.000,0
49101,29635.822,3884.706,50000.000,11773.646,-7582.646,50000.000,0
49151,28037.115,664.882,50000.000,4340.412,-3107.764,50000.000,0
49201,28029.645,-522.941,50000.000,7276.353,-5124.823,50000.000,0
49251,24100.115,2144.059,50001.000,8643.470,-5625.353,50000.000,0
49301,25131.057,3817.470,49999.000,7612.529,-5042.646,50000.000,0
49351,26505.645,889.000,50000.000,7642.411,-5326.529,50000.000,0
49401,24974.174,-926.353,50000.000,7926.293,-5737.411,50000.000,0
49451,22643.352,-2487.706,50001.000,5199.529,-3862.294,50000.000,0
49501,22389.352,-1882.588,49999.000,4728.882,-3294.529,50000.000,0
49551,23233.527,545.353,50000.000,8001.000,-5871.882,50000.000,0
49601,21522.764,2607.235,50000.000,6058.646,-4123.765,50000.000,0
49651,18370.176,5939.117,50000.000,8128.000,-3593.353,50000.000,0
49701,17174.881,8195.234,50000.000,9405.470,-2823.882,50000.000,0
49751,16577.234,10421.470,50000.000,13282.705,-4504.764,50000.000,0
49801,17593.234,12356.353,50000.000,8755.529,-3033.059,50000.000,0
49851,17182.352,14306.176,50000.000,12416.117,-2554.941,50000.000,0
49901,17959.293,14321.116,50000.000,7612.529,-1128.059,50000.000,0
49951,16285.881,12386.234,50000.000,15359.528,-276.412,50000.000,0
50001,15874.999,13327.528,50000.000,15546.293,141.941,50000.000,0
50051,15949.705,13118.353,50000.000,16861.117,747.059,50000.000,0
50101,15785.352,11317.940,50000.000,17234.646,1404.470,50000.000,0
50151,16719.176,10503.646,50000.000,15628.470,1045.882,50000.000,0
50201,19468.352,9823.823,50000.000,9644.528,82.176,50000.000,0
50251,20977.410,8337.176,50000.000,11751.234,-37.353,50000.000,0
50301,22083.057,9046.882,50000.000,16248.528,500.529,50000.000,0
50351,23547.293,9741.646,50000.000,17227.176,112.059,50000.000,0
50401,25235.645,9420.411,50001.000,24787.410,-1329.765,50000.000,0
50451,22172.705,5199.529,49999.000,18937.939,-2622.176,50000.000,0
50501,23734.057,6790.764,50000.000,26513.115,-4026.647,50000.000,0
50551,25855.705,10399.059,50000.000,19811.998,-2323.353,50000.000,0
50601,22882.410,11601.822,50000.000,13334.999,-1770.529,50000.000,0
50651,21530.234,12020.176,50000.000,23099.057,-5117.353,50000.000,0
50701,25586.764,15210.116,50000.000,20155.646,-4489.823,50000.000,0
50751,27745.764,17361.646,50000.000,8449.234,-1837.765,50000.000,0
50801,30629.410,16741.588,50001.000,10623.176,-3481.294,50000.000,0
50851,31391.410,13671.176,49999.000,9323.294,-4093.882,50000.000,0
50901,27641.174,12251.764,50000.000,12767.234,-4303.059,50000.000,0
50951,25093.705,11011.646,50001.000,14799.234,-3884.706,50000.000,0
51001,23285.822,7179.235,49999.000,11205.882,-4168.588,50000.000,0
51051,22210.057,3653.117,50000.000,11758.705,-5005.294,50000.000,0
51101,26774.586,1748.118,50000.000,8038.353,-3727.823,50000.000,0
51151,29598.469,545.353,50000.000,12685.058,-7119.470,50000.000,0
51201,26401.057,2151.529,50000.000,12423.587,-7306.235,50000.000,0
51251,24496.057,7717.117,50000.000,13394.764,-6088.529,50000.000,0
51301,25377.586,10466.293,50001.000,12617.822,-5087.470,50000.000,0
51351,25287.939,8591.176,49999.000,9808.882,-4347.882,50000.000,0
51401,21769.293,8307.294,50000.000,6790.764,-2323.353,50000.000,0
51451,20730.881,8972.176,50000.000,11310.470,-2271.059,50000.000,0
51501,20282.646,9263.528,50000.000,13574.058,-3839.882,50000.000,0
51551,21814.115,11340.353,50001.000,14993.470,-4736.353,50000.000,0
51601,20902.705,14126.882,49999.000,15538.822,-3018.117,50000.000,0
51651,21388.293,11683.999,50000.000,8464.176,-1673.412,50000.000,0
51701,19035.057,12640.234,50000.000,15994.528,-1912.470,50000.000,0
51751,17847.234,12012.705,50000.000,13155.705,-209.176,50000.000,0
51801,17174.881,11437.470,50000.000,8142.940,22.412,50000.000,0
51851,20058.527,12266.705,50000.000,20603.881,-1770.529,50000.000,0
51901,22284.764,13073.528,50000.000,11870.764,-1090.706,50000.000,0
51951,19348.822,10959.353,50000.000,14851.528,-500.529,50000.000,0
52001,18146.057,10712.823,50000.000,28306.057,-635.000,50000.000,0
52051,18310.410,10690.411,50000.000,18071.352,74.706,50000.000,0
52101,22845.057,11019.117,50000.000,21067.057,-1098.176,50000.000,0
52151,24286.881,9330.764,50000.000,15733.058,-2009.588,50000.000,0
52201,23248.469,9024.470,50000.000,10630.646,-1516.529,50000.000,0
52251,26206.822,10182.411,50000.000,9965.764,-1568.823,50000.000,0
52301,24271.939,9308.353,50000.000,12393.705,-1927.412,50000.000,0
52351,25519.527,16360.587,50000.000,8800.353,-2487.706,50000.000,0
52401,27745.764,6596.529,50000.000,11534.588,-4542.117,50000.000,0
52451,25848.234,5744.882,50000.000,12677.587,-4975.412,50000.000,0
52501,25287.939,7209.117,50001.000,15187.705,-5423.646,50000.000,0
52551,25131.057,7956.176,49999.000,17286.939,-6678.706,50000.000,0
52601,24914.410,7478.058,50000.000,11504.705,-5012.764,50000.000,0
52651,24436.293,8949.764,50000.000,8299.823,-4318.000,50000.000,0
52701,25355.174,13207.999,50000.000,12162.117,-5341.470,50000.000,0
52751,21694.586,12057.528,50000.000,14044.705,-5154.706,50000.000,0
52801,22097.998,12393.705,50000.000,10705.353,-3585.882,50000.000,0
52851,24421.352,14971.058,50000.000,9554.882,-2667.000,50000.000,0
52901,22277.293,14627.411,50000.000,17144.998,-3548.529,50000.000,0
52951,22374.410,14007.352,50000.000,20730.881,-4885.764,50000.000,0
53001,25041.410,15359.528,50000.000,6716.059,-1643.529,50000.000,0
53051,24144.939,15083.116,50001.000,10399.059,-1098.176,50000.000,0
53101,21948.586,15127.940,49999.000,12259.234,-440.765,50000.000,0
53151,19834.410,14014.822,50000.000,15411.822,-336.176,50000.000,0
53201,24025.410,14627.411,50000.000,17667.939,-366.059,50000.000,0
53251,22635.881,12572.999,50000.000,11781.117,-134.471,50000.000,0
53301,20417.117,10451.353,50000.000,14627.411,537.882,50000.000,0
53351,22366.939,12871.822,50000.000,18721.293,2091.765,50000.000,0
53401,21522.764,13947.587,50000.000,16988.117,2263.588,50000.000,0
53451,23719.115,11407.588,50000.000,13417.176,440.765,50000.000,0
53501,25930.410,10802.470,50000.000,9958.293,-522.941,50000.000,0
53551,28373.293,12072.470,50000.000,10399.059,-1344.706,50000.000,0
53601,28530.174,11810.999,50000.000,14418.234,-2375.647,50000.000,0
53651,27827.939,12625.293,50000.000,20200.469,-4273.176,50000.000,0
53701,31174.762,15635.940,50000.000,32317.762,-8419.353,50000.000,0
53751,28537.645,13447.058,50000.000,28111.822,-8912.411,50000.000,0
53801,28440.527,11930.528,50001.000,25063.822,-9181.353,50000.000,0
53851,28642.232,12924.117,49999.000,15053.234,-6096.000,50000.000,0
53901,29090.469,13110.882,50000.000,15090.587,-5192.059,50000.000,0
53951,27417.057,14485.470,50000.000,13275.234,-3257.176,50000.000,0
54001,28664.645,16450.234,50001.000,14530.293,-3085.353,50000.000,0
54051,31936.762,16278.411,49999.000,14440.646,-3645.647,50000.000,0
54101,27723.352,14119.411,50000.000,15269.881,-3339.353,50000.000,0
54151,24540.881,15314.705,50000.000,11429.999,-1016.000,50000.000,0
54201,26490.703,15770.411,50000.000,15912.352,-1643.529,50000.000,0
54251,24481.115,13140.764,50000.000,16831.234,-2032.000,50000.000,0
54301,24100.115,11138.646,50000.000,12617.822,-1464.235,50000.000,0
54351,22000.881,9562.353,50000.000,15845.116,-1441.823,50000.000,0
54401,22083.057,10451.353,50001.000,14440.646,-1165.412,50000.000,0
54451,25631.586,12154.646,49999.000,21814.115,-5132.294,50000.000,0
54501,29015.764,14246.411,50000.000,14739.470,-4863.353,50000.000,0
54551,29725.469,16532.410,50000.000,12640.234,-4041.588,50000.000,0
54601,28530.174,15747.999,50001.000,21843.998,-6327.588,50000.000,0
54651,26445.881,14283.764,49999.000,10234.705,-2427.941,50000.000,0
54701,26804.469,13185.587,50000.000,17316.822,-4071.470,50000.000,0
54751,32594.174,11908.117,50000.000,24787.410,-9554.882,50000.000,0
54801,32661.410,9539.940,50001.000,17458.764,-9106.646,50000.000,0
54851,32960.234,7948.706,49999.000,12438.528,-7425.764,50000.000,0
54901,32534.410,10615.705,50000.000,7104.529,-3443.941,50000.000,0
54951,28141.703,12505.764,50001.000,13051.117,-5625.353,50000.000,0
55001,29710.527,12304.058,49999.000,16345.646,-7918.823,50000.000,0
55051,29830.057,8494.059,50000.000,16323.234,-8038.353,50000.000,0
55101,26811.939,6402.293,50000.000,11459.882,-5632.823,50000.000,0
55151,25624.115,7866.529,50001.000,8411.882,-4183.529,50000.000,0
55201,25302.881,10309.411,49999.000,10279.528,-5020.235,50000.000,0
55251,24951.764,10585.823,50000.000,15755.470,-7418.293,50000.000,0
55301,24443.764,11280.588,50000.000,13073.528,-5535.706,50000.000,0
55351,24002.998,9704.294,50001.000,6096.000,-2278.529,50000.000,0
55401,24152.410,9823.823,49999.000,5490.882,-1538.941,50000.000,0
55451,21552.646,10399.059,50000.000,20910.176,-5416.176,50000.000,0
55501,24630.527,12737.353,50000.000,24369.057,-7507.940,50000.000,0
55551,26251.645,13618.882,50001.000,19647.646,-7911.353,50000.000,0
55601,27319.939,15837.646,49999.000,14582.587,-5998.882,50000.000,0
55651,30457.586,16300.822,50000.000,17451.293,-6529.293,50000.000,0
55701,28836.469,12774.705,50000.000,9831.293,-2913.529,50000.000,0
55751,27170.527,10219.764,50001.000,8284.882,-2689.412,50000.000,0
55801,24017.939,6036.235,49999.000,7171.764,-2823.882,50000.000,0
55851,26617.703,7298.764,50000.000,15008.411,-6925.235,50000.000,0
55901,28291.115,7224.058,50000.000,12236.822,-6484.470,50000.000,0
55951,26580.352,8411.882,50000.000,8314.764,-4026.647,50000.000,0
56001,24929.352,5431.117,50000.000,10346.764,-4967.941,50000.000,0
56051,27446.939,1912.470,50000.000,9024.470,-4430.059,50000.000,0
56101,26916.527,343.647,50000.000,8344.646,-4512.235,50000.000,0
56151,24936.822,2622.176,50000.000,7224.058,-3839.882,50000.000,0
56201,22150.293,6245.411,50000.000,12580.470,-5670.176,50000.000,0
56251,23562.234,6447.117,50000.000,6955.117,-3249.706,50000.000,0
56301,22441.646,6454.588,50001.000,9031.940,-4168.588,50000.000,0
56351,21926.176,8396.940,49999.000,12438.528,-4930.588,50000.000,0
56401,20977.410,8688.294,50000.000,14306.176,-6469.529,50000.000,0
56451,22972.057,7433.235,50000.000,16248.528,-9308.353,50000.000,0
56501,23397.881,7903.882,50000.000,8972.176,-5371.353,50000.000,0
56551,21687.115,8277.411,50000.000,13588.999,-7366.000,50000.000,0
56601,19430.998,8411.882,50000.000,15434.234,-7440.706,50000.000,0
56651,20334.939,9831.293,50000.000,8815.294,-3092.823,50000.000,0
56701,19236.764,10249.646,50001.000,9629.588,-2943.412,50000.000,0
56751,18504.646,10623.176,49999.000,9973.234,-3182.470,50000.000,0
56801,23457.645,11041.528,50000.000,10540.999,-4347.882,50000.000,0
56851,21089.469,10563.411,50000.000,8845.176,-3914.588,50000.000,0
56901,21044.646,10600.764,50000.000,10331.823,-4026.647,50000.000,0
56951,22381.881,8762.999,50000.000,10503.646,-3615.764,50000.000,0
57001,20805.586,7844.117,50000.000,12812.058,-4056.529,50000.000,0
57051,20394.705,9375.588,50000.000,14500.411,-4639.235,50000.000,0
57101,22845.057,10705.353,50001.000,10047.940,-4220.882,50000.000,0
57151,20641.234,11609.293,49999.000,11108.764,-4198.470,50000.000,0
57201,20192.998,12968.940,50000.000,12558.058,-3810.000,50000.000,0
57251,21089.469,12789.646,50000.000,11362.764,-3899.647,50000.000,0
57301,19916.586,11534.588,50000.000,15710.646,-4654.176,50000.000,0
57351,20267.705,11833.411,50000.000,16636.998,-4191.000,50000.000,0
57401,20842.939,12431.058,50000.000,20678.586,-6350.000,50000.000,0
57451,20730.881,13977.470,50000.000,16039.352,-4332.941,50000.000,0
57501,20088.410,14918.764,50000.000,14507.882,-1628.588,50000.000,0
57551,19475.822,14149.293,50000.000,16958.234,-500.529,50000.000,0
57601,18138.588,13110.882,50000.000,14209.058,366.059,50000.000,0
57651,21223.939,13760.822,50000.000,27080.881,-1748.118,50000.000,0
57701,23084.115,12460.940,50000.000,16226.116,-2704.353,50000.000,0
57751,20626.293,11990.293,50000.000,8792.882,-1120.588,50000.000,0
57801,25175.881,14246.411,50000.000,24324.234,-1979.706,50000.000,0
57851,23166.293,14619.940,50001.000,12543.117,-440.765,50000.000,0
57901,22217.527,15591.116,49999.000,14896.352,582.706,50000.000,0
57951,22710.586,14911.293,50000.000,12169.588,127.000,50000.000,0
58001,27110.764,14739.470,50000.000,17989.176,-635.000,50000.000,0
58051,25011.527,12939.058,50001.000,24600.645,29.882,50000.000,0
58101,24144.939,10391.588,49999.000,19535.588,859.118,50000.000,0
58151,26251.645,11624.234,50000.000,14679.705,612.588,50000.000,0
58201,30950.645,14844.058,50000.000,21567.586,-2032.000,50000.000,0
58251,31540.822,14044.705,50000.000,16502.527,-2159.000,50000.000,0
58301,32407.410,16741.588,50000.000,21365.881,-657.412,50000.000,0
58351,32765.998,15576.176,50001.000,18893.117,0.000,50000.000,0
58401,31525.881,11527.117,49999.000,23517.410,-769.471,50000.000,0
58451,27529.115,9681.882,50000.000,15471.587,-425.823,50000.000,0
58501,24570.764,9958.293,50000.000,11101.293,-164.353,50000.000,0
58551,32429.822,8957.234,50000.000,18385.117,-889.000,50000.000,0
58601,29187.586,11138.646,50000.000,20222.881,-119.529,50000.000,0
58651,31996.527,16786.410,50000.000,12117.293,-1060.823,50000.000,0
58701,35253.703,17892.057,50000.000,13544.176,-1374.588,50000.000,0
58751,31495.998,16495.059,50000.000,20275.176,-1165.412,50000.000,0
58801,31637.939,17137.527,50000.000,17032.939,-1023.471,50000.000,0
58851,32960.234,16771.469,50000.000,12147.176,-679.823,50000.000,0
58901,32556.822,15352.058,50000.000,19737.293,-1912.470,50000.000,0
58951,33834.293,13058.587,50000.000,34529.055,-6021.294,50000.000,0
59001,32138.469,11183.470,50000.000,19259.176,-5207.000,50000.000,0
59051,31757.469,13618.882,50000.000,20738.352,-8135.470,50000.000,0
59101,31421.293,16435.293,50000.000,24891.998,-9547.411,50000.000,0
59151,33094.703,16218.646,50000.000,22374.410,-8060.764,50000.000,0
59201,32758.527,11579.411,50000.000,24339.176,-9681.882,50000.000,0
59251,29105.410,8381.999,50000.000,12042.588,-5221.941,50000.000,0
59301,27394.645,7366.000,50000.000,14552.705,-5446.059,50000.000,0
59351,24615.586,9405.470,50000.000,14223.999,-4938.059,50000.000,0
59401,21291.176,9143.999,50000.000,15770.411,-5162.176,50000.000,0
59451,22224.998,9241.117,50000.000,15845.116,-2921.000,50000.000,0
59501,16816.293,8889.999,50000.000,16233.587,22.412,50000.000,0
59551,14291.234,11213.353,50000.000,14634.882,1509.059,50000.000,0
59601,11840.882,7433.235,50000.000,2106.706,657.412,50000.000,0
59651,7171.764,1157.941,50000.000,1561.353,1143.000,50000.000,0
59701,6073.588,732.118,50000.000,3070.412,1292.412,50000.000,0
59751,3145.117,1411.941,50000.000,597.647,321.235,50000.000,0
59801,903.941,-171.824,50000.000,156.882,37.353,50000.000,0
59851,-1382.059,-627.529,50000.000,-537.882,-410.882,50000.000,0
59901,-2308.412,-560.294,50000.000,-627.529,-508.000,50000.000,0
59951,-2644.588,-522.941,50000.000,-1195.294,-941.294,50000.000,0
