timestamp[ms],left_dx[um],left_dy[um],left_dt[us],right_dx[um],right_dy[um],right_dt[us],waterPin
0,,,50153.000,0.000,0.000,50155.000,0
51,,,50000.000,52.294,-112.059,50000.000,0
101,,,50000.000,164.353,44.824,50000.000,0
151,,,50000.000,0.000,7.471,50000.000,0
201,,,50000.000,0.000,0.000,50000.000,0
251,,,50000.000,0.000,0.000,50000.000,0
301,,,50000.000,134.471,-29.882,50000.000,0
351,,,50000.000,1001.059,-74.706,50000.000,0
401,,,50000.000,1822.823,306.294,50000.000,0
451,,,50000.000,1695.823,104.588,50000.000,0
501,,,50000.000,1284.941,89.647,50000.000,0
551,,,50000.000,2218.765,164.353,50000.000,0
601,,,50000.000,2009.588,0.000,50000.000,0
651,,,50000.000,2330.823,119.529,50000.000,0
701,,,50000.000,1262.529,89.647,50000.000,0
751,,,50000.000,1957.294,82.176,50000.000,0
801,,,50000.000,1912.470,74.706,50000.000,0
851,,,50000.000,2069.353,164.353,50000.000,0
901,,,50000.000,2069.353,246.529,50000.000,0
951,,,50000.000,2024.529,89.647,50000.000,0
1001,,,50000.000,1045.882,0.000,50000.000,0
1051,,,50000.000,1710.765,164.353,50000.000,0
1101,,,50000.000,664.882,29.882,50000.000,0
1151,,,50000.000,1023.471,97.118,50000.000,0
1201,,,50000.000,2017.059,89.647,50000.000,0
1251,,,50000.000,1090.706,7.471,50000.000,0
1301,,,50000.000,298.824,-29.882,50000.000,0
1351,,,50000.000,1322.294,-67.235,50000.000,0
1401,,,50000.000,560.294,44.824,50000.000,0
1451,,,50000.000,1583.765,127.000,50000.000,0
1501,,,50000.000,433.294,44.824,50000.000,0
1551,,,50000.000,747.059,-149.412,50000.000,0
1601,,,50000.000,336.176,-179.294,50000.000,0
1651,,,50000.000,732.118,-14.941,50000.000,0
1701,,,50000.000,82.176,0.000,50000.000,0
1751,,,50000.000,381.000,-44.824,50000.000,0
1801,,,50000.000,1023.471,321.235,50000.000,0
1851,,,50000.000,844.176,156.882,50000.000,0
1901,,,50000.000,500.529,-74.706,50000.000,0
1951,,,50000.000,866.588,7.471,50000.000,0
2001,,,50000.000,455.706,82.176,50000.000,0
2051,,,50000.000,261.471,-261.471,50000.000,0
2101,,,50000.000,149.412,7.471,50000.000,0
2151,,,50002.000,216.647,164.353,50000.000,0
2201,,,49999.000,119.529,-134.471,49999.000,0
2251,,,49999.000,7.471,-112.059,49999.000,0
2301,,,50000.000,141.941,-14.941,50000.000,0
2351,,,50000.000,82.176,74.706,50000.000,0
2401,,,50000.000,-44.824,-254.000,50000.000,0
2451,,,50000.000,-52.294,7.471,50000.000,0
2501,,,50000.000,-22.412,112.059,50000.000,0
2551,,,50000.000,-298.824,-7.471,50000.000,0
2601,,,50000.000,-313.765,-268.941,50000.000,0
2651,,,50000.000,-239.059,7.471,50000.000,0
2701,,,50000.000,-239.059,97.118,50000.000,0
2751,,,50000.000,-366.059,-67.235,50000.000,0
2801,,,50000.000,-351.118,-224.118,50000.000,0
2851,,,50000.000,-336.176,97.118,50000.000,0
2901,,,50000.000,-254.000,97.118,50000.000,0
2951,,,50000.000,-52.294,29.882,50000.000,0
3001,,,50000.000,0.000,0.000,50000.000,0
3051,,,50000.000,0.000,0.000,50000.000,0
3101,,,50000.000,0.000,0.000,50000.000,0
3151,,,50000.000,0.000,0.000,50000.000,0
3201,,,50000.000,0.000,0.000,50000.000,0
3251,,,50000.000,0.000,0.000,50000.000,0
3301,,,50000.000,0.000,0.000,50000.000,0
3351,,,50000.000,0.000,0.000,50000.000,0
3401,,,50000.000,0.000,0.000,50000.000,0
3451,,,50000.000,0.000,0.000,50000.000,0
3501,,,50000.000,0.000,0.000,50000.000,0
3551,,,50000.000,0.000,0.000,50000.000,0
3601,,,50000.000,0.000,0.000,50000.000,0
3651,,,50000.000,0.000,0.000,50000.000,0
3701,,,50000.000,268.941,67.235,50000.000,0
3751,,,50000.000,754.529,216.647,50000.000,0
3801,,,50000.000,1232.647,239.059,50000.000,0
3851,,,50000.000,926.353,-22.412,50000.000,0
3901,,,50000.000,567.765,-52.294,50000.000,0
3951,,,50000.000,1837.765,-709.706,50000.000,0
4001,,,50000.000,3429.000,-1352.176,50000.000,0
4051,,,50000.000,4370.294,-2046.941,50000.000,0
4101,,,50000.000,4430.059,-2129.117,50000.000,0
4151,,,50000.000,3593.353,-747.059,50000.000,0
4201,,,50000.000,4497.294,500.529,50000.000,0
4251,,,50000.000,5363.882,552.823,50000.000,0
4301,,,50000.000,5431.117,-283.882,50000.000,0
4351,,,50000.000,2674.470,-381.000,50000.000,0
4401,,,50000.000,2547.470,-448.235,50000.000,0
4451,,,50000.000,5946.588,-948.765,50000.000,0
4501,,,50000.000,2069.353,-209.176,50000.000,0
4551,,,50000.000,246.529,0.000,50000.000,0
4601,,,50000.000,4034.117,799.353,50000.000,0
4651,,,50000.000,12236.822,1225.176,50000.000,0
4701,,,50000.000,16442.764,-1822.823,50000.000,0
4751,,,50000.000,14985.999,-7956.176,50000.000,0
4801,,,50000.000,5670.176,-3832.412,50000.000,0
4851,,,50000.000,4728.882,-2786.529,50000.000,0
4901,,,50000.000,3279.588,-1135.529,50000.000,0
4951,,,50000.000,9853.705,-1270.000,50000.000,0
5001,,,50000.000,11967.882,-1441.823,50000.000,0
5051,,,50000.000,6753.411,-1897.529,50000.000,0
5101,,,50000.000,8404.411,152997.641,50000.000,0
5151,,,50000.000,-19057.469,36299.586,50000.000,0
5201,,,50000.000,9129.059,-3287.059,50000.000,0
5251,,,50000.000,5423.646,-896.471,50000.000,0
5301,,,50000.000,16061.764,-4123.765,50000.000,0
5351,,,50000.000,14709.587,-4474.882,50000.000,0
5401,,,50000.000,10391.588,-3339.353,50000.000,0
5451,,,50000.000,11616.764,-2995.706,50000.000,0
5501,,,50000.000,12916.646,-3092.823,50000.000,0
5551,,,50000.000,12005.234,-3765.176,50000.000,0
5601,,,50000.000,13260.293,-3742.764,50000.000,0
5651,,,50000.000,19916.586,-7321.176,50000.000,0
5701,,,50000.000,8225.117,-2106.706,50000.000,0
5751,,,50000.000,7679.764,-649.941,50000.000,0
5801,,,50000.000,16636.998,-2480.235,50000.000,0
5851,,,50000.000,12916.646,-2607.235,50000.000,0
5901,,,50000.000,7672.293,-1792.941,50000.000,0
5951,,,50000.000,17339.234,-4377.765,50000.000,0
6001,,,50000.000,9114.117,-2383.117,50000.000,0
6051,,,50000.000,17750.117,-3518.647,50000.000,0
6101,,,50000.000,23203.645,1912.470,50000.000,0
6151,,,50000.000,233403.578,34402.055,50000.000,0
6201,,,50000.000,25519.527,-9106.646,50000.000,0
6251,,,50000.000,14881.411,-6193.117,50000.000,0
6301,,,50000.000,14358.470,-3346.823,50000.000,0
6351,,,50000.000,9405.470,-1165.412,50000.000,0
6401,,,50000.000,9756.588,-1673.412,50000.000,0
6451,,,50000.000,11952.940,-3981.823,50000.000,0
6501,,,50000.000,20237.822,-9061.823,50000.000,0
6551,,,50000.000,17473.705,-8703.234,50000.000,0
6601,,,50000.000,7059.706,-3025.588,50000.000,0
6651,,,50000.000,8128.000,-2159.000,50000.000,0
6701,,,50000.000,15105.528,-4459.941,50000.000,0
6751,,,50000.000,6626.411,-1807.882,50000.000,0
6801,,,50000.000,17809.881,-3458.882,50000.000,0
6851,,,50000.000,7395.882,-806.823,50000.000,0
6901,,,50000.000,13865.411,0.000,50000.000,0
6951,,,50000.000,31794.822,-791.882,50000.000,0
7001,,,50000.000,30278.293,-2719.294,50000.000,0
7051,,,50000.000,10667.999,-784.412,50000.000,0
7101,,,50000.000,3959.411,156.882,50000.000,0
7151,,,50000.000,20738.352,1740.647,50000.000,0
7201,,,50000.000,25945.352,1270.000,50000.000,0
7251,,,50000.000,11945.470,298.824,50000.000,0
7301,,,50000.000,11691.470,500.529,50000.000,0
7351,,,50000.000,16457.705,1023.471,50000.000,0
7401,,,50000.000,24122.527,859.118,50000.000,0
7451,,,50000.000,17682.881,694.765,50000.000,0
7501,,,50000.000,19826.939,-119.529,50000.000,0
7551,,,50000.000,13432.117,-582.706,50000.000,0
7601,,,50000.000,4459.941,0.000,50000.000,0
7651,,,50000.000,8232.588,1382.059,50000.000,0
7701,,,50000.000,9681.882,37.353,50000.000,0
7751,,,50000.000,6895.353,-3122.706,50000.000,0
7801,,,50000.000,2032.000,-1165.412,50000.000,0
7851,,,50000.000,3055.470,-948.765,50000.000,0
7901,,,50000.000,2375.647,-418.353,50000.000,0
7951,,,50000.000,2076.823,194.235,50000.000,0
8001,,,50000.000,1628.588,231.588,50000.000,0
8051,,,50000.000,978.647,52.294,50000.000,0
8101,,,50000.000,0.000,0.000,50000.000,0
8151,,,50000.000,-119.529,-388.471,50000.000,0
8201,,,50000.000,-470.647,-1008.529,50000.000,0
8251,,,50000.000,-560.294,-179.294,50000.000,0
8301,,,50000.000,-649.941,-590.176,50000.000,0
8351,,,50000.000,-1852.706,-1703.294,50000.000,0
8401,,,50000.000,-3324.412,-2017.059,50000.000,0
8451,,,50000.000,-2084.294,-784.412,50000.000,0
8501,,,50000.000,-5154.706,-463.176,50000.000,0
8551,,,50000.000,-5468.470,-373.529,50000.000,0
8601,,,50000.000,-2233.706,-224.118,50000.000,0
8651,,,50000.000,-2644.588,-575.235,50000.000,0
8701,,,50000.000,-3974.353,-993.588,50000.000,0
8751,,,50000.000,-6073.588,-1748.118,50000.000,0
8801,,,50000.000,-12236.822,-3429.000,50000.000,0
8851,,,50000.000,-8889.999,-3257.176,50000.000,0
8901,,,50000.000,-7620.000,-4445.000,50000.000,0
8951,,,50000.000,-3025.588,-1919.941,50000.000,0
9001,,,50000.000,-4385.235,-2607.235,50000.000,0
9051,,,50000.000,-7194.176,-3219.823,50000.000,0
9101,,,50000.000,-12617.822,-4153.647,50000.000,0
9151,,,50000.000,-16524.939,-1927.412,50000.000,0
9201,,,50000.000,-9846.234,-1456.765,50000.000,0
9251,,,50000.000,-12005.234,-2696.882,50000.000,0
9301,,,50000.000,-17630.588,-4407.647,50000.000,0
9351,,,50000.000,-11078.882,-3623.235,50000.000,0
9401,,,50000.000,-5289.176,-1464.235,50000.000,0
9451,,,50000.000,-3107.764,-612.588,50000.000,0
9501,,,50000.000,-4855.882,-1255.059,50000.000,0
9551,,,50000.000,-14754.411,-5431.117,50000.000,0
9601,,,50000.000,-7933.764,-4183.529,50000.000,0
9651,,,50000.000,-6223.000,-2801.470,50000.000,0
9701,,,50000.000,-6357.470,-2054.412,50000.000,0
9751,,,50000.000,-4736.353,-1337.235,50000.000,0
9801,,,50000.000,-7239.000,-2562.412,50000.000,0
9851,,,50000.000,-10757.646,-2898.588,50000.000,0
9901,,,50000.000,-11900.646,-1337.235,50000.000,0
9951,,,50000.000,-16876.059,-1606.176,50000.000,0
10001,,,50000.000,-13969.999,-1292.412,50000.000,0
10051,,,50000.000,-18698.881,-903.941,50000.000,0
10101,,,50000.000,-12632.764,-104.588,50000.000,0
10151,,,50000.000,-12961.470,-941.294,50000.000,0
10201,,,50000.000,-9278.470,-933.823,50000.000,0
10251,,,50000.000,-15591.116,739.588,50000.000,0
10301,,,50000.000,-16577.234,986.118,50000.000,0
10351,,,50000.000,-23039.293,-1411.941,50000.000,0
10401,,,50000.000,-20940.057,-1718.235,50000.000,0
10451,,,50000.000,-13103.411,127.000,50000.000,0
10501,,,50000.000,-13379.822,-1733.176,50000.000,0
10551,,,50000.000,-15217.587,-3645.647,50000.000,0
10601,,,50000.000,-7948.706,-470.647,50000.000,0
10651,,,50000.000,-10294.470,59.765,50000.000,0
10701,,,50000.000,-8785.411,-448.235,50000.000,0
10751,,,50000.000,-13842.999,-806.823,50000.000,0
10801,,,50000.000,-19789.586,-194.235,50000.000,0
10851,,,50000.000,-19012.646,-186.765,50000.000,0
10901,,,50000.000,-10526.059,-664.882,50000.000,0
10951,,,50000.000,-14343.528,-687.294,50000.000,0
11001,,,50000.000,-14873.940,-358.588,50000.000,0
11051,,,50000.000,-9943.353,-1105.647,50000.000,0
11101,,,50000.000,-12498.293,-1307.353,50000.000,0
11151,,,50000.000,-17040.410,-209.176,50000.000,0
11201,,,50000.000,-22023.293,-687.294,50000.000,0
11251,,,50000.000,-16599.646,-851.647,50000.000,0
11301,,,50000.000,-12886.764,-127.000,50000.000,0
11351,,,50000.000,-22889.881,-567.765,50000.000,0
11401,,,50000.000,-11355.293,-1023.471,50000.000,0
11451,,,50000.000,-3593.353,-186.765,50000.000,0
11501,,,50000.000,-7971.117,-74.706,50000.000,0
11551,,,50000.000,-14336.058,-433.294,50000.000,0
11601,,,50000.000,-13962.528,-366.059,50000.000,0
11651,,,50000.000,-18751.176,381.000,50000.000,0
11701,,,50000.000,-13312.587,-89.647,50000.000,0
11751,,,50000.000,-13626.352,-1135.529,50000.000,0
11801,,,50000.000,-18706.352,-500.529,50000.000,0
11851,,,50000.000,-12535.646,52.294,50000.000,0
11901,,,50000.000,-21246.352,-918.882,50000.000,0
11951,,,50000.000,-19707.410,-1240.118,50000.000,0
12001,,,50000.000,-11175.999,0.000,50000.000,0
12051,,,50000.000,-17398.998,-679.823,50000.000,0
12101,,,50000.000,-17727.705,-1613.647,50000.000,0
12151,,,50000.000,-9704.294,-500.529,50000.000,0
12201,,,50000.000,-19505.705,-1143.000,50000.000,0
12251,,,50000.000,-7821.706,-627.529,50000.000,0
12301,,,50000.000,-7866.529,-127.000,50000.000,0
12351,,,50000.000,-17085.234,-104.588,50000.000,0
12401,,,50000.000,-17929.410,-1225.176,50000.000,0
12451,,,50000.000,-13618.882,-978.647,50000.000,0
12501,,,50000.000,-20581.469,22.412,50000.000,0
12551,,,50000.000,-17742.646,-231.588,50000.000,0
12601,,,50000.000,-13999.882,-1262.529,50000.000,0
12651,,,50000.000,-10010.588,-821.765,50000.000,0
12701,,,50000.000,-12610.353,-522.941,50000.000,0
12751,,,50000.000,-30225.998,-2607.235,50000.000,0
12801,,,50000.000,-24787.410,-2704.353,50000.000,0
12851,,,50000.000,-8068.235,-119.529,50000.000,0
12901,,,50000.000,-24727.645,-351.118,50000.000,0
12951,,,50000.000,-23644.410,-1740.647,50000.000,0
13001,,,50000.000,-10324.353,-1277.470,50000.000,0
13051,,,50000.000,-4624.294,-552.823,50000.000,0
13101,,,50000.000,-10488.705,-298.824,50000.000,0
13151,,,50000.000,-25063.822,-4362.823,50000.000,0
13201,,,50000.000,-15486.528,-4183.529,50000.000,0
13251,,,50000.000,-16106.587,-2599.765,50000.000,0
13301,,,50000.000,-19565.469,-1404.470,50000.000,0
13351,,,50000.000,-8187.764,-829.235,50000.000,0
13401,,,50000.000,-13887.822,-1942.353,50000.000,0
13451,,,50000.000,-10496.176,-1113.118,50000.000,0
13501,,,50000.000,-11527.117,-7.471,50000.000,0
13551,,,50000.000,-25280.469,-1172.882,50000.000,0
13601,,,50000.000,-30517.352,-4415.117,50000.000,0
13651,,,50000.000,-20260.234,-3712.882,50000.000,0
13701,,,50000.000,-19714.881,-933.823,50000.000,0
13751,,,50000.000,-29426.645,-1979.706,50000.000,0
13801,,,50000.000,-23084.115,-2764.117,50000.000,0
13851,,,50000.000,-7351.058,-1120.588,50000.000,0
13901,,,50000.000,-4938.059,-29.882,50000.000,0
13951,,,50000.000,-24884.527,-1165.412,50000.000,0
14001,,,50000.000,-16801.352,-1030.941,50000.000,0
14051,,,50000.000,-19520.646,-321.235,50000.000,0
14101,,,50000.000,-16285.881,687.294,50000.000,0
14151,,,50000.000,-14433.176,567.765,50000.000,0
14201,,,50000.000,-15606.058,776.941,50000.000,0
14251,,,50000.000,-11527.117,224.118,50000.000,0
14301,,,50000.000,-9308.353,-455.706,50000.000,0
14351,,,50000.000,-23719.115,-3802.529,50000.000,0
14401,,,50000.000,-10204.823,-1008.529,50000.000,0
14451,,,50000.000,-13163.176,313.765,50000.000,0
14501,,,50000.000,-30412.762,-283.882,50000.000,0
14551,,,50000.000,-23263.410,-926.353,50000.000,0
14601,,,50000.000,-12572.999,-470.647,50000.000,0
14651,,,50000.000,-17742.646,-762.000,50000.000,0
14701,,,50000.000,-10496.176,-276.412,50000.000,0
14751,,,50000.000,-23061.705,-2136.588,50000.000,0
14801,,,50000.000,-20387.234,-3421.529,50000.000,0
14851,,,50000.000,-15202.646,-2607.235,50000.000,0
14901,,,50000.000,-23771.410,-1068.294,50000.000,0
14951,,,50000.000,-16920.881,620.059,50000.000,0
15001,,,50000.000,-6521.823,194.235,50000.000,0
15051,,,50000.000,-19565.469,732.118,50000.000,0
15101,,,50000.000,-15673.293,-194.235,50000.000,0
15151,,,50000.000,-14941.176,-1636.059,50000.000,0
15201,,,50000.000,-13588.999,-1845.235,50000.000,0
15251,,,50000.000,-13753.352,-1016.000,50000.000,0
15301,,,50000.000,-23547.293,-1299.882,50000.000,0
15351,,,50000.000,-19617.764,-889.000,50000.000,0
15401,,,50000.000,-31936.762,-2569.882,50000.000,0
15451,,,50000.000,-32340.174,-3376.706,50000.000,0
15501,,,50000.000,-16382.999,-1195.294,50000.000,0
15551,,,50000.000,-23674.293,-1979.706,50000.000,0
15601,,,50000.000,-30405.293,-3944.470,50000.000,0
15651,,,50000.000,-17421.410,-1875.118,50000.000,0
15701,,,50000.000,-17742.646,-657.412,50000.000,0
15751,,,50000.000,-17772.527,-67.235,50000.000,0
15801,,,50000.000,-15307.234,-44.824,50000.000,0
15851,,,50000.000,-13043.646,343.647,50000.000,0
15901,,,50000.000,-12124.764,336.176,50000.000,0
15951,,,50000.000,-12057.528,186.765,50000.000,0
16001,,,50000.000,-24369.057,-747.059,50000.000,0
16051,,,50000.000,-35126.703,-2517.588,50000.000,0
16101,,,50000.000,-22942.176,-1307.353,50000.000,0
16151,,,50000.000,-17682.881,-649.941,50000.000,0
16201,,,50000.000,-33176.879,-4654.176,50000.000,0
16251,,,50000.000,-33206.762,-7433.235,50000.000,0
16301,,,50000.000,-21515.293,-2681.941,50000.000,0
16351,,,50000.000,-6342.529,-52.294,50000.000,0
16401,,,50000.000,-16315.764,-1636.059,50000.000,0
16451,,,50000.000,-15747.999,-3817.470,50000.000,0
16501,,,50000.000,-19662.586,-5401.235,50000.000,0
16551,,,50000.000,-22396.822,-2300.941,50000.000,0
16601,,,50000.000,-16450.234,-37.353,50000.000,0
16651,,,50000.000,-7888.940,-141.941,50000.000,0
16701,,,50000.000,-13506.822,-1538.941,50000.000,0
16751,,,50000.000,-15053.234,-3175.000,50000.000,0
16801,,,50000.000,-14896.352,-3996.764,50000.000,0
16851,,,50000.000,-7029.823,-791.882,50000.000,0
16901,,,50000.000,-23808.764,-762.000,50000.000,0
16951,,,50000.000,-34088.293,-2241.176,50000.000,0
17001,,,50000.000,-32265.469,-2674.470,50000.000,0
17051,,,50000.000,-33341.234,-3189.941,50000.000,0
17101,,,50000.000,-24929.352,-1374.588,50000.000,0
17151,,,50000.000,-17518.527,-769.471,50000.000,0
17201,,,50000.000,-12087.411,-1195.294,50000.000,0
17251,,,50000.000,-19012.646,-1942.353,50000.000,0
17301,,,50000.000,-19640.176,-971.176,50000.000,0
17351,,,50000.000,-22732.998,-903.941,50000.000,0
17401,,,50000.000,-23547.293,-3503.706,50000.000,0
17451,,,50000.000,-14223.999,-2413.000,50000.000,0
17501,,,50000.000,-22673.234,-2114.176,50000.000,0
17551,,,50000.000,-15471.587,-1143.000,50000.000,0
17601,,,50000.000,-14276.293,-732.118,50000.000,0
17651,,,50000.000,-22419.234,-679.823,50000.000,0
17701,,,50000.000,-36508.762,-522.941,50000.000,0
17751,,,50000.000,-37629.352,-1972.235,50000.000,0
17801,,,50000.000,-36381.762,-4318.000,50000.000,0
17851,,,50000.000,-32280.410,-4579.470,50000.000,0
17901,,,50000.000,-15030.822,-1337.235,50000.000,0
17951,,,50000.000,-23054.234,-5401.235,50000.000,0
18001,,,50000.000,-18190.881,-6551.706,50000.000,0
18051,,,50000.000,-11161.058,-3175.000,50000.000,0
18101,,,50000.000,-22583.586,-3458.882,50000.000,0
18151,,,50000.000,-12789.646,-1471.706,50000.000,0
18201,,,50000.000,-14971.058,-1882.588,50000.000,0
18251,,,50000.000,-19991.293,-2226.235,50000.000,0
18301,,,50000.000,-21477.939,-1628.588,50000.000,0
18351,,,50000.000,-19251.705,-1568.823,50000.000,0
18401,,,50000.000,-18594.293,-493.059,50000.000,0
18451,,,50000.000,-10697.882,-67.235,50000.000,0
18501,,,50000.000,-18751.176,-1187.823,50000.000,0
18551,,,50000.000,-28821.527,-4445.000,50000.000,0
18601,,,50000.000,-31428.762,-6536.764,50000.000,0
18651,,,50000.000,-11519.646,-1262.529,50000.000,0
18701,,,50000.000,-16099.116,141.941,50000.000,0
18751,,,50000.000,-20461.939,37.353,50000.000,0
18801,,,50000.000,-14911.293,-268.941,50000.000,0
18851,,,50000.000,-26991.234,-216.647,50000.000,0
18901,,,50000.000,-20334.939,-1471.706,50000.000,0
18951,,,50000.000,-24974.174,-5662.706,50000.000,0
19001,,,50000.000,-18825.881,-6439.646,50000.000,0
19051,,,50000.000,-18400.057,-7963.646,50000.000,0
19101,,,50000.000,-21507.822,-9241.117,50000.000,0
19151,,,50000.000,-17032.939,-5909.235,50000.000,0
19201,,,50000.000,-4564.529,-1217.706,50000.000,0
19251,,,50000.000,-4258.235,-806.823,50000.000,0
19301,,,50000.000,-27372.234,-5954.059,50000.000,0
19351,,,50000.000,-25579.293,-5207.000,50000.000,0
19401,,,50000.000,-18579.352,-2644.588,50000.000,0
19451,,,50000.000,-4848.412,-381.000,50000.000,0
19501,,,50000.000,-11235.764,-1247.588,50000.000,0
19551,,,50000.000,-18108.705,-3630.706,50000.000,0
19601,,,50000.000,-21321.057,-5169.646,50000.000,0
19651,,,50000.000,-18922.998,-2823.882,50000.000,0
19701,,,50000.000,-20192.998,-1053.353,50000.000,0
19751,,,50000.000,-19012.646,261.471,50000.000,0
19801,,,50000.000,-20394.705,791.882,50000.000,0
19851,,,50000.000,-12931.587,-649.941,50000.000,0
19901,,,50000.000,-15471.587,-2024.529,50000.000,0
19951,,,50000.000,-24690.293,-6932.706,50000.000,0
20001,,,50000.000,-36575.996,-13222.940,50000.000,0
20051,,,50000.000,-27222.822,-8867.588,50000.000,0
20101,,,50000.000,-22889.881,-5505.823,50000.000,0
20151,,,50000.000,-26886.645,-7351.058,50000.000,0
20201,,,50000.000,-16719.176,-5192.059,50000.000,0
20251,,,50000.000,-11639.176,-4056.529,50000.000,0
20301,,,50000.000,-7597.588,-1942.353,50000.000,0
20351,,,50000.000,-16427.822,-3548.529,50000.000,0
20401,,,50000.000,-19684.998,-3884.706,50000.000,0
20451,,,50000.000,-11975.353,-1725.706,50000.000,0
20501,,,50000.000,-16890.998,-1426.882,50000.000,0
20551,,,50000.000,-19834.410,-2569.882,50000.000,0
20601,,,50000.000,-21806.646,-3884.706,50000.000,0
20651,,,50000.000,-16838.705,-2988.235,50000.000,0
20701,,,50000.000,-8733.117,-649.941,50000.000,0
20751,,,50000.000,-24488.586,-4781.176,50000.000,0
20801,,,50000.000,-30980.527,-7896.411,50000.000,0
20851,,,50000.000,-15583.646,-2121.647,50000.000,0
20901,,,50000.000,-23293.293,-836.706,50000.000,0
20951,,,50000.000,-9584.764,-343.647,50000.000,0
21001,,,50000.000,-8254.999,-37.353,50000.000,0
21051,,,50000.000,-12513.234,313.765,50000.000,0
21101,,,50000.000,-23861.057,1113.118,50000.000,0
21151,,,50000.000,-14515.352,321.235,50000.000,0
21201,,,50000.000,-11654.117,82.176,50000.000,0
21251,,,50000.000,-6902.823,-67.235,50000.000,0
21301,,,50000.000,-8987.117,-657.412,50000.000,0
21351,,,50000.000,-14963.587,-1509.059,50000.000,0
21401,,,50000.000,-19924.057,-612.588,50000.000,0
21451,,,50000.000,-15075.646,-239.059,50000.000,0
21501,,,50000.000,-16674.352,-978.647,50000.000,0
21551,,,50000.000,-9472.705,-881.529,50000.000,0
21601,,,50000.000,-12692.528,-1852.706,50000.000,0
21651,,,50000.000,-9965.764,-933.823,50000.000,0
21701,,,50000.000,-7776.882,254.000,50000.000,0
21751,,,50000.000,-10682.940,373.529,50000.000,0
21801,,,50000.000,-6454.588,216.647,50000.000,0
21851,,,50000.000,-12580.470,127.000,50000.000,0
21901,,,50000.000,-13663.705,-261.471,50000.000,0
21951,,,50000.000,-7567.706,-664.882,50000.000,0
22001,,,50000.000,-8613.588,-552.823,50000.000,0
22051,,,50000.000,-22045.705,-313.765,50000.000,0
22101,,,50000.000,-12206.940,-440.765,50000.000,0
22151,,,50000.000,-11766.176,-1128.059,50000.000,0
22201,,,50000.000,-13051.117,-1068.294,50000.000,0
22251,,,50000.000,-8404.411,-597.647,50000.000,0
22301,,,50000.000,-15606.058,-2383.117,50000.000,0
22351,,,50000.000,-9099.176,-2061.882,50000.000,0
22401,,,50000.000,-5909.235,-254.000,50000.000,0
22451,,,50000.000,-18833.352,470.647,50000.000,0
22501,,,50000.000,-15135.411,156.882,50000.000,0
22551,,,50000.000,-6484.470,-104.588,50000.000,0
22601,,,50000.000,-13574.058,-530.412,50000.000,0
22651,,,50000.000,-21440.586,-1128.059,50000.000,0
22701,,,50000.000,-15142.881,-1449.294,50000.000,0
22751,,,50000.000,-6917.764,-1195.294,50000.000,0
22801,,,50000.000,-10032.999,-1329.765,50000.000,0
22851,,,50000.000,-18609.234,-1277.470,50000.000,0
22901,,,50000.000,-23577.176,-351.118,50000.000,0
22951,,,50000.000,-18108.705,-537.882,50000.000,0
23001,,,50000.000,-25116.115,-3556.000,50000.000,0
23051,,,50000.000,-13611.411,-3877.235,50000.000,0
23101,,,50000.000,-18302.939,-7022.353,50000.000,0
23151,,,50000.000,-4953.000,-1778.000,50000.000,0
23201,,,50000.000,-7933.764,-1449.294,50000.000,0
23251,,,50000.000,-14634.882,-3249.706,50000.000,0
23301,,,50000.000,-11609.293,-3824.941,50000.000,0
23351,,,50000.000,-11743.764,-5468.470,50000.000,0
23401,,,50000.000,-20633.764,-7582.646,50000.000,0
23451,,,50000.000,-14268.822,-3937.000,50000.000,0
23501,,,50000.000,-7829.176,-1546.412,50000.000,0
23551,,,50000.000,-12236.822,-1060.823,50000.000,0
23601,,,50000.000,-17242.117,-821.765,50000.000,0
23651,,,50000.000,-3578.412,-209.176,50000.000,0
23701,,,50000.000,-7216.588,-1023.471,50000.000,0
23751,,,50000.000,-12692.528,-2069.353,50000.000,0
23801,,,50000.000,-2846.294,-440.765,50000.000,0
23851,,,50000.000,-2166.470,-89.647,50000.000,0
23901,,,50000.000,-3869.764,-74.706,50000.000,0
23951,,,50000.000,-11183.470,-89.647,50000.000,0
24001,,,50000.000,-18930.469,-7.471,50000.000,0
24051,,,50000.000,-8777.940,171.824,50000.000,0
24101,,,50000.000,-7702.176,-134.471,50000.000,0
24151,,,50000.000,-11325.411,-1045.882,50000.000,0
24201,,,50000.000,-16442.764,-1546.412,50000.000,0
24251,,,50000.000,-15822.705,-851.647,50000.000,0
24301,,,50000.000,-19124.705,-1658.470,50000.000,0
24351,,,50000.000,-9368.117,-1987.176,50000.000,0
24401,,,50000.000,-3204.882,-821.765,50000.000,0
24451,,,50000.000,-3615.764,-889.000,50000.000,0
24501,,,50000.000,-5042.646,-1135.529,50000.000,0
24551,,,50000.000,-6514.353,-1404.470,50000.000,0
24601,,,50000.000,-9091.705,-1516.529,50000.000,0
24651,,,50000.000,-9233.646,-1045.882,50000.000,0
24701,,,50000.000,-15576.176,-1815.353,50000.000,0
24751,,,50000.000,-8284.882,-1016.000,50000.000,0
24801,,,50000.000,-14373.411,-440.765,50000.000,0
24851,,,50000.000,-12968.940,-44.824,50000.000,0
24901,,,50000.000,-7410.823,-268.941,50000.000,0
24951,,,50000.000,-14141.822,-478.118,50000.000,0
25001,,,50000.000,-11108.764,7.471,50000.000,0
25051,,,50000.000,-12610.353,530.412,50000.000,0
25101,,,50000.000,-4900.706,-44.824,50000.000,0
25151,,,50000.000,-4138.706,-89.647,50000.000,0
25201,,,50000.000,-7059.706,97.118,50000.000,0
25251,,,50000.000,-10145.059,156.882,50000.000,0
25301,,,50000.000,-16905.939,-298.824,50000.000,0
25351,,,50000.000,-10951.882,283.882,50000.000,0
25401,,,50000.000,-6275.293,373.529,50000.000,0
25451,,,50000.000,-9681.882,463.176,50000.000,0
25501,,,50000.000,-6858.000,216.647,50000.000,0
25551,,,50000.000,-18213.293,612.588,50000.000,0
25601,,,50000.000,-15964.646,298.824,50000.000,0
25651,,,50000.000,-9995.646,-164.353,50000.000,0
25701,,,50000.000,-8598.646,-791.882,50000.000,0
25751,,,50000.000,-21156.705,-941.294,50000.000,0
25801,,,50000.000,-16031.881,814.294,50000.000,0
25851,,,50000.000,-7463.117,351.118,50000.000,0
25901,,,50000.000,-4318.000,14.941,50000.000,0
25951,,,50000.000,-7082.117,298.824,50000.000,0
26001,,,50000.000,-9031.940,597.647,50000.000,0
26051,,,50000.000,-15008.411,732.118,50000.000,0
26101,,,50000.000,-15770.411,814.294,50000.000,0
26151,,,50000.000,-5453.529,418.353,50000.000,0
26201,,,50000.000,-10257.117,1516.529,50000.000,0
26251,,,50000.000,-6364.941,941.294,50000.000,0
26301,,,50000.000,-19767.176,3025.588,50000.000,0
26351,,,50000.000,-31824.703,2599.765,50000.000,0
26401,,,50000.000,-16816.293,313.765,50000.000,0
26451,,,50000.000,-16076.705,156.882,50000.000,0
26501,,,50000.000,-17794.939,-448.235,50000.000,0
26551,,,50000.000,-9793.940,-620.059,50000.000,0
26601,,,50000.000,-16883.527,-343.647,50000.000,0
26651,,,50000.000,-9375.588,209.176,50000.000,0
26701,,,50000.000,-14873.940,246.529,50000.000,0
26751,,,50000.000,-21896.293,313.765,50000.000,0
26801,,,50000.000,-18026.527,784.412,50000.000,0
26851,,,50000.000,-15083.116,978.647,50000.000,0
26901,,,50000.000,-9651.999,493.059,50000.000,0
26951,,,50000.000,-14313.646,672.353,50000.000,0
27001,,,50000.000,-11908.117,769.471,50000.000,0
27051,,,50000.000,-27917.586,508.000,50000.000,0
27101,,,50000.000,-12296.588,-127.000,50000.000,0
27151,,,50000.000,-5251.823,-52.294,50000.000,0
27201,,,50000.000,-9203.764,373.529,50000.000,0
27251,,,50000.000,-19625.234,620.059,50000.000,0
27301,,,50000.000,-15964.646,522.941,50000.000,0
27351,,,50000.000,-14814.176,941.294,50000.000,0
27401,,,50000.000,-5431.117,418.353,50000.000,0
27451,,,50000.000,-12177.058,239.059,50000.000,0
27501,,,50000.000,-22299.705,261.471,50000.000,0
27551,,,50000.000,-23196.176,1232.647,50000.000,0
27601,,,50000.000,-13857.940,889.000,50000.000,0
27651,,,50000.000,-6021.294,201.706,50000.000,0
27701,,,50000.000,-20648.705,-201.706,50000.000,0
27751,,,50000.000,-10242.176,-37.353,50000.000,0
27801,,,50000.000,-20588.939,-52.294,50000.000,0
27851,,,50000.000,-30980.527,-1830.294,50000.000,0
27901,,,50000.000,-8225.117,-806.823,50000.000,0
27951,,,50000.000,-15127.940,-762.000,50000.000,0
28001,,,50000.000,-21716.998,-978.647,50000.000,0
28051,,,50000.000,-7859.058,-485.588,50000.000,0
28101,,,50000.000,-9308.353,-702.235,50000.000,0
28151,,,50000.000,-5251.823,-530.412,50000.000,0
28201,,,50000.000,-10316.882,-1299.882,50000.000,0
28251,,,50000.000,-18527.057,-1972.235,50000.000,0
28301,,,50000.000,-18908.057,-4161.117,50000.000,0
28351,,,50000.000,-18459.822,-6656.293,50000.000,0
28401,,,50000.000,-9472.705,-1389.529,50000.000,0
28451,,,50000.000,-10331.823,-814.294,50000.000,0
28501,,,50000.000,-26371.174,-5625.353,50000.000,0
28551,,,50000.000,-34155.527,-10570.882,50000.000,0
28601,,,50000.000,-17369.117,-5162.176,50000.000,0
28651,,,50000.000,-7485.529,-186.765,50000.000,0
28701,,,50000.000,-11317.940,-1240.118,50000.000,0
28751,,,50000.000,-10884.646,-2883.647,50000.000,0
28801,,,50000.000,-9061.823,-2084.294,50000.000,0
28851,,,50000.000,-6282.764,-702.235,50000.000,0
28901,,,50000.000,-3690.470,-306.294,50000.000,0
28951,,,50000.000,-8060.764,-1023.471,50000.000,0
29001,,,50000.000,-15456.646,-2278.529,50000.000,0
29051,,,50000.000,-18683.939,-1240.118,50000.000,0
29101,,,50000.000,-16532.410,-306.294,50000.000,0
29151,,,50000.000,-5715.000,-224.118,50000.000,0
29201,,,50000.000,-5147.235,-194.235,50000.000,0
29251,,,50000.000,-4624.294,-141.941,50000.000,0
29301,,,50000.000,-18676.469,-463.176,50000.000,0
29351,,,50000.000,-21470.469,-1053.353,50000.000,0
29401,,,50000.000,-9510.059,-537.882,50000.000,0
29451,,,50000.000,-7634.940,0.000,50000.000,0
29501,,,50000.000,-19266.646,156.882,50000.000,0
29551,,,50000.000,-13962.528,-328.706,50000.000,0
29601,,,50000.000,-14246.411,-1008.529,50000.000,0
29651,,,50000.000,-17936.881,-343.647,50000.000,0
29701,,,50000.000,-7089.588,22.412,50000.000,0
29751,,,50000.000,-9278.470,-306.294,50000.000,0
29801,,,50000.000,-20596.410,-1165.412,50000.000,0
29851,,,50000.000,-20686.057,-440.765,50000.000,0
29901,,,50000.000,-17182.352,410.882,50000.000,0
29951,,,50000.000,-21545.176,-821.765,50000.000,0
30001,,,50000.000,-17600.705,-1688.353,50000.000,0
30051,,,50000.000,-6312.646,-747.059,50000.000,0
30101,,,50000.000,-9069.294,179.294,50000.000,0
30151,,,50000.000,-28716.939,-754.529,50000.000,0
30201,,,50000.000,-13910.234,-1456.765,50000.000,0
30251,,,50000.000,-1897.529,-283.882,50000.000,0
30301,,,50000.000,-12722.411,-1344.706,50000.000,0
30351,,,50000.000,-21515.293,-620.059,50000.000,0
30401,,,50000.000,-16622.059,-500.529,50000.000,0
30451,,,50000.000,-20446.998,-1419.412,50000.000,0
30501,,,50000.000,-2741.706,-321.235,50000.000,0
30551,,,50000.000,-1225.176,-141.941,50000.000,0
30601,,,50000.000,-6656.293,-1150.470,50000.000,0
30651,,,50000.000,-11788.588,-1292.412,50000.000,0
30701,,,50000.000,-9353.176,-186.765,50000.000,0
30751,,,50000.000,-10406.528,-1195.294,50000.000,0
30801,,,50000.000,-9143.999,-2069.353,50000.000,0
30851,,,50000.000,-4796.117,-1636.059,50000.000,0
30901,,,50000.000,-10055.411,-3406.588,50000.000,0
30951,,,50000.000,-5842.000,-2032.000,50000.000,0
31001,,,50000.000,-10884.646,-4213.412,50000.000,0
31051,,,50000.000,-18459.822,-9263.528,50000.000,0
31101,,,50000.000,-15045.764,-8449.234,50000.000,0
31151,,,50000.000,-8792.882,-3585.882,50000.000,0
31201,,,50000.000,-13999.882,-4534.647,50000.000,0
31251,,,50000.000,-10989.234,-3675.529,50000.000,0
31301,,,50000.000,-11250.705,-3697.941,50000.000,0
31351,,,50000.000,-3309.470,-724.647,50000.000,0
31401,,,50000.000,-3757.706,-141.941,50000.000,0
31451,,,50000.000,-2061.882,-14.941,50000.000,0
31501,,,50000.000,-5834.529,-418.353,50000.000,0
31551,,,50000.000,-6006.353,-605.118,50000.000,0
31601,,,50000.000,-2517.588,-470.647,50000.000,0
31651,,,50000.000,-9539.940,-1576.294,50000.000,0
31701,,,50000.000,-14873.940,-1232.647,50000.000,0
31751,,,50000.000,-5162.176,-343.647,50000.000,0
31801,,,50000.000,-9666.940,-814.294,50000.000,0
31851,,,50000.000,-9599.705,-664.882,50000.000,0
31901,,,50000.000,-7605.058,-179.294,50000.000,0
31951,,,50000.000,-2338.294,-119.529,50000.000,0
32001,,,50000.000,-5842.000,-418.353,50000.000,0
32051,,,50000.000,-14074.587,-672.353,50000.000,0
32101,,,50000.000,-19445.939,-119.529,50000.000,0
32151,,,50000.000,-27558.998,-3294.529,50000.000,0
32201,,,50000.000,-17062.822,-3115.235,50000.000,0
32251,,,50000.000,-12386.234,-814.294,50000.000,0
32301,,,50000.000,-14612.470,209.176,50000.000,0
32351,,,50000.000,-9278.470,-14.941,50000.000,0
32401,,,50000.000,-4557.059,-156.882,50000.000,0
32451,,,50000.000,-11758.705,-283.882,50000.000,0
32501,,,50000.000,-15576.176,687.294,50000.000,0
32551,,,50000.000,-17847.234,-321.235,50000.000,0
32601,,,50000.000,-17765.059,-889.000,50000.000,0
32651,,,50000.000,-15628.470,-1299.882,50000.000,0
32701,,,50000.000,-17555.881,-1270.000,50000.000,0
32751,,,50000.000,-8262.470,-448.235,50000.000,0
32801,,,50000.000,-13738.411,-1083.235,50000.000,0
32851,,,50000.000,-11041.528,-1030.941,50000.000,0
32901,,,50000.000,-12976.411,-2009.588,50000.000,0
32951,,,50000.000,-16674.352,-1822.823,50000.000,0
33001,,,50000.000,-12535.646,-1337.235,50000.000,0
33051,,,50000.000,-12206.940,-1553.882,50000.000,0
33101,,,50000.000,-7956.176,-889.000,50000.000,0
33151,,,50000.000,-6611.470,-694.765,50000.000,0
33201,,,50000.000,-5543.176,-261.471,50000.000,0
33251,,,50000.000,-13611.411,-1075.765,50000.000,0
33301,,,50000.000,-11168.528,-1800.412,50000.000,0
33351,,,50000.000,-4945.529,-1120.588,50000.000,0
33401,,,50000.000,-261.471,-7.471,50000.000,0
33451,,,50000.000,-4430.059,-29.882,50000.000,0
33501,,,50000.000,-22224.998,-717.176,50000.000,0
33551,,,50000.000,-10929.470,-508.000,50000.000,0
33601,,,50000.000,-12901.705,-1113.118,50000.000,0
33651,,,50000.000,-15501.470,-1397.000,50000.000,0
33701,,,50000.000,-11474.822,-1441.823,50000.000,0
33751,,,50000.000,-12221.882,-2375.647,50002.000,0
33801,,,50000.000,-13394.764,-3033.059,50000.000,0
33851,,,50000.000,-3556.000,-635.000,50000.000,0
33901,,,50000.000,-2069.353,-82.176,50000.000,0
33951,,,50000.000,-3204.882,-328.706,50000.000,0
34001,,,50000.000,-10936.940,-1075.765,50000.000,0
34051,,,50000.000,-10301.940,-1524.000,50000.000,0
34101,,,50000.000,-16024.411,-1456.765,50000.000,0
34151,,,50000.000,-16218.646,-918.882,50000.000,0
34201,,,50000.000,-10854.764,-1486.647,50000.000,0
34251,,,50000.000,-10705.353,-2061.882,50000.000,0
34301,,,50000.000,-13334.999,-2816.412,50000.000,0
34351,,,50000.000,-20334.939,-5229.412,50000.000,0
34401,,,50000.000,-20984.881,-4437.529,50000.000,0
34451,,,50000.000,-10742.705,-1531.470,50000.000,0
34501,,,50000.000,-3765.176,-358.588,50000.000,0
34551,,,50000.000,-1949.823,-298.824,50000.000,0
34601,,,50000.000,-15949.705,-2599.765,50000.000,0
34651,,,50000.000,-18235.705,-3795.059,50000.000,0
34701,,,50000.000,-20290.117,-7500.470,50000.000,0
34751,,,50000.000,-10436.411,-4243.294,50000.000,0
34801,,,50000.000,-3496.235,-1240.118,50000.000,0
34851,,,50000.000,-5319.059,-1807.882,50000.000,0
34901,,,50000.000,-8030.882,-2808.941,50000.000,0
34951,,,50000.000,-5080.000,-2427.941,50000.000,0
35001,,,50000.000,-9450.294,-3369.235,50000.000,0
35051,,,50000.000,-15083.116,-5177.117,50000.000,0
35101,,,50000.000,-8449.234,-3167.529,50000.000,0
35151,,,50000.000,-2368.176,-836.706,50000.000,0
35201,,,50000.000,-11340.353,-3996.764,50000.000,0
35251,,,50000.000,-14321.116,-5154.706,50000.000,0
35301,,,50000.000,-8516.470,-2338.294,50000.000,0
35351,,,50000.000,-10369.176,-3175.000,50000.000,0
35401,,,50000.000,-18922.998,-6208.059,50000.000,0
35451,,,50000.000,-20133.234,-7059.706,50000.000,0
35501,,,50000.000,-6678.706,-1733.176,50000.000,0
35551,,,50000.000,-3361.764,-395.941,50000.000,0
35601,,,50000.000,-8426.823,-336.176,50000.000,0
35651,,,50000.000,-18571.881,-29.882,50000.000,0
35701,,,50000.000,-12647.705,119.529,50000.000,0
35751,,,50000.000,-5535.706,-283.882,50000.000,0
35801,,,50000.000,-10376.646,-1807.882,50000.000,0
35851,,,50000.000,-11721.353,-1778.000,50000.000,0
35901,,,50000.000,-13738.411,-881.529,50000.000,0
35951,,,50000.000,-6170.706,-859.118,50000.000,0
36001,,,50000.000,-9293.411,-2465.294,50000.000,0
36051,,,50000.000,-13095.940,-231.588,50000.000,0
36101,,,50000.000,-12871.822,37.353,50000.000,0
36151,,,50000.000,-21492.881,-2054.412,50000.000,0
36201,,,50002.000,-5864.411,-881.529,50000.000,0
36251,,,49999.000,-3720.353,-216.647,50000.000,0
36301,,,49999.000,-13969.999,298.824,49998.000,0
36351,,,50000.000,-11825.940,261.471,50000.000,0
36401,,,50000.000,-17951.822,463.176,50000.000,0
36451,,,50000.000,-22904.822,29.882,50000.000,0
36501,,,50000.000,-8367.059,239.059,50000.000,0
36551,,,50000.000,-12341.411,14.941,50000.000,0
36601,,,50000.000,-13178.117,-612.588,50000.000,0
36651,,,50000.000,-10227.234,-485.588,50000.000,1
36701,,,50000.000,-15912.352,74.706,50000.000,1
36751,,,50000.000,-16226.116,-478.118,50000.000,0
36801,,,50000.000,-9360.646,-298.824,50000.000,0
36851,,,50000.000,-14216.528,-276.412,50000.000,0
36901,,,50000.000,-16614.588,612.588,50000.000,0
36951,,,50000.000,-18691.410,-1359.647,50000.000,0
37001,,,50000.000,-19094.822,-4310.529,50000.000,0
37051,,,50000.000,-6970.059,-1867.647,50000.000,0
37101,,,50000.000,-12438.528,-261.471,50000.000,0
37151,,,50000.000,-10264.588,59.765,50000.000,0
37201,,,50000.000,-20760.764,-1068.294,50000.000,0
37251,,,50000.000,-15053.234,-1397.000,50000.000,0
37301,,,50000.000,-21156.705,-2898.588,50000.000,0
37351,,,50000.000,-8001.000,-918.882,50000.000,0
37401,,,50000.000,-3294.529,321.235,50000.000,0
37451,,,50000.000,-6297.706,1232.647,50000.000,0
37501,,,50000.000,-12184.528,1016.000,50000.000,0
37551,,,50000.000,-10451.353,-52.294,50000.000,0
37601,,,50000.000,-10981.764,-291.353,50000.000,0
37651,,,50000.000,-8613.588,-597.647,50000.000,0
37701,,,50000.000,-9554.882,-455.706,50000.000,0
37751,,,50000.000,-7844.117,-403.412,50000.000,0
37801,,,50000.000,-4923.117,-433.294,50000.000,0
37851,,,50000.000,-2241.176,-179.294,50000.000,0
37901,,,50000.000,-2801.470,-268.941,50000.000,0
37951,,,50000.000,-2076.823,-119.529,50000.000,0
38001,,,50000.000,-3070.412,-201.706,50000.000,0
38051,,,50000.000,-194.235,-29.882,50000.000,0
38101,,,50000.000,-2166.470,268.941,50000.000,0
38151,,,50000.000,-3645.647,1890.059,50000.000,0
38201,,,50000.000,-8964.705,2808.941,50000.000,0
38251,,,50000.000,-7179.235,-306.294,50000.000,0
38301,,,50000.000,-3862.294,-2622.176,50000.000,0
38351,,,50000.000,-1434.353,-1270.000,50000.000,0
38401,,,50000.000,-2203.823,-754.529,50000.000,0
38451,,,50000.000,-1636.059,-112.059,50000.000,0
38501,,,50000.000,-3249.706,-74.706,50000.000,0
38551,,,50000.000,-2136.588,-67.235,50000.000,0
38601,,,50000.000,-22.412,-7.471,50000.000,0
38651,,,50000.000,-1284.941,-395.941,50000.000,0
38701,,,50000.000,-2644.588,-582.706,50000.000,0
38751,,,50000.000,-3085.353,104.588,50000.000,0
38801,,,50000.000,-2711.823,22.412,50000.000,0
38851,,,50000.000,-1837.765,-358.588,50000.000,0
38901,,,50000.000,-4818.529,-1090.706,50000.000,0
38951,,,50000.000,-3018.117,-821.765,50000.000,0
39001,,,50000.000,-246.529,-82.176,50000.000,0
39051,,,50000.000,-552.823,-74.706,50000.000,0
39101,,,50000.000,-896.471,-82.176,50000.000,0
39151,,,50000.000,-171.824,-44.824,50000.000,0
39201,,,50000.000,-171.824,-7.471,50000.000,0
39251,,,50000.000,-37.353,-7.471,50000.000,0
39301,,,50000.000,-82.176,-22.412,50000.000,0
39351,,,50000.000,-59.765,-7.471,50000.000,0
39401,,,50000.000,-762.000,-171.824,50000.000,0
39451,,,50000.000,-164.353,-37.353,50000.000,0
39501,,,50000.000,-7.471,0.000,50000.000,0
39551,,,50000.000,-1023.471,-231.588,50000.000,0
39601,,,50000.000,-799.353,-119.529,50000.000,0
39651,,,50000.000,-1284.941,-239.059,50000.000,0
39701,,,50000.000,-410.882,-89.647,50000.000,0
39751,,,50000.000,-22.412,-14.941,50000.000,0
39801,,,50000.000,0.000,0.000,50000.000,0
39851,,,50000.000,-156.882,-29.882,50000.000,0
39901,,,50000.000,-276.412,0.000,50000.000,0
39951,,,50000.000,201.706,0.000,50000.000,0
40001,,,50000.000,276.412,-44.824,50000.000,0
40051,,,50000.000,14.941,0.000,50000.000,0
40101,,,50000.000,0.000,0.000,50000.000,0
40151,,,50000.000,0.000,0.000,50000.000,0
40201,,,50000.000,0.000,0.000,50000.000,0
40251,,,50000.000,0.000,0.000,50000.000,0
40301,,,50000.000,22.412,0.000,50000.000,0
40351,,,50000.000,89.647,14.941,50000.000,0
40401,,,50000.000,0.000,0.000,50000.000,0
40451,,,50000.000,0.000,0.000,50000.000,0
40501,,,50000.000,0.000,0.000,50000.000,0
40551,,,50000.000,22.412,0.000,50000.000,0
40601,,,50000.000,373.529,29.882,50000.000,0
40651,,,50000.000,298.824,29.882,50000.000,0
40701,,,50000.000,395.941,134.471,50000.000,0
40751,,,50000.000,836.706,276.412,50000.000,0
40801,,,50000.000,605.118,171.824,50000.000,0
40851,,,50000.000,0.000,0.000,50000.000,0
40901,,,50000.000,0.000,0.000,50000.000,0
40951,,,50000.000,52.294,29.882,50000.000,0
41001,,,50000.000,44.824,29.882,50000.000,0
41051,,,50000.000,2435.412,127.000,50000.000,0
41101,,,50000.000,687.294,29.882,50000.000,0
41151,,,50000.000,1934.882,-22.412,50000.000,0
41201,,,50000.000,3242.235,22.412,50000.000,0
41251,,,50000.000,9360.646,381.000,50000.000,0
41301,,,50000.000,3937.000,246.529,50000.000,0
41351,,,50000.000,1456.765,0.000,50000.000,0
41401,,,50000.000,1748.118,-97.118,50000.000,0
41451,,,50000.000,3570.941,-351.118,50000.000,0
41501,,,50000.000,1680.882,-14.941,50000.000,0
41551,,,50000.000,328.706,59.765,50000.000,0
41601,,,50000.000,7119.470,-112.059,50000.000,0
41651,,,50000.000,5027.706,-418.353,50000.000,0
41701,,,50000.000,1807.882,-127.000,50000.000,0
41751,,,50000.000,2779.059,22.412,50000.000,0
41801,,,50000.000,13342.470,-1001.059,50000.000,0
41851,,,50000.000,8105.588,-739.588,50000.000,0
41901,,,50000.000,8113.058,-67.235,50000.000,0
41951,,,50000.000,5259.294,194.235,50000.000,0
42001,,,50000.000,5901.764,0.000,50000.000,0
42051,,,50000.000,9442.823,119.529,50000.000,0
42101,,,50000.000,6245.411,410.882,50000.000,0
42151,,,50000.000,6170.706,433.294,50000.000,0
42201,,,50000.000,2106.706,179.294,50000.000,0
42251,,,50000.000,1397.000,276.412,50000.000,0
42301,,,50000.000,1157.941,0.000,50000.000,0
42351,,,50000.000,478.118,0.000,50000.000,0
42401,,,50000.000,1486.647,82.176,50000.000,0
42451,,,50000.000,1546.412,194.235,50000.000,0
42501,,,50000.000,3578.412,388.471,50000.000,0
42551,,,50000.000,3907.117,-276.412,50000.000,0
42601,,,50000.000,2472.765,-2106.706,50000.000,0
42651,,,50000.000,851.647,-2196.353,50000.000,0
42701,,,50000.000,448.235,-1150.470,50000.000,0
42751,,,50000.000,-134.471,-1090.706,50000.000,0
42801,,,50000.000,-1001.059,-1202.765,50000.000,0
42851,,,50000.000,-470.647,-395.941,50000.000,0
42901,,,50000.000,-381.000,-29.882,50000.000,0
42951,,,50000.000,-1322.294,-104.588,50000.000,0
43001,,,50000.000,-29.882,-7.471,50000.000,0
43051,,,50000.000,-1030.941,-448.235,50000.000,0
43101,,,50000.000,-3585.882,-1755.588,50000.000,0
43151,,,50000.000,-2039.470,-724.647,50000.000,0
43201,,,50000.000,-403.412,-74.706,50000.000,0
43251,,,50000.000,-119.529,-14.941,50000.000,0
43301,,,50000.000,-134.471,-22.412,50000.000,0
43351,,,50000.000,-2181.412,-127.000,50000.000,0
43401,,,50000.000,-5931.646,-336.176,50000.000,0
43451,,,50000.000,-6753.411,-44.824,50000.000,0
43501,,,50000.000,-7194.176,-97.118,50000.000,0
43551,,,50000.000,-7306.235,-179.294,50000.000,0
43601,,,50000.000,-6387.353,-59.765,50000.000,0
43651,,,50000.000,-1994.647,-29.882,50000.000,0
43701,,,50000.000,-3675.529,-97.118,50000.000,0
43751,,,50000.000,-5677.646,29.882,50000.000,0
43801,,,50000.000,-4116.294,-74.706,50000.000,0
43851,,,50000.000,-3384.176,-82.176,50000.000,0
43901,,,50000.000,-5520.764,194.235,50000.000,0
43951,,,50000.000,-4228.353,134.471,50000.000,0
44001,,,50000.000,-3287.059,-97.118,50000.000,0
44051,,,50000.000,-2054.412,59.765,50000.000,0
44101,,,50000.000,-1621.118,37.353,50000.000,0
44151,,,50000.000,-1210.235,-82.176,50000.000,0
44201,,,50000.000,-1217.706,-82.176,50000.000,0
44251,,,50000.000,-1785.470,52.294,50000.000,0
44301,,,50000.000,-373.529,22.412,50000.000,0
44351,,,50000.000,-1509.059,44.824,50000.000,0
44401,,,50000.000,-1001.059,-7.471,50000.000,0
44451,,,50000.000,-4258.235,-44.824,50000.000,0
44501,,,50000.000,-2308.412,29.882,50000.000,0
44551,,,50000.000,-814.294,44.824,50000.000,0
44601,,,50000.000,-194.235,0.000,50000.000,0
44651,,,50000.000,-1411.941,-74.706,50000.000,0
44701,,,50000.000,-881.529,-67.235,50000.000,0
44751,,,50000.000,-4497.294,-395.941,50000.000,0
44801,,,50000.000,-8792.882,-470.647,50000.000,0
44851,,,50000.000,-5879.353,-291.353,50000.000,0
44901,,,50000.000,-4811.059,-485.588,50000.000,0
44951,,,50000.000,-5759.823,-806.823,50000.000,0
45001,,,50000.000,-1299.882,-156.882,50000.000,0
45051,,,50000.000,-627.529,-59.765,50000.000,0
45101,,,50000.000,-343.647,-22.412,50000.000,0
45151,,,50000.000,-582.706,-59.765,50000.000,0
45201,,,50000.000,-1516.529,-127.000,50000.000,0
45251,,,50000.000,-747.059,-67.235,50000.000,0
45301,,,50000.000,-948.765,-141.941,50000.000,0
45351,,,50000.000,-156.882,-37.353,50000.000,0
45401,,,50000.000,-231.588,127.000,50000.000,0
45451,,,50000.000,-298.824,612.588,50000.000,0
45501,,,50000.000,0.000,82.176,50000.000,0
45551,,,50000.000,881.529,851.647,50000.000,0
45601,,,50000.000,1411.941,1359.647,50000.000,0
45651,,,50000.000,672.353,478.118,50000.000,0
45701,,,50000.000,2913.529,597.647,50000.000,0
45751,,,50000.000,851.647,44.824,50000.000,0
45801,,,50000.000,1030.941,0.000,50000.000,0
45851,,,50000.000,724.647,-52.294,50000.000,0
45901,,,50000.000,2562.412,-201.706,50000.000,0
45951,,,50000.000,3451.412,336.176,50000.000,0
46001,,,50000.000,3175.000,351.118,50000.000,0
46051,,,50000.000,6096.000,508.000,50000.000,0
46101,,,50000.000,9659.470,2315.882,50000.000,0
46151,,,50000.000,4310.529,1770.529,50000.000,0
46201,,,50000.000,2375.647,1232.647,50000.000,0
46251,,,50000.000,1785.470,874.059,50000.000,0
46301,,,50000.000,963.706,373.529,50000.000,0
46351,,,50000.000,5102.412,664.882,50000.000,0
46401,,,50000.000,6275.293,478.118,50000.000,0
46451,,,50000.000,16681.822,-194.235,50000.000,0
46501,,,50000.000,15195.176,-844.176,50000.000,0
46551,,,50000.000,4362.823,-67.235,50000.000,0
46601,,,50000.000,10548.470,455.706,50000.000,0
46651,,,50000.000,15307.234,22.412,50000.000,0
46701,,,50000.000,14149.293,59.765,50000.000,0
46751,,,50000.000,15337.116,239.059,50000.000,0
46801,,,50000.000,4788.647,-231.588,50000.000,0
46851,,,50000.000,6282.764,-425.823,50000.000,0
46901,,,50000.000,3951.941,-67.235,50000.000,0
46951,,,50000.000,13036.176,702.235,50000.000,0
47001,,,50000.000,19931.527,1083.235,50000.000,0
47051,,,50000.000,8471.646,537.882,50000.000,0
47101,,,50000.000,9831.293,829.235,50000.000,0
47151,,,50000.000,9920.940,732.118,50000.000,0
47201,,,50000.000,3810.000,306.294,50000.000,0
47251,,,50000.000,2711.823,254.000,50000.000,0
47301,,,50000.000,8001.000,1172.882,50000.000,0
47351,,,50000.000,6252.882,530.412,50000.000,0
47401,,,50000.000,5259.294,-298.824,50000.000,0
47451,,,50000.000,5371.353,-1210.235,50000.000,0
47501,,,50000.000,1800.412,-567.765,50000.000,0
47551,,,50000.000,6133.353,-1957.294,50000.000,0
47601,,,50000.000,1568.823,-268.941,50000.000,0
47651,,,50000.000,6745.941,-2577.353,50000.000,0
47701,,,50000.000,6252.882,-5565.588,50000.000,0
47751,,,50000.000,3414.059,-3810.000,50000.000,0
47801,,,50000.000,3204.882,-3227.294,50000.000,0
47851,,,50000.000,5483.412,-6028.764,50000.000,0
47901,,,50000.000,709.706,-851.647,50000.000,0
47951,,,50000.000,844.176,-493.059,50000.000,0
48001,,,50000.000,1277.470,-627.529,50000.000,0
48051,,,50000.000,993.588,-336.176,50000.000,0
48101,,,50000.000,52.294,-52.294,50000.000,0
48151,,,50000.000,254.000,-336.176,50000.000,0
48201,,,50000.000,478.118,-612.588,50000.000,0
48251,,,50000.000,1135.529,-1075.765,50000.000,0
48301,,,50000.000,2286.000,-1479.176,50000.000,0
48351,,,50000.000,679.823,-298.824,50000.000,0
48401,,,50000.000,14.941,-29.882,50000.000,0
48451,,,50000.000,410.882,-784.412,50000.000,0
48501,,,50000.000,1733.176,-2450.353,50000.000,0
48551,,,50000.000,3033.059,-2196.353,50000.000,0
48601,,,50000.000,4213.412,-1060.823,50000.000,0
48651,,,50000.000,1210.235,-582.706,50000.000,0
48701,,,50000.000,485.588,-1322.294,50000.000,0
48751,,,50000.000,1374.588,-3795.059,50000.000,0
48801,,,50000.000,500.529,-2091.765,50000.000,0
48851,,,50000.000,642.471,739.588,50000.000,0
48901,,,50000.000,1397.000,388.471,50000.000,0
48951,,,50000.000,545.353,-2076.823,50000.000,0
49001,,,50000.000,29.882,-515.471,50000.000,0
49051,,,50000.000,-463.176,-1441.823,50000.000,0
49101,,,50000.000,-463.176,-545.353,50000.000,0
49151,,,50000.000,-1150.470,-567.765,50000.000,0
49201,,,50000.000,-1030.941,298.824,50000.000,0
49251,,,50000.000,-1262.529,283.882,50000.000,0
49301,,,50000.000,-993.588,-597.647,50000.000,0
49351,,,50000.000,-3488.764,-1964.765,50000.000,0
49401,,,50000.000,-1456.765,-1030.941,50000.000,0
49451,,,50000.000,-433.294,-336.176,50000.000,0
49501,,,50000.000,-410.882,-52.294,50000.000,0
49551,,,50000.000,22.412,-59.765,50000.000,0
49601,,,50000.000,-59.765,-3526.117,50000.000,0
49651,,,50000.000,-164.353,-5087.470,50000.000,0
49701,,,50000.000,-164.353,-3122.706,50000.000,0
49751,,,50000.000,-164.353,-2218.765,50000.000,0
49801,,,50000.000,-560.294,-1718.235,50000.000,0
49851,,,50000.000,-769.471,-1016.000,50000.000,0
49901,,,50000.000,-1113.118,-1890.059,50000.000,0
49951,,,50000.000,-821.765,-1411.941,50000.000,0
50001,,,50000.000,-2106.706,-1718.235,50000.000,0
50051,,,50000.000,-986.118,-366.059,50000.000,0
50101,,,50000.000,-433.294,-268.941,50000.000,0
50151,,,50000.000,-381.000,-373.529,50000.000,0
50201,,,50000.000,-82.176,-82.176,50000.000,0
50251,,,50000.000,-2091.765,-963.706,50000.000,0
50301,,,50000.000,-4071.470,-224.118,50000.000,0
50351,,,50000.000,-2592.294,-22.412,50000.000,0
50401,,,50000.000,-2330.823,-134.471,50000.000,0
50451,,,50000.000,-2398.059,-7.471,50000.000,0
50501,,,50000.000,-2017.059,104.588,50000.000,0
50551,,,50000.000,-6925.235,-1255.059,50000.000,0
50601,,,50000.000,-7761.940,-3062.941,50000.000,0
50651,,,50000.000,-3085.353,-1060.823,50000.000,0
50701,,,50000.000,-7956.176,-1628.588,50000.000,0
50751,,,50000.000,-7470.588,-1531.470,50000.000,0
50801,,,50000.000,-7455.646,-1837.765,50000.000,0
50851,,,50000.000,-5012.764,-1411.941,50000.000,0
50901,,,50000.000,-3556.000,-194.235,50000.000,0
50951,,,50000.000,-4474.882,986.118,50000.000,0
51001,,,50000.000,-7806.764,1030.941,50000.000,0
51051,,,50000.000,-12348.882,-209.176,50000.000,0
51101,,,50000.000,-14978.528,-2450.353,50000.000,0
51151,,,50000.000,-11407.588,-2532.529,50000.000,0
51201,,,50000.000,-4340.412,-747.059,50000.000,0
51251,,,50000.000,-5969.000,-1008.529,50000.000,0
51301,,,50000.000,-13678.646,-4661.647,50000.000,0
51351,,,50000.000,-10914.528,-4519.706,50000.000,0
51401,,,50000.000,-5401.235,-978.647,50000.000,0
51451,,,50000.000,-8516.470,-1673.412,50000.000,0
51501,,,50000.000,-7126.941,-1845.235,50000.000,0
51551,,,50000.000,-11915.588,-2637.117,50000.000,0
51601,,,50000.000,-14515.352,-747.059,50000.000,0
51651,,,50000.000,-7754.470,-291.353,50000.000,0
51701,,,50000.000,-3683.000,-395.941,50000.000,0
51751,,,50000.000,-8045.823,-627.529,50000.000,0
51801,,,50000.000,-9226.176,104.588,50000.000,0
51851,,,50000.000,-4205.941,52.294,50000.000,0
51901,,,50000.000,-2913.529,-276.412,50000.000,0
51951,,,50000.000,-5692.588,-597.647,50000.000,0
52001,,,50000.000,-11519.646,-29.882,50000.000,0
52051,,,50000.000,-8635.999,82.176,50000.000,0
52101,,,50000.000,-10899.588,-156.882,50000.000,0
52151,,,50000.000,-11967.882,-694.765,50000.000,0
52201,,,50000.000,-13364.882,-1016.000,50000.000,0
52251,,,50000.000,-7291.293,-291.353,50000.000,0
52301,,,50000.000,-13222.940,-1352.176,50000.000,0
52351,,,50000.000,-19976.352,-5453.529,50000.000,0
52401,,,50000.000,-17511.059,-7171.764,50000.000,0
52451,,,50000.000,-9651.999,-3593.353,50000.000,0
52501,,,50000.000,-6895.353,-2226.235,50000.000,0
52551,,,50000.000,-8538.882,-2883.647,50000.000,0
52601,,,50000.000,-7171.764,-3242.235,50000.000,0
52651,,,50000.000,-8217.646,-3585.882,50000.000,0
52701,,,50000.000,-7881.470,-2547.470,50000.000,0
52751,,,50000.000,-9024.470,-3085.353,50000.000,0
52801,,,50000.000,-5565.588,-2181.412,50000.000,0
52851,,,50000.000,-6297.706,-2689.412,50000.000,0
52901,,,50000.000,-11146.117,-3048.000,50000.000,0
52951,,,50000.000,-4011.706,-605.118,50000.000,0
53001,,,50000.000,-5386.294,-814.294,50000.000,0
53051,,,50000.000,-12408.646,-2569.882,50000.000,0
53101,,,50000.000,-14268.822,-2024.529,50000.000,0
53151,,,50000.000,-13790.705,-1374.588,50000.000,0
53201,,,50000.000,-10249.646,-1247.588,50000.000,0
53251,,,50000.000,-11183.470,-1426.882,50000.000,0
53301,,,50000.000,-4064.000,-164.353,50000.000,0
53351,,,50000.000,-2943.412,74.706,50000.000,0
53401,,,50000.000,-17249.588,-418.353,50000.000,0
53451,,,50000.000,-7082.117,-582.706,50000.000,0
53501,,,50000.000,-6245.411,-717.176,50000.000,0
53551,,,50000.000,-5856.941,276.412,50000.000,0
53601,,,50000.000,-12602.882,-59.765,50000.000,0
53651,,,50000.000,-21612.410,-4191.000,50000.000,0
53701,,,50000.000,-16270.940,-5311.588,50000.000,0
53751,,,50000.000,-9084.234,-1621.118,50000.000,0
53801,,,50000.000,-9375.588,-194.235,50000.000,0
53851,,,50000.000,-9756.588,-224.118,50000.000,0
53901,,,50000.000,-9061.823,-2420.470,50000.000,0
53951,,,50000.000,-5483.412,-2039.470,50000.000,0
54001,,,50000.000,-8583.705,-1987.176,50000.000,0
54051,,,50000.000,-7814.235,-567.765,50000.000,0
54101,,,50000.000,-5386.294,-418.353,50000.000,0
54151,,,50000.000,-6364.941,-956.235,50000.000,0
54201,,,50000.000,-12042.588,-3496.235,50000.000,0
54251,,,50000.000,-9756.588,-2734.235,50000.000,0
54301,,,50000.000,-12341.411,-1905.000,50000.000,0
54351,,,50000.000,-12333.940,-1449.294,50000.000,0
54401,,,50000.000,-16412.881,-2637.117,50000.000,0
54451,,,50000.000,-14044.705,-4004.235,50000.000,0
54501,,,50000.000,-17593.234,-6110.941,50000.000,0
54551,,,50000.000,-6708.588,-1546.412,50000.000,0
54601,,,50000.000,-3727.823,-463.176,50000.000,0
54651,,,50000.000,-3727.823,-508.000,50000.000,0
54701,,,50000.000,-7171.764,-1367.118,50000.000,0
54751,,,50000.000,-5423.646,-1180.353,50000.000,0
54801,,,50000.000,-7209.117,-896.471,50000.000,0
54851,,,50000.000,-6282.764,-366.059,50000.000,0
54901,,,50000.000,-10765.117,-806.823,50000.000,0
54951,,,50000.000,-9076.764,-1426.882,50000.000,0
55001,,,50000.000,-7059.706,-1651.000,50000.000,0
55051,,,50000.000,-12655.176,-1068.294,50000.000,0
55101,,,50000.000,-11273.117,-1053.353,50000.000,0
55151,,,50000.000,-3705.412,-963.706,50000.000,0
55201,,,50000.000,-6514.353,-2592.294,50000.000,0
55251,,,50000.000,-7343.588,-1113.118,50000.000,0
55301,,,50000.000,-4467.412,-67.235,50000.000,0
55351,,,50000.000,-10309.411,-1822.823,50000.000,0
55401,,,50000.000,-13701.058,-3914.588,50000.000,0
55451,,,50000.000,-10951.882,-3600.823,50000.000,0
55501,,,50000.000,-9681.882,-1516.529,50000.000,0
55551,,,50000.000,-13133.293,-141.941,50000.000,0
55601,,,50000.000,-24921.881,-993.588,50000.000,0
55651,,,50000.000,-16136.470,-1778.000,50000.000,0
55701,,,50000.000,-5386.294,-791.882,50000.000,0
55751,,,50000.000,-4579.470,-239.059,50000.000,0
55801,,,50000.000,-14567.646,-89.647,50000.000,0
55851,,,50000.000,-25011.527,-1389.529,50000.000,0
55901,,,50000.000,-21672.176,-3272.117,50000.000,0
55951,,,50000.000,-6708.588,-1382.059,50000.000,0
56001,,,50000.000,-12214.411,-664.882,50000.000,0
56051,,,50000.000,-15015.881,575.235,50000.000,0
56101,,,50000.000,-15127.940,52.294,50000.000,0
56151,,,50000.000,-8075.706,-1008.529,50000.000,0
56201,,,50000.000,-10690.411,-3638.176,50000.000,0
56251,,,50000.000,-11497.234,-4840.941,50000.000,0
56301,,,50000.000,-7082.117,-3638.176,50000.000,0
56351,,,50000.000,-4557.059,-2771.588,50000.000,0
56401,,,50000.000,-8822.764,-5012.764,50000.000,0
56451,,,50000.000,-7679.764,-3683.000,50000.000,0
56501,,,50000.000,-11317.940,-2435.412,50000.000,0
56551,,,50000.000,-14134.352,-2136.588,50000.000,0
56601,,,50000.000,-9846.234,-918.882,50000.000,0
56651,,,50000.000,-5461.000,-1053.353,50000.000,0
56701,,,50000.000,-5154.706,-1232.647,50000.000,0
56751,,,50000.000,-9024.470,-829.235,50000.000,0
56801,,,50000.000,-6611.470,463.176,50000.000,0
56851,,,50000.000,-20357.352,-455.706,50000.000,0
56901,,,50000.000,-22284.764,-3668.059,50000.000,0
56951,,,50000.000,-10286.999,-2480.235,50000.000,0
57001,,,50000.000,-15620.999,-3077.882,50000.000,0
57051,,,50000.000,-15538.822,-2256.117,50000.000,0
57101,,,50000.000,-16480.117,-1434.353,50000.000,0
57151,,,50000.000,-20155.646,-2076.823,50000.000,0
57201,,,50000.000,-15023.352,-3085.353,50000.000,0
57251,,,50000.000,-10697.882,-2562.412,50000.000,0
57301,,,50000.000,-7679.764,-694.765,50000.000,0
57351,,,50000.000,-6081.059,-381.000,50000.000,0
57401,,,50000.000,-12543.117,-679.823,50000.000,0
57451,,,50000.000,-15322.176,-216.647,50000.000,0
57501,,,50000.000,-7560.235,-52.294,50000.000,0
57551,,,50000.000,-5983.941,-1501.588,50000.000,0
57601,,,50000.000,-2136.588,-672.353,50000.000,0
57651,,,50000.000,-1778.000,-366.059,50000.000,0
57701,,,50000.000,-8195.234,-2995.706,50000.000,0
57751,,,50000.000,-7224.058,-4616.823,50000.000,0
57801,,,50000.000,-1845.235,-2024.529,50000.000,0
57851,,,50000.000,-1352.176,-2405.529,50000.000,0
57901,,,50000.000,-933.823,-1912.470,50000.000,0
57951,,,50000.000,-97.118,-1255.059,50000.000,0
58001,,,50000.000,186.765,-2278.529,50000.000,0
58051,,,50000.000,1053.353,-3660.588,50000.000,0
58101,,,50000.000,1157.941,-3615.764,50000.000,0
58151,,,50000.000,545.353,-3003.176,50000.000,0
58201,,,50000.000,874.059,-2360.706,50000.000,0
58251,,,50000.000,881.529,-306.294,50000.000,0
58301,,,50000.000,97.118,485.588,50000.000,0
58351,,,50000.000,-44.824,276.412,50000.000,0
58401,,,50000.000,-776.941,1277.470,50000.000,0
58451,,,50000.000,-814.294,948.765,50000.000,0
58501,,,50000.000,-1531.470,799.353,50000.000,0
58551,,,50000.000,-3107.764,283.882,50000.000,0
58601,,,50000.000,-2935.941,-605.118,50000.000,0
58651,,,50000.000,-3152.588,-1232.647,50000.000,0
58701,,,50000.000,-7037.293,-657.412,50000.000,0
58751,,,50000.000,-4564.529,-44.824,50000.000,0
58801,,,50000.000,-5184.588,-425.823,50000.000,0
58851,,,50000.000,-8673.353,-1172.882,50000.000,0
58901,,,50000.000,-5319.059,-388.471,50000.000,0
58951,,,50000.000,-4377.765,-112.059,50000.000,0
59001,,,50000.000,-8964.705,-1038.412,50000.000,0
59051,,,50000.000,-10682.940,-1217.706,50000.000,0
59101,,,50000.000,-2779.059,-141.941,50000.000,0
59151,,,50000.000,-8083.176,-373.529,50000.000,0
59201,,,50000.000,-18385.117,-2360.706,50000.000,0
59251,,,50000.000,-8389.470,-1389.529,50000.000,0
59301,,,50000.000,-9644.528,-7.471,50000.000,0
59351,,,50000.000,-14575.116,918.882,50000.000,0
59401,,,50000.000,-11937.999,-268.941,50000.000,0
59451,,,50000.000,-5050.117,-298.824,50000.000,0
59501,,,50000.000,-6977.529,156.882,50000.000,0
59551,,,50000.000,-9592.234,687.294,50000.000,0
59601,,,50000.000,-3735.294,112.059,50000.000,0
59651,,,50000.000,-4049.059,14.941,50000.000,0
59701,,,50000.000,-4489.823,149.412,50000.000,0
59751,,,50000.000,-6170.706,44.824,50000.000,0
59801,,,50000.000,-9510.059,-171.824,50000.000,0
59851,,,50000.000,-16920.881,119.529,50000.000,0
59901,,,50000.000,-10750.176,635.000,50000.000,0
59951,,,50000.000,-9450.294,149.412,50000.000,0
