timestamp[ms],left_dx[um],left_dy[um],left_dt[us],right_dx[um],right_dy[um],right_dt[us],waterPin
0,0.000,0.000,50153.000,0.000,0.000,50153.000,0
51,7.471,74.706,50000.000,14.941,-7.471,50000.000,0
101,22.412,67.235,50000.000,29.882,-37.353,50000.000,0
151,0.000,29.882,50000.000,7.471,-14.941,50000.000,0
201,7.471,29.882,50000.000,7.471,-22.412,50000.000,0
251,7.471,0.000,50000.000,7.471,-29.882,50000.000,0
301,0.000,-7.471,50000.000,0.000,-22.412,50000.000,0
351,0.000,-22.412,50000.000,0.000,-14.941,50000.000,0
401,0.000,-59.765,50000.000,0.000,0.000,50000.000,0
451,0.000,-74.706,50000.000,-14.941,0.000,50000.000,0
501,0.000,-82.176,50000.000,0.000,0.000,50000.000,0
551,-7.471,-97.118,50000.000,-14.941,0.000,50000.000,0
601,-14.941,-97.118,50000.000,-14.941,0.000,50000.000,0
651,0.000,-74.706,50000.000,0.000,0.000,50000.000,0
701,0.000,-97.118,50000.000,0.000,0.000,50000.000,0
751,0.000,-74.706,50000.000,-7.471,0.000,50000.000,0
801,-7.471,-89.647,50000.000,-7.471,0.000,50000.000,0
851,0.000,-52.294,50000.000,0.000,0.000,50000.000,0
901,-7.471,-44.824,50000.000,0.000,0.000,50000.000,0
951,-7.471,-22.412,50000.000,-7.471,0.000,50000.000,0
1001,0.000,0.000,50000.000,0.000,-14.941,50000.000,0
1051,0.000,0.000,50000.000,0.000,0.000,50000.000,0
1101,0.000,0.000,50000.000,0.000,-22.412,50000.000,0
1151,0.000,37.353,50000.000,0.000,-7.471,50000.000,0
1201,-7.471,74.706,50000.000,0.000,0.000,50000.000,0
1251,-22.412,52.294,50000.000,0.000,-7.471,50000.000,0
1301,0.000,74.706,50000.000,0.000,-7.471,50000.000,0
1351,-14.941,89.647,50000.000,0.000,0.000,50000.000,0
1401,-7.471,44.824,50000.000,0.000,-7.471,50000.000,0
1451,-7.471,67.235,50000.000,0.000,-7.471,50000.000,0
1501,-14.941,67.235,50000.000,0.000,7.471,50000.000,0
1551,-22.412,52.294,50000.000,7.471,7.471,50000.000,0
1601,0.000,52.294,50000.000,7.471,0.000,50000.000,0
1651,-14.941,44.824,50000.000,14.941,29.882,50000.000,0
1701,-14.941,22.412,50000.000,0.000,22.412,50000.000,0
1751,-29.882,14.941,50000.000,-7.471,29.882,50000.000,0
1801,-14.941,0.000,50000.000,-7.471,44.824,50000.000,0
1851,-22.412,-7.471,50000.000,-14.941,44.824,50000.000,0
1901,-7.471,-37.353,50000.000,-22.412,44.824,50000.000,0
1951,-7.471,-44.824,50000.000,-7.471,22.412,50000.000,0
2001,-14.941,-44.824,50000.000,-7.471,29.882,50000.000,0
2051,-7.471,-67.235,50000.000,-14.941,7.471,50000.000,0
2101,-14.941,-29.882,50000.000,0.000,0.000,50000.000,0
2151,0.000,-37.353,50000.000,0.000,-14.941,50000.000,0
2201,14.941,-59.765,50000.000,-7.471,-22.412,50000.000,0
2251,22.412,-44.824,50000.000,-7.471,-7.471,50000.000,0
2301,14.941,-37.353,50000.000,-7.471,-22.412,50000.000,0
2351,29.882,-52.294,50000.000,0.000,-29.882,50000.000,0
2401,22.412,-52.294,50000.000,7.471,-59.765,50000.000,0
2451,22.412,-29.882,50000.000,22.412,-37.353,50000.000,0
2501,7.471,0.000,50000.000,0.000,-52.294,50000.000,0
2551,14.941,-7.471,50000.000,14.941,-44.824,50000.000,0
2601,0.000,0.000,50000.000,22.412,-29.882,50000.000,0
2651,14.941,7.471,50000.000,0.000,-14.941,50000.000,0
2701,7.471,22.412,50000.000,0.000,-14.941,50000.000,0
2751,0.000,29.882,50000.000,14.941,-7.471,50000.000,0
2801,0.000,37.353,50000.000,7.471,0.000,50000.000,0
2851,-7.471,29.882,50000.000,7.471,14.941,50000.000,0
2901,-14.941,37.353,50000.000,7.471,22.412,50000.000,0
2951,-7.471,14.941,50000.000,0.000,22.412,50000.000,0
3001,-22.412,29.882,50000.000,-7.471,29.882,50000.000,0
3051,-7.471,22.412,50000.000,0.000,59.765,50000.000,0
3101,-14.941,22.412,50000.000,-7.471,67.235,50000.000,0
3151,-14.941,22.412,50000.000,-14.941,59.765,50000.000,0
3201,-7.471,14.941,50000.000,0.000,59.765,50000.000,0
3251,-22.412,37.353,50000.000,0.000,59.765,50002.000,0
3301,-14.941,14.941,50000.000,-14.941,44.824,50000.000,0
3351,-22.412,7.471,50000.000,0.000,14.941,50000.000,0
3401,0.000,7.471,50000.000,-14.941,14.941,50000.000,0
3451,0.000,0.000,50000.000,-22.412,0.000,50000.000,0
3501,0.000,-7.471,50000.000,0.000,-22.412,50000.000,0
3551,7.471,0.000,50000.000,0.000,-7.471,50000.000,0
3601,0.000,-7.471,50000.000,-14.941,-7.471,50000.000,0
3651,22.412,-29.882,50000.000,0.000,-29.882,50000.000,0
3701,29.882,-44.824,50000.000,0.000,-59.765,50000.000,0
3751,14.941,-22.412,50000.000,0.000,-22.412,50000.000,0
3801,14.941,-22.412,50000.000,0.000,-67.235,50000.000,0
3851,22.412,-29.882,50000.000,7.471,-67.235,50000.000,0
3901,14.941,-29.882,50000.000,7.471,-59.765,50000.000,0
3951,0.000,-7.471,50000.000,0.000,-37.353,50000.000,0
4001,22.412,-22.412,50000.000,14.941,-44.824,50000.000,0
4051,0.000,-14.941,50000.000,0.000,-7.471,50000.000,0
4101,0.000,-29.882,50000.000,0.000,0.000,50000.000,0
4151,0.000,-14.941,50000.000,0.000,-7.471,50000.000,0
4201,0.000,0.000,50000.000,0.000,0.000,50000.000,0
4251,0.000,0.000,50000.000,-7.471,7.471,50000.000,0
4301,0.000,0.000,50000.000,-7.471,22.412,50000.000,0
4351,-7.471,7.471,50000.000,0.000,37.353,50000.000,0
4401,-14.941,14.941,50000.000,0.000,44.824,50000.000,0
4451,0.000,7.471,50000.000,0.000,37.353,50000.000,0
4501,-22.412,22.412,50000.000,-7.471,37.353,50000.000,0
4551,-22.412,29.882,50000.000,0.000,52.294,50000.000,0
4601,-22.412,37.353,50000.000,0.000,29.882,50000.000,0
4651,-14.941,29.882,50000.000,0.000,7.471,50000.000,0
4701,-14.941,29.882,50000.000,0.000,0.000,50000.000,0
4751,0.000,22.412,50000.000,0.000,14.941,50000.000,0
4801,-7.471,14.941,50000.000,0.000,0.000,50000.000,0
4851,7.471,22.412,50000.000,0.000,-7.471,50000.000,0
4901,0.000,44.824,50000.000,0.000,0.000,50000.000,0
4951,0.000,22.412,50000.000,0.000,-22.412,50000.000,0
5001,14.941,14.941,50000.000,0.000,-37.353,50000.000,0
5051,7.471,7.471,50000.000,7.471,-29.882,50000.000,0
5101,0.000,7.471,50000.000,0.000,0.000,50000.000,0
5151,22.412,0.000,50000.000,0.000,-37.353,50000.000,0
5201,0.000,0.000,50000.000,7.471,-22.412,50000.000,0
5251,14.941,-7.471,50000.000,7.471,-22.412,50000.000,0
5301,29.882,-37.353,50000.000,0.000,-14.941,50000.000,0
5351,0.000,-37.353,50000.000,0.000,0.000,50000.000,0
5401,0.000,-29.882,50000.000,0.000,0.000,50000.000,0
5451,0.000,-22.412,50000.000,0.000,0.000,50000.000,0
5501,0.000,-52.294,50002.000,0.000,7.471,50000.000,0
5551,0.000,-7.471,49999.000,0.000,14.941,49999.000,0
5601,0.000,-22.412,49999.000,-14.941,14.941,49999.000,0
5651,0.000,-22.412,50000.000,-7.471,22.412,50000.000,0
5701,-7.471,-52.294,50000.000,-14.941,22.412,50000.000,0
5751,0.000,-29.882,50000.000,-14.941,14.941,50000.000,0
5801,0.000,-7.471,50000.000,0.000,7.471,50000.000,0
5851,0.000,-7.471,50000.000,0.000,7.471,50000.000,0
5901,0.000,-7.471,50000.000,-7.471,22.412,50000.000,0
5951,0.000,0.000,50000.000,0.000,7.471,50000.000,0
6001,0.000,14.941,50000.000,0.000,0.000,50000.000,0
6051,-7.471,22.412,50000.000,0.000,0.000,50000.000,0
6101,0.000,37.353,50000.000,0.000,0.000,50000.000,0
6151,-7.471,52.294,50000.000,14.941,-7.471,50000.000,0
6201,0.000,14.941,50000.000,-22.412,-7.471,50000.000,0
6251,0.000,44.824,50000.000,-67.235,7.471,50000.000,0
6301,0.000,59.765,50000.000,-82.176,89.647,50000.000,0
6351,7.471,59.765,50000.000,-1919.941,7.471,50000.000,0
6401,7.471,29.882,50000.000,14.941,7.471,50000.000,0
6451,0.000,7.471,50000.000,29.882,0.000,50000.000,0
6501,7.471,22.412,50000.000,14.941,1792.941,50000.000,0
6551,0.000,7.471,50000.000,7.471,0.000,50000.000,0
6601,-7.471,14.941,50000.000,0.000,29.882,50000.000,0
6651,-7.471,14.941,50000.000,0.000,14.941,50000.000,0
6701,0.000,0.000,50000.000,0.000,7.471,50000.000,0
6751,0.000,-7.471,50000.000,0.000,14.941,50000.000,0
6801,-7.471,0.000,50000.000,0.000,29.882,50000.000,0
6851,-7.471,-22.412,50000.000,44.824,37.353,50000.000,0
6901,97.118,-67.235,50000.000,-59.765,-7.471,50000.000,0
6951,-149.412,0.000,50000.000,-52.294,7.471,50000.000,0
7001,0.000,-22.412,50000.000,29.882,-22.412,50000.000,0
7051,149.412,-112.059,50000.000,-119.529,-104.588,50000.000,0
7101,-149.412,7.471,50000.000,67.235,59.765,50000.000,0
7151,37.353,-22.412,50000.000,22.412,-29.882,50000.000,0
7201,82.176,-112.059,50000.000,-14.941,-22.412,50000.000,0
7251,-119.529,-14.941,50000.000,7.471,14.941,50000.000,0
7301,97.118,0.000,50000.000,29.882,-52.294,50000.000,0
7351,52.294,-37.353,50000.000,-37.353,-89.647,50000.000,0
7401,-141.941,14.941,50000.000,-7.471,0.000,50000.000,0
7451,7.471,52.294,50000.000,67.235,-44.824,50000.000,0
7501,97.118,22.412,50000.000,14.941,-67.235,50000.000,0
7551,-82.176,7.471,50000.000,-29.882,0.000,50000.000,0
7601,0.000,7.471,50000.000,0.000,-22.412,50000.000,0
7651,29.882,37.353,50000.000,7.471,-22.412,50000.000,0
7701,-67.235,7.471,50000.000,-29.882,0.000,50000.000,0
7751,14.941,0.000,50000.000,-37.353,-14.941,50000.000,0
7801,14.941,29.882,50000.000,0.000,-7.471,50000.000,0
7851,-74.706,22.412,50000.000,0.000,74.706,50000.000,0
7901,-7.471,22.412,50000.000,-14.941,22.412,50000.000,0
7951,22.412,44.824,50000.000,-7.471,14.941,50000.000,0
8001,-59.765,0.000,50000.000,-37.353,67.235,50000.000,0
8051,-29.882,-22.412,50000.000,-52.294,22.412,50000.000,0
8101,0.000,-7.471,50000.000,-7.471,22.412,50000.000,0
8151,-22.412,-14.941,50000.000,-37.353,37.353,50000.000,0
8201,-22.412,-52.294,50000.000,-67.235,22.412,50000.000,0
8251,-14.941,-7.471,50000.000,7.471,14.941,50000.000,0
8301,-7.471,-44.824,50000.000,-29.882,0.000,50000.000,0
8351,-14.941,-67.235,50000.000,-67.235,0.000,50000.000,0
8401,7.471,-7.471,50000.000,7.471,-29.882,50000.000,0
8451,0.000,-29.882,50000.000,-37.353,-29.882,50000.000,0
8501,0.000,-37.353,50000.000,-44.824,-29.882,50000.000,0
8551,0.000,7.471,50000.000,22.412,-37.353,50000.000,0
8601,7.471,0.000,50000.000,-14.941,-7.471,50000.000,0
8651,0.000,0.000,50000.000,-29.882,-37.353,50000.000,0
8701,0.000,22.412,50000.000,0.000,-29.882,50000.000,0
8751,0.000,14.941,50000.000,0.000,-22.412,50000.000,0
8801,0.000,7.471,50000.000,-14.941,-22.412,50000.000,0
8851,0.000,29.882,50000.000,0.000,-7.471,50000.000,0
8901,7.471,29.882,50000.000,0.000,-7.471,50000.000,0
8951,-7.471,29.882,50000.000,-14.941,0.000,50000.000,0
9001,-7.471,59.765,50000.000,0.000,7.471,50000.000,0
9051,0.000,44.824,50000.000,0.000,14.941,50000.000,0
9101,-7.471,7.471,50000.000,0.000,37.353,50000.000,0
9151,-14.941,37.353,50000.000,0.000,52.294,50000.000,0
9201,0.000,22.412,50000.000,0.000,44.824,50000.000,0
9251,0.000,7.471,50000.000,0.000,59.765,50000.000,0
9301,-14.941,22.412,50000.000,0.000,67.235,50000.000,0
9351,0.000,37.353,50000.000,7.471,37.353,50000.000,0
9401,0.000,14.941,50000.000,7.471,74.706,50000.000,0
9451,-7.471,7.471,50000.000,14.941,44.824,50000.000,0
9501,14.941,7.471,50000.000,44.824,52.294,50000.000,0
9551,22.412,0.000,50000.000,7.471,22.412,50000.000,0
9601,0.000,0.000,50000.000,14.941,0.000,50000.000,0
9651,52.294,0.000,50000.000,67.235,7.471,50000.000,0
9701,52.294,-22.412,50000.000,22.412,0.000,50000.000,0
9751,14.941,0.000,50000.000,22.412,0.000,50000.000,0
9801,22.412,-14.941,50000.000,37.353,-14.941,50000.000,0
9851,59.765,-29.882,50000.000,29.882,-37.353,50000.000,0
9901,59.765,-29.882,50000.000,37.353,-59.765,50000.000,0
9951,67.235,-44.824,50000.000,22.412,-74.706,50000.000,0
10001,7.471,-14.941,50000.000,14.941,-22.412,50000.000,0
10051,74.706,-37.353,50000.000,7.471,-59.765,50000.000,0
10101,74.706,-74.706,50000.000,7.471,-82.176,50000.000,0
10151,0.000,-22.412,50000.000,22.412,-22.412,50000.000,0
10201,67.235,-59.765,50000.000,0.000,-59.765,50000.000,0
10251,22.412,-44.824,50000.000,0.000,-14.941,50000.000,0
10301,14.941,-37.353,50000.000,29.882,-7.471,50000.000,0
10351,37.353,-44.824,50000.000,7.471,-7.471,50000.000,0
10401,0.000,-7.471,50000.000,0.000,0.000,50000.000,0
10451,7.471,-7.471,50000.000,0.000,14.941,50000.000,0
10501,-7.471,-7.471,50000.000,0.000,22.412,50000.000,0
10551,-22.412,-7.471,50000.000,-22.412,52.294,50000.000,0
10601,0.000,7.471,50000.000,0.000,52.294,50000.000,0
10651,37.353,97.118,50000.000,22.412,89.647,50000.000,0
10701,1524.000,2584.823,50000.000,2084.294,1583.765,50000.000,0
10751,3645.647,5834.529,50000.000,6103.470,2203.823,50000.000,0
10801,4034.117,5737.411,50000.000,4250.765,1292.412,50000.000,0
10851,3593.353,4422.588,50000.000,3541.059,1703.294,50000.000,0
10901,3391.647,3824.941,50000.000,4519.706,1598.706,50000.000,0
10951,3720.353,3638.176,50000.000,3922.059,1397.000,50000.000,0
11001,3742.764,3025.588,50000.000,4407.647,1778.000,50000.000,0
11051,3488.764,2696.882,50000.000,2771.588,1053.353,50000.000,0
11101,3473.823,2106.706,50000.000,2413.000,896.471,50000.000,0
11151,3264.647,1516.529,50000.000,1882.588,814.294,50000.000,0
11201,3309.470,1120.588,50000.000,1830.294,821.765,50000.000,0
11251,3391.647,649.941,50000.000,2861.235,1157.941,50000.000,0
11301,2741.706,149.412,50000.000,1583.765,814.294,50000.000,0
11351,2607.235,-59.765,50000.000,971.176,605.118,50000.000,0
11401,2525.059,-254.000,50000.000,1755.588,1150.470,50000.000,0
11451,1852.706,-336.176,50000.000,844.176,664.882,50000.000,0
11501,1404.470,-530.412,50000.000,336.176,328.706,50000.000,0
11551,1157.941,-672.353,50000.000,664.882,1098.176,50000.000,0
11601,373.529,-717.176,50000.000,373.529,1217.706,50000.000,0
11651,-52.294,-844.176,50000.000,74.706,769.471,50000.000,0
11701,0.000,-1008.529,50000.000,119.529,1210.235,50000.000,0
11751,127.000,-1479.176,50000.000,-14.941,1531.470,50000.000,0
11801,358.588,-1643.529,50000.000,239.059,881.529,50000.000,0
11851,1225.176,-2084.294,50000.000,89.647,186.765,50000.000,0
11901,1710.765,-2338.294,50000.000,82.176,-216.647,50000.000,0
11951,1890.059,-2181.412,50000.000,552.823,-3309.470,50000.000,0
12001,1718.235,-1128.059,50000.000,127.000,-2652.059,50000.000,0
12051,1165.412,-911.412,50000.000,224.118,-1329.765,50000.000,0
12101,649.941,-1195.294,50000.000,22.412,-2353.235,50000.000,0
12151,127.000,-1165.412,50000.000,-575.235,-1352.176,50000.000,0
12201,-649.941,-1187.823,50000.000,-657.412,-74.706,50000.000,0
12251,-874.059,-373.529,50000.000,-672.353,582.706,50000.000,0
12301,-351.118,993.588,50000.000,-112.059,149.412,50000.000,0
12351,-336.176,537.882,50000.000,-7.471,313.765,50000.000,0
12401,-395.941,-388.471,50000.000,-209.176,313.765,50000.000,0
12451,29.882,-425.823,50000.000,-7.471,14.941,50000.000,0
12501,268.941,7.471,50000.000,0.000,0.000,50000.000,0
12551,231.588,366.059,50000.000,7.471,22.412,50000.000,0
12601,141.941,209.176,50000.000,254.000,276.412,50000.000,0
12651,224.118,112.059,50000.000,425.823,313.765,50000.000,0
12701,283.882,97.118,50000.000,343.647,373.529,50000.000,0
12751,231.588,291.353,50000.000,179.294,321.235,50000.000,0
12801,186.765,403.412,50000.000,500.529,470.647,50000.000,0
12851,433.294,291.353,50000.000,784.412,239.059,50000.000,0
12901,612.588,171.824,50000.000,597.647,164.353,50000.000,0
12951,141.941,381.000,50000.000,343.647,627.529,50000.000,0
13001,-612.588,739.588,50000.000,14.941,747.059,50000.000,0
13051,-903.941,747.059,50000.000,-298.824,769.471,50000.000,0
13101,-679.823,844.176,50000.000,-537.882,67.235,50000.000,0
13151,-948.765,179.294,50000.000,-806.823,-381.000,50000.000,0
13201,-866.588,-179.294,50000.000,-216.647,-127.000,50000.000,0
13251,-216.647,-97.118,50000.000,-14.941,-74.706,50000.000,0
13301,-7.471,261.471,50000.000,-22.412,-141.941,50000.000,0
13351,-112.059,649.941,50000.000,0.000,0.000,50000.000,0
13401,-127.000,649.941,50000.000,0.000,0.000,50000.000,0
13451,224.118,642.471,50000.000,0.000,0.000,50000.000,0
13501,627.529,851.647,50000.000,0.000,0.000,50000.000,0
13551,747.059,776.941,50000.000,403.412,141.941,50000.000,0
13601,672.353,410.882,50000.000,851.647,642.471,50000.000,0
13651,381.000,14.941,50000.000,239.059,321.235,50000.000,0
13701,478.118,-194.235,50000.000,597.647,642.471,50000.000,0
13751,664.882,-164.353,50000.000,1001.059,455.706,50000.000,0
13801,1284.941,0.000,50000.000,1352.176,-410.882,50000.000,0
13851,1583.765,403.412,50000.000,635.000,-478.118,50000.000,0
13901,1247.588,896.471,50000.000,59.765,-52.294,50000.000,0
13951,395.941,642.471,50000.000,14.941,7.471,50000.000,0
14001,-67.235,59.765,50000.000,-74.706,127.000,50000.000,0
14051,-112.059,22.412,50000.000,-104.588,59.765,50000.000,0
14101,-164.353,-82.176,50000.000,-37.353,-37.353,50000.000,0
14151,-119.529,-59.765,50000.000,0.000,-7.471,50000.000,0
14201,-351.118,254.000,50000.000,0.000,0.000,50000.000,0
14251,-291.353,664.882,50000.000,0.000,0.000,50000.000,0
14301,104.588,395.941,50000.000,0.000,7.471,50000.000,0
14351,306.294,-74.706,50000.000,0.000,0.000,50000.000,0
14401,216.647,-97.118,50000.000,0.000,0.000,50000.000,0
14451,-216.647,22.412,50000.000,0.000,0.000,50000.000,0
14501,-903.941,-44.824,50000.000,0.000,7.471,50000.000,0
14551,-986.118,-14.941,50000.000,-179.294,97.118,50000.000,0
14601,-605.118,-44.824,50000.000,-306.294,-104.588,50000.000,0
14651,-276.412,-141.941,50000.000,-395.941,-478.118,50000.000,0
14701,-179.294,-239.059,50000.000,-44.824,-52.294,50000.000,0
14751,-179.294,-276.412,50000.000,-14.941,-29.882,50000.000,0
14801,-366.059,-567.765,50000.000,0.000,-14.941,50000.000,0
14851,-537.882,-776.941,50000.000,-37.353,-14.941,50000.000,0
14901,-687.294,-926.353,50000.000,-762.000,-291.353,50000.000,0
14951,-664.882,-717.176,50000.000,-926.353,-328.706,50000.000,0
15001,-575.235,-575.235,50000.000,-859.118,-186.765,50000.000,0
15051,-500.529,-395.941,50000.000,-694.765,-112.059,50000.000,0
15101,-254.000,0.000,50000.000,-388.471,-313.765,50000.000,0
15151,14.941,276.412,50000.000,-14.941,-478.118,50000.000,0
15201,-22.412,156.882,50000.000,0.000,-216.647,50000.000,0
15251,-179.294,52.294,50000.000,-224.118,276.412,50000.000,0
15301,-537.882,291.353,50000.000,-448.235,709.706,50000.000,0
15351,-881.529,537.882,50000.000,-508.000,545.353,50000.000,0
15401,-806.823,582.706,50000.000,-657.412,7.471,50000.000,0
15451,-672.353,493.059,50000.000,-515.471,-343.647,50000.000,0
15501,-642.471,433.294,50000.000,-463.176,-216.647,50000.000,0
15551,-1128.059,119.529,50000.000,-874.059,-97.118,50000.000,0
15601,-1927.412,127.000,50000.000,-889.000,82.176,50000.000,0
15651,-2502.647,298.824,50000.000,-2196.353,186.765,50000.000,0
15701,-3137.647,373.529,50000.000,-1232.647,119.529,50000.000,0
15751,-3951.941,522.941,50000.000,-2353.235,201.706,50000.000,0
15801,-4168.588,500.529,50000.000,-1531.470,156.882,50000.000,0
15851,-3877.235,724.647,50000.000,-1038.412,-7.471,50000.000,0
15901,-3533.588,657.412,50000.000,-2988.235,-239.059,50000.000,0
15951,-3092.823,1053.353,50000.000,-2248.647,-89.647,50000.000,0
16001,-4303.059,1792.941,50000.000,-3085.353,784.412,50000.000,0
16051,-4766.235,1404.470,50000.000,-1987.176,702.235,50000.000,0
16101,-4572.000,762.000,50000.000,-2704.353,717.176,50000.000,0
16151,-4205.941,186.765,50000.000,-2592.294,179.294,50000.000,0
16201,-3361.764,104.588,50000.000,-1979.706,-44.824,50000.000,0
16251,-3062.941,186.765,50000.000,-298.824,0.000,50000.000,0
16301,-2420.470,268.941,50000.000,-1464.235,0.000,50000.000,0
16351,-537.882,1001.059,50000.000,-635.000,-194.235,50000.000,0
16401,-97.118,605.118,50000.000,59.765,14.941,50000.000,0
16451,-224.118,-59.765,50000.000,-59.765,560.294,50000.000,0
16501,597.647,283.882,50000.000,433.294,806.823,50000.000,0
16551,739.588,1038.412,50000.000,836.706,1105.647,50000.000,0
16601,-59.765,1486.647,50000.000,283.882,933.823,50000.000,0
16651,-627.529,1150.470,50000.000,-52.294,1890.059,50000.000,0
16701,-739.588,978.647,50000.000,-164.353,1322.294,50000.000,0
16751,-1038.412,649.941,50000.000,-97.118,478.118,50000.000,0
16801,-851.647,403.412,50000.000,-97.118,37.353,50000.000,0
16851,-605.118,642.471,50000.000,0.000,0.000,50000.000,0
16901,-971.176,1045.882,50000.000,-7.471,-7.471,50000.000,0
16951,-1531.470,971.176,50000.000,-1262.529,-1187.823,50000.000,0
17001,-2950.882,1949.823,50000.000,-2009.588,-1299.882,50000.000,0
17051,-5431.117,3712.882,50000.000,-2891.117,-500.529,50000.000,0
17101,-7253.941,4601.882,50000.000,-6409.764,-425.823,50000.000,0
17151,-7821.706,4258.235,50000.000,-5924.176,-171.824,50000.000,0
17201,-7978.588,3443.941,50000.000,-8150.411,134.471,50000.000,0
17251,-8045.823,3092.823,50000.000,-8665.882,239.059,50000.000,0
17301,-8060.764,2988.235,50000.000,-8225.117,-261.471,50000.000,0
17351,-6544.235,1710.765,50000.000,-7156.823,-1165.412,50000.000,0
17401,-4945.529,470.647,50000.000,-6350.000,-2637.117,50000.000,0
17451,-3331.882,-134.471,50000.000,-4467.412,-3399.117,50000.000,0
17501,-1919.941,-500.529,50000.000,-3675.529,-4198.470,50000.000,0
17551,-1255.059,-455.706,50000.000,-2794.000,-4415.117,50000.000,0
17601,-1830.294,0.000,50000.000,-2196.353,-3533.588,50000.000,0
17651,-2584.823,-291.353,50000.000,-3406.588,-3443.941,50000.000,0
17701,-3466.353,-1143.000,50000.000,-4355.353,-3025.588,50000.000,0
17751,-3757.706,-1143.000,50000.000,-3175.000,-1718.235,50000.000,0
17801,-3802.529,-702.235,50000.000,-4728.882,-2898.588,50000.000,0
17851,-2659.529,-358.588,50000.000,-4250.765,-3623.235,50000.000,0
17901,-2450.353,-328.706,50000.000,-3481.294,-3137.647,50000.000,0
17951,-3137.647,-134.471,50000.000,-4071.470,-3055.470,50000.000,0
18001,-4123.765,29.882,50000.000,-6290.235,-3152.588,50000.000,0
18051,-5991.411,-179.294,50000.000,-6484.470,-1688.353,50000.000,0
18101,-8098.117,-141.941,50000.000,-8090.646,-351.118,50000.000,0
18151,-7769.411,821.765,50000.000,-8942.294,-313.765,50000.000,0
18201,-6663.764,2420.470,50000.000,-7620.000,-149.412,50000.000,0
18251,-6768.353,2629.647,50000.000,-7582.646,-657.412,50000.000,0
18301,-5969.000,1733.176,50000.000,-7463.117,-1949.823,50000.000,0
18351,-4527.176,1307.353,50000.000,-6604.000,-3309.470,50000.000,0
18401,-2726.764,1195.294,50000.000,-4833.470,-4034.117,50000.000,0
18451,-2196.353,889.000,50000.000,-4168.588,-4900.706,50000.000,0
18501,-2024.529,1038.412,50000.000,-3712.882,-6140.823,50000.000,0
18551,-1426.882,1524.000,50000.000,-2868.706,-6648.823,50000.000,0
18601,-1927.412,1919.941,50000.000,-2435.412,-5401.235,50000.000,0
18651,-2226.235,1486.647,50000.000,-1157.941,-1912.470,50000.000,0
18701,-2069.353,1471.706,50000.000,-440.765,-605.118,50000.000,0
18751,-1927.412,2061.882,50000.000,-993.588,-1651.000,50000.000,0
18801,-1628.588,2061.882,50000.000,-694.765,-1232.647,50000.000,0
18851,-1807.882,1688.353,50000.000,-1322.294,-2330.823,50000.000,0
18901,-1613.647,993.588,50000.000,-1217.706,-2054.412,50000.000,0
18951,-948.765,470.647,50000.000,-1217.706,-2248.647,50000.000,0
19001,-500.529,575.235,50000.000,-485.588,-1299.882,50000.000,0
19051,-515.471,709.706,50000.000,-164.353,-575.235,50000.000,0
19101,-485.588,612.588,50000.000,-485.588,-986.118,50000.000,0
19151,-171.824,829.235,50000.000,-164.353,-784.412,50000.000,0
19201,134.471,1486.647,50000.000,470.647,-425.823,50000.000,0
19251,104.588,1270.000,50000.000,366.059,-74.706,50000.000,0
19301,59.765,874.059,50000.000,216.647,276.412,50000.000,0
19351,313.765,1083.235,50000.000,844.176,620.059,50000.000,0
19401,291.353,717.176,50000.000,627.529,545.353,50000.000,0
19451,22.412,-268.941,50000.000,-67.235,403.412,50000.000,0
19501,74.706,-254.000,50000.000,29.882,388.471,50000.000,0
19551,321.235,164.353,50000.000,612.588,463.176,50000.000,0
19601,201.706,-67.235,50000.000,112.059,112.059,50000.000,0
19651,134.471,-328.706,50000.000,14.941,14.941,50000.000,0
19701,224.118,-74.706,50000.000,395.941,395.941,50000.000,0
19751,298.824,-44.824,50000.000,440.765,485.588,50000.000,0
19801,261.471,-52.294,50000.000,22.412,52.294,50000.000,0
19851,381.000,44.824,50000.000,0.000,7.471,50000.000,0
19901,508.000,171.824,50000.000,67.235,74.706,50000.000,0
19951,844.176,508.000,50000.000,605.118,635.000,50000.000,0
20001,903.941,664.882,50000.000,119.529,141.941,50000.000,0
20051,530.412,-37.353,50000.000,388.471,612.588,50000.000,0
20101,313.765,-612.588,50000.000,89.647,254.000,50000.000,0
20151,440.765,-515.471,50000.000,545.353,911.412,50000.000,0
20201,567.765,-470.647,50000.000,321.235,455.706,50000.000,0
20251,575.235,-717.176,50000.000,0.000,0.000,50000.000,0
20301,672.353,-754.529,50000.000,0.000,0.000,50000.000,0
20351,739.588,-425.823,50000.000,0.000,0.000,50000.000,0
20401,747.059,-254.000,50000.000,0.000,0.000,50000.000,0
20451,769.471,-388.471,50000.000,0.000,0.000,50000.000,0
20501,769.471,-119.529,50000.000,0.000,0.000,50000.000,0
20551,754.529,-179.294,50000.000,156.882,224.118,50000.000,0
20601,709.706,-306.294,50000.000,306.294,485.588,50000.000,0
20651,679.823,-597.647,50000.000,418.353,642.471,50000.000,0
20701,582.706,-709.706,50000.000,754.529,1598.706,50000.000,0
20751,806.823,-515.471,50000.000,844.176,1688.353,50000.000,0
20801,1098.176,-239.059,50000.000,343.647,508.000,50000.000,0
20851,1023.471,-127.000,50000.000,545.353,844.176,50000.000,0
20901,724.647,-366.059,50000.000,1150.470,1770.529,50000.000,0
20951,859.118,-717.176,50000.000,1426.882,2383.117,50000.000,0
21001,560.294,-993.588,50000.000,926.353,2039.470,50000.000,0
21051,500.529,-956.235,50000.000,881.529,2114.176,50000.000,0
21101,545.353,-672.353,50000.000,1090.706,2166.470,50000.000,0
21151,806.823,-1023.471,50000.000,1232.647,1763.059,50000.000,0
21201,1576.294,-2091.765,50000.000,1344.706,612.588,50000.000,0
21251,2472.765,-2898.588,50000.000,1800.412,-717.176,50000.000,0
21301,3242.235,-3137.647,50000.000,2719.294,-1710.765,50000.000,0
21351,3787.588,-4766.235,50000.000,2099.235,-1807.882,50000.000,0
21401,3697.941,-6551.706,50000.000,1255.059,-1890.059,50000.000,0
21451,2405.529,-6327.588,50000.000,664.882,-1426.882,50000.000,0
21501,1307.353,-5483.412,50000.000,478.118,-956.235,50000.000,0
21551,1030.941,-5588.000,50000.000,-82.176,-485.588,50000.000,0
21601,276.412,-4773.706,50000.000,-22.412,-14.941,50000.000,0
21651,-67.235,-3406.588,50000.000,-52.294,112.059,50000.000,0
21701,149.412,-2383.117,50000.000,-328.706,-29.882,50000.000,0
21751,67.235,-1845.235,50000.000,-575.235,-171.824,50000.000,0
21801,-649.941,-545.353,50000.000,-298.824,179.294,50000.000,0
21851,-1240.118,717.176,50000.000,-724.647,1060.823,50000.000,0
21901,-1023.471,1598.706,50000.000,-560.294,657.412,50000.000,0
21951,-455.706,2106.706,50000.000,-52.294,74.706,50000.000,0
22001,-67.235,1471.706,50000.000,216.647,-403.412,50000.000,0
22051,74.706,239.059,50000.000,-37.353,-844.176,50000.000,0
22101,-22.412,-239.059,50000.000,-358.588,-590.176,50000.000,0
22151,-373.529,-74.706,50000.000,-358.588,-164.353,50000.000,0
22201,-313.765,141.941,50000.000,-216.647,-104.588,50000.000,0
22251,-59.765,89.647,50000.000,-216.647,-276.412,50000.000,0
22301,-89.647,-59.765,50000.000,-149.412,-283.882,50000.000,0
22351,14.941,-171.824,50000.000,-67.235,-328.706,50000.000,0
22401,246.529,-246.529,50000.000,29.882,-448.235,50000.000,0
22451,283.882,-216.647,50000.000,141.941,-403.412,50000.000,0
22501,298.824,-194.235,50000.000,209.176,-388.471,50000.000,0
22551,306.294,-149.412,50000.000,239.059,-351.118,50000.000,0
22601,283.882,-82.176,50000.000,268.941,-291.353,50000.000,0
22651,201.706,-14.941,50000.000,261.471,-97.118,50000.000,0
22701,134.471,149.412,50000.000,141.941,67.235,50000.000,0
22751,-373.529,1583.765,50000.000,-224.118,410.882,50000.000,0
22801,-1337.235,4101.353,50000.000,-141.941,799.353,50000.000,0
22851,-1464.235,5042.646,50000.000,74.706,829.235,50000.000,0
22901,-537.882,3488.764,50000.000,-14.941,261.471,50000.000,0
22951,-149.412,1919.941,50000.000,-22.412,-119.529,50000.000,0
23001,112.059,276.412,50000.000,261.471,-351.118,50000.000,0
23051,522.941,-769.471,50000.000,298.824,-605.118,50000.000,0
23101,493.059,-821.765,50000.000,89.647,-515.471,50000.000,0
23151,201.706,-171.824,50000.000,306.294,-239.059,50000.000,0
23201,112.059,216.647,50000.000,246.529,-74.706,50000.000,0
23251,82.176,7.471,50000.000,-22.412,-67.235,50000.000,0
23301,22.412,-164.353,50000.000,-14.941,14.941,50000.000,0
23351,0.000,-97.118,50000.000,14.941,74.706,50000.000,0
23401,44.824,29.882,50000.000,29.882,22.412,50000.000,0
23451,82.176,52.294,50000.000,134.471,14.941,50000.000,0
23501,22.412,0.000,50000.000,59.765,44.824,50000.000,0
23551,7.471,-22.412,50000.000,-22.412,37.353,50000.000,0
23601,29.882,7.471,50000.000,22.412,0.000,50000.000,0
23651,22.412,37.353,50000.000,44.824,0.000,50000.000,0
23701,0.000,0.000,50000.000,0.000,-22.412,50000.000,0
23751,0.000,-14.941,50000.000,0.000,-7.471,50000.000,0
23801,-1919.941,1673.412,50000.000,0.000,0.000,50000.000,0
23851,0.000,0.000,50000.000,0.000,-7.471,50000.000,0
23901,0.000,-14.941,50000.000,0.000,0.000,50000.000,0
23951,7.471,-7.471,50000.000,0.000,0.000,50000.000,0
24001,7.471,0.000,50000.000,7.471,14.941,50000.000,0
24051,14.941,0.000,50000.000,14.941,14.941,50000.000,0
24101,7.471,14.941,50000.000,22.412,0.000,50000.000,0
24151,7.471,0.000,50000.000,14.941,0.000,50000.000,0
24201,14.941,0.000,50000.000,7.471,-22.412,50000.000,0
24251,0.000,0.000,50000.000,0.000,0.000,50000.000,0
24301,0.000,7.471,50000.000,0.000,0.000,50000.000,0
24351,0.000,7.471,50000.000,0.000,0.000,50000.000,0
24401,0.000,0.000,50000.000,0.000,0.000,50000.000,0
24451,0.000,0.000,50000.000,0.000,0.000,50000.000,0
24501,7.471,7.471,50000.000,0.000,-1807.882,50000.000,0
24551,14.941,14.941,50000.000,7.471,-14.941,50000.000,0
24601,0.000,0.000,50000.000,7.471,-14.941,50000.000,0
24651,0.000,0.000,50000.000,0.000,0.000,50000.000,0
24701,-7.471,-22.412,50000.000,0.000,0.000,50000.000,0
24751,0.000,-14.941,50000.000,7.471,0.000,50000.000,0
24801,-7.471,7.471,50000.000,14.941,0.000,50000.000,0
24851,-7.471,0.000,50000.000,7.471,7.471,50000.000,0
24901,7.471,0.000,50000.000,7.471,0.000,50000.000,0
24951,0.000,0.000,50000.000,0.000,0.000,50000.000,0
25001,0.000,0.000,50000.000,0.000,0.000,50000.000,0
25051,0.000,0.000,50000.000,0.000,0.000,50000.000,0
25101,0.000,0.000,50000.000,0.000,0.000,50000.000,0
25151,0.000,-1680.882,50000.000,0.000,0.000,50000.000,0
25201,7.471,1673.412,50000.000,0.000,0.000,50000.000,0
25251,7.471,0.000,50000.000,7.471,0.000,50000.000,0
25301,7.471,0.000,50000.000,7.471,0.000,50000.000,0
25351,0.000,0.000,50000.000,0.000,0.000,50000.000,0
25401,14.941,0.000,50000.000,7.471,0.000,50000.000,0
25451,0.000,0.000,50000.000,0.000,-7.471,50000.000,0
25501,0.000,0.000,50000.000,0.000,0.000,50000.000,0
25551,7.471,-7.471,50000.000,0.000,0.000,50000.000,0
25601,14.941,0.000,50000.000,0.000,0.000,50000.000,0
25651,0.000,0.000,50000.000,0.000,0.000,50000.000,0
25701,-7.471,-7.471,50000.000,0.000,0.000,50000.000,0
25751,0.000,0.000,50000.000,0.000,0.000,50000.000,0
25801,7.471,-7.471,50000.000,7.471,0.000,50000.000,0
25851,0.000,0.000,50000.000,7.471,0.000,50000.000,0
25901,0.000,0.000,50000.000,7.471,0.000,50000.000,0
25951,7.471,0.000,50000.000,7.471,0.000,50000.000,0
26001,0.000,0.000,50000.000,0.000,7.471,50000.000,0
26051,0.000,0.000,50000.000,0.000,0.000,50000.000,0
26101,7.471,0.000,50000.000,0.000,0.000,50000.000,0
26151,14.941,0.000,50000.000,0.000,0.000,50000.000,0
26201,14.941,-7.471,50000.000,7.471,0.000,50000.000,0
26251,0.000,0.000,50000.000,7.471,0.000,50000.000,0
26301,0.000,0.000,50000.000,7.471,0.000,50000.000,0
26351,0.000,0.000,50000.000,0.000,0.000,50000.000,0
26401,22.412,-7.471,50000.000,7.471,0.000,50000.000,0
26451,7.471,0.000,50000.000,22.412,0.000,50000.000,0
26501,7.471,0.000,50000.000,14.941,0.000,50000.000,0
26551,0.000,0.000,50000.000,0.000,0.000,50000.000,0
26601,0.000,0.000,50000.000,0.000,0.000,50000.000,0
26651,29.882,0.000,50000.000,14.941,0.000,50000.000,0
26701,7.471,0.000,50000.000,7.471,0.000,50000.000,0
26751,0.000,0.000,50000.000,0.000,0.000,50000.000,0
26801,0.000,0.000,50000.000,0.000,0.000,50000.000,0
26851,0.000,0.000,50000.000,0.000,-7.471,50000.000,0
26901,0.000,0.000,50000.000,0.000,0.000,50000.000,0
26951,7.471,-22.412,50000.000,0.000,0.000,50000.000,0
27001,0.000,0.000,50000.000,0.000,0.000,50000.000,0
27051,0.000,0.000,50000.000,0.000,0.000,50000.000,0
27101,7.471,0.000,50000.000,0.000,0.000,50000.000,0
27151,7.471,-7.471,50000.000,0.000,0.000,50000.000,0
27201,0.000,0.000,50000.000,0.000,0.000,50000.000,0
27251,0.000,0.000,50000.000,0.000,0.000,50000.000,0
27301,0.000,0.000,50000.000,0.000,0.000,50000.000,0
27351,0.000,0.000,50000.000,0.000,0.000,50000.000,0
27401,0.000,0.000,50000.000,0.000,0.000,50000.000,0
27451,0.000,0.000,50000.000,7.471,0.000,50000.000,0
27501,0.000,13387.293,50000.000,7.471,7.471,50000.000,0
27551,0.000,-7.471,50000.000,0.000,7.471,50000.000,0
27601,0.000,-7.471,50000.000,0.000,0.000,50000.000,0
27651,0.000,0.000,50000.000,0.000,0.000,50000.000,0
27701,0.000,0.000,50000.000,0.000,0.000,50000.000,0
27751,0.000,0.000,50000.000,0.000,0.000,50000.000,0
27801,0.000,0.000,50000.000,0.000,0.000,50000.000,0
27851,0.000,0.000,50000.000,0.000,0.000,50000.000,0
27901,0.000,0.000,50000.000,0.000,0.000,50000.000,0
27951,0.000,0.000,50000.000,0.000,0.000,50000.000,0
28001,0.000,0.000,50000.000,0.000,0.000,50000.000,0
28051,0.000,0.000,50000.000,0.000,7.471,50000.000,0
28101,0.000,0.000,50000.000,7.471,7.471,50000.000,0
28151,0.000,0.000,50000.000,0.000,0.000,50000.000,0
28201,0.000,1673.412,50000.000,0.000,0.000,50000.000,0
28251,0.000,0.000,50000.000,0.000,0.000,50000.000,0
28301,5744.882,0.000,50000.000,0.000,0.000,50000.000,0
28351,-7.471,0.000,50000.000,0.000,0.000,50000.000,0
28401,0.000,0.000,50000.000,0.000,0.000,50000.000,0
28451,7.471,7.471,50000.000,0.000,0.000,50000.000,0
28501,0.000,7.471,50000.000,0.000,0.000,50000.000,0
28551,0.000,7.471,50000.000,0.000,0.000,50000.000,0
28601,0.000,0.000,50000.000,0.000,0.000,50000.000,0
28651,7.471,0.000,50000.000,0.000,0.000,50000.000,0
28701,0.000,0.000,50000.000,0.000,0.000,50000.000,0
28751,0.000,0.000,50000.000,0.000,0.000,50000.000,0
28801,0.000,0.000,50000.000,0.000,0.000,50000.000,0
28851,0.000,0.000,50000.000,0.000,0.000,50000.000,0
28901,0.000,0.000,50000.000,0.000,0.000,50000.000,0
28951,0.000,0.000,50000.000,0.000,0.000,50000.000,0
29001,0.000,0.000,50000.000,0.000,0.000,50000.000,0
29051,0.000,0.000,50000.000,0.000,0.000,50000.000,0
29101,0.000,0.000,50000.000,0.000,0.000,50000.000,0
29151,0.000,0.000,50000.000,0.000,7.471,50000.000,0
29201,0.000,7.471,50000.000,0.000,0.000,50000.000,0
29251,0.000,0.000,50000.000,0.000,0.000,50000.000,0
29301,0.000,0.000,50000.000,0.000,0.000,50000.000,0
29351,0.000,0.000,50000.000,0.000,0.000,50000.000,0
29401,0.000,0.000,50000.000,0.000,0.000,50000.000,0
29451,0.000,0.000,50000.000,0.000,0.000,50000.000,0
29501,0.000,0.000,50000.000,0.000,0.000,50000.000,0
29551,0.000,0.000,50000.000,0.000,0.000,50000.000,0
29601,0.000,0.000,50000.000,0.000,0.000,50000.000,0
29651,0.000,0.000,50000.000,0.000,0.000,50000.000,0
29701,0.000,0.000,50000.000,0.000,0.000,50000.000,0
29751,0.000,0.000,50000.000,0.000,0.000,50000.000,0
29801,0.000,0.000,50000.000,0.000,0.000,50000.000,0
29851,0.000,0.000,50000.000,0.000,0.000,50000.000,0
29901,0.000,0.000,50000.000,0.000,0.000,50000.000,0
29951,0.000,0.000,50000.000,0.000,0.000,50000.000,0
30001,0.000,0.000,50000.000,0.000,0.000,50000.000,0
30051,0.000,0.000,50000.000,0.000,0.000,50000.000,0
30101,0.000,0.000,50000.000,0.000,0.000,50000.000,0
30151,0.000,0.000,50000.000,0.000,0.000,50000.000,0
30201,0.000,0.000,50000.000,0.000,0.000,50000.000,0
30251,0.000,-7.471,50000.000,0.000,0.000,50000.000,0
30301,0.000,0.000,50000.000,0.000,0.000,50000.000,0
30351,0.000,0.000,50000.000,0.000,0.000,50000.000,0
30401,0.000,0.000,50000.000,0.000,0.000,50000.000,0
30451,0.000,0.000,50000.000,0.000,0.000,50000.000,0
30501,-7.471,0.000,50000.000,0.000,0.000,50000.000,0
30551,0.000,-7.471,50000.000,0.000,0.000,50000.000,0
30601,0.000,0.000,50000.000,0.000,0.000,50000.000,0
30651,0.000,0.000,50000.000,0.000,0.000,50000.000,0
30701,0.000,0.000,50000.000,0.000,0.000,50000.000,0
30751,0.000,0.000,50000.000,0.000,0.000,50000.000,0
30801,0.000,0.000,50000.000,0.000,0.000,50000.000,0
30851,0.000,0.000,50000.000,0.000,0.000,50000.000,0
30901,0.000,0.000,50000.000,0.000,0.000,50000.000,0
30951,0.000,0.000,50000.000,0.000,0.000,50000.000,0
31001,0.000,0.000,50000.000,0.000,0.000,50000.000,0
31051,0.000,0.000,50000.000,0.000,0.000,50000.000,0
31101,0.000,0.000,50000.000,0.000,0.000,50000.000,0
31151,0.000,0.000,50000.000,0.000,0.000,50000.000,0
31201,0.000,0.000,50000.000,0.000,0.000,50000.000,0
31251,0.000,0.000,50000.000,0.000,0.000,50000.000,0
31301,0.000,0.000,50000.000,0.000,0.000,50000.000,0
31351,0.000,0.000,50000.000,0.000,0.000,50000.000,0
31401,0.000,0.000,50000.000,0.000,0.000,50000.000,0
31451,0.000,0.000,50000.000,0.000,0.000,50000.000,0
31501,0.000,0.000,50000.000,0.000,0.000,50000.000,0
31551,0.000,0.000,50000.000,0.000,0.000,50000.000,0
31601,0.000,0.000,50000.000,0.000,0.000,50000.000,0
31651,0.000,7.471,50000.000,0.000,7.471,50000.000,0
31701,0.000,0.000,50000.000,0.000,7.471,50000.000,0
31751,0.000,-1680.882,50000.000,-7.471,0.000,50000.000,0
31801,0.000,1434.353,50000.000,0.000,0.000,50000.000,0
31851,0.000,0.000,50000.000,0.000,0.000,50000.000,0
31901,0.000,0.000,50000.000,0.000,0.000,50000.000,0
31951,0.000,0.000,50000.000,0.000,0.000,50000.000,0
32001,0.000,1882.588,50000.000,0.000,0.000,50000.000,0
32051,0.000,0.000,50000.000,0.000,0.000,50000.000,0
32101,0.000,0.000,50000.000,0.000,0.000,50000.000,0
32151,0.000,0.000,50000.000,0.000,0.000,50000.000,0
32201,-14.941,0.000,50000.000,-7.471,0.000,50000.000,0
32251,-7.471,7.471,50000.000,0.000,0.000,50000.000,0
32301,-7.471,7.471,50000.000,0.000,0.000,50000.000,0
32351,0.000,0.000,50000.000,0.000,0.000,50000.000,0
32401,0.000,-7.471,50000.000,0.000,0.000,50000.000,0
32451,0.000,0.000,50000.000,0.000,0.000,50000.000,0
32501,0.000,7.471,50000.000,-1919.941,0.000,50000.000,0
32551,0.000,7.471,50000.000,0.000,0.000,50000.000,0
32601,0.000,0.000,50000.000,0.000,0.000,50000.000,0
32651,0.000,0.000,50000.000,0.000,0.000,50000.000,0
32701,0.000,0.000,50000.000,0.000,0.000,50000.000,0
32751,0.000,0.000,50000.000,0.000,0.000,50000.000,0
32801,0.000,0.000,50000.000,0.000,0.000,50000.000,0
32851,0.000,0.000,50000.000,0.000,0.000,50000.000,0
32901,0.000,0.000,50000.000,0.000,0.000,50000.000,0
32951,0.000,0.000,50000.000,0.000,0.000,50000.000,0
33001,0.000,7.471,50000.000,0.000,0.000,50000.000,0
33051,0.000,0.000,50000.000,0.000,0.000,50000.000,0
33101,0.000,7.471,50000.000,0.000,0.000,50000.000,1
33151,0.000,7.471,50000.000,0.000,0.000,50000.000,1
33201,0.000,0.000,50000.000,0.000,0.000,50000.000,0
33251,0.000,0.000,50000.000,0.000,0.000,50000.000,0
33301,-5752.353,-1441.823,50000.000,0.000,0.000,50000.000,0
33351,0.000,-7.471,50000.000,0.000,0.000,50000.000,0
33401,0.000,0.000,50000.000,0.000,0.000,50000.000,0
33451,0.000,0.000,50000.000,0.000,0.000,50000.000,0
33501,0.000,0.000,50000.000,0.000,0.000,50000.000,0
33551,0.000,7.471,50000.000,0.000,0.000,50000.000,0
33601,0.000,0.000,50000.000,0.000,0.000,50000.000,0
33651,0.000,0.000,50000.000,0.000,0.000,50000.000,0
33701,0.000,0.000,50000.000,0.000,0.000,50000.000,0
33751,0.000,0.000,50000.000,0.000,0.000,50000.000,0
33801,0.000,0.000,50000.000,0.000,0.000,50000.000,0
33851,7.471,0.000,50000.000,0.000,0.000,50000.000,0
33901,0.000,-1680.882,50000.000,0.000,0.000,50000.000,0
33951,0.000,-7.471,50000.000,0.000,0.000,50000.000,0
34001,0.000,0.000,50000.000,0.000,0.000,50000.000,0
34051,0.000,0.000,50000.000,0.000,0.000,50000.000,0
34101,0.000,0.000,50000.000,0.000,0.000,50000.000,0
34151,0.000,0.000,50000.000,0.000,0.000,50000.000,0
34201,0.000,0.000,50000.000,0.000,0.000,50000.000,0
34251,0.000,0.000,50000.000,0.000,0.000,50000.000,0
34301,0.000,0.000,50000.000,0.000,0.000,50000.000,0
34351,7.471,0.000,50000.000,0.000,0.000,50000.000,0
34401,0.000,0.000,50000.000,0.000,0.000,50002.000,0
34451,0.000,0.000,50000.000,0.000,-1800.412,50000.000,0
34501,14.941,0.000,50000.000,7.471,-7.471,50000.000,0
34551,7.471,0.000,50000.000,0.000,0.000,50000.000,0
34601,0.000,0.000,50000.000,0.000,0.000,50000.000,0
34651,0.000,0.000,50000.000,0.000,0.000,50000.000,0
34701,0.000,0.000,50000.000,0.000,0.000,50000.000,0
34751,7.471,1897.529,50000.000,0.000,0.000,50000.000,0
34801,0.000,0.000,50000.000,0.000,0.000,50000.000,0
34851,0.000,0.000,50000.000,0.000,0.000,50000.000,0
34901,0.000,0.000,50000.000,0.000,0.000,50000.000,0
34951,0.000,-14.941,50000.000,0.000,0.000,50000.000,0
35001,7.471,0.000,50000.000,0.000,0.000,50000.000,0
35051,0.000,0.000,50000.000,0.000,0.000,50000.000,0
35101,0.000,0.000,50000.000,0.000,0.000,50000.000,0
35151,0.000,0.000,50000.000,0.000,0.000,50000.000,0
35201,0.000,0.000,50000.000,1912.470,7.471,50000.000,0
35251,0.000,0.000,50000.000,-7.471,7.471,50000.000,0
35301,0.000,0.000,50000.000,0.000,0.000,50000.000,0
35351,0.000,0.000,50000.000,0.000,0.000,50000.000,0
35401,0.000,0.000,50000.000,-7.471,7.471,50000.000,0
35451,0.000,0.000,50000.000,0.000,0.000,50000.000,0
35501,0.000,0.000,50000.000,0.000,0.000,50000.000,0
35551,0.000,-7.471,50000.000,0.000,0.000,50000.000,0
35601,0.000,0.000,50000.000,0.000,0.000,50000.000,0
35651,-5744.882,0.000,50000.000,0.000,0.000,50000.000,0
35701,0.000,0.000,50000.000,0.000,0.000,50000.000,0
35751,0.000,0.000,50000.000,0.000,0.000,50000.000,0
35801,0.000,0.000,50000.000,0.000,0.000,50000.000,0
35851,0.000,0.000,50000.000,0.000,0.000,50000.000,0
35901,0.000,0.000,50000.000,0.000,0.000,50000.000,0
35951,0.000,0.000,50000.000,0.000,7.471,50000.000,0
36001,0.000,0.000,50000.000,0.000,7.471,50000.000,0
36051,0.000,0.000,50000.000,1912.470,0.000,50000.000,0
36101,0.000,0.000,50000.000,-7.471,0.000,50000.000,0
36151,-5744.882,0.000,50000.000,-1919.941,0.000,50000.000,0
36201,0.000,0.000,50000.000,0.000,0.000,50000.000,0
36251,0.000,0.000,50000.000,0.000,0.000,50000.000,0
36301,0.000,0.000,50000.000,0.000,0.000,50000.000,0
36351,0.000,0.000,50000.000,0.000,0.000,50000.000,0
36401,0.000,0.000,50000.000,0.000,0.000,50000.000,0
36451,0.000,0.000,50000.000,0.000,0.000,50000.000,0
36501,0.000,0.000,50000.000,0.000,0.000,50000.000,0
36551,0.000,0.000,50000.000,0.000,0.000,50000.000,0
36601,0.000,0.000,50000.000,0.000,0.000,50000.000,0
36651,0.000,0.000,50002.000,0.000,0.000,50000.000,0
36701,0.000,0.000,49999.000,0.000,0.000,50000.000,0
36751,0.000,0.000,49999.000,0.000,0.000,49998.000,0
36801,0.000,0.000,50000.000,0.000,0.000,50000.000,0
36851,0.000,0.000,50000.000,0.000,0.000,50000.000,0
36901,0.000,0.000,50000.000,0.000,0.000,50000.000,0
36951,0.000,0.000,50000.000,0.000,0.000,50000.000,0
37001,0.000,0.000,50000.000,0.000,0.000,50000.000,0
37051,0.000,0.000,50000.000,0.000,0.000,50000.000,0
37101,0.000,1434.353,50000.000,0.000,0.000,50000.000,0
37151,0.000,0.000,50000.000,-7.471,0.000,50000.000,0
37201,0.000,0.000,50000.000,-7.471,0.000,50000.000,0
37251,0.000,0.000,50000.000,0.000,0.000,50000.000,0
37301,0.000,0.000,50000.000,0.000,0.000,50000.000,0
37351,0.000,0.000,50000.000,0.000,0.000,50000.000,0
37401,0.000,0.000,50000.000,0.000,0.000,50000.000,0
37451,0.000,0.000,50000.000,0.000,0.000,50000.000,0
37501,0.000,0.000,50000.000,0.000,-1800.412,50000.000,0
37551,0.000,-7.471,50000.000,0.000,-7.471,50000.000,0
37601,5737.411,14.941,50000.000,0.000,-7.471,50000.000,0
37651,-7.471,14.941,50000.000,0.000,0.000,50000.000,0
37701,0.000,0.000,50000.000,0.000,0.000,50000.000,0
37751,0.000,0.000,50000.000,0.000,0.000,50000.000,0
37801,0.000,0.000,50000.000,0.000,0.000,50000.000,0
37851,0.000,0.000,50000.000,0.000,0.000,50000.000,0
37901,0.000,0.000,50000.000,0.000,0.000,50000.000,0
37951,0.000,0.000,50000.000,-7.471,0.000,50000.000,0
38001,0.000,7.471,50000.000,-1919.941,0.000,50000.000,0
38051,0.000,7.471,50000.000,0.000,0.000,50000.000,0
38101,0.000,14.941,50000.000,0.000,0.000,50000.000,0
38151,0.000,0.000,50000.000,0.000,0.000,50000.000,0
38201,0.000,0.000,50000.000,0.000,0.000,50000.000,0
38251,0.000,7.471,50000.000,1912.470,7.471,50000.000,0
38301,0.000,7.471,50000.000,-7.471,7.471,50000.000,0
38351,0.000,0.000,50000.000,-7.471,0.000,50000.000,0
38401,0.000,14.941,50000.000,7.471,0.000,50000.000,0
38451,0.000,0.000,50000.000,0.000,0.000,50000.000,0
38501,0.000,0.000,50000.000,0.000,0.000,50000.000,0
38551,0.000,7.471,50000.000,0.000,0.000,50000.000,0
38601,0.000,0.000,50000.000,0.000,0.000,50000.000,0
38651,0.000,0.000,50000.000,0.000,0.000,50000.000,0
38701,0.000,0.000,50000.000,0.000,0.000,50000.000,0
38751,0.000,0.000,50000.000,0.000,0.000,50000.000,0
38801,0.000,0.000,50000.000,0.000,0.000,50000.000,0
38851,0.000,7.471,50000.000,0.000,0.000,50000.000,0
38901,0.000,7.471,50000.000,0.000,0.000,50000.000,0
38951,0.000,0.000,50000.000,0.000,1912.470,50000.000,0
39001,0.000,0.000,50000.000,7.471,-7.471,50000.000,0
39051,0.000,0.000,50000.000,0.000,-7.471,50000.000,0
39101,0.000,0.000,50000.000,0.000,0.000,50000.000,0
39151,0.000,7.471,50000.000,0.000,0.000,50000.000,0
39201,0.000,7.471,50000.000,0.000,0.000,50000.000,0
39251,0.000,0.000,50000.000,0.000,0.000,50000.000,0
39301,0.000,0.000,50000.000,0.000,0.000,50000.000,0
39351,0.000,0.000,50000.000,0.000,-7.471,50000.000,0
39401,0.000,0.000,50000.000,7.471,-7.471,50000.000,0
39451,-7.471,7.471,50000.000,0.000,0.000,50000.000,0
39501,0.000,0.000,50000.000,0.000,0.000,50000.000,0
39551,0.000,0.000,50000.000,0.000,0.000,50000.000,0
39601,0.000,7.471,50000.000,0.000,0.000,50000.000,0
39651,0.000,7.471,50000.000,0.000,0.000,50000.000,0
39701,0.000,0.000,50000.000,0.000,7.471,50000.000,0
39751,0.000,0.000,50000.000,-7.471,0.000,50000.000,0
39801,0.000,0.000,50000.000,-14.941,0.000,50000.000,0
39851,0.000,14.941,50000.000,0.000,0.000,50000.000,0
39901,0.000,14.941,50000.000,0.000,0.000,50000.000,0
39951,0.000,-1680.882,50000.000,0.000,0.000,50000.000,0
40001,0.000,-7.471,50000.000,0.000,-7.471,50000.000,0
40051,0.000,7.471,50000.000,0.000,0.000,50000.000,0
40101,0.000,7.471,50000.000,0.000,0.000,50000.000,0
40151,0.000,0.000,50000.000,0.000,0.000,50000.000,0
40201,0.000,0.000,50000.000,0.000,0.000,50000.000,0
40251,0.000,0.000,50000.000,0.000,0.000,50000.000,0
40301,0.000,0.000,50000.000,0.000,0.000,50000.000,0
40351,0.000,0.000,50000.000,0.000,0.000,50000.000,0
40401,0.000,0.000,50000.000,0.000,0.000,50000.000,0
40451,0.000,0.000,50000.000,0.000,0.000,50000.000,0
40501,0.000,0.000,50000.000,0.000,0.000,50000.000,0
40551,0.000,0.000,50000.000,0.000,0.000,50000.000,0
40601,0.000,0.000,50000.000,0.000,0.000,50000.000,0
40651,7.471,0.000,50000.000,0.000,0.000,50000.000,0
40701,0.000,7.471,50000.000,0.000,0.000,50000.000,0
40751,7.471,0.000,50000.000,0.000,0.000,50000.000,0
40801,0.000,0.000,50000.000,0.000,0.000,50000.000,0
40851,0.000,0.000,50000.000,0.000,0.000,50000.000,0
40901,0.000,0.000,50000.000,0.000,0.000,50000.000,0
40951,0.000,0.000,50000.000,0.000,0.000,50000.000,0
41001,0.000,0.000,50000.000,0.000,0.000,50000.000,0
41051,0.000,0.000,50000.000,0.000,0.000,50000.000,0
41101,0.000,0.000,50000.000,0.000,0.000,50000.000,0
41151,0.000,0.000,50000.000,0.000,0.000,50000.000,0
41201,0.000,0.000,50000.000,0.000,0.000,50000.000,0
41251,0.000,0.000,50000.000,0.000,0.000,50000.000,0
41301,0.000,0.000,50000.000,0.000,0.000,50000.000,0
41351,0.000,0.000,50000.000,0.000,0.000,50000.000,0
41401,0.000,0.000,50000.000,0.000,0.000,50000.000,0
41451,0.000,0.000,50000.000,0.000,0.000,50000.000,0
41501,0.000,0.000,50000.000,0.000,0.000,50000.000,0
41551,0.000,0.000,50000.000,0.000,0.000,50000.000,0
41601,0.000,0.000,50000.000,0.000,0.000,50000.000,0
41651,0.000,0.000,50000.000,0.000,0.000,50000.000,0
41701,0.000,0.000,50000.000,0.000,0.000,50000.000,0
41751,0.000,0.000,50000.000,0.000,0.000,50000.000,0
41801,0.000,0.000,50000.000,0.000,0.000,50000.000,0
41851,0.000,0.000,50000.000,0.000,0.000,50000.000,0
41901,0.000,0.000,50000.000,0.000,0.000,50000.000,0
41951,0.000,0.000,50000.000,0.000,0.000,50000.000,0
42001,0.000,0.000,50000.000,0.000,0.000,50000.000,0
42051,0.000,0.000,50000.000,0.000,0.000,50000.000,0
42101,0.000,0.000,50000.000,0.000,0.000,50000.000,0
42151,0.000,0.000,50000.000,0.000,0.000,50000.000,0
42201,0.000,0.000,50000.000,0.000,0.000,50000.000,0
42251,0.000,0.000,50000.000,0.000,0.000,50000.000,0
42301,0.000,0.000,50000.000,0.000,0.000,50000.000,0
42351,0.000,0.000,50000.000,0.000,0.000,50000.000,0
42401,0.000,0.000,50000.000,0.000,0.000,50000.000,0
42451,0.000,0.000,50000.000,0.000,0.000,50000.000,0
42501,0.000,0.000,50000.000,0.000,0.000,50000.000,0
42551,0.000,0.000,50000.000,0.000,0.000,50000.000,0
42601,0.000,0.000,50000.000,0.000,0.000,50000.000,0
42651,0.000,0.000,50000.000,0.000,0.000,50000.000,0
42701,0.000,0.000,50000.000,0.000,0.000,50000.000,0
42751,0.000,0.000,50000.000,0.000,0.000,50000.000,0
42801,0.000,0.000,50000.000,0.000,0.000,50000.000,0
42851,0.000,0.000,50000.000,0.000,0.000,50000.000,0
42901,0.000,0.000,50000.000,0.000,0.000,50000.000,0
42951,0.000,0.000,50000.000,0.000,0.000,50000.000,0
43001,0.000,0.000,50000.000,0.000,0.000,50000.000,0
43051,0.000,0.000,50000.000,0.000,0.000,50000.000,0
43101,0.000,0.000,50000.000,0.000,0.000,50000.000,0
43151,0.000,0.000,50000.000,0.000,0.000,50000.000,0
43201,0.000,0.000,50000.000,0.000,0.000,50000.000,0
43251,0.000,0.000,50000.000,0.000,0.000,50000.000,0
43301,0.000,0.000,50000.000,0.000,0.000,50000.000,0
43351,0.000,0.000,50000.000,0.000,0.000,50000.000,0
43401,0.000,0.000,50000.000,0.000,0.000,50000.000,0
43451,0.000,0.000,50000.000,0.000,0.000,50000.000,0
43501,0.000,0.000,50000.000,0.000,0.000,50000.000,0
43551,0.000,0.000,50000.000,0.000,0.000,50000.000,0
43601,0.000,0.000,50000.000,0.000,0.000,50000.000,0
43651,0.000,0.000,50000.000,0.000,0.000,50000.000,0
43701,0.000,0.000,50000.000,0.000,0.000,50000.000,0
43751,0.000,0.000,50000.000,0.000,0.000,50000.000,0
43801,0.000,0.000,50000.000,0.000,0.000,50000.000,0
43851,0.000,0.000,50000.000,0.000,0.000,50000.000,0
43901,0.000,0.000,50000.000,0.000,0.000,50000.000,0
43951,1912.470,0.000,50000.000,0.000,0.000,50000.000,0
44001,-14.941,0.000,50000.000,0.000,0.000,50000.000,0
44051,0.000,-7.471,50000.000,0.000,0.000,50000.000,0
44101,0.000,0.000,50000.000,0.000,0.000,50000.000,0
44151,0.000,0.000,50000.000,0.000,0.000,50000.000,0
44201,0.000,0.000,50000.000,0.000,0.000,50000.000,0
44251,0.000,0.000,50000.000,0.000,0.000,50000.000,0
44301,0.000,0.000,50000.000,0.000,0.000,50000.000,0
44351,0.000,0.000,50000.000,0.000,0.000,50000.000,0
44401,0.000,0.000,50000.000,0.000,0.000,50000.000,0
44451,0.000,0.000,50000.000,0.000,0.000,50000.000,0
44501,0.000,0.000,50000.000,0.000,0.000,50000.000,0
44551,0.000,0.000,50000.000,0.000,0.000,50000.000,0
44601,0.000,0.000,50000.000,0.000,0.000,50000.000,0
44651,0.000,0.000,50000.000,0.000,0.000,50000.000,0
44701,0.000,0.000,50000.000,0.000,0.000,50000.000,0
44751,0.000,0.000,50000.000,0.000,0.000,50000.000,0
44801,0.000,0.000,50000.000,0.000,0.000,50000.000,0
44851,0.000,0.000,50000.000,0.000,0.000,50000.000,0
44901,0.000,0.000,50000.000,0.000,0.000,50000.000,0
44951,0.000,0.000,50000.000,0.000,0.000,50000.000,0
45001,0.000,-7.471,50000.000,0.000,0.000,50000.000,0
45051,0.000,1673.412,50000.000,0.000,0.000,50000.000,0
45101,0.000,0.000,50000.000,0.000,0.000,50000.000,0
45151,0.000,-7.471,50000.000,0.000,0.000,50000.000,0
45201,0.000,0.000,50000.000,0.000,0.000,50000.000,0
45251,0.000,0.000,50000.000,0.000,0.000,50000.000,0
45301,0.000,0.000,50000.000,0.000,0.000,50000.000,0
45351,0.000,0.000,50000.000,0.000,0.000,50000.000,0
45401,0.000,0.000,50000.000,0.000,0.000,50000.000,0
45451,0.000,0.000,50000.000,0.000,0.000,50000.000,0
45501,0.000,0.000,50000.000,0.000,0.000,50000.000,0
45551,0.000,0.000,50000.000,0.000,0.000,50000.000,0
45601,0.000,0.000,50000.000,0.000,0.000,50000.000,0
45651,0.000,0.000,50000.000,0.000,0.000,50000.000,0
45701,0.000,0.000,50000.000,0.000,0.000,50000.000,0
45751,0.000,0.000,50000.000,0.000,0.000,50000.000,0
45801,0.000,0.000,50000.000,0.000,0.000,50000.000,0
45851,0.000,0.000,50000.000,0.000,0.000,50000.000,0
45901,0.000,0.000,50000.000,0.000,0.000,50000.000,0
45951,0.000,0.000,50000.000,0.000,0.000,50000.000,0
46001,0.000,0.000,50000.000,0.000,0.000,50000.000,0
46051,0.000,0.000,50000.000,0.000,0.000,50000.000,0
46101,0.000,0.000,50000.000,0.000,0.000,50000.000,0
46151,0.000,0.000,50000.000,0.000,0.000,50000.000,0
46201,0.000,0.000,50000.000,0.000,0.000,50000.000,0
46251,0.000,0.000,50000.000,0.000,0.000,50000.000,0
46301,0.000,0.000,50000.000,0.000,0.000,50000.000,0
46351,0.000,0.000,50000.000,-7.471,0.000,50000.000,0
46401,0.000,0.000,50000.000,0.000,0.000,50000.000,0
46451,0.000,0.000,50000.000,0.000,0.000,50000.000,0
46501,0.000,0.000,50000.000,0.000,0.000,50000.000,0
46551,0.000,0.000,50000.000,0.000,0.000,50000.000,0
46601,0.000,0.000,50000.000,0.000,0.000,50000.000,0
46651,0.000,0.000,50000.000,0.000,0.000,50000.000,0
46701,0.000,0.000,50000.000,0.000,0.000,50000.000,0
46751,0.000,0.000,50000.000,0.000,0.000,50000.000,0
46801,0.000,0.000,50000.000,0.000,0.000,50000.000,0
46851,0.000,0.000,50000.000,0.000,0.000,50000.000,0
46901,0.000,0.000,50000.000,0.000,0.000,50000.000,0
46951,0.000,0.000,50000.000,0.000,0.000,50000.000,0
47001,0.000,0.000,50000.000,0.000,0.000,50000.000,0
47051,0.000,0.000,50000.000,0.000,0.000,50000.000,0
47101,0.000,0.000,50000.000,0.000,0.000,50000.000,0
47151,0.000,0.000,50000.000,0.000,0.000,50000.000,0
47201,0.000,0.000,50000.000,0.000,0.000,50000.000,0
47251,0.000,-7.471,50000.000,0.000,0.000,50000.000,0
47301,0.000,1673.412,50000.000,0.000,0.000,50000.000,0
47351,0.000,0.000,50000.000,0.000,0.000,50000.000,0
47401,0.000,0.000,50000.000,0.000,0.000,50000.000,0
47451,0.000,-7.471,50000.000,0.000,0.000,50000.000,0
47501,0.000,0.000,50000.000,0.000,0.000,50000.000,0
47551,0.000,0.000,50000.000,0.000,0.000,50000.000,0
47601,0.000,0.000,50000.000,0.000,0.000,50000.000,0
47651,0.000,0.000,50000.000,0.000,0.000,50000.000,0
47701,0.000,0.000,50000.000,0.000,0.000,50000.000,0
47751,0.000,0.000,50000.000,0.000,0.000,50000.000,0
47801,0.000,0.000,50000.000,0.000,0.000,50000.000,0
47851,0.000,0.000,50000.000,0.000,0.000,50000.000,0
47901,0.000,0.000,50000.000,0.000,0.000,50000.000,0
47951,0.000,0.000,50000.000,0.000,0.000,50000.000,0
48001,0.000,0.000,50000.000,0.000,0.000,50000.000,0
48051,0.000,0.000,50000.000,0.000,0.000,50000.000,0
48101,0.000,0.000,50000.000,0.000,0.000,50000.000,0
48151,0.000,0.000,50000.000,0.000,0.000,50000.000,0
48201,0.000,0.000,50000.000,0.000,0.000,50000.000,0
48251,0.000,0.000,50000.000,0.000,0.000,50000.000,0
48301,0.000,0.000,50000.000,0.000,0.000,50000.000,0
48351,0.000,7.471,50000.000,0.000,0.000,50000.000,0
48401,0.000,0.000,50000.000,0.000,0.000,50000.000,0
48451,0.000,0.000,50000.000,0.000,0.000,50000.000,0
48501,0.000,0.000,50000.000,0.000,0.000,50000.000,0
48551,0.000,-7.471,50000.000,0.000,0.000,50000.000,0
48601,0.000,0.000,50000.000,0.000,0.000,50000.000,0
48651,0.000,0.000,50000.000,0.000,0.000,50000.000,0
48701,0.000,0.000,50000.000,0.000,0.000,50000.000,0
48751,0.000,0.000,50000.000,0.000,0.000,50000.000,0
48801,0.000,0.000,50000.000,0.000,0.000,50000.000,0
48851,0.000,0.000,50000.000,0.000,0.000,50000.000,0
48901,0.000,0.000,50000.000,0.000,0.000,50000.000,0
48951,0.000,0.000,50000.000,7.471,0.000,50000.000,0
49001,0.000,0.000,50000.000,7.471,0.000,50000.000,0
49051,7.471,-7.471,50000.000,0.000,0.000,50000.000,0
49101,-14.941,0.000,50000.000,0.000,0.000,50000.000,0
49151,0.000,0.000,50000.000,0.000,-7.471,50000.000,0
49201,0.000,0.000,50000.000,0.000,1792.941,50000.000,0
49251,-22.412,22.412,50000.000,0.000,0.000,50000.000,0
49301,-14.941,0.000,50000.000,0.000,0.000,50000.000,0
49351,14.941,0.000,50000.000,0.000,0.000,50000.000,0
49401,14.941,0.000,50000.000,0.000,0.000,50000.000,0
49451,-5744.882,0.000,50000.000,0.000,0.000,50000.000,0
49501,0.000,0.000,50000.000,0.000,0.000,50000.000,0
49551,7.471,0.000,50000.000,0.000,0.000,50000.000,0
49601,14.941,-1860.176,50000.000,0.000,-7.471,50000.000,0
49651,0.000,-7.471,50000.000,7.471,-7.471,50000.000,0
49701,-22.412,0.000,50000.000,0.000,0.000,50000.000,0
49751,14.941,7.471,50000.000,0.000,0.000,50000.000,0
49801,29.882,0.000,50000.000,0.000,-7.471,50000.000,0
49851,-44.824,-22.412,50000.000,-22.412,7.471,50000.000,0
49901,-14.941,7.471,50000.000,7.471,0.000,50000.000,0
49951,14.941,7.471,50000.000,14.941,-29.882,50000.000,0
50001,0.000,-14.941,50000.000,0.000,0.000,50000.000,0
50051,-14.941,7.471,50000.000,0.000,0.000,50000.000,0
50101,7.471,14.941,50000.000,0.000,0.000,50000.000,0
50151,7.471,0.000,50000.000,0.000,0.000,50000.000,0
50201,0.000,0.000,50000.000,0.000,0.000,50000.000,0
50251,0.000,14.941,50000.000,0.000,0.000,50000.000,0
50301,0.000,0.000,50000.000,0.000,0.000,50000.000,0
50351,-14.941,0.000,50000.000,0.000,0.000,50000.000,0
50401,7.471,7.471,50000.000,14.941,0.000,50000.000,0
50451,7.471,0.000,50000.000,0.000,0.000,50000.000,0
50501,0.000,-120500.578,50000.000,0.000,0.000,50000.000,0
50551,0.000,22.412,50000.000,0.000,0.000,50000.000,0
50601,-5752.353,-1680.882,50000.000,0.000,0.000,50000.000,0
50651,0.000,-7.471,50000.000,0.000,0.000,50000.000,0
50701,7.471,7.471,50000.000,7.471,0.000,50000.000,0
50751,0.000,-1680.882,50000.000,7.471,7.471,50000.000,0
50801,0.000,-7.471,50000.000,0.000,7.471,50000.000,0
50851,7.471,0.000,50000.000,0.000,7.471,50000.000,0
50901,0.000,-1680.882,50000.000,0.000,0.000,50000.000,0
50951,0.000,-7.471,50000.000,0.000,0.000,50000.000,0
51001,0.000,0.000,50000.000,0.000,0.000,50000.000,0
51051,0.000,-1680.882,50000.000,0.000,0.000,50000.000,0
51101,0.000,-7.471,50000.000,0.000,0.000,50000.000,0
51151,0.000,0.000,50000.000,0.000,0.000,50000.000,0
51201,0.000,0.000,50000.000,0.000,0.000,50000.000,0
51251,0.000,0.000,50000.000,0.000,0.000,50000.000,0
51301,0.000,0.000,50000.000,0.000,0.000,50000.000,0
51351,7.471,7.471,50000.000,0.000,0.000,50000.000,0
51401,0.000,0.000,50000.000,0.000,0.000,50000.000,0
51451,7.471,0.000,50000.000,0.000,0.000,50000.000,0
51501,14.941,0.000,50000.000,0.000,0.000,50000.000,0
51551,-7.471,7.471,50000.000,-7.471,0.000,50000.000,0
51601,-5744.882,0.000,50000.000,-7.471,0.000,50000.000,0
51651,0.000,0.000,50000.000,0.000,0.000,50000.000,0
51701,0.000,0.000,50000.000,0.000,7.471,50000.000,0
51751,0.000,0.000,50000.000,0.000,7.471,50000.000,0
51801,0.000,0.000,50000.000,0.000,0.000,50000.000,0
51851,0.000,0.000,50000.000,0.000,0.000,50000.000,0
51901,0.000,0.000,50000.000,0.000,0.000,50000.000,0
51951,0.000,0.000,50000.000,0.000,0.000,50000.000,0
52001,0.000,0.000,50000.000,0.000,0.000,50000.000,0
52051,0.000,0.000,50000.000,0.000,0.000,50000.000,0
52101,0.000,0.000,50000.000,0.000,0.000,50000.000,0
52151,0.000,0.000,50000.000,0.000,0.000,50000.000,0
52201,0.000,0.000,50000.000,0.000,0.000,50000.000,0
52251,7.471,0.000,50000.000,0.000,0.000,50000.000,0
52301,0.000,14.941,50000.000,0.000,0.000,50000.000,0
52351,-7.471,0.000,50000.000,0.000,0.000,50000.000,0
52401,0.000,-7.471,50000.000,7.471,7.471,50000.000,0
52451,7.471,14.941,50000.000,7.471,7.471,50000.000,0
52501,0.000,0.000,50000.000,0.000,0.000,50000.000,0
52551,0.000,0.000,50000.000,0.000,0.000,50000.000,0
52601,7.471,0.000,50000.000,0.000,0.000,50000.000,0
52651,0.000,0.000,50000.000,0.000,0.000,50000.000,0
52701,0.000,0.000,50000.000,0.000,0.000,50000.000,0
52751,0.000,0.000,50000.000,0.000,0.000,50000.000,0
52801,0.000,0.000,50000.000,0.000,7.471,50000.000,0
52851,0.000,0.000,50000.000,0.000,0.000,50000.000,0
52901,0.000,0.000,50000.000,7.471,0.000,50000.000,0
52951,7.471,0.000,50000.000,0.000,0.000,50000.000,0
53001,0.000,0.000,50000.000,0.000,0.000,50000.000,0
53051,0.000,7.471,50000.000,0.000,0.000,50000.000,0
53101,0.000,7.471,50000.000,0.000,0.000,50000.000,0
53151,0.000,0.000,50000.000,0.000,0.000,50000.000,0
53201,0.000,0.000,50000.000,0.000,0.000,50000.000,0
53251,0.000,-1680.882,50000.000,0.000,0.000,50000.000,0
53301,0.000,-7.471,50000.000,0.000,0.000,50000.000,0
53351,0.000,-7.471,50000.000,0.000,0.000,50000.000,0
53401,0.000,0.000,50000.000,0.000,0.000,50000.000,0
53451,0.000,-14.941,50000.000,0.000,0.000,50000.000,0
53501,0.000,1673.412,50000.000,0.000,0.000,50000.000,0
53551,7.471,0.000,50000.000,0.000,0.000,50000.000,0
53601,0.000,0.000,50000.000,0.000,0.000,50000.000,0
53651,0.000,0.000,50000.000,0.000,0.000,50000.000,0
53701,0.000,0.000,50000.000,0.000,0.000,50000.000,0
53751,0.000,0.000,50000.000,0.000,0.000,50000.000,0
53801,0.000,0.000,50000.000,0.000,0.000,50000.000,0
53851,0.000,7.471,50000.000,0.000,0.000,50000.000,0
53901,0.000,0.000,50000.000,0.000,0.000,50000.000,0
53951,0.000,0.000,50000.000,7.471,7.471,50000.000,0
54001,7.471,0.000,50000.000,7.471,0.000,50000.000,0
54051,7.471,0.000,50000.000,1912.470,0.000,50000.000,0
54101,0.000,0.000,50000.000,-7.471,0.000,50000.000,0
54151,0.000,0.000,50000.000,0.000,0.000,50000.000,0
54201,0.000,-14.941,50000.000,0.000,0.000,50000.000,0
54251,0.000,0.000,50000.000,0.000,0.000,50000.000,0
54301,-37.353,-89.647,50000.000,-52.294,-14.941,50000.000,0
54351,-164.353,-1255.059,50000.000,-1202.765,-418.353,50000.000,0
54401,-455.706,37.353,50000.000,-522.941,-156.882,50000.000,0
54451,-829.235,-2569.882,50000.000,-2271.059,-1083.235,50000.000,0
54501,-762.000,-7575.176,50000.000,-3585.882,-2129.117,50000.000,0
54551,-463.176,-9876.117,50000.000,-2375.647,-2368.176,50000.000,0
54601,1456.765,-5976.470,50000.000,-343.647,-508.000,50000.000,0
54651,1852.706,-2300.941,50000.000,194.235,-112.059,50000.000,0
54701,530.412,-82.176,50000.000,1016.000,-306.294,50000.000,0
54751,59.765,859.118,50000.000,0.000,-89.647,50000.000,0
54801,-463.176,463.176,50000.000,-575.235,388.471,50000.000,0
54851,-582.706,59.765,50000.000,-171.824,560.294,50000.000,0
54901,164.353,-119.529,50000.000,7.471,37.353,50000.000,0
54951,254.000,-246.529,50000.000,-112.059,-149.412,50000.000,0
55001,-2061.882,2584.823,50000.000,-1165.412,597.647,50000.000,0
55051,-4228.353,3488.764,50000.000,-2502.647,1247.588,50000.000,0
55101,-4056.529,-3399.117,50000.000,-4049.059,732.118,50000.000,0
55151,-2592.294,-6962.588,50000.000,-2502.647,717.176,50000.000,0
55201,-2144.059,-6999.941,50000.000,-2196.353,433.294,50000.000,0
55251,-1688.353,-5311.588,50000.000,-2771.588,14.941,50000.000,0
55301,-1426.882,-3541.059,50000.000,-1680.882,-127.000,50000.000,0
55351,-1583.765,-1426.882,50000.000,-246.529,-52.294,50000.000,0
55401,-1135.529,0.000,50000.000,-7.471,-7.471,50000.000,0
55451,-926.353,395.941,50000.000,-201.706,-224.118,50000.000,0
55501,-440.765,448.235,50000.000,-201.706,-485.588,50000.000,0
55551,-552.823,776.941,50000.000,-321.235,-500.529,50000.000,0
55601,-769.471,776.941,50000.000,-336.176,-605.118,50000.000,0
55651,14.941,478.118,50000.000,-29.882,-739.588,50000.000,0
55701,298.824,-605.118,50000.000,-373.529,-620.059,50000.000,0
55751,605.118,-1665.941,50000.000,-44.824,-67.235,50000.000,0
55801,268.941,-7336.117,50000.000,-358.588,-642.471,50000.000,0
55851,1165.412,-12804.587,50000.000,-478.118,-1232.647,50000.000,0
55901,1733.176,-12281.646,50000.000,-141.941,-1897.529,50000.000,0
55951,1531.470,-10765.117,50000.000,-97.118,-3182.470,50000.000,0
56001,1875.118,-10682.940,50000.000,-343.647,-3085.353,50000.000,0
56051,1344.706,-11601.822,50000.000,-933.823,-2188.882,50000.000,0
56101,231.588,-11788.588,50000.000,-732.118,-1165.412,50000.000,0
56151,-664.882,-11796.058,50000.000,-2196.353,-2188.882,50000.000,0
56201,-664.882,-10839.823,50000.000,-2323.353,-2024.529,50000.000,0
56251,-732.118,-7963.646,50000.000,-2360.706,-2405.529,50000.000,0
56301,14.941,-8381.999,50000.000,-2248.647,-3780.117,50000.000,0
56351,410.882,-6985.000,50000.000,-1875.118,-4609.353,50000.000,0
56401,739.588,-5431.117,50000.000,-1098.176,-5027.706,50000.000,0
56451,1187.823,-3854.823,50000.000,14.941,-5214.470,50000.000,0
56501,1509.059,-2719.294,50000.000,164.353,-4572.000,50000.000,0
56551,1307.353,-1748.118,50000.000,239.059,-4557.059,50000.000,0
56601,1822.823,-1382.059,50000.000,709.706,-5969.000,50000.000,0
56651,1718.235,-993.588,50000.000,732.118,-6327.588,50000.000,0
56701,1583.765,-440.765,50000.000,672.353,-6402.293,50000.000,0
56751,1680.882,-358.588,50000.000,844.176,-6357.470,50000.000,0
56801,1449.294,-485.588,50000.000,664.882,-6208.059,50000.000,0
56851,986.118,-500.529,50000.000,328.706,-5177.117,50000.000,0
56901,724.647,-672.353,50000.000,82.176,-4826.000,50000.000,0
56951,336.176,-664.882,50000.000,-291.353,-3548.529,50000.000,0
57001,82.176,-657.412,50000.000,-425.823,-2554.941,50000.000,0
57051,-37.353,-403.412,50000.000,-343.647,-2233.706,50000.000,0
57101,171.824,-112.059,50000.000,-89.647,-4093.882,50000.000,0
57151,657.412,-149.412,50000.000,201.706,-5199.529,50000.000,0
57201,1001.059,-410.882,50000.000,358.588,-5580.529,50000.000,0
57251,1516.529,-649.941,50000.000,664.882,-5677.646,50000.000,0
57301,1598.706,-605.118,50000.000,956.235,-5602.941,50000.000,0
57351,1553.882,-186.765,50000.000,791.882,-5632.823,50000.000,0
57401,1643.529,156.882,50000.000,896.471,-4855.882,50000.000,0
57451,1621.118,575.235,50000.000,1128.059,-4512.235,50000.000,0
57501,1673.412,747.059,50000.000,1060.823,-4833.470,50000.000,0
57551,1262.529,889.000,50000.000,455.706,-2876.176,50000.000,0
57601,1479.176,1307.353,50000.000,806.823,-3414.059,50000.000,0
57651,1419.412,1426.882,50000.000,515.471,-2345.765,50000.000,0
57701,1232.647,1456.765,50000.000,358.588,-2256.117,50000.000,0
57751,1001.059,1509.059,50000.000,433.294,-2420.470,50000.000,0
57801,769.471,1270.000,50000.000,381.000,-3361.764,50000.000,0
57851,687.294,1524.000,50000.000,209.176,-2009.588,50000.000,0
57901,537.882,1277.470,50000.000,97.118,-1105.647,50000.000,0
57951,515.471,1449.294,50000.000,67.235,-1023.471,50000.000,0
58001,134.471,1262.529,50000.000,37.353,-918.882,50000.000,0
58051,134.471,1359.647,50000.000,29.882,-1546.412,50000.000,0
58101,29.882,1397.000,50000.000,-7.471,-1553.882,50000.000,0
58151,-127.000,1471.706,50000.000,0.000,-336.176,50000.000,0
58201,-209.176,1419.412,50000.000,-82.176,-575.235,50000.000,0
58251,-343.647,1583.765,50000.000,-74.706,-829.235,50000.000,0
58301,-395.941,1665.941,50000.000,-82.176,-508.000,50000.000,0
58351,-672.353,1882.588,50000.000,-164.353,-1023.471,50000.000,0
58401,-530.412,1688.353,50000.000,-254.000,-1008.529,50000.000,0
58451,-866.588,2076.823,50000.000,-433.294,-1090.706,50000.000,0
58501,-1210.235,2181.412,50000.000,-874.059,-2218.765,50000.000,0
58551,-1651.000,2330.823,50000.000,-664.882,-1270.000,50000.000,0
58601,-1890.059,2114.176,50000.000,-306.294,-478.118,50000.000,0
58651,-2166.470,2159.000,50000.000,-1367.118,-1382.059,50000.000,0
58701,-2323.353,2032.000,50000.000,-2383.117,-1822.823,50000.000,0
58751,-2719.294,1710.765,50000.000,-1770.529,-1075.765,50000.000,0
58801,-2950.882,1695.823,50000.000,-2196.353,-1068.294,50000.000,0
58851,-3458.882,1755.588,50000.000,-1404.470,-485.588,50000.000,0
58901,-3578.412,1397.000,50000.000,-119.529,-37.353,50000.000,0
58951,-3107.764,552.823,50000.000,-664.882,-119.529,50000.000,0
59001,-4250.765,889.000,50000.000,-2495.176,-283.882,50000.000,0
59051,-4788.647,814.294,50000.000,-1045.882,-37.353,50000.000,0
59101,-5020.235,993.588,50000.000,-1606.176,-44.824,50000.000,0
59151,-5065.059,1180.353,50000.000,-3705.412,0.000,50000.000,0
59201,-5244.353,1195.294,50000.000,-3354.294,149.412,50000.000,0
59251,-5700.059,1561.353,50000.000,-2173.941,149.412,50000.000,0
59301,-5296.646,1397.000,50000.000,-3563.470,254.000,50000.000,0
59351,-5558.117,1957.294,50000.000,-3145.117,224.118,50000.000,0
59401,-4953.000,2106.706,50000.000,-1561.353,-22.412,50000.000,0
59451,-5057.588,2532.529,50000.000,-1180.353,-29.882,50000.000,0
59501,-5774.764,2928.470,50000.000,-1344.706,-104.588,50000.000,0
59551,-5804.646,3062.941,50000.000,-2674.470,-179.294,50000.000,0
59601,-5901.764,3175.000,50000.000,-799.353,-67.235,50000.000,0
59651,-5670.176,3137.647,50000.000,-1860.176,-149.412,50000.000,0
59701,-5207.000,3033.059,50000.000,-2667.000,-231.588,50000.000,0
59751,-5416.176,3152.588,50000.000,-1748.118,-149.412,50000.000,0
59801,-5617.882,3346.823,50000.000,-3854.823,-418.353,50000.000,0
59851,-5080.000,2771.588,50000.000,-1994.647,-224.118,50000.000,0
59901,-4863.353,2838.823,50000.000,-1583.765,-186.765,50000.000,0
59951,-5012.764,2846.294,50000.000,-433.294,-37.353,50000.000,0
