timestamp[ms],left_dx[um],left_dy[um],left_dt[us],right_dx[um],right_dy[um],right_dt[us],waterPin
0,0.000,0.000,50156.000,0.000,0.000,50153.000,0
51,0.000,0.000,50000.000,0.000,0.000,50000.000,0
101,0.000,0.000,50000.000,0.000,0.000,50000.000,0
151,0.000,0.000,50000.000,0.000,0.000,50000.000,0
201,0.000,0.000,50000.000,0.000,0.000,50000.000,0
251,0.000,0.000,50000.000,0.000,0.000,50000.000,0
301,0.000,0.000,50000.000,0.000,0.000,50000.000,0
351,0.000,0.000,50000.000,0.000,0.000,50000.000,0
401,0.000,0.000,50000.000,0.000,0.000,50000.000,0
451,0.000,0.000,50000.000,0.000,0.000,50000.000,0
501,0.000,0.000,50000.000,0.000,0.000,50000.000,0
551,0.000,0.000,50000.000,0.000,0.000,50000.000,0
601,0.000,0.000,50000.000,0.000,0.000,50000.000,0
651,0.000,0.000,50000.000,0.000,0.000,50000.000,0
701,0.000,0.000,50000.000,0.000,0.000,50000.000,0
751,0.000,0.000,50000.000,0.000,0.000,50000.000,0
801,0.000,0.000,50000.000,0.000,0.000,50000.000,0
851,0.000,0.000,50000.000,0.000,0.000,50000.000,0
901,0.000,0.000,50000.000,0.000,0.000,50000.000,0
951,0.000,0.000,50000.000,0.000,0.000,50000.000,0
1001,0.000,0.000,50000.000,0.000,0.000,50000.000,0
1051,0.000,0.000,50000.000,0.000,0.000,50000.000,0
1101,0.000,0.000,50000.000,0.000,0.000,50000.000,0
1151,0.000,0.000,50000.000,0.000,0.000,50000.000,0
1201,0.000,0.000,50000.000,0.000,0.000,50000.000,0
1251,0.000,0.000,50000.000,0.000,0.000,50000.000,0
1301,0.000,0.000,50000.000,0.000,0.000,50000.000,0
1351,0.000,0.000,50000.000,0.000,0.000,50000.000,0
1401,0.000,0.000,50000.000,0.000,0.000,50000.000,0
1451,0.000,0.000,50000.000,0.000,0.000,50000.000,0
1501,0.000,0.000,50000.000,0.000,0.000,50000.000,0
1551,0.000,0.000,50000.000,0.000,0.000,50000.000,0
1601,0.000,0.000,50000.000,0.000,0.000,50000.000,0
1651,0.000,0.000,50000.000,0.000,0.000,50000.000,0
1701,0.000,0.000,50000.000,0.000,0.000,50000.000,0
1751,0.000,0.000,50000.000,0.000,0.000,50000.000,0
1801,0.000,0.000,50000.000,0.000,0.000,50000.000,0
1851,0.000,0.000,50000.000,0.000,0.000,50000.000,0
1901,0.000,0.000,50000.000,0.000,0.000,50000.000,0
1951,0.000,0.000,50000.000,0.000,0.000,50000.000,0
2001,0.000,0.000,50000.000,0.000,0.000,50000.000,0
2051,0.000,0.000,50000.000,0.000,0.000,50000.000,0
2101,0.000,0.000,50000.000,0.000,0.000,50000.000,0
2151,0.000,0.000,50000.000,0.000,0.000,50000.000,0
2201,0.000,0.000,50000.000,0.000,0.000,50000.000,0
2251,0.000,0.000,50000.000,0.000,0.000,50000.000,0
2301,0.000,0.000,50000.000,0.000,0.000,50000.000,0
2351,0.000,0.000,50000.000,0.000,0.000,50000.000,0
2401,0.000,0.000,50000.000,0.000,0.000,50000.000,0
2451,0.000,0.000,50000.000,0.000,0.000,50000.000,0
2501,0.000,0.000,50000.000,0.000,0.000,50000.000,0
2551,0.000,0.000,50000.000,0.000,0.000,50000.000,0
2601,0.000,0.000,50000.000,0.000,0.000,50000.000,0
2651,0.000,0.000,50000.000,0.000,0.000,50000.000,0
2701,0.000,0.000,50000.000,0.000,0.000,50000.000,0
2751,0.000,0.000,50000.000,0.000,0.000,50000.000,0
2801,0.000,0.000,50000.000,0.000,0.000,50000.000,0
2851,0.000,0.000,50000.000,0.000,0.000,50000.000,0
2901,0.000,0.000,50000.000,0.000,0.000,50000.000,0
2951,0.000,0.000,50000.000,0.000,0.000,50000.000,0
3001,0.000,0.000,50000.000,0.000,0.000,50000.000,0
3051,0.000,0.000,50000.000,0.000,0.000,50000.000,0
3101,0.000,0.000,50000.000,0.000,0.000,50000.000,0
3151,0.000,0.000,50000.000,0.000,0.000,50000.000,0
3201,0.000,0.000,50000.000,0.000,0.000,50000.000,0
3251,0.000,0.000,50000.000,0.000,0.000,50000.000,0
3301,0.000,0.000,50000.000,0.000,0.000,50000.000,0
3351,0.000,0.000,50000.000,0.000,0.000,50000.000,0
3401,0.000,0.000,50000.000,0.000,0.000,50000.000,0
3451,0.000,0.000,50000.000,0.000,0.000,50000.000,0
3501,0.000,0.000,50000.000,0.000,0.000,50000.000,0
3551,0.000,0.000,50000.000,0.000,0.000,50000.000,0
3601,0.000,0.000,50000.000,0.000,0.000,50000.000,0
3651,0.000,0.000,50000.000,0.000,0.000,50000.000,0
3701,0.000,0.000,50000.000,0.000,0.000,50000.000,0
3751,0.000,0.000,50000.000,0.000,0.000,50000.000,0
3801,0.000,0.000,50000.000,0.000,0.000,50000.000,0
3851,0.000,0.000,50000.000,0.000,0.000,50000.000,0
3901,0.000,0.000,50000.000,0.000,0.000,50000.000,0
3951,0.000,0.000,50000.000,0.000,0.000,50000.000,0
4001,0.000,0.000,50000.000,0.000,0.000,50000.000,0
4051,0.000,0.000,50000.000,0.000,0.000,50000.000,0
4101,0.000,0.000,50000.000,0.000,0.000,50000.000,0
4151,0.000,0.000,50000.000,0.000,0.000,50000.000,0
4201,0.000,0.000,50000.000,0.000,0.000,50000.000,0
4251,0.000,0.000,50000.000,0.000,0.000,50000.000,0
4301,0.000,0.000,50000.000,0.000,0.000,50000.000,0
4351,0.000,0.000,50000.000,0.000,0.000,50000.000,0
4401,0.000,0.000,50000.000,0.000,0.000,50000.000,0
4451,0.000,0.000,50000.000,0.000,0.000,50000.000,0
4501,0.000,0.000,50000.000,0.000,0.000,50000.000,0
4551,0.000,0.000,50000.000,0.000,0.000,50000.000,0
4601,0.000,0.000,50000.000,0.000,0.000,50000.000,0
4651,0.000,0.000,50000.000,0.000,0.000,50000.000,0
4701,0.000,0.000,50000.000,0.000,0.000,50000.000,0
4751,0.000,0.000,50000.000,0.000,0.000,50000.000,0
4801,0.000,0.000,50000.000,0.000,0.000,50000.000,0
4851,0.000,0.000,50000.000,0.000,0.000,50000.000,0
4901,0.000,0.000,50000.000,0.000,0.000,50000.000,0
4951,0.000,0.000,50000.000,0.000,0.000,50000.000,0
5001,0.000,0.000,50000.000,0.000,0.000,50000.000,0
5051,0.000,0.000,50000.000,0.000,0.000,50000.000,0
5101,0.000,0.000,50000.000,0.000,0.000,50000.000,0
5151,0.000,0.000,50000.000,0.000,0.000,50000.000,0
5201,0.000,0.000,50000.000,0.000,0.000,50000.000,0
5251,0.000,0.000,50000.000,0.000,0.000,50000.000,0
5301,0.000,0.000,50000.000,0.000,0.000,50000.000,0
5351,0.000,0.000,50000.000,0.000,0.000,50000.000,0
5401,0.000,0.000,50000.000,0.000,0.000,50000.000,0
5451,0.000,0.000,50000.000,0.000,0.000,50000.000,0
5501,0.000,0.000,50000.000,0.000,0.000,50000.000,0
5551,0.000,0.000,50000.000,0.000,0.000,50000.000,0
5601,0.000,0.000,50000.000,0.000,0.000,50000.000,0
5651,0.000,0.000,50000.000,0.000,0.000,50000.000,0
5701,0.000,0.000,50000.000,0.000,0.000,50000.000,0
5751,0.000,0.000,50000.000,0.000,0.000,50000.000,0
5801,0.000,0.000,50000.000,0.000,0.000,50000.000,0
5851,0.000,0.000,50000.000,0.000,0.000,50000.000,0
5901,0.000,0.000,50000.000,0.000,0.000,50000.000,0
5951,0.000,0.000,50000.000,0.000,0.000,50000.000,0
6001,0.000,0.000,50000.000,0.000,0.000,50000.000,0
6051,0.000,0.000,50000.000,0.000,0.000,50000.000,0
6101,0.000,0.000,50000.000,0.000,0.000,50000.000,0
6151,0.000,0.000,50000.000,0.000,0.000,50000.000,0
6201,0.000,0.000,50000.000,0.000,0.000,50000.000,0
6251,0.000,0.000,50000.000,0.000,0.000,50000.000,0
6301,0.000,0.000,50000.000,0.000,0.000,50000.000,0
6351,0.000,0.000,50000.000,0.000,0.000,50000.000,0
6401,0.000,0.000,50000.000,0.000,0.000,50000.000,0
6451,0.000,0.000,50000.000,0.000,0.000,50000.000,0
6501,0.000,0.000,50000.000,0.000,0.000,50000.000,0
6551,0.000,0.000,50000.000,0.000,0.000,50000.000,0
6601,0.000,0.000,50000.000,0.000,0.000,50000.000,0
6651,0.000,0.000,50000.000,0.000,0.000,50000.000,0
6701,0.000,0.000,50000.000,0.000,0.000,50000.000,0
6751,0.000,0.000,50000.000,0.000,0.000,50000.000,0
6801,0.000,0.000,50000.000,0.000,0.000,50000.000,0
6851,0.000,0.000,50000.000,0.000,0.000,50000.000,0
6901,0.000,0.000,50000.000,0.000,0.000,50000.000,0
6951,0.000,0.000,50000.000,0.000,0.000,50000.000,0
7001,0.000,0.000,50000.000,0.000,0.000,50000.000,0
7051,0.000,0.000,50000.000,0.000,0.000,50000.000,0
7101,0.000,0.000,50000.000,0.000,0.000,50000.000,0
7151,0.000,0.000,50000.000,0.000,0.000,50000.000,0
7201,0.000,0.000,50000.000,0.000,0.000,50000.000,0
7251,0.000,0.000,50000.000,0.000,0.000,50000.000,0
7301,0.000,0.000,50000.000,0.000,0.000,50000.000,0
7351,0.000,0.000,50000.000,0.000,0.000,50000.000,0
7401,0.000,0.000,50000.000,0.000,0.000,50000.000,0
7451,0.000,0.000,50000.000,0.000,0.000,50000.000,0
7501,0.000,0.000,50000.000,0.000,0.000,50000.000,0
7551,0.000,0.000,50000.000,0.000,0.000,50000.000,0
7601,0.000,0.000,50000.000,0.000,0.000,50000.000,0
7651,0.000,0.000,50000.000,0.000,0.000,50000.000,0
7701,0.000,0.000,50000.000,0.000,0.000,50000.000,0
7751,0.000,0.000,50000.000,0.000,0.000,50000.000,0
7801,0.000,0.000,50000.000,0.000,0.000,50000.000,0
7851,0.000,0.000,50000.000,0.000,0.000,50000.000,0
7901,0.000,0.000,50000.000,0.000,0.000,50000.000,0
7951,0.000,0.000,50000.000,0.000,0.000,50000.000,0
8001,0.000,0.000,50000.000,0.000,0.000,50000.000,0
8051,0.000,0.000,50000.000,0.000,0.000,50000.000,0
8101,0.000,0.000,50000.000,0.000,0.000,50000.000,0
8151,0.000,0.000,50000.000,0.000,0.000,50000.000,0
8201,0.000,0.000,50000.000,0.000,0.000,50000.000,0
8251,0.000,0.000,50000.000,0.000,0.000,50000.000,0
8301,0.000,0.000,50000.000,0.000,0.000,50000.000,0
8351,0.000,0.000,50000.000,0.000,0.000,50000.000,0
8401,0.000,0.000,50000.000,0.000,0.000,50000.000,0
8451,0.000,0.000,50000.000,0.000,0.000,50000.000,0
8501,0.000,0.000,50000.000,0.000,0.000,50000.000,0
8551,0.000,0.000,50000.000,0.000,0.000,50000.000,0
8601,0.000,0.000,50000.000,0.000,0.000,50000.000,0
8651,0.000,0.000,50000.000,0.000,0.000,50000.000,0
8701,0.000,0.000,50000.000,0.000,0.000,50000.000,0
8751,0.000,0.000,50000.000,0.000,0.000,50000.000,0
8801,0.000,0.000,50000.000,0.000,0.000,50000.000,0
8851,0.000,0.000,50000.000,0.000,0.000,50000.000,0
8901,0.000,0.000,50000.000,0.000,0.000,50000.000,0
8951,0.000,0.000,50000.000,0.000,0.000,50000.000,0
9001,0.000,0.000,50000.000,0.000,0.000,50000.000,0
9051,0.000,0.000,50000.000,0.000,0.000,50000.000,0
9101,0.000,0.000,50000.000,0.000,0.000,50000.000,0
9151,0.000,0.000,50000.000,0.000,0.000,50000.000,0
9201,0.000,0.000,50000.000,0.000,0.000,50000.000,0
9251,0.000,0.000,50000.000,0.000,0.000,50000.000,0
9301,0.000,0.000,50000.000,0.000,0.000,50000.000,0
9351,0.000,0.000,50000.000,0.000,0.000,50000.000,0
9401,0.000,0.000,50000.000,0.000,0.000,50000.000,0
9451,0.000,0.000,50000.000,0.000,0.000,50000.000,0
9501,0.000,0.000,50000.000,0.000,0.000,50000.000,0
9551,0.000,0.000,50000.000,0.000,0.000,50000.000,0
9601,0.000,0.000,50000.000,0.000,0.000,50000.000,0
9651,0.000,0.000,50000.000,0.000,0.000,50000.000,0
9701,0.000,0.000,50000.000,0.000,0.000,50000.000,0
9751,0.000,0.000,50000.000,0.000,0.000,50000.000,0
9801,0.000,0.000,50000.000,0.000,0.000,50000.000,0
9851,0.000,0.000,50000.000,0.000,0.000,50000.000,0
9901,0.000,0.000,50000.000,0.000,0.000,50000.000,0
9951,0.000,0.000,50000.000,0.000,0.000,50000.000,0
10001,0.000,0.000,50000.000,0.000,0.000,50000.000,0
10051,0.000,0.000,50000.000,0.000,0.000,50000.000,0
10101,0.000,0.000,50000.000,0.000,0.000,50000.000,0
10151,0.000,0.000,50000.000,0.000,0.000,50000.000,0
10201,0.000,0.000,50000.000,0.000,0.000,50000.000,0
10251,0.000,0.000,50000.000,0.000,0.000,50000.000,0
10301,0.000,0.000,50000.000,0.000,0.000,50000.000,0
10351,0.000,0.000,50000.000,0.000,0.000,50000.000,0
10401,0.000,0.000,50000.000,0.000,0.000,50000.000,0
10451,0.000,0.000,50000.000,0.000,0.000,50000.000,0
10501,0.000,0.000,50000.000,0.000,0.000,50000.000,0
10551,0.000,0.000,50000.000,0.000,0.000,50000.000,0
10601,0.000,0.000,50000.000,0.000,0.000,50000.000,0
10651,0.000,0.000,50000.000,0.000,0.000,50000.000,0
10701,0.000,0.000,50000.000,0.000,0.000,50000.000,0
10751,0.000,0.000,50000.000,0.000,0.000,50000.000,0
10801,0.000,0.000,50000.000,0.000,0.000,50000.000,0
10851,0.000,0.000,50000.000,0.000,0.000,50000.000,0
10901,0.000,0.000,50000.000,0.000,0.000,50000.000,0
10951,0.000,0.000,50000.000,0.000,0.000,50000.000,0
11001,0.000,0.000,50000.000,0.000,0.000,50000.000,0
11051,0.000,0.000,50000.000,0.000,0.000,50000.000,0
11101,0.000,0.000,50000.000,0.000,0.000,50000.000,0
11151,0.000,0.000,50000.000,0.000,0.000,50000.000,0
11201,0.000,0.000,50000.000,0.000,0.000,50000.000,0
11251,0.000,0.000,50000.000,0.000,0.000,50000.000,0
11301,0.000,0.000,50000.000,0.000,0.000,50000.000,0
11351,0.000,0.000,50000.000,0.000,0.000,50000.000,0
11401,0.000,0.000,50000.000,0.000,0.000,50000.000,0
11451,0.000,0.000,50000.000,0.000,0.000,50000.000,0
11501,0.000,0.000,50000.000,0.000,0.000,50000.000,0
11551,0.000,0.000,50000.000,0.000,0.000,50000.000,0
11601,0.000,0.000,50000.000,0.000,0.000,50000.000,0
11651,0.000,0.000,50000.000,0.000,0.000,50000.000,0
11701,0.000,0.000,50000.000,0.000,0.000,50000.000,0
11751,0.000,0.000,50000.000,0.000,0.000,50000.000,0
11801,0.000,0.000,50000.000,0.000,0.000,50000.000,0
11851,0.000,0.000,50000.000,0.000,0.000,50000.000,0
11901,0.000,0.000,50000.000,0.000,0.000,50000.000,0
11951,0.000,0.000,50000.000,0.000,0.000,50000.000,0
12001,0.000,0.000,50000.000,0.000,0.000,50000.000,0
12051,0.000,0.000,50000.000,0.000,0.000,50000.000,0
12101,0.000,0.000,50000.000,0.000,0.000,50000.000,0
12151,0.000,0.000,50000.000,0.000,0.000,50000.000,0
12201,0.000,0.000,50000.000,0.000,0.000,50000.000,0
12251,0.000,0.000,50000.000,0.000,0.000,50000.000,0
12301,0.000,0.000,50000.000,0.000,0.000,50000.000,0
12351,0.000,0.000,50000.000,0.000,0.000,50000.000,0
12401,0.000,0.000,50000.000,0.000,0.000,50000.000,0
12451,0.000,0.000,50000.000,0.000,0.000,50000.000,0
12501,0.000,0.000,50000.000,0.000,0.000,50000.000,0
12551,0.000,0.000,50000.000,0.000,0.000,50000.000,0
12601,0.000,0.000,50000.000,0.000,0.000,50000.000,0
12651,0.000,0.000,50000.000,0.000,0.000,50000.000,0
12701,0.000,0.000,50000.000,0.000,0.000,50000.000,0
12751,0.000,0.000,50000.000,0.000,0.000,50000.000,0
12801,0.000,0.000,50000.000,0.000,0.000,50000.000,0
12851,0.000,0.000,50000.000,0.000,0.000,50000.000,0
12901,0.000,0.000,50000.000,0.000,0.000,50000.000,0
12951,0.000,0.000,50000.000,0.000,0.000,50000.000,0
13001,0.000,0.000,50000.000,0.000,0.000,50000.000,0
13051,0.000,0.000,50000.000,0.000,0.000,50000.000,0
13101,0.000,0.000,50000.000,0.000,0.000,50000.000,0
13151,0.000,0.000,50000.000,0.000,0.000,50000.000,0
13201,0.000,0.000,50000.000,0.000,0.000,50000.000,0
13251,0.000,0.000,50000.000,0.000,0.000,50000.000,0
13301,0.000,0.000,50000.000,0.000,0.000,50000.000,0
13351,0.000,0.000,50000.000,0.000,0.000,50000.000,0
13401,0.000,0.000,50000.000,0.000,0.000,50000.000,0
13451,0.000,0.000,50000.000,0.000,0.000,50000.000,0
13501,0.000,0.000,50000.000,0.000,0.000,50000.000,0
13551,0.000,0.000,50000.000,0.000,0.000,50000.000,0
13601,0.000,0.000,50000.000,0.000,0.000,50000.000,0
13651,0.000,0.000,50000.000,0.000,0.000,50000.000,0
13701,0.000,0.000,50000.000,0.000,0.000,50000.000,0
13751,0.000,0.000,50000.000,0.000,0.000,50000.000,0
13801,0.000,0.000,50000.000,0.000,0.000,50000.000,0
13851,0.000,0.000,50000.000,0.000,0.000,50000.000,0
13901,0.000,0.000,50000.000,0.000,0.000,50000.000,0
13951,0.000,0.000,50000.000,0.000,0.000,50000.000,0
14001,0.000,0.000,50000.000,0.000,0.000,50000.000,0
14051,0.000,0.000,50000.000,0.000,0.000,50000.000,0
14101,0.000,0.000,50000.000,0.000,0.000,50000.000,0
14151,0.000,0.000,50000.000,0.000,0.000,50000.000,0
14201,0.000,0.000,50000.000,0.000,0.000,50000.000,0
14251,0.000,0.000,50000.000,0.000,0.000,50000.000,0
14301,0.000,0.000,50000.000,0.000,0.000,50000.000,0
14351,0.000,0.000,50000.000,0.000,0.000,50000.000,0
14401,0.000,0.000,50000.000,0.000,0.000,50000.000,0
14451,0.000,0.000,50000.000,0.000,0.000,50000.000,0
14501,0.000,0.000,50000.000,0.000,0.000,50000.000,0
14551,0.000,0.000,50000.000,0.000,0.000,50000.000,0
14601,0.000,0.000,50000.000,0.000,0.000,50000.000,0
14651,0.000,0.000,50000.000,0.000,0.000,50000.000,0
14701,0.000,0.000,50000.000,0.000,0.000,50000.000,0
14751,0.000,0.000,50000.000,0.000,0.000,50000.000,0
14801,0.000,0.000,50000.000,0.000,0.000,50000.000,0
14851,0.000,0.000,50000.000,0.000,0.000,50000.000,0
14901,0.000,0.000,50000.000,0.000,0.000,50000.000,0
14951,0.000,0.000,50000.000,0.000,0.000,50000.000,0
15001,0.000,0.000,50000.000,0.000,0.000,50000.000,0
15051,0.000,0.000,50000.000,0.000,0.000,50000.000,0
15101,0.000,0.000,50000.000,0.000,0.000,50000.000,0
15151,0.000,0.000,50000.000,0.000,0.000,50000.000,0
15201,0.000,0.000,50000.000,0.000,0.000,50000.000,0
15251,0.000,0.000,50000.000,0.000,0.000,50000.000,0
15301,0.000,0.000,50000.000,0.000,0.000,50000.000,0
15351,0.000,0.000,50000.000,0.000,0.000,50000.000,0
15401,0.000,0.000,50000.000,0.000,0.000,50000.000,0
15451,0.000,0.000,50000.000,0.000,0.000,50000.000,0
15501,0.000,0.000,50000.000,0.000,0.000,50000.000,0
15551,0.000,0.000,50000.000,0.000,0.000,50000.000,0
15601,0.000,0.000,50000.000,0.000,0.000,50000.000,0
15651,0.000,0.000,50000.000,0.000,0.000,50000.000,0
15701,0.000,0.000,50000.000,0.000,0.000,50000.000,0
15751,0.000,0.000,50000.000,0.000,0.000,50000.000,0
15801,0.000,0.000,50000.000,0.000,0.000,50000.000,0
15851,0.000,0.000,50000.000,0.000,0.000,50000.000,0
15901,0.000,0.000,50000.000,0.000,0.000,50000.000,0
15951,0.000,0.000,50000.000,0.000,0.000,50000.000,0
16001,0.000,0.000,50000.000,0.000,0.000,50000.000,0
16051,0.000,0.000,50000.000,0.000,0.000,50000.000,0
16101,0.000,0.000,50000.000,0.000,0.000,50000.000,0
16151,0.000,0.000,50000.000,0.000,0.000,50000.000,0
16201,0.000,0.000,50000.000,0.000,0.000,50000.000,0
16251,0.000,0.000,50000.000,0.000,0.000,50000.000,0
16301,0.000,0.000,50000.000,0.000,0.000,50000.000,0
16351,0.000,0.000,50000.000,0.000,0.000,50000.000,0
16401,0.000,0.000,50000.000,0.000,0.000,50000.000,0
16451,0.000,0.000,50000.000,0.000,0.000,50000.000,0
16501,0.000,0.000,50000.000,0.000,0.000,50000.000,0
16551,0.000,0.000,50000.000,0.000,0.000,50000.000,0
16601,0.000,0.000,50000.000,0.000,0.000,50000.000,0
16651,0.000,0.000,50000.000,0.000,0.000,50000.000,0
16701,0.000,0.000,50000.000,0.000,0.000,50000.000,0
16751,0.000,0.000,50000.000,0.000,0.000,50000.000,0
16801,0.000,0.000,50000.000,0.000,0.000,50000.000,0
16851,0.000,0.000,50000.000,0.000,0.000,50000.000,0
16901,0.000,0.000,50000.000,0.000,0.000,50000.000,0
16951,0.000,0.000,50000.000,0.000,0.000,50000.000,0
17001,0.000,0.000,50000.000,0.000,0.000,50000.000,0
17051,0.000,0.000,50000.000,0.000,0.000,50000.000,0
17101,0.000,0.000,50000.000,0.000,0.000,50000.000,0
17151,0.000,0.000,50000.000,0.000,0.000,50000.000,0
17201,0.000,0.000,50000.000,0.000,0.000,50000.000,0
17251,0.000,0.000,50000.000,0.000,0.000,50000.000,0
17301,0.000,0.000,50000.000,0.000,0.000,50000.000,0
17351,0.000,0.000,50000.000,0.000,0.000,50000.000,0
17401,0.000,0.000,50000.000,0.000,0.000,50000.000,0
17451,0.000,0.000,50000.000,0.000,0.000,50000.000,0
17501,0.000,0.000,50000.000,0.000,0.000,50000.000,0
17551,0.000,0.000,50000.000,0.000,0.000,50000.000,0
17601,0.000,0.000,50000.000,0.000,0.000,50000.000,0
17651,0.000,0.000,50000.000,0.000,0.000,50000.000,0
17701,0.000,0.000,50000.000,0.000,0.000,50000.000,0
17751,0.000,0.000,50000.000,0.000,0.000,50000.000,0
17801,0.000,0.000,50000.000,0.000,0.000,50000.000,0
17851,0.000,0.000,50000.000,0.000,0.000,50000.000,0
17901,0.000,0.000,50000.000,0.000,0.000,50000.000,0
17951,0.000,0.000,50000.000,0.000,0.000,50000.000,0
18001,0.000,0.000,50000.000,0.000,0.000,50000.000,0
18051,0.000,0.000,50000.000,0.000,0.000,50000.000,0
18101,0.000,0.000,50000.000,0.000,0.000,50000.000,0
18151,0.000,0.000,50000.000,0.000,0.000,50000.000,0
18201,0.000,0.000,50000.000,0.000,0.000,50000.000,0
18251,0.000,0.000,50000.000,0.000,0.000,50000.000,0
18301,0.000,0.000,50000.000,0.000,0.000,50000.000,0
18351,0.000,0.000,50000.000,0.000,0.000,50000.000,0
18401,0.000,0.000,50000.000,0.000,0.000,50000.000,0
18451,0.000,0.000,50000.000,0.000,0.000,50000.000,0
18501,0.000,0.000,50000.000,0.000,0.000,50000.000,0
18551,0.000,0.000,50000.000,0.000,0.000,50000.000,0
18601,0.000,0.000,50000.000,0.000,0.000,50000.000,0
18651,0.000,0.000,50000.000,0.000,0.000,50000.000,0
18701,0.000,0.000,50000.000,0.000,0.000,50000.000,0
18751,0.000,0.000,50000.000,0.000,0.000,50000.000,0
18801,0.000,0.000,50000.000,0.000,0.000,50000.000,0
18851,0.000,0.000,50000.000,0.000,0.000,50000.000,0
18901,0.000,0.000,50000.000,0.000,0.000,50000.000,0
18951,0.000,0.000,50000.000,0.000,0.000,50000.000,0
19001,0.000,0.000,50000.000,0.000,0.000,50000.000,0
19051,0.000,0.000,50000.000,0.000,0.000,50000.000,0
19101,0.000,0.000,50000.000,0.000,0.000,50000.000,0
19151,0.000,0.000,50000.000,0.000,0.000,50000.000,0
19201,0.000,0.000,50000.000,0.000,0.000,50000.000,0
19251,0.000,0.000,50000.000,0.000,0.000,50000.000,0
19301,0.000,0.000,50000.000,0.000,0.000,50000.000,0
19351,0.000,0.000,50000.000,0.000,0.000,50000.000,0
19401,0.000,0.000,50000.000,0.000,0.000,50000.000,0
19451,0.000,0.000,50000.000,0.000,0.000,50000.000,0
19501,0.000,0.000,50000.000,0.000,0.000,50000.000,0
19551,0.000,0.000,50000.000,0.000,0.000,50000.000,0
19601,0.000,0.000,50000.000,0.000,0.000,50000.000,0
19651,0.000,0.000,50000.000,0.000,0.000,50000.000,0
19701,0.000,0.000,50000.000,0.000,0.000,50000.000,0
19751,0.000,0.000,50000.000,0.000,0.000,50000.000,0
19801,0.000,0.000,50000.000,0.000,0.000,50000.000,0
19851,0.000,0.000,50000.000,0.000,0.000,50000.000,0
19901,0.000,0.000,50000.000,0.000,0.000,50000.000,0
19951,0.000,0.000,50000.000,0.000,0.000,50000.000,0
20001,0.000,0.000,50000.000,0.000,0.000,50000.000,0
20051,0.000,0.000,50000.000,0.000,0.000,50000.000,0
20101,0.000,0.000,50000.000,0.000,0.000,50000.000,0
20151,0.000,0.000,50000.000,0.000,0.000,50000.000,0
20201,0.000,0.000,50000.000,0.000,0.000,50000.000,0
20251,0.000,0.000,50000.000,0.000,0.000,50000.000,0
20301,0.000,0.000,50000.000,0.000,0.000,50000.000,0
20351,0.000,0.000,50000.000,0.000,0.000,50000.000,0
20401,0.000,0.000,50000.000,0.000,0.000,50000.000,0
20451,0.000,0.000,50000.000,0.000,0.000,50000.000,0
20501,0.000,0.000,50000.000,0.000,0.000,50000.000,0
20551,0.000,0.000,50000.000,0.000,0.000,50000.000,0
20601,0.000,0.000,50000.000,0.000,0.000,50000.000,0
20651,0.000,0.000,50000.000,0.000,0.000,50000.000,0
20701,0.000,0.000,50000.000,0.000,0.000,50000.000,0
20751,0.000,0.000,50000.000,0.000,0.000,50000.000,0
20801,0.000,0.000,50000.000,0.000,0.000,50000.000,0
20851,0.000,0.000,50000.000,0.000,0.000,50000.000,0
20901,0.000,0.000,50000.000,0.000,0.000,50000.000,0
20951,0.000,0.000,50000.000,0.000,0.000,50000.000,0
21001,0.000,0.000,50000.000,0.000,0.000,50000.000,0
21051,0.000,0.000,50000.000,0.000,0.000,50000.000,0
21101,0.000,0.000,50000.000,0.000,0.000,50000.000,0
21151,0.000,0.000,50000.000,0.000,0.000,50000.000,0
21201,0.000,0.000,50000.000,0.000,0.000,50000.000,0
21251,0.000,0.000,50000.000,0.000,0.000,50000.000,0
21301,0.000,0.000,50000.000,0.000,0.000,50000.000,0
21351,0.000,0.000,50000.000,0.000,0.000,50000.000,0
21401,0.000,0.000,50000.000,0.000,0.000,50000.000,0
21451,0.000,0.000,50000.000,0.000,0.000,50000.000,0
21501,0.000,0.000,50000.000,0.000,0.000,50002.000,0
21551,0.000,0.000,50000.000,0.000,0.000,50000.000,0
21601,0.000,0.000,50000.000,0.000,0.000,50000.000,0
21651,0.000,0.000,50000.000,0.000,0.000,50000.000,0
21701,0.000,0.000,50000.000,0.000,0.000,50000.000,0
21751,0.000,0.000,50000.000,0.000,0.000,50000.000,0
21801,0.000,0.000,50000.000,0.000,0.000,50000.000,0
21851,0.000,0.000,50000.000,0.000,0.000,50000.000,0
21901,0.000,0.000,50000.000,0.000,0.000,50000.000,0
21951,0.000,0.000,50000.000,0.000,0.000,50000.000,0
22001,0.000,0.000,50000.000,0.000,0.000,50000.000,0
22051,0.000,0.000,50000.000,0.000,0.000,50000.000,0
22101,0.000,0.000,50000.000,0.000,0.000,50000.000,0
22151,0.000,0.000,50000.000,0.000,0.000,50000.000,0
22201,0.000,0.000,50000.000,0.000,0.000,50000.000,0
22251,0.000,0.000,50000.000,0.000,0.000,50000.000,0
22301,0.000,0.000,50000.000,0.000,0.000,50000.000,0
22351,0.000,0.000,50000.000,0.000,0.000,50000.000,0
22401,0.000,0.000,50000.000,0.000,0.000,50000.000,0
22451,0.000,0.000,50000.000,0.000,0.000,50000.000,0
22501,0.000,0.000,50000.000,0.000,0.000,50000.000,0
22551,0.000,0.000,50000.000,0.000,0.000,50000.000,0
22601,0.000,0.000,50000.000,0.000,0.000,50000.000,0
22651,0.000,0.000,50000.000,0.000,0.000,50000.000,0
22701,0.000,0.000,50000.000,0.000,0.000,50000.000,0
22751,0.000,0.000,50000.000,0.000,0.000,50000.000,0
22801,0.000,0.000,50000.000,0.000,0.000,50000.000,0
22851,0.000,0.000,50000.000,0.000,0.000,50000.000,0
22901,0.000,0.000,50000.000,0.000,0.000,50000.000,0
22951,0.000,0.000,50000.000,0.000,0.000,50000.000,0
23001,0.000,0.000,50000.000,0.000,0.000,50000.000,0
23051,0.000,0.000,50000.000,0.000,0.000,50000.000,0
23101,0.000,0.000,50000.000,0.000,0.000,50000.000,0
23151,0.000,0.000,50000.000,0.000,0.000,50000.000,0
23201,0.000,0.000,50000.000,0.000,0.000,50000.000,0
23251,0.000,0.000,50000.000,0.000,0.000,50000.000,0
23301,0.000,0.000,50000.000,0.000,0.000,50000.000,0
23351,0.000,0.000,50000.000,0.000,0.000,50000.000,0
23401,0.000,0.000,50000.000,0.000,0.000,50000.000,0
23451,0.000,0.000,50000.000,0.000,0.000,50000.000,0
23501,0.000,0.000,50000.000,0.000,0.000,50000.000,0
23551,0.000,0.000,50000.000,0.000,0.000,50000.000,0
23601,0.000,0.000,50002.000,0.000,0.000,50000.000,0
23651,0.000,0.000,49999.000,0.000,0.000,50000.000,0
23701,0.000,0.000,49999.000,0.000,0.000,49998.000,0
23751,0.000,0.000,50000.000,0.000,0.000,50000.000,0
23801,0.000,0.000,50000.000,0.000,0.000,50000.000,0
23851,0.000,0.000,50000.000,0.000,0.000,50000.000,0
23901,0.000,0.000,50000.000,0.000,0.000,50000.000,0
23951,0.000,0.000,50000.000,0.000,0.000,50000.000,0
24001,0.000,0.000,50000.000,0.000,0.000,50000.000,0
24051,0.000,0.000,50000.000,0.000,0.000,50000.000,0
24101,0.000,0.000,50000.000,0.000,0.000,50000.000,0
24151,0.000,0.000,50000.000,0.000,0.000,50000.000,0
24201,0.000,0.000,50000.000,0.000,0.000,50000.000,0
24251,0.000,0.000,50000.000,0.000,0.000,50000.000,0
24301,0.000,0.000,50000.000,0.000,0.000,50000.000,0
24351,0.000,0.000,50000.000,0.000,0.000,50000.000,0
24401,0.000,0.000,50000.000,0.000,0.000,50000.000,0
24451,0.000,0.000,50000.000,0.000,0.000,50000.000,0
24501,0.000,0.000,50000.000,0.000,0.000,50000.000,0
24551,0.000,0.000,50000.000,0.000,0.000,50000.000,0
24601,0.000,0.000,50000.000,0.000,0.000,50000.000,0
24651,0.000,0.000,50000.000,0.000,0.000,50000.000,0
24701,0.000,0.000,50000.000,0.000,0.000,50000.000,0
24751,0.000,0.000,50000.000,0.000,0.000,50000.000,0
24801,0.000,0.000,50000.000,0.000,0.000,50000.000,0
24851,0.000,0.000,50000.000,0.000,0.000,50000.000,0
24901,0.000,0.000,50000.000,0.000,0.000,50000.000,0
24951,0.000,0.000,50000.000,0.000,0.000,50000.000,0
25001,0.000,0.000,50000.000,0.000,0.000,50000.000,0
25051,0.000,0.000,50000.000,0.000,0.000,50000.000,0
25101,0.000,0.000,50000.000,0.000,0.000,50000.000,0
25151,0.000,0.000,50000.000,0.000,0.000,50000.000,0
25201,0.000,0.000,50000.000,0.000,0.000,50000.000,0
25251,0.000,0.000,50000.000,0.000,0.000,50000.000,0
25301,0.000,0.000,50000.000,0.000,0.000,50000.000,0
25351,0.000,0.000,50000.000,0.000,0.000,50000.000,0
25401,0.000,0.000,50000.000,0.000,0.000,50000.000,0
25451,0.000,0.000,50000.000,0.000,0.000,50000.000,0
25501,0.000,0.000,50000.000,0.000,0.000,50000.000,0
25551,0.000,0.000,50000.000,0.000,0.000,50000.000,0
25601,0.000,0.000,50000.000,0.000,0.000,50000.000,0
25651,0.000,0.000,50000.000,0.000,0.000,50000.000,0
25701,0.000,0.000,50000.000,0.000,0.000,50000.000,0
25751,0.000,0.000,50000.000,0.000,0.000,50000.000,0
25801,0.000,0.000,50000.000,0.000,0.000,50000.000,0
25851,0.000,0.000,50000.000,0.000,0.000,50000.000,0
25901,0.000,0.000,50000.000,0.000,0.000,50000.000,0
25951,0.000,0.000,50000.000,0.000,0.000,50000.000,0
26001,0.000,0.000,50000.000,0.000,0.000,50000.000,0
26051,0.000,0.000,50000.000,0.000,0.000,50000.000,0
26101,0.000,0.000,50000.000,0.000,0.000,50000.000,0
26151,0.000,0.000,50000.000,0.000,0.000,50000.000,0
26201,0.000,0.000,50000.000,0.000,0.000,50000.000,0
26251,0.000,0.000,50000.000,0.000,0.000,50000.000,0
26301,0.000,0.000,50000.000,0.000,0.000,50000.000,0
26351,0.000,0.000,50000.000,0.000,0.000,50000.000,0
26401,0.000,0.000,50000.000,0.000,0.000,50000.000,0
26451,0.000,0.000,50000.000,0.000,0.000,50000.000,0
26501,0.000,0.000,50000.000,0.000,0.000,50000.000,0
26551,0.000,0.000,50000.000,0.000,0.000,50000.000,0
26601,0.000,0.000,50000.000,0.000,0.000,50000.000,0
26651,0.000,0.000,50000.000,0.000,0.000,50000.000,1
26701,0.000,0.000,50000.000,0.000,0.000,50000.000,1
26751,0.000,0.000,50000.000,0.000,0.000,50000.000,0
26801,0.000,0.000,50000.000,0.000,0.000,50000.000,0
26851,0.000,0.000,50000.000,0.000,0.000,50000.000,0
26901,0.000,0.000,50000.000,0.000,0.000,50000.000,0
26951,0.000,0.000,50000.000,0.000,0.000,50000.000,0
27001,0.000,0.000,50000.000,0.000,0.000,50000.000,0
27051,0.000,0.000,50000.000,0.000,0.000,50000.000,0
27101,0.000,0.000,50000.000,0.000,0.000,50000.000,0
27151,0.000,0.000,50000.000,0.000,0.000,50000.000,0
27201,0.000,0.000,50000.000,0.000,0.000,50000.000,0
27251,0.000,0.000,50000.000,0.000,0.000,50000.000,0
27301,0.000,0.000,50000.000,0.000,0.000,50000.000,0
27351,0.000,0.000,50000.000,0.000,0.000,50000.000,0
27401,0.000,0.000,50000.000,0.000,0.000,50000.000,0
27451,0.000,0.000,50000.000,0.000,0.000,50000.000,0
27501,0.000,0.000,50000.000,0.000,0.000,50000.000,0
27551,0.000,0.000,50000.000,0.000,0.000,50000.000,0
27601,0.000,0.000,50000.000,0.000,0.000,50000.000,0
27651,0.000,0.000,50000.000,0.000,0.000,50000.000,0
27701,0.000,0.000,50000.000,0.000,0.000,50000.000,0
27751,0.000,0.000,50000.000,0.000,0.000,50000.000,0
27801,0.000,0.000,50000.000,0.000,0.000,50000.000,0
27851,0.000,0.000,50000.000,0.000,0.000,50000.000,0
27901,0.000,0.000,50000.000,0.000,0.000,50000.000,0
27951,0.000,0.000,50000.000,0.000,0.000,50000.000,0
28001,0.000,0.000,50000.000,0.000,0.000,50000.000,0
28051,0.000,0.000,50000.000,0.000,0.000,50000.000,0
28101,0.000,0.000,50000.000,0.000,0.000,50000.000,0
28151,0.000,0.000,50000.000,0.000,0.000,50000.000,0
28201,0.000,0.000,50000.000,0.000,0.000,50000.000,0
28251,0.000,0.000,50000.000,0.000,0.000,50000.000,0
28301,0.000,0.000,50000.000,0.000,0.000,50000.000,0
28351,0.000,0.000,50000.000,0.000,0.000,50000.000,0
28401,0.000,0.000,50000.000,0.000,0.000,50000.000,0
28451,0.000,0.000,50000.000,0.000,0.000,50000.000,0
28501,0.000,0.000,50000.000,0.000,0.000,50000.000,0
28551,0.000,0.000,50000.000,0.000,0.000,50000.000,0
28601,0.000,0.000,50000.000,0.000,0.000,50000.000,0
28651,0.000,0.000,50000.000,0.000,0.000,50000.000,0
28701,0.000,0.000,50000.000,0.000,0.000,50000.000,0
28751,0.000,0.000,50000.000,0.000,0.000,50000.000,0
28801,0.000,0.000,50000.000,0.000,0.000,50000.000,0
28851,0.000,0.000,50000.000,0.000,0.000,50000.000,0
28901,0.000,0.000,50000.000,0.000,0.000,50000.000,0
28951,0.000,0.000,50000.000,0.000,0.000,50000.000,0
29001,0.000,0.000,50000.000,0.000,0.000,50000.000,0
29051,0.000,0.000,50000.000,0.000,0.000,50000.000,0
29101,0.000,0.000,50000.000,0.000,0.000,50000.000,0
29151,0.000,0.000,50000.000,0.000,0.000,50000.000,0
29201,0.000,0.000,50000.000,0.000,0.000,50000.000,0
29251,0.000,0.000,50000.000,0.000,0.000,50000.000,0
29301,0.000,0.000,50000.000,0.000,0.000,50000.000,0
29351,0.000,0.000,50000.000,0.000,0.000,50000.000,0
29401,0.000,0.000,50000.000,0.000,0.000,50000.000,0
29451,0.000,0.000,50000.000,0.000,0.000,50000.000,0
29501,0.000,0.000,50000.000,0.000,0.000,50000.000,0
29551,0.000,0.000,50000.000,0.000,0.000,50000.000,0
29601,0.000,0.000,50000.000,0.000,0.000,50000.000,0
29651,0.000,0.000,50000.000,0.000,0.000,50000.000,0
29701,0.000,0.000,50000.000,0.000,0.000,50000.000,0
29751,0.000,0.000,50000.000,0.000,0.000,50000.000,0
29801,0.000,0.000,50000.000,0.000,0.000,50000.000,0
29851,0.000,0.000,50000.000,0.000,0.000,50000.000,0
29901,0.000,0.000,50000.000,0.000,0.000,50000.000,0
29951,0.000,0.000,50000.000,0.000,0.000,50000.000,0
30001,0.000,0.000,50000.000,0.000,0.000,50000.000,0
30051,0.000,0.000,50000.000,0.000,0.000,50000.000,0
30101,0.000,0.000,50000.000,0.000,0.000,50000.000,0
30151,0.000,0.000,50000.000,0.000,0.000,50000.000,0
30201,0.000,0.000,50000.000,0.000,0.000,50000.000,0
30251,0.000,0.000,50000.000,0.000,0.000,50000.000,0
30301,0.000,0.000,50000.000,0.000,0.000,50000.000,0
30351,0.000,0.000,50000.000,0.000,0.000,50000.000,0
30401,0.000,0.000,50000.000,0.000,0.000,50000.000,0
30451,0.000,0.000,50000.000,0.000,0.000,50000.000,0
30501,0.000,0.000,50000.000,0.000,0.000,50000.000,0
30551,0.000,0.000,50000.000,0.000,0.000,50000.000,0
30601,0.000,0.000,50000.000,0.000,0.000,50000.000,0
30651,0.000,0.000,50000.000,0.000,0.000,50000.000,0
30701,0.000,0.000,50000.000,0.000,0.000,50000.000,0
30751,0.000,0.000,50000.000,0.000,0.000,50000.000,0
30801,0.000,0.000,50000.000,0.000,0.000,50000.000,0
30851,0.000,0.000,50000.000,0.000,0.000,50000.000,0
30901,0.000,0.000,50000.000,0.000,0.000,50000.000,0
30951,0.000,0.000,50000.000,0.000,0.000,50000.000,0
31001,0.000,0.000,50000.000,0.000,0.000,50000.000,0
31051,0.000,0.000,50000.000,0.000,0.000,50000.000,0
31101,0.000,0.000,50000.000,0.000,0.000,50000.000,0
31151,0.000,0.000,50000.000,0.000,0.000,50000.000,0
31201,0.000,0.000,50000.000,0.000,0.000,50000.000,0
31251,0.000,0.000,50000.000,0.000,0.000,50000.000,0
31301,0.000,0.000,50000.000,0.000,0.000,50000.000,0
31351,0.000,0.000,50000.000,0.000,0.000,50000.000,0
31401,0.000,0.000,50000.000,0.000,0.000,50000.000,0
31451,0.000,0.000,50000.000,0.000,0.000,50000.000,0
31501,0.000,0.000,50000.000,0.000,0.000,50000.000,0
31551,0.000,0.000,50000.000,0.000,0.000,50000.000,0
31601,0.000,0.000,50000.000,0.000,0.000,50000.000,0
31651,0.000,0.000,50000.000,0.000,0.000,50000.000,0
31701,0.000,0.000,50000.000,0.000,0.000,50000.000,0
31751,0.000,0.000,50000.000,0.000,0.000,50000.000,0
31801,0.000,0.000,50000.000,0.000,0.000,50000.000,0
31851,0.000,0.000,50000.000,0.000,0.000,50000.000,0
31901,0.000,0.000,50000.000,0.000,0.000,50000.000,0
31951,0.000,0.000,50000.000,0.000,0.000,50000.000,0
32001,0.000,0.000,50000.000,0.000,0.000,50000.000,0
32051,0.000,0.000,50000.000,0.000,0.000,50000.000,0
32101,0.000,0.000,50000.000,0.000,0.000,50000.000,0
32151,0.000,0.000,50000.000,0.000,0.000,50000.000,0
32201,0.000,0.000,50000.000,0.000,0.000,50000.000,0
32251,0.000,0.000,50000.000,0.000,0.000,50000.000,0
32301,0.000,0.000,50000.000,0.000,0.000,50000.000,0
32351,0.000,0.000,50000.000,0.000,0.000,50000.000,0
32401,0.000,0.000,50000.000,0.000,0.000,50000.000,0
32451,0.000,0.000,50000.000,0.000,0.000,50000.000,0
32501,0.000,0.000,50000.000,0.000,0.000,50000.000,0
32551,0.000,0.000,50000.000,0.000,0.000,50000.000,0
32601,0.000,0.000,50000.000,0.000,0.000,50000.000,0
32651,0.000,0.000,50000.000,0.000,0.000,50000.000,0
32701,0.000,0.000,50000.000,0.000,0.000,50000.000,0
32751,0.000,0.000,50000.000,0.000,0.000,50000.000,0
32801,0.000,0.000,50000.000,0.000,0.000,50000.000,0
32851,0.000,0.000,50000.000,0.000,0.000,50000.000,0
32901,0.000,0.000,50000.000,0.000,0.000,50000.000,0
32951,0.000,0.000,50000.000,0.000,0.000,50000.000,0
33001,0.000,0.000,50000.000,0.000,0.000,50000.000,0
33051,0.000,0.000,50000.000,0.000,0.000,50000.000,0
33101,0.000,0.000,50000.000,0.000,0.000,50000.000,0
33151,0.000,0.000,50000.000,0.000,0.000,50000.000,0
33201,0.000,0.000,50000.000,0.000,0.000,50000.000,0
33251,0.000,0.000,50000.000,0.000,0.000,50000.000,0
33301,0.000,0.000,50000.000,0.000,0.000,50000.000,0
33351,0.000,0.000,50000.000,0.000,0.000,50000.000,0
33401,0.000,0.000,50000.000,0.000,0.000,50000.000,0
33451,0.000,0.000,50000.000,0.000,0.000,50000.000,0
33501,0.000,0.000,50000.000,0.000,0.000,50000.000,0
33551,0.000,0.000,50000.000,0.000,0.000,50000.000,0
33601,0.000,0.000,50000.000,0.000,0.000,50000.000,0
33651,0.000,0.000,50000.000,0.000,0.000,50000.000,0
33701,0.000,0.000,50000.000,0.000,0.000,50000.000,0
33751,0.000,0.000,50000.000,0.000,0.000,50000.000,0
33801,0.000,0.000,50000.000,0.000,0.000,50000.000,0
33851,0.000,0.000,50000.000,0.000,0.000,50000.000,0
33901,0.000,0.000,50000.000,0.000,0.000,50000.000,0
33951,0.000,0.000,50000.000,0.000,0.000,50000.000,0
34001,0.000,0.000,50000.000,0.000,0.000,50000.000,0
34051,0.000,0.000,50000.000,0.000,0.000,50000.000,0
34101,0.000,0.000,50000.000,0.000,0.000,50000.000,0
34151,0.000,0.000,50000.000,0.000,0.000,50000.000,0
34201,0.000,0.000,50000.000,0.000,0.000,50000.000,0
34251,0.000,0.000,50000.000,0.000,0.000,50000.000,0
34301,0.000,0.000,50000.000,0.000,0.000,50000.000,0
34351,0.000,0.000,50000.000,0.000,0.000,50000.000,0
34401,0.000,0.000,50000.000,0.000,0.000,50000.000,0
34451,0.000,0.000,50000.000,0.000,0.000,50000.000,0
34501,0.000,0.000,50000.000,0.000,0.000,50000.000,0
34551,0.000,0.000,50000.000,0.000,0.000,50000.000,0
34601,0.000,0.000,50000.000,0.000,0.000,50000.000,0
34651,0.000,0.000,50000.000,0.000,0.000,50000.000,0
34701,0.000,0.000,50000.000,0.000,0.000,50000.000,0
34751,0.000,0.000,50000.000,0.000,0.000,50000.000,0
34801,0.000,0.000,50000.000,0.000,0.000,50000.000,0
34851,0.000,0.000,50000.000,0.000,0.000,50000.000,0
34901,0.000,0.000,50000.000,0.000,0.000,50000.000,0
34951,0.000,0.000,50000.000,0.000,0.000,50000.000,0
35001,0.000,0.000,50000.000,0.000,0.000,50000.000,0
35051,0.000,0.000,50000.000,0.000,0.000,50000.000,0
35101,0.000,0.000,50000.000,0.000,0.000,50000.000,0
35151,0.000,0.000,50000.000,0.000,0.000,50000.000,0
35201,0.000,0.000,50000.000,0.000,0.000,50000.000,0
35251,0.000,0.000,50000.000,0.000,0.000,50000.000,0
35301,0.000,0.000,50000.000,0.000,0.000,50000.000,0
35351,0.000,0.000,50000.000,0.000,0.000,50000.000,0
35401,0.000,0.000,50000.000,0.000,0.000,50000.000,0
35451,0.000,0.000,50000.000,0.000,0.000,50000.000,0
35501,0.000,0.000,50000.000,0.000,0.000,50000.000,0
35551,0.000,0.000,50000.000,0.000,0.000,50000.000,0
35601,0.000,0.000,50000.000,0.000,0.000,50000.000,0
35651,0.000,0.000,50000.000,0.000,0.000,50000.000,0
35701,0.000,0.000,50000.000,0.000,0.000,50000.000,0
35751,0.000,0.000,50000.000,0.000,0.000,50000.000,0
35801,0.000,0.000,50000.000,0.000,0.000,50000.000,0
35851,0.000,0.000,50000.000,0.000,0.000,50000.000,0
35901,0.000,0.000,50000.000,0.000,0.000,50000.000,0
35951,0.000,0.000,50000.000,0.000,0.000,50000.000,0
36001,0.000,0.000,50000.000,0.000,0.000,50000.000,0
36051,0.000,0.000,50000.000,0.000,0.000,50000.000,0
36101,0.000,0.000,50000.000,0.000,0.000,50000.000,0
36151,0.000,0.000,50000.000,0.000,0.000,50000.000,0
36201,0.000,0.000,50000.000,0.000,0.000,50000.000,0
36251,0.000,0.000,50000.000,0.000,0.000,50000.000,0
36301,0.000,0.000,50000.000,0.000,0.000,50000.000,0
36351,0.000,0.000,50000.000,0.000,0.000,50000.000,0
36401,0.000,0.000,50000.000,0.000,0.000,50000.000,0
36451,0.000,0.000,50000.000,0.000,0.000,50000.000,0
36501,0.000,0.000,50000.000,0.000,0.000,50000.000,0
36551,0.000,0.000,50000.000,0.000,0.000,50000.000,0
36601,0.000,0.000,50000.000,0.000,0.000,50000.000,0
36651,0.000,0.000,50000.000,0.000,0.000,50000.000,0
36701,0.000,0.000,50000.000,0.000,0.000,50000.000,0
36751,0.000,0.000,50000.000,0.000,0.000,50000.000,0
36801,0.000,0.000,50000.000,0.000,0.000,50000.000,0
36851,0.000,0.000,50000.000,0.000,0.000,50000.000,0
36901,0.000,0.000,50000.000,0.000,0.000,50000.000,0
36951,0.000,0.000,50000.000,0.000,0.000,50000.000,0
37001,0.000,0.000,50000.000,0.000,0.000,50000.000,0
37051,0.000,0.000,50000.000,0.000,0.000,50000.000,0
37101,0.000,0.000,50000.000,0.000,0.000,50000.000,0
37151,0.000,0.000,50000.000,0.000,0.000,50000.000,0
37201,0.000,0.000,50000.000,0.000,0.000,50000.000,0
37251,0.000,0.000,50000.000,0.000,0.000,50000.000,0
37301,0.000,0.000,50000.000,0.000,0.000,50000.000,0
37351,0.000,0.000,50000.000,0.000,0.000,50000.000,0
37401,0.000,0.000,50000.000,0.000,0.000,50000.000,0
37451,0.000,0.000,50000.000,0.000,0.000,50000.000,0
37501,0.000,0.000,50000.000,0.000,0.000,50000.000,0
37551,0.000,0.000,50000.000,0.000,0.000,50000.000,0
37601,0.000,0.000,50000.000,0.000,0.000,50000.000,0
37651,0.000,0.000,50000.000,0.000,0.000,50000.000,0
37701,0.000,0.000,50000.000,0.000,0.000,50000.000,0
37751,0.000,0.000,50000.000,0.000,0.000,50000.000,0
37801,0.000,0.000,50000.000,0.000,0.000,50000.000,0
37851,0.000,0.000,50000.000,0.000,0.000,50000.000,0
37901,0.000,0.000,50000.000,0.000,0.000,50000.000,0
37951,0.000,0.000,50000.000,0.000,0.000,50000.000,0
38001,0.000,0.000,50000.000,0.000,0.000,50000.000,0
38051,0.000,0.000,50000.000,0.000,0.000,50000.000,0
38101,0.000,0.000,50000.000,0.000,0.000,50000.000,0
38151,0.000,0.000,50000.000,0.000,0.000,50000.000,0
38201,0.000,0.000,50000.000,0.000,0.000,50000.000,0
38251,0.000,0.000,50000.000,0.000,0.000,50000.000,0
38301,0.000,0.000,50000.000,0.000,0.000,50000.000,0
38351,0.000,0.000,50000.000,0.000,0.000,50000.000,0
38401,0.000,0.000,50000.000,0.000,0.000,50000.000,0
38451,0.000,0.000,50000.000,0.000,0.000,50000.000,0
38501,0.000,0.000,50000.000,0.000,0.000,50000.000,0
38551,0.000,0.000,50000.000,0.000,0.000,50000.000,0
38601,0.000,0.000,50000.000,0.000,0.000,50000.000,0
38651,0.000,0.000,50000.000,0.000,0.000,50000.000,0
38701,0.000,0.000,50000.000,0.000,0.000,50000.000,0
38751,0.000,0.000,50000.000,0.000,0.000,50000.000,0
38801,0.000,0.000,50000.000,0.000,0.000,50000.000,0
38851,0.000,0.000,50000.000,0.000,0.000,50000.000,0
38901,0.000,0.000,50000.000,0.000,0.000,50000.000,0
38951,0.000,0.000,50000.000,0.000,0.000,50000.000,0
39001,0.000,0.000,50000.000,0.000,0.000,50000.000,0
39051,0.000,0.000,50000.000,0.000,0.000,50000.000,0
39101,0.000,0.000,50000.000,0.000,0.000,50000.000,0
39151,0.000,0.000,50000.000,0.000,0.000,50000.000,0
39201,0.000,0.000,50000.000,0.000,0.000,50000.000,0
39251,0.000,0.000,50000.000,0.000,0.000,50000.000,0
39301,0.000,0.000,50000.000,0.000,0.000,50000.000,0
39351,0.000,0.000,50000.000,0.000,0.000,50000.000,0
39401,0.000,0.000,50000.000,0.000,0.000,50000.000,0
39451,0.000,0.000,50000.000,0.000,0.000,50000.000,0
39501,0.000,0.000,50000.000,0.000,0.000,50000.000,0
39551,0.000,0.000,50000.000,0.000,0.000,50000.000,0
39601,0.000,0.000,50000.000,0.000,0.000,50000.000,0
39651,0.000,0.000,50000.000,0.000,0.000,50000.000,0
39701,0.000,0.000,50000.000,0.000,0.000,50000.000,0
39751,0.000,0.000,50000.000,0.000,0.000,50000.000,0
39801,0.000,0.000,50000.000,0.000,0.000,50000.000,0
39851,0.000,0.000,50000.000,0.000,0.000,50000.000,0
39901,0.000,0.000,50000.000,0.000,0.000,50000.000,0
39951,0.000,0.000,50000.000,0.000,0.000,50000.000,0
40001,0.000,0.000,50000.000,0.000,0.000,50000.000,0
40051,0.000,0.000,50000.000,0.000,0.000,50000.000,0
40101,0.000,0.000,50000.000,0.000,0.000,50000.000,0
40151,0.000,0.000,50000.000,0.000,0.000,50000.000,0
40201,0.000,0.000,50000.000,0.000,0.000,50000.000,0
40251,0.000,0.000,50000.000,0.000,0.000,50000.000,0
40301,0.000,0.000,50000.000,0.000,0.000,50000.000,0
40351,0.000,0.000,50000.000,0.000,0.000,50000.000,0
40401,0.000,0.000,50000.000,0.000,0.000,50000.000,0
40451,0.000,0.000,50000.000,0.000,0.000,50000.000,0
40501,0.000,0.000,50000.000,0.000,0.000,50000.000,0
40551,0.000,0.000,50000.000,0.000,0.000,50000.000,0
40601,0.000,0.000,50000.000,0.000,0.000,50000.000,0
40651,0.000,0.000,50000.000,0.000,0.000,50000.000,0
40701,0.000,0.000,50000.000,0.000,0.000,50000.000,0
40751,0.000,0.000,50000.000,0.000,0.000,50000.000,0
40801,0.000,0.000,50000.000,0.000,0.000,50000.000,0
40851,0.000,0.000,50000.000,0.000,0.000,50000.000,0
40901,0.000,0.000,50000.000,0.000,0.000,50000.000,0
40951,0.000,0.000,50000.000,0.000,0.000,50000.000,0
41001,0.000,0.000,50000.000,0.000,0.000,50000.000,0
41051,0.000,0.000,50000.000,0.000,0.000,50000.000,0
41101,0.000,0.000,50000.000,0.000,0.000,50000.000,0
41151,0.000,0.000,50000.000,0.000,0.000,50000.000,0
41201,0.000,0.000,50000.000,0.000,0.000,50000.000,0
41251,0.000,0.000,50000.000,0.000,0.000,50000.000,0
41301,0.000,0.000,50000.000,0.000,0.000,50000.000,0
41351,0.000,0.000,50000.000,0.000,0.000,50000.000,0
41401,0.000,0.000,50000.000,0.000,0.000,50000.000,0
41451,0.000,0.000,50000.000,0.000,0.000,50000.000,0
41501,0.000,0.000,50000.000,0.000,0.000,50000.000,0
41551,0.000,0.000,50000.000,0.000,0.000,50000.000,0
41601,0.000,0.000,50000.000,0.000,0.000,50000.000,0
41651,0.000,0.000,50000.000,0.000,0.000,50000.000,0
41701,0.000,0.000,50000.000,0.000,0.000,50000.000,0
41751,0.000,0.000,50000.000,0.000,0.000,50000.000,0
41801,0.000,0.000,50000.000,0.000,0.000,50000.000,0
41851,0.000,0.000,50000.000,0.000,0.000,50000.000,0
41901,0.000,0.000,50000.000,0.000,0.000,50000.000,0
41951,0.000,0.000,50000.000,0.000,0.000,50000.000,0
42001,0.000,0.000,50000.000,0.000,0.000,50000.000,0
42051,0.000,0.000,50000.000,0.000,0.000,50000.000,0
42101,0.000,0.000,50000.000,0.000,0.000,50000.000,0
42151,0.000,0.000,50000.000,0.000,0.000,50000.000,0
42201,0.000,0.000,50000.000,0.000,0.000,50000.000,0
42251,0.000,0.000,50000.000,0.000,0.000,50000.000,0
42301,0.000,0.000,50000.000,0.000,0.000,50000.000,0
42351,0.000,0.000,50000.000,0.000,0.000,50000.000,0
42401,0.000,0.000,50000.000,0.000,0.000,50000.000,0
42451,0.000,0.000,50000.000,0.000,0.000,50000.000,0
42501,0.000,0.000,50000.000,0.000,0.000,50000.000,0
42551,0.000,0.000,50000.000,0.000,0.000,50000.000,0
42601,0.000,0.000,50000.000,0.000,0.000,50000.000,0
42651,0.000,0.000,50000.000,0.000,0.000,50000.000,0
42701,0.000,0.000,50000.000,0.000,0.000,50000.000,0
42751,0.000,0.000,50000.000,0.000,0.000,50000.000,0
42801,0.000,0.000,50000.000,0.000,0.000,50000.000,0
42851,0.000,0.000,50000.000,0.000,0.000,50000.000,0
42901,0.000,0.000,50000.000,0.000,0.000,50000.000,0
42951,0.000,0.000,50000.000,0.000,0.000,50000.000,0
43001,0.000,0.000,50000.000,0.000,0.000,50000.000,0
43051,0.000,0.000,50000.000,0.000,0.000,50000.000,0
43101,0.000,0.000,50000.000,0.000,0.000,50000.000,0
43151,0.000,0.000,50000.000,0.000,0.000,50000.000,0
43201,0.000,0.000,50000.000,0.000,0.000,50000.000,0
43251,0.000,0.000,50000.000,0.000,0.000,50000.000,0
43301,0.000,0.000,50000.000,0.000,0.000,50000.000,0
43351,0.000,0.000,50000.000,0.000,0.000,50000.000,0
43401,0.000,0.000,50000.000,0.000,0.000,50000.000,0
43451,0.000,0.000,50000.000,0.000,0.000,50000.000,0
43501,0.000,0.000,50000.000,0.000,0.000,50000.000,0
43551,0.000,0.000,50000.000,0.000,0.000,50000.000,0
43601,0.000,0.000,50000.000,0.000,0.000,50000.000,0
43651,0.000,0.000,50000.000,0.000,0.000,50000.000,0
43701,0.000,0.000,50000.000,0.000,0.000,50000.000,0
43751,0.000,0.000,50000.000,0.000,0.000,50000.000,0
43801,0.000,0.000,50000.000,0.000,0.000,50000.000,0
43851,0.000,0.000,50000.000,0.000,0.000,50000.000,0
43901,0.000,0.000,50000.000,0.000,0.000,50000.000,0
43951,0.000,0.000,50000.000,0.000,0.000,50000.000,0
44001,0.000,0.000,50000.000,0.000,0.000,50000.000,0
44051,0.000,0.000,50000.000,0.000,0.000,50000.000,0
44101,0.000,0.000,50000.000,0.000,0.000,50000.000,0
44151,0.000,0.000,50000.000,0.000,0.000,50000.000,0
44201,0.000,0.000,50000.000,0.000,0.000,50000.000,0
44251,0.000,0.000,50000.000,0.000,0.000,50000.000,0
44301,0.000,0.000,50000.000,0.000,0.000,50000.000,0
44351,0.000,0.000,50000.000,0.000,0.000,50000.000,0
44401,0.000,0.000,50000.000,0.000,0.000,50000.000,0
44451,0.000,0.000,50000.000,0.000,0.000,50000.000,0
44501,0.000,0.000,50000.000,0.000,0.000,50000.000,0
44551,0.000,0.000,50000.000,0.000,0.000,50000.000,0
44601,0.000,0.000,50000.000,0.000,0.000,50000.000,0
44651,0.000,0.000,50000.000,0.000,0.000,50000.000,0
44701,0.000,0.000,50000.000,0.000,0.000,50000.000,0
44751,0.000,0.000,50000.000,0.000,0.000,50000.000,0
44801,0.000,0.000,50000.000,0.000,0.000,50000.000,0
44851,0.000,0.000,50000.000,0.000,0.000,50000.000,0
44901,0.000,0.000,50000.000,0.000,0.000,50000.000,0
44951,0.000,0.000,50000.000,0.000,0.000,50000.000,0
45001,0.000,0.000,50000.000,0.000,0.000,50000.000,0
45051,0.000,0.000,50000.000,0.000,0.000,50000.000,0
45101,0.000,0.000,50000.000,0.000,0.000,50000.000,0
45151,0.000,0.000,50000.000,0.000,0.000,50000.000,0
45201,0.000,0.000,50000.000,0.000,0.000,50000.000,0
45251,0.000,0.000,50000.000,0.000,0.000,50000.000,0
45301,0.000,0.000,50000.000,0.000,0.000,50000.000,0
45351,0.000,0.000,50000.000,0.000,0.000,50000.000,0
45401,0.000,0.000,50000.000,0.000,0.000,50000.000,0
45451,0.000,0.000,50000.000,0.000,0.000,50000.000,0
45501,0.000,0.000,50000.000,0.000,0.000,50000.000,0
45551,0.000,0.000,50000.000,0.000,0.000,50000.000,0
45601,0.000,0.000,50000.000,0.000,0.000,50000.000,0
45651,0.000,0.000,50000.000,0.000,0.000,50000.000,0
45701,0.000,0.000,50000.000,0.000,0.000,50000.000,0
45751,0.000,0.000,50000.000,0.000,0.000,50000.000,0
45801,0.000,0.000,50000.000,0.000,0.000,50000.000,0
45851,0.000,0.000,50000.000,0.000,0.000,50000.000,0
45901,0.000,0.000,50000.000,0.000,0.000,50000.000,0
45951,0.000,0.000,50000.000,0.000,0.000,50000.000,0
46001,0.000,0.000,50000.000,0.000,0.000,50000.000,0
46051,0.000,0.000,50000.000,0.000,0.000,50000.000,0
46101,0.000,0.000,50000.000,0.000,0.000,50000.000,0
46151,0.000,0.000,50000.000,0.000,0.000,50000.000,0
46201,0.000,0.000,50000.000,0.000,0.000,50000.000,0
46251,0.000,0.000,50000.000,0.000,0.000,50000.000,0
46301,0.000,0.000,50000.000,0.000,0.000,50000.000,0
46351,0.000,0.000,50000.000,0.000,0.000,50000.000,0
46401,0.000,0.000,50000.000,0.000,0.000,50000.000,0
46451,0.000,0.000,50000.000,0.000,0.000,50000.000,0
46501,0.000,0.000,50000.000,0.000,0.000,50000.000,0
46551,0.000,0.000,50000.000,0.000,0.000,50000.000,0
46601,0.000,0.000,50000.000,0.000,0.000,50000.000,0
46651,0.000,0.000,50000.000,0.000,0.000,50000.000,0
46701,0.000,0.000,50000.000,0.000,0.000,50000.000,0
46751,0.000,0.000,50000.000,0.000,0.000,50000.000,0
46801,0.000,0.000,50000.000,0.000,0.000,50000.000,0
46851,0.000,0.000,50000.000,0.000,0.000,50000.000,0
46901,0.000,0.000,50000.000,0.000,0.000,50000.000,0
46951,0.000,0.000,50000.000,0.000,0.000,50000.000,0
47001,0.000,0.000,50000.000,0.000,0.000,50000.000,0
47051,0.000,0.000,50000.000,0.000,0.000,50000.000,0
47101,0.000,0.000,50000.000,0.000,0.000,50000.000,0
47151,0.000,0.000,50000.000,0.000,0.000,50000.000,0
47201,0.000,0.000,50000.000,0.000,0.000,50000.000,0
47251,0.000,0.000,50000.000,0.000,0.000,50000.000,0
47301,0.000,0.000,50000.000,0.000,0.000,50000.000,0
47351,0.000,0.000,50000.000,0.000,0.000,50000.000,0
47401,0.000,0.000,50000.000,0.000,0.000,50000.000,0
47451,0.000,0.000,50000.000,0.000,0.000,50000.000,0
47501,0.000,0.000,50000.000,0.000,0.000,50000.000,0
47551,0.000,0.000,50000.000,0.000,0.000,50000.000,0
47601,0.000,0.000,50000.000,0.000,0.000,50000.000,0
47651,0.000,0.000,50000.000,0.000,0.000,50000.000,0
47701,0.000,0.000,50000.000,0.000,0.000,50000.000,0
47751,0.000,0.000,50000.000,0.000,0.000,50000.000,0
47801,0.000,0.000,50000.000,0.000,0.000,50000.000,0
47851,0.000,0.000,50000.000,0.000,0.000,50000.000,0
47901,0.000,0.000,50000.000,0.000,0.000,50000.000,0
47951,0.000,0.000,50000.000,0.000,0.000,50000.000,0
48001,0.000,0.000,50000.000,0.000,0.000,50000.000,0
48051,0.000,0.000,50000.000,0.000,0.000,50000.000,0
48101,0.000,0.000,50000.000,0.000,0.000,50000.000,0
48151,0.000,0.000,50000.000,0.000,0.000,50000.000,0
48201,0.000,0.000,50000.000,0.000,0.000,50000.000,0
48251,0.000,0.000,50000.000,0.000,0.000,50000.000,0
48301,0.000,0.000,50000.000,0.000,0.000,50000.000,0
48351,0.000,0.000,50000.000,0.000,0.000,50000.000,0
48401,0.000,0.000,50000.000,0.000,0.000,50000.000,0
48451,0.000,0.000,50000.000,0.000,0.000,50000.000,0
48501,0.000,0.000,50000.000,0.000,0.000,50000.000,0
48551,0.000,0.000,50000.000,0.000,0.000,50000.000,0
48601,0.000,0.000,50000.000,0.000,0.000,50000.000,0
48651,0.000,0.000,50000.000,0.000,0.000,50000.000,0
48701,0.000,0.000,50000.000,0.000,0.000,50000.000,0
48751,0.000,0.000,50000.000,0.000,0.000,50000.000,0
48801,0.000,0.000,50000.000,0.000,0.000,50000.000,0
48851,0.000,0.000,50000.000,0.000,0.000,50000.000,0
48901,0.000,0.000,50000.000,0.000,0.000,50000.000,0
48951,0.000,0.000,50000.000,0.000,0.000,50000.000,0
49001,0.000,0.000,50000.000,0.000,0.000,50000.000,0
49051,0.000,0.000,50000.000,0.000,0.000,50000.000,0
49101,0.000,0.000,50000.000,0.000,0.000,50000.000,0
49151,0.000,0.000,50000.000,0.000,0.000,50000.000,0
49201,0.000,0.000,50000.000,0.000,0.000,50000.000,0
49251,0.000,0.000,50000.000,0.000,0.000,50000.000,0
49301,0.000,0.000,50000.000,0.000,0.000,50000.000,0
49351,0.000,0.000,50000.000,0.000,0.000,50000.000,0
49401,0.000,0.000,50000.000,0.000,0.000,50000.000,0
49451,0.000,0.000,50000.000,0.000,0.000,50000.000,0
49501,0.000,0.000,50000.000,0.000,0.000,50000.000,0
49551,0.000,0.000,50000.000,0.000,0.000,50000.000,0
49601,0.000,0.000,50000.000,0.000,0.000,50000.000,0
49651,0.000,0.000,50000.000,0.000,0.000,50000.000,0
49701,0.000,0.000,50000.000,0.000,0.000,50000.000,0
49751,0.000,0.000,50000.000,0.000,0.000,50000.000,0
49801,0.000,0.000,50000.000,0.000,0.000,50000.000,0
49851,0.000,0.000,50000.000,0.000,0.000,50000.000,0
49901,0.000,0.000,50000.000,0.000,0.000,50000.000,0
49951,0.000,0.000,50000.000,0.000,0.000,50000.000,0
50001,0.000,0.000,50000.000,0.000,0.000,50000.000,0
50051,0.000,0.000,50000.000,0.000,0.000,50000.000,0
50101,0.000,0.000,50000.000,0.000,0.000,50000.000,0
50151,0.000,0.000,50000.000,0.000,0.000,50000.000,0
50201,0.000,0.000,50000.000,0.000,0.000,50000.000,0
50251,0.000,0.000,50000.000,0.000,0.000,50000.000,0
50301,0.000,0.000,50000.000,0.000,0.000,50000.000,0
50351,0.000,0.000,50000.000,0.000,0.000,50000.000,0
50401,0.000,0.000,50000.000,0.000,0.000,50000.000,0
50451,0.000,0.000,50000.000,0.000,0.000,50000.000,0
50501,0.000,0.000,50000.000,0.000,0.000,50000.000,0
50551,0.000,0.000,50000.000,0.000,0.000,50000.000,0
50601,0.000,0.000,50000.000,0.000,0.000,50000.000,0
50651,0.000,0.000,50000.000,0.000,0.000,50000.000,0
50701,0.000,0.000,50000.000,0.000,0.000,50000.000,0
50751,0.000,0.000,50000.000,0.000,0.000,50000.000,0
50801,0.000,0.000,50000.000,0.000,0.000,50000.000,0
50851,0.000,0.000,50000.000,0.000,0.000,50002.000,0
50901,0.000,0.000,50000.000,0.000,0.000,50000.000,0
50951,0.000,0.000,50000.000,0.000,0.000,50000.000,0
51001,0.000,0.000,50000.000,0.000,0.000,50000.000,0
51051,0.000,0.000,50000.000,0.000,0.000,50000.000,0
51101,0.000,0.000,50000.000,0.000,0.000,50000.000,0
51151,0.000,0.000,50000.000,0.000,0.000,50000.000,0
51201,0.000,0.000,50000.000,0.000,0.000,50000.000,0
51251,0.000,0.000,50000.000,0.000,0.000,50000.000,0
51301,0.000,0.000,50000.000,0.000,0.000,50000.000,0
51351,0.000,0.000,50000.000,0.000,0.000,50000.000,0
51401,0.000,0.000,50000.000,0.000,0.000,50000.000,0
51451,0.000,0.000,50000.000,0.000,0.000,50000.000,0
51501,0.000,0.000,50000.000,0.000,0.000,50000.000,0
51551,0.000,0.000,50000.000,0.000,0.000,50000.000,0
51601,0.000,0.000,50000.000,0.000,0.000,50000.000,0
51651,0.000,0.000,50000.000,0.000,0.000,50000.000,0
51701,0.000,0.000,50000.000,0.000,0.000,50000.000,0
51751,0.000,0.000,50000.000,0.000,0.000,50000.000,0
51801,0.000,0.000,50000.000,0.000,0.000,50000.000,0
51851,0.000,0.000,50000.000,0.000,0.000,50000.000,0
51901,0.000,0.000,50000.000,0.000,0.000,50000.000,0
51951,0.000,0.000,50000.000,0.000,0.000,50000.000,0
52001,0.000,0.000,50000.000,0.000,0.000,50000.000,0
52051,0.000,0.000,50000.000,0.000,0.000,50000.000,0
52101,0.000,0.000,50000.000,0.000,0.000,50000.000,0
52151,0.000,0.000,50000.000,0.000,0.000,50000.000,0
52201,0.000,0.000,50000.000,0.000,0.000,50000.000,0
52251,0.000,0.000,50000.000,0.000,0.000,50000.000,0
52301,0.000,0.000,50000.000,0.000,0.000,50000.000,0
52351,0.000,0.000,50000.000,0.000,0.000,50000.000,0
52401,0.000,0.000,50000.000,0.000,0.000,50000.000,0
52451,0.000,0.000,50000.000,0.000,0.000,50000.000,0
52501,0.000,0.000,50000.000,0.000,0.000,50000.000,0
52551,0.000,0.000,50000.000,0.000,0.000,50000.000,0
52601,0.000,0.000,50000.000,0.000,0.000,50000.000,0
52651,0.000,0.000,50000.000,0.000,0.000,50000.000,0
52701,0.000,0.000,50000.000,0.000,0.000,50000.000,0
52751,0.000,0.000,50000.000,0.000,0.000,50000.000,0
52801,0.000,0.000,50000.000,0.000,0.000,50000.000,0
52851,0.000,0.000,50000.000,0.000,0.000,50000.000,0
52901,0.000,0.000,50000.000,0.000,0.000,50000.000,0
52951,0.000,0.000,50000.000,0.000,0.000,50000.000,0
53001,0.000,0.000,50002.000,0.000,0.000,50000.000,0
53051,0.000,0.000,49998.000,0.000,0.000,49999.000,0
53101,0.000,0.000,50000.000,0.000,0.000,49999.000,0
53151,0.000,0.000,50000.000,0.000,0.000,50000.000,0
53201,0.000,0.000,50000.000,0.000,0.000,50000.000,0
53251,0.000,0.000,50000.000,0.000,0.000,50000.000,0
53301,0.000,0.000,50000.000,0.000,0.000,50000.000,0
53351,0.000,0.000,50000.000,0.000,0.000,50000.000,0
53401,0.000,0.000,50000.000,0.000,0.000,50000.000,0
53451,0.000,0.000,50000.000,0.000,0.000,50000.000,0
53501,0.000,0.000,50000.000,0.000,0.000,50000.000,0
53551,0.000,0.000,50000.000,0.000,0.000,50000.000,0
53601,0.000,0.000,50000.000,0.000,0.000,50000.000,0
53651,0.000,0.000,50000.000,0.000,0.000,50000.000,0
53701,0.000,0.000,50000.000,0.000,0.000,50000.000,0
53751,0.000,0.000,50000.000,0.000,0.000,50000.000,0
53801,0.000,0.000,50000.000,0.000,0.000,50000.000,1
53851,0.000,0.000,50000.000,0.000,0.000,50000.000,1
53901,0.000,0.000,50000.000,0.000,0.000,50000.000,0
53951,0.000,0.000,50000.000,0.000,0.000,50000.000,0
54001,0.000,0.000,50000.000,0.000,0.000,50000.000,0
54051,0.000,0.000,50000.000,0.000,0.000,50000.000,0
54101,0.000,0.000,50000.000,0.000,0.000,50000.000,0
54151,0.000,0.000,50000.000,0.000,0.000,50000.000,0
54201,0.000,0.000,50000.000,0.000,0.000,50000.000,0
54251,0.000,0.000,50000.000,0.000,0.000,50000.000,0
54301,0.000,0.000,50000.000,0.000,0.000,50000.000,0
54351,0.000,0.000,50000.000,0.000,0.000,50000.000,0
54401,0.000,0.000,50000.000,0.000,0.000,50000.000,0
54451,0.000,0.000,50000.000,0.000,0.000,50000.000,0
54501,0.000,0.000,50000.000,0.000,0.000,50000.000,0
54551,0.000,0.000,50000.000,0.000,0.000,50000.000,0
54601,0.000,0.000,50000.000,0.000,0.000,50000.000,0
54651,0.000,0.000,50000.000,0.000,0.000,50000.000,0
54701,0.000,0.000,50000.000,0.000,0.000,50000.000,0
54751,0.000,0.000,50000.000,0.000,0.000,50000.000,0
54801,0.000,0.000,50000.000,0.000,0.000,50000.000,0
54851,0.000,0.000,50000.000,0.000,0.000,50000.000,0
54901,0.000,0.000,50000.000,0.000,0.000,50000.000,0
54951,0.000,0.000,50000.000,0.000,0.000,50000.000,0
55001,0.000,0.000,50000.000,0.000,0.000,50000.000,0
55051,0.000,0.000,50000.000,0.000,0.000,50000.000,0
55101,0.000,0.000,50000.000,0.000,0.000,50000.000,0
55151,0.000,0.000,50000.000,0.000,0.000,50000.000,0
55201,0.000,0.000,50000.000,0.000,0.000,50000.000,0
55251,0.000,0.000,50000.000,0.000,0.000,50000.000,0
55301,0.000,0.000,50000.000,0.000,0.000,50000.000,0
55351,0.000,0.000,50000.000,0.000,0.000,50000.000,0
55401,0.000,0.000,50000.000,0.000,0.000,50000.000,0
55451,0.000,0.000,50000.000,0.000,0.000,50000.000,0
55501,0.000,0.000,50000.000,0.000,0.000,50000.000,0
55551,0.000,0.000,50000.000,0.000,0.000,50000.000,0
55601,0.000,0.000,50000.000,0.000,0.000,50000.000,0
55651,0.000,0.000,50000.000,0.000,0.000,50000.000,0
55701,0.000,0.000,50000.000,0.000,0.000,50000.000,0
55751,0.000,0.000,50000.000,0.000,0.000,50000.000,0
55801,0.000,0.000,50000.000,0.000,0.000,50000.000,0
55851,0.000,0.000,50000.000,0.000,0.000,50000.000,0
55901,0.000,0.000,50000.000,0.000,0.000,50000.000,0
55951,0.000,0.000,50000.000,0.000,0.000,50000.000,0
56001,0.000,0.000,50000.000,0.000,0.000,50000.000,0
56051,0.000,0.000,50000.000,0.000,0.000,50000.000,0
56101,0.000,0.000,50000.000,0.000,0.000,50000.000,0
56151,0.000,0.000,50000.000,0.000,0.000,50000.000,0
56201,0.000,0.000,50000.000,0.000,0.000,50000.000,0
56251,0.000,0.000,50000.000,0.000,0.000,50000.000,0
56301,0.000,0.000,50000.000,0.000,0.000,50000.000,0
56351,0.000,0.000,50000.000,0.000,0.000,50000.000,0
56401,0.000,0.000,50000.000,0.000,0.000,50000.000,0
56451,0.000,0.000,50000.000,0.000,0.000,50000.000,0
56501,0.000,0.000,50000.000,0.000,0.000,50000.000,0
56551,0.000,0.000,50000.000,0.000,0.000,50000.000,0
56601,0.000,0.000,50000.000,0.000,0.000,50000.000,0
56651,0.000,0.000,50000.000,0.000,0.000,50000.000,0
56701,0.000,0.000,50000.000,0.000,0.000,50000.000,0
56751,0.000,0.000,50000.000,0.000,0.000,50000.000,0
56801,0.000,0.000,50000.000,0.000,0.000,50000.000,0
56851,0.000,0.000,50000.000,0.000,0.000,50000.000,0
56901,0.000,0.000,50000.000,0.000,0.000,50000.000,0
56951,0.000,0.000,50000.000,0.000,0.000,50000.000,0
57001,0.000,0.000,50000.000,0.000,0.000,50000.000,0
57051,0.000,0.000,50000.000,0.000,0.000,50000.000,0
57101,0.000,0.000,50000.000,0.000,0.000,50000.000,0
57151,0.000,0.000,50000.000,0.000,0.000,50000.000,0
57201,0.000,0.000,50000.000,0.000,0.000,50000.000,0
57251,0.000,0.000,50000.000,0.000,0.000,50000.000,0
57301,0.000,0.000,50000.000,0.000,0.000,50000.000,0
57351,0.000,0.000,50000.000,0.000,0.000,50000.000,0
57401,0.000,0.000,50000.000,0.000,0.000,50000.000,0
57451,0.000,0.000,50000.000,0.000,0.000,50000.000,0
57501,0.000,0.000,50000.000,0.000,0.000,50000.000,0
57551,0.000,0.000,50000.000,0.000,0.000,50000.000,0
57601,0.000,0.000,50000.000,0.000,0.000,50000.000,0
57651,0.000,0.000,50000.000,0.000,0.000,50000.000,0
57701,0.000,0.000,50000.000,0.000,0.000,50000.000,0
57751,0.000,0.000,50000.000,0.000,0.000,50000.000,0
57801,0.000,0.000,50000.000,0.000,0.000,50000.000,0
57851,0.000,0.000,50000.000,0.000,0.000,50000.000,0
57901,0.000,0.000,50000.000,0.000,0.000,50000.000,0
57951,0.000,0.000,50000.000,0.000,0.000,50000.000,0
58001,0.000,0.000,50000.000,0.000,0.000,50000.000,0
58051,0.000,0.000,50000.000,0.000,0.000,50000.000,0
58101,0.000,0.000,50000.000,0.000,0.000,50000.000,0
58151,0.000,0.000,50000.000,0.000,0.000,50000.000,0
58201,0.000,0.000,50000.000,0.000,0.000,50000.000,0
58251,0.000,0.000,50000.000,0.000,0.000,50000.000,0
58301,0.000,0.000,50000.000,0.000,0.000,50000.000,0
58351,0.000,0.000,50000.000,0.000,0.000,50000.000,0
58401,0.000,0.000,50000.000,0.000,0.000,50000.000,0
58451,0.000,0.000,50000.000,0.000,0.000,50000.000,0
58501,0.000,0.000,50000.000,0.000,0.000,50000.000,0
58551,0.000,0.000,50000.000,0.000,0.000,50000.000,0
58601,0.000,0.000,50000.000,0.000,0.000,50000.000,0
58651,0.000,0.000,50000.000,0.000,0.000,50000.000,0
58701,0.000,0.000,50000.000,0.000,0.000,50000.000,0
58751,0.000,0.000,50000.000,0.000,0.000,50000.000,0
58801,0.000,0.000,50000.000,0.000,0.000,50000.000,0
58851,0.000,0.000,50000.000,0.000,0.000,50000.000,0
58901,0.000,0.000,50000.000,0.000,0.000,50000.000,0
58951,0.000,0.000,50000.000,0.000,0.000,50000.000,0
59001,0.000,0.000,50000.000,0.000,0.000,50000.000,0
59051,0.000,0.000,50000.000,0.000,0.000,50000.000,0
59101,0.000,0.000,50000.000,0.000,0.000,50000.000,0
59151,0.000,0.000,50000.000,0.000,0.000,50000.000,0
59201,0.000,0.000,50000.000,0.000,0.000,50000.000,0
59251,0.000,0.000,50000.000,0.000,0.000,50000.000,0
59301,0.000,0.000,50000.000,0.000,0.000,50000.000,0
59351,0.000,0.000,50000.000,0.000,0.000,50000.000,0
59401,0.000,0.000,50000.000,0.000,0.000,50000.000,0
59451,0.000,0.000,50000.000,0.000,0.000,50000.000,0
59501,0.000,0.000,50000.000,0.000,0.000,50000.000,0
59551,0.000,0.000,50000.000,0.000,0.000,50000.000,0
59601,0.000,0.000,50000.000,0.000,0.000,50000.000,0
59651,0.000,0.000,50000.000,0.000,0.000,50000.000,0
59701,0.000,0.000,50000.000,0.000,0.000,50000.000,0
59751,0.000,0.000,50000.000,0.000,0.000,50000.000,0
59801,0.000,0.000,50000.000,0.000,0.000,50000.000,0
59851,0.000,0.000,50000.000,0.000,0.000,50000.000,0
59901,0.000,0.000,50000.000,0.000,0.000,50000.000,0
59951,0.000,0.000,50000.000,0.000,0.000,50000.000,0
