timestamp[ms],left_dx[um],left_dy[um],left_dt[us],left_sq44right_dx[um],right_dy[um],right_dt[us],right_sq,waterPin
0,0.000,0.000,50153.000,38.00,0.000,0.000,50153.000,54.00,0
51,560.294,-82.176,50000.000,49.00,545.353,156.882,50000.000,56.00,0
101,336.176,22.412,50000.000,60.00,358.588,37.353,50000.000,44.00,0
151,186.765,-14.941,50000.000,69.00,67.235,-171.824,50000.000,52.00,0
201,-141.941,-22.412,50000.000,55.00,-112.059,-74.706,50000.000,54.00,0
251,-336.176,22.412,50000.000,44.00,-261.471,127.000,50000.000,63.00,0
301,-261.471,7.471,50000.000,43.00,-209.176,52.294,50000.000,57.00,0
351,-14.941,37.353,50000.000,44.00,-67.235,-104.588,50000.000,59.00,0
401,52.294,0.000,50000.000,42.00,52.294,-37.353,50000.000,57.00,0
451,149.412,-52.294,50000.000,46.00,134.471,-14.941,50000.000,47.00,0
501,171.824,-44.824,50000.000,59.00,119.529,14.941,50000.000,56.00,0
551,0.000,463.176,50000.000,53.00,112.059,373.529,50000.000,36.00,0
601,-351.118,874.059,50000.000,63.00,74.706,403.412,50000.000,42.00,0
651,-395.941,-328.706,50000.000,48.00,-635.000,-440.765,50000.000,50.00,0
701,-590.176,-67.235,50000.000,53.00,-769.471,-171.824,50000.000,34.00,0
751,-956.235,590.176,50000.000,53.00,-448.235,485.588,50000.000,34.00,0
801,-889.000,-1143.000,50000.000,66.00,-1187.823,-1456.765,50000.000,58.00,0
851,-283.882,-2913.529,50000.000,29.00,-1837.765,-4108.823,50000.000,45.00,0
901,-141.941,-112.059,50000.000,40.00,-971.176,-2226.235,50000.000,48.00,0
951,-164.353,2405.529,50000.000,51.00,836.706,657.412,50000.000,36.00,0
1001,1464.235,3100.294,50000.000,52.00,1591.235,552.823,50000.000,48.00,0
1051,3675.529,2838.823,50000.000,59.00,3443.941,-1807.882,50000.000,52.00,0
1101,6282.764,1001.059,50000.000,59.00,4474.882,-3615.764,50000.000,43.00,0
1151,7575.176,-657.412,50000.000,60.00,5759.823,-4474.882,50000.000,49.00,0
1201,9793.940,-1307.353,50000.000,40.00,6678.706,-6297.706,50000.000,60.00,0
1251,12363.822,1830.294,50000.000,44.00,9211.234,-7463.117,50000.000,85.00,0
1301,14956.116,8262.470,50000.000,77.00,12737.353,-7642.411,50000.000,62.00,0
1351,17682.881,6955.117,50000.000,52.00,14739.470,-8135.470,50000.000,58.00,0
1401,19191.939,3638.176,50000.000,65.00,15015.881,-8770.470,50000.000,83.00,0
1451,20006.234,2674.470,50000.000,38.00,16338.176,-7440.706,50000.000,74.00,0
1501,20125.764,2405.529,50000.000,47.00,17974.234,-3720.353,50000.000,28.00,0
1551,22538.764,1464.235,50000.000,19.00,20439.527,-5535.706,50000.000,42.00,0
1601,24847.174,-2495.176,50000.000,39.00,20080.939,-9084.234,50000.000,69.00,0
1651,25601.705,-1927.412,50000.000,43.00,19938.998,-10070.353,50000.000,57.00,0
1701,25751.115,381.000,50000.000,51.00,21530.234,-9629.588,50000.000,62.00,0
1751,24413.881,-59.765,50000.000,56.00,19640.176,-8523.940,50000.000,50.00,0
1801,22837.586,-1845.235,50000.000,56.00,17817.352,-7702.176,50000.000,41.00,0
1851,21119.352,-3802.529,50000.000,53.00,16622.059,-8128.000,50000.000,43.00,0
1901,20409.646,-3854.823,50000.000,45.00,16562.293,-6402.293,50000.000,58.00,0
1951,20678.586,-1374.588,50000.000,45.00,17204.764,-5550.646,50000.000,68.00,0
2001,21179.117,425.823,50000.000,59.00,16360.587,-8157.882,50000.000,64.00,0
2051,22396.822,-201.706,50000.000,47.00,16211.176,-9734.176,50000.000,59.00,0
2101,22837.586,-1621.118,50000.000,49.00,17077.764,-10548.470,50000.000,37.00,0
2151,23831.176,-1426.882,50000.000,41.00,17413.939,-11034.058,50000.000,50.00,0
2201,24204.705,-328.706,50000.000,58.00,18698.881,-10615.705,50000.000,44.00,0
2251,23988.057,-971.176,50000.000,29.00,19064.939,-9801.411,50000.000,25.00,0
2301,24092.645,-2681.941,50000.000,30.00,17981.705,-9920.940,50000.000,54.00,0
2351,24712.705,-1942.353,50000.000,39.00,19154.588,-10040.470,50000.000,74.00,0
2401,24361.586,552.823,50000.000,29.00,20282.646,-7537.823,50000.000,33.00,0
2451,23965.645,2592.294,50000.000,61.00,20857.881,-7761.940,50000.000,25.00,0
2501,26311.410,328.706,50000.000,81.00,19856.822,-11011.646,50000.000,55.00,0
2551,28418.115,-3511.176,50000.000,25.00,19692.469,-14739.470,50000.000,68.00,0
2601,27252.703,-1180.353,50000.000,46.00,19767.176,-13730.940,50000.000,42.00,0
2651,27514.174,679.823,50000.000,34.00,19520.646,-11310.470,50000.000,65.00,0
2701,26087.293,3077.882,50000.000,47.00,21096.939,-7328.646,50000.000,73.00,0
2751,26796.998,5386.294,50000.000,64.00,23973.115,-8434.294,50000.000,51.00,0
2801,30278.293,2405.529,50000.000,37.00,24667.881,-11377.705,50000.000,57.00,0
2851,30965.586,-1860.176,50000.000,54.00,25235.645,-15284.822,50000.000,53.00,0
2901,31316.703,-3675.529,50000.000,39.00,24204.705,-17847.234,50000.000,78.00,0
2951,29747.881,-4093.882,50000.000,33.00,22912.293,-14186.646,50000.000,72.00,0
3001,28261.232,-2689.412,50000.000,45.00,22404.293,-10794.999,50000.000,49.00,0
3051,27215.352,2241.176,50000.000,50.00,22650.822,-11273.117,50000.000,77.00,0
3101,28664.645,3533.588,50000.000,49.00,23061.705,-13305.117,50000.000,51.00,0
3151,28574.998,2106.706,50000.000,38.00,21866.410,-10787.528,50000.000,71.00,0
3201,27424.527,1314.823,50000.000,49.00,21702.057,-10018.059,50000.000,41.00,0
3251,26640.115,1016.000,50000.000,73.00,21298.646,-7649.882,50000.000,60.00,0
3301,25788.469,687.294,50000.000,45.00,21111.881,-6641.353,50000.000,80.00,0
3351,23786.352,1748.118,50000.000,58.00,20521.705,-4982.882,50000.000,34.00,0
3401,22815.176,1232.647,50000.000,55.00,19326.410,-7306.235,50000.000,35.00,0
3451,24652.939,-209.176,50000.000,56.00,18571.881,-9868.646,50000.000,40.00,0
3501,24966.705,776.941,50000.000,34.00,19647.646,-10892.117,50000.000,34.00,0
3551,25848.234,1987.176,50000.000,22.00,21627.352,-11273.117,50000.000,33.00,0
3601,27058.469,1270.000,50000.000,55.00,22187.646,-12005.234,50000.000,68.00,0
3651,27798.057,328.706,50000.000,53.00,22501.410,-12087.411,50000.000,68.00,0
3701,27618.764,194.235,50000.000,55.00,21896.293,-10488.705,50000.000,30.00,0
3751,28134.232,1845.235,50000.000,57.00,22471.527,-11288.058,50000.000,89.00,0
3801,28672.115,4631.764,50000.000,65.00,23181.234,-13364.882,50000.000,57.00,0
3851,29710.527,3443.941,50000.000,55.00,22068.115,-12841.940,50000.000,45.00,0
3901,28761.764,2906.059,50000.000,61.00,21672.176,-10966.823,50000.000,87.00,0
3951,27663.586,4915.646,50000.000,79.00,23285.822,-8979.646,50000.000,78.00,0
4001,27573.939,5154.706,50000.000,40.00,22807.705,-8703.234,50000.000,57.00,0
4051,27999.764,3384.176,50000.000,62.00,22874.939,-10137.588,50000.000,73.00,0
4101,28500.293,1471.706,50000.000,39.00,22464.057,-10488.705,50000.000,62.00,0
4151,28425.586,336.176,50000.000,48.00,22949.645,-9726.705,50000.000,71.00,0
4201,28485.352,141.941,50000.000,47.00,24137.469,-8710.705,50000.000,44.00,0
4251,29837.527,306.294,50000.000,25.00,24682.822,-10242.176,50000.000,42.00,0
4301,30711.586,933.823,50000.000,28.00,25302.881,-14336.058,50000.000,55.00,0
4351,30808.703,-1075.765,50000.000,35.00,23905.881,-15733.058,50000.000,65.00,0
4401,30599.527,-1815.353,50000.000,62.00,22449.115,-12834.470,50000.000,50.00,0
4451,29404.232,-2644.588,50000.000,57.00,21321.057,-11542.058,50000.000,76.00,0
4501,29389.293,-89.647,50000.000,59.00,22404.293,-15628.470,50000.000,79.00,0
4551,29971.998,1382.059,50000.000,56.00,22516.352,-18519.588,50000.000,65.00,0
4601,29329.527,343.647,50000.000,51.00,22770.352,-15523.881,50000.000,43.00,0
4651,29135.293,-679.823,50000.000,52.00,23143.881,-13297.646,50000.000,36.00,0
4701,29097.939,-717.176,50000.000,22.00,22800.234,-13992.411,50000.000,18.00,0
4751,29232.410,1045.882,50000.000,49.00,22934.705,-17854.705,50000.000,72.00,0
4801,30218.527,-649.941,50000.000,53.00,23375.469,-19453.410,50000.000,46.00,0
4851,29942.115,-4034.117,50000.000,51.00,21806.646,-18512.117,50000.000,93.00,0
4901,29322.057,-3496.235,50000.000,29.00,21470.469,-18168.469,50000.000,71.00,0
4951,27342.352,1658.470,50000.000,59.00,21074.527,-18250.646,50000.000,35.00,0
5001,29000.822,806.823,50000.000,82.00,20439.527,-17458.764,50000.000,44.00,0
5051,27880.234,-3197.412,50000.000,44.00,19169.527,-14806.705,50000.000,90.00,0
5101,26714.822,-4198.470,50000.000,56.00,19132.176,-15516.411,50000.000,72.00,0
5151,24510.998,-2017.059,50000.000,56.00,17869.646,-14754.411,50000.000,65.00,0
5201,22859.998,89.647,50000.000,44.00,17219.705,-13476.940,50000.000,69.00,1
5251,21724.469,-2622.176,50000.000,35.00,16016.940,-11654.117,50000.000,60.00,1
5301,19699.939,-4997.823,50000.000,33.00,14776.822,-9569.823,50000.000,55.00,0
5351,18407.527,-5946.588,50000.000,46.00,14500.411,-8867.588,50000.000,58.00,0
5401,17877.117,-6372.411,50000.000,48.00,13633.822,-9644.528,50000.000,54.00,0
5451,17503.588,-2375.647,50000.000,50.00,13656.234,-9226.176,50000.000,53.00,0
5501,16001.999,1583.765,50000.000,44.00,13394.764,-7074.646,50000.000,44.00,0
5551,13013.764,1606.176,50000.000,57.00,11952.940,-3309.470,50000.000,45.00,0
5601,10174.940,-2106.706,50000.000,39.00,8777.940,-1553.882,50000.000,48.00,0
5651,6947.646,-3167.529,50000.000,48.00,6103.470,171.824,50000.000,59.00,0
5701,3884.706,-3854.823,50000.000,51.00,4034.117,2711.823,50000.000,30.00,0
5751,2689.412,-6208.059,50000.000,47.00,2069.353,986.118,50000.000,21.00,0
5801,2988.235,-6917.764,50000.000,51.00,1232.647,-3257.176,50000.000,47.00,0
5851,3152.588,-7336.117,50000.000,64.00,851.647,-7164.293,50000.000,47.00,0
5901,3810.000,-7582.646,50000.000,48.00,776.941,-9637.059,50000.000,54.00,0
5951,3981.823,-5543.176,50000.000,50.00,1187.823,-10645.588,50000.000,79.00,0
6001,3578.412,-2495.176,50000.000,42.00,1397.000,-9823.823,50000.000,86.00,0
6051,3018.117,-2913.529,50000.000,46.00,470.647,-8815.294,50000.000,45.00,0
6101,2129.117,-6865.470,50000.000,44.00,-552.823,-7567.706,50000.000,70.00,0
6151,1262.529,-9465.234,50000.000,37.00,-1613.647,-7657.353,50000.000,64.00,0
6201,1023.471,-9659.470,50000.000,32.00,-2017.059,-9622.117,50000.000,62.00,0
6251,1150.470,-7478.058,50000.000,44.00,-2002.118,-9016.999,50000.000,63.00,0
6301,702.235,-3518.647,50000.000,52.00,-776.941,-6103.470,50000.000,58.00,0
6351,127.000,-2054.412,50000.000,44.00,-836.706,-4168.588,50000.000,64.00,0
6401,-52.294,-5162.176,50000.000,38.00,-1262.529,-3384.176,50000.000,57.00,0
6451,-485.588,-7657.353,50000.000,35.00,-1934.882,-3249.706,50000.000,62.00,0
6501,-889.000,-7620.000,50000.000,43.00,-2084.294,-3824.941,50000.000,74.00,0
6551,-635.000,-8202.705,50000.000,52.00,-2719.294,-5490.882,50000.000,67.00,0
6601,-567.765,-6999.941,50000.000,33.00,-2330.823,-4908.176,50000.000,71.00,0
6651,-1001.059,-3182.470,50000.000,29.00,-1643.529,-2241.176,50000.000,69.00,0
6701,-1113.118,672.353,50000.000,35.00,-747.059,104.588,50000.000,76.00,0
6751,-814.294,1262.529,50000.000,42.00,-261.471,373.529,50000.000,69.00,0
6801,-575.235,-597.647,50000.000,31.00,-672.353,276.412,50000.000,52.00,0
6851,-1008.529,246.529,50000.000,38.00,-664.882,1561.353,50000.000,82.00,0
6901,-986.118,1867.647,50000.000,55.00,268.941,2510.117,50000.000,72.00,0
6951,-418.353,1187.823,50000.000,40.00,179.294,1748.118,50000.000,60.00,0
7001,-194.235,-612.588,50000.000,29.00,-201.706,29.882,50000.000,70.00,0
7051,-261.471,-440.765,50000.000,37.00,-567.765,52.294,50000.000,66.00,0
7101,-246.529,1284.941,50000.000,41.00,313.765,664.882,50000.000,79.00,0
7151,799.353,552.823,50000.000,25.00,776.941,-209.176,50000.000,57.00,0
7201,1397.000,-1001.059,50000.000,44.00,829.235,-1292.412,50000.000,68.00,0
7251,1636.059,-1299.882,50000.000,39.00,978.647,-1068.294,50000.000,59.00,0
7301,612.588,-1344.706,50000.000,36.00,395.941,-433.294,50000.000,69.00,0
7351,-679.823,-1665.941,50000.000,40.00,-866.588,-306.294,50000.000,72.00,0
7401,-2510.117,-2009.588,50000.000,30.00,-2749.176,-874.059,50000.000,43.00,0
7451,-3877.235,-1718.235,50000.000,35.00,-3929.529,-963.706,50000.000,74.00,0
7501,-4736.353,-1688.353,50000.000,31.00,-4407.647,-732.118,50000.000,79.00,0
7551,-5274.235,-3137.647,50000.000,30.00,-5490.882,-1255.059,50000.000,65.00,0
7601,-5393.764,-3989.294,50000.000,31.00,-5856.941,-971.176,50000.000,80.00,0
7651,-5483.412,-1337.235,50000.000,30.00,-5139.764,747.059,50000.000,66.00,0
7701,-4713.941,1807.882,50000.000,42.00,-3481.294,1157.941,50000.000,64.00,0
7751,-3175.000,702.235,50000.000,24.00,-2853.764,-418.353,50000.000,47.00,0
7801,-2330.823,-216.647,50000.000,76.00,-2808.941,-448.235,50000.000,52.00,0
7851,-2779.059,2009.588,50000.000,42.00,-1374.588,1845.235,50000.000,71.00,0
7901,-2091.765,2704.353,50000.000,42.00,-881.529,3025.588,50000.000,64.00,0
7951,-1725.706,2562.412,50000.000,47.00,-515.471,4870.823,50000.000,63.00,0
8001,-2853.764,3264.647,50000.000,44.00,-672.353,6148.294,50000.000,78.00,0
8051,-2734.235,874.059,50000.000,41.00,-1494.118,3750.235,50000.000,54.00,0
8101,-2046.941,-2816.412,50000.000,31.00,-2540.000,-403.412,50000.000,49.00,0
8151,-1524.000,-3316.941,50000.000,44.00,-2099.235,-612.588,50000.000,32.00,0
8201,-1284.941,-1187.823,50000.000,38.00,-754.529,635.000,50000.000,54.00,0
8251,14.941,-1449.294,50000.000,35.00,-440.765,-1352.176,50000.000,40.00,0
8301,567.765,-2667.000,50000.000,30.00,-537.882,-2054.412,50000.000,68.00,0
8351,762.000,-1778.000,50000.000,43.00,209.176,-791.882,50000.000,53.00,0
8401,1337.235,762.000,50000.000,44.00,1643.529,1157.941,50002.000,59.00,0
8451,2502.647,1479.176,50000.000,19.00,3025.588,1038.412,50000.000,65.00,0
8501,4228.353,-978.647,50000.000,60.00,3070.412,-2487.706,50000.000,50.00,0
8551,4609.353,-806.823,50000.000,46.00,2853.764,-2293.470,50000.000,34.00,0
8601,4086.411,2278.529,50000.000,37.00,4878.294,1576.294,50000.000,63.00,0
8651,4459.941,3712.882,50000.000,35.00,5221.941,4407.647,50000.000,47.00,0
8701,3092.823,7037.293,50000.000,40.00,5221.941,7433.235,50000.000,57.00,0
8751,2681.941,6454.588,50000.000,38.00,4691.529,7627.470,50000.000,67.00,0
8801,3369.235,4198.470,50000.000,28.00,3765.176,4923.117,50000.000,55.00,0
8851,2846.294,5236.882,50000.000,46.00,3653.117,3466.353,50000.000,52.00,0
8901,2256.117,4684.059,50000.000,27.00,3458.882,5124.823,50000.000,72.00,0
8951,2159.000,993.588,50000.000,42.00,2711.823,3630.706,50000.000,61.00,0
9001,4101.353,-851.647,50000.000,52.00,3384.176,-754.529,50000.000,78.00,0
9051,6506.882,-3003.176,50000.000,51.00,4422.588,-5326.529,50000.000,59.00,0
9101,8105.588,-4646.706,50000.000,33.00,4220.882,-9562.353,50000.000,43.00,0
9151,8740.588,0.000,50000.000,52.00,5916.706,-7948.706,50000.000,44.00,0
9201,9741.646,3033.059,50000.000,52.00,8516.470,-5132.294,50000.000,79.00,0
9251,10697.882,1411.941,50000.000,36.00,8568.764,-5969.000,50000.000,81.00,0
9301,11937.999,343.647,50000.000,47.00,9196.294,-6716.059,50000.000,61.00,0
9351,12647.705,-1426.882,50000.000,35.00,9614.646,-6925.235,50000.000,58.00,0
9401,14567.646,0.000,50000.000,23.00,11422.528,-8359.588,50000.000,41.00,0
9451,16472.646,2233.706,50000.000,38.00,13574.058,-8254.999,50000.000,81.00,0
9501,18228.234,1284.941,50000.000,26.00,14739.470,-7844.117,50000.000,60.00,0
9551,19154.588,657.412,50000.000,31.00,15225.058,-7590.117,50000.000,42.00,0
9601,20088.410,2368.176,50000.000,50.00,15733.058,-8718.176,50000.000,59.00,0
9651,21096.939,1979.706,50000.000,38.00,16203.705,-9375.588,50000.000,48.00,0
9701,21956.057,1695.823,50000.000,62.00,16771.469,-9928.411,50000.000,53.00,0
9751,23621.998,605.118,50000.000,47.00,18048.939,-10570.882,50000.000,44.00,0
9801,24772.469,149.412,50000.000,64.00,18624.176,-11609.293,50000.000,55.00,0
9851,26483.234,1703.294,50000.000,62.00,20013.705,-13499.352,50000.000,57.00,0
9901,26042.469,3899.647,50000.000,53.00,20095.881,-9958.293,50000.000,49.00,0
9951,24996.586,4631.764,50000.000,86.00,20051.057,-6940.176,50000.000,47.00,0
10001,26012.586,3197.412,50000.000,90.00,19333.881,-8904.940,50000.000,59.00,0
10051,26938.939,859.118,50000.000,79.00,18945.410,-9838.764,50000.000,73.00,0
10101,25586.764,-1255.059,50000.000,63.00,17996.646,-10630.646,50000.000,62.00,0
10151,24279.410,-2644.588,50000.000,79.00,16898.469,-11101.293,50000.000,56.00,0
10201,22912.293,-6245.411,50000.000,73.00,16001.999,-10727.764,50000.000,59.00,0
10251,20880.293,-7448.176,50000.000,44.00,15180.234,-10399.059,50000.000,74.00,0
10301,20700.998,-1837.765,50000.000,61.00,15284.822,-9465.234,50000.000,67.00,0
10351,17921.939,6970.059,50000.000,42.00,16726.646,-3406.588,50000.000,69.00,0
10401,16890.998,8337.176,50000.000,58.00,16412.881,-1404.470,50000.000,72.00,0
10451,17167.410,3518.647,50000.000,46.00,15538.822,-1643.529,50000.000,43.00,0
10501,16980.646,-336.176,50000.000,31.00,14993.470,-2614.706,50000.000,73.00,0
10551,16973.176,-1113.118,50000.000,34.00,14321.116,-3690.470,50000.000,80.00,0
10601,15591.116,201.706,50000.000,40.00,13969.999,-2017.059,50000.000,61.00,0
10651,12998.822,-74.706,50000.000,26.00,12445.999,1068.294,50000.000,46.00,0
10701,12206.940,-3137.647,50000.000,35.00,10750.176,-470.647,50000.000,72.00,0
10751,12797.117,-2614.706,50000.000,46.00,10451.353,-3638.176,50000.000,87.00,0
10801,12670.117,-963.706,50000.000,50.00,10667.999,-4056.529,50000.000,61.00,0
10851,11810.999,-4624.294,50000.000,39.00,9248.588,-5931.646,50000.000,76.00,0
10901,11302.999,-6110.941,50002.000,41.00,7799.293,-8718.176,50000.000,51.00,0
10951,11063.940,-4482.353,49999.000,42.00,7612.529,-9211.234,49999.000,74.00,0
11001,11034.058,-2487.706,49999.000,46.00,7582.646,-8001.000,49999.000,38.00,0
11051,10802.470,-112.059,50000.000,46.00,8725.646,-4422.588,50000.000,59.00,0
11101,10032.999,1008.529,50000.000,29.00,8501.529,-5431.117,50000.000,66.00,0
11151,12177.058,2584.823,50000.000,40.00,9151.470,-7455.646,50000.000,50.00,0
11201,12229.353,2584.823,50000.000,40.00,9808.882,-7366.000,50000.000,71.00,0
11251,13880.352,948.765,50000.000,43.00,10503.646,-9502.588,50000.000,44.00,0
11301,14881.411,358.588,50000.000,45.00,10578.353,-9659.470,50000.000,50.00,0
11351,15449.176,-7.471,50000.000,34.00,11011.646,-11930.528,50000.000,56.00,0
11401,16054.293,-440.765,50000.000,41.00,11056.470,-12580.470,50000.000,58.00,0
11451,15792.822,-2323.353,50000.000,29.00,12050.058,-10496.176,50000.000,20.00,0
11501,16442.764,-2084.294,50000.000,37.00,12199.470,-11646.646,50000.000,50.00,0
11551,17854.705,4243.294,50000.000,42.00,13222.940,-11310.470,50000.000,33.00,0
11601,18071.352,6985.000,50000.000,54.00,13708.528,-11385.176,50000.000,40.00,0
11651,19670.057,3443.941,50000.000,40.00,13402.234,-12132.234,50000.000,63.00,0
11701,19199.410,2330.823,50000.000,69.00,14672.234,-9741.646,50000.000,80.00,0
11751,20140.705,702.235,50000.000,51.00,15419.293,-8897.470,50000.000,40.00,0
11801,21343.469,493.059,50000.000,56.00,15785.352,-9629.588,50000.000,59.00,0
11851,20514.234,3100.294,50000.000,48.00,16076.705,-9069.294,50000.000,81.00,0
11901,20671.117,3683.000,50000.000,59.00,15919.822,-10167.470,50000.000,33.00,0
11951,22598.527,283.882,50000.000,49.00,15770.411,-10451.353,50000.000,69.00,0
12001,21500.352,-1404.470,50000.000,74.00,16166.352,-8553.823,50000.000,66.00,0
12051,20073.469,-1591.235,50000.000,47.00,15337.116,-7971.117,50000.000,59.00,0
12101,18392.588,1120.588,50000.000,66.00,14111.940,-8777.940,50000.000,82.00,0
12151,16689.293,1822.823,50000.000,44.00,13357.411,-9756.588,50000.000,76.00,0
12201,17615.646,1987.176,50000.000,49.00,12931.587,-10735.234,50000.000,55.00,0
12251,17682.881,5752.353,50000.000,70.00,13686.117,-10018.059,50000.000,82.00,0
12301,18183.410,3593.353,50000.000,47.00,13798.176,-10309.411,50000.000,74.00,0
12351,18489.705,-1598.706,50000.000,47.00,13783.234,-9248.588,50000.000,62.00,0
12401,17974.234,-3526.117,50000.000,51.00,14037.234,-8419.353,50000.000,61.00,0
12451,17638.059,-1755.588,50000.000,55.00,13865.411,-9076.764,50000.000,76.00,0
12501,18153.527,-164.353,50000.000,34.00,13730.940,-9659.470,50000.000,61.00,0
12551,18101.234,3257.176,50000.000,26.00,13999.882,-9203.764,50000.000,46.00,0
12601,17779.998,6350.000,50000.000,35.00,14134.352,-9211.234,50000.000,56.00,0
12651,18325.352,3443.941,50000.000,34.00,14500.411,-8419.353,50000.000,40.00,0
12701,18355.234,455.706,50000.000,34.00,15135.411,-6402.293,50000.000,54.00,0
12751,18414.998,-1830.294,50000.000,56.00,15374.470,-4855.882,50000.000,60.00,0
12801,17847.234,-2338.294,50000.000,39.00,14283.764,-7067.176,50000.000,52.00,0
12851,18116.176,-986.118,50000.000,54.00,14194.116,-8389.470,50000.000,48.00,1
12901,16711.705,-799.353,50000.000,55.00,13820.587,-8142.940,50000.000,31.00,1
12951,16360.587,-2375.647,50000.000,48.00,12699.999,-7776.882,50000.000,64.00,0
13001,14612.470,-5169.646,50000.000,55.00,10877.176,-5834.529,50000.000,55.00,0
13051,13506.822,-6103.470,50000.000,52.00,10316.882,-7231.529,50000.000,65.00,0
13101,13566.587,-5722.470,50000.000,23.00,9226.176,-9181.353,50000.000,56.00,0
13151,12490.822,-2076.823,50000.000,34.00,9069.294,-7649.882,50000.000,78.00,0
13201,10555.940,1128.059,50000.000,55.00,9510.059,-4691.529,50000.000,50.00,0
13251,8538.882,-2883.647,50000.000,40.00,7029.823,-3160.059,50000.000,63.00,0
13301,6850.529,-3189.941,50000.000,31.00,5647.764,-903.941,50000.000,33.00,0
13351,3668.059,-74.706,50000.000,37.00,4131.235,874.059,50000.000,50.00,0
13401,866.588,-2950.882,50000.000,28.00,672.353,1314.823,50000.000,26.00,0
13451,-1277.470,-7313.706,50000.000,32.00,-2196.353,-470.647,50000.000,24.00,0
13501,-2129.117,-8419.353,50000.000,29.00,-4273.176,-4026.647,50000.000,36.00,0
13551,-1837.765,-7702.176,50000.000,30.00,-3996.764,-6970.059,50000.000,31.00,0
13601,-1225.176,-7283.823,50000.000,42.00,-3907.117,-8882.529,50000.000,47.00,0
13651,-672.353,-5109.882,50000.000,49.00,-3683.000,-9831.293,50000.000,47.00,0
13701,-956.235,-2980.764,50000.000,60.00,-3092.823,-9524.999,50000.000,45.00,0
13751,-1053.353,-5752.353,50000.000,51.00,-3384.176,-9599.705,50000.000,48.00,0
13801,-1441.823,-8606.117,50000.000,32.00,-4362.823,-10047.940,50000.000,56.00,0
13851,-1770.529,-8904.940,50000.000,55.00,-4586.941,-10384.117,50000.000,63.00,0
13901,-2054.412,-7022.353,50000.000,53.00,-4235.823,-8882.529,50000.000,55.00,0
13951,-2032.000,-2233.706,50000.000,48.00,-2734.235,-4183.529,50000.000,46.00,0
14001,-1651.000,-448.235,50000.000,58.00,-1740.647,-3436.470,50000.000,45.00,0
14051,-1456.765,-3810.000,50000.000,39.00,-2188.882,-4131.235,50000.000,49.00,0
14101,-2046.941,-6118.411,50000.000,50.00,-3137.647,-3802.529,50000.000,47.00,0
14151,-2435.412,-7403.353,50000.000,48.00,-3496.235,-3473.823,50000.000,68.00,0
14201,-3376.706,-7874.000,50000.000,39.00,-4512.235,-2592.294,50000.000,59.00,0
14251,-3331.882,-8471.646,50000.000,37.00,-4542.117,-4146.176,50000.000,78.00,0
14301,-2935.941,-8576.234,50000.000,24.00,-4766.235,-5535.706,50000.000,66.00,0
14351,-2659.529,-5558.117,50000.000,36.00,-3735.294,-4325.470,50000.000,57.00,0
14401,-2188.882,-3025.588,50000.000,45.00,-2689.412,-3877.235,50000.000,70.00,0
14451,-1725.706,-3324.412,50000.000,40.00,-2472.765,-3630.706,50000.000,89.00,0
14501,-2032.000,-4736.353,50000.000,37.00,-2794.000,-2801.470,50000.000,76.00,0
14551,-2241.176,-4938.059,50000.000,38.00,-3085.353,-1651.000,50000.000,76.00,0
14601,-2928.470,-4631.764,50000.000,36.00,-2980.764,-179.294,50000.000,38.00,0
14651,-3055.470,-7134.411,50000.000,39.00,-3705.412,-2009.588,50000.000,59.00,0
14701,-2046.941,-8240.059,50000.000,44.00,-4056.529,-3795.059,50000.000,66.00,0
14751,-1934.882,-5939.117,50000.000,34.00,-2756.647,-2405.529,50000.000,57.00,0
14801,-1703.294,-4303.059,50000.000,55.00,-2540.000,-1972.235,50000.000,81.00,0
14851,-1822.823,-3854.823,50000.000,44.00,-2300.941,-1561.353,50000.000,43.00,0
14901,-1882.588,-5348.941,50000.000,42.00,-2652.059,-3152.588,50000.000,58.00,0
14951,-1292.412,-5199.529,50000.000,37.00,-2846.294,-3630.706,50000.000,86.00,0
15001,-1516.529,-3025.588,50000.000,40.00,-1718.235,-918.882,50000.000,55.00,0
15051,-1882.588,-2405.529,50000.000,51.00,-1359.647,351.118,50000.000,29.00,0
15101,-1553.882,-4452.470,50000.000,59.00,-2427.941,-1524.000,50000.000,31.00,0
15151,-1576.294,-4796.117,50000.000,45.00,-2749.176,-2091.765,50000.000,46.00,0
15201,-1755.588,-3959.411,50000.000,46.00,-2226.235,-1576.294,50000.000,51.00,0
15251,-1337.235,-2831.353,50000.000,48.00,-1688.353,-1359.647,50000.000,43.00,0
15301,-859.118,-2427.941,50000.000,69.00,-1292.412,-2293.470,50000.000,54.00,0
15351,-844.176,-2995.706,50000.000,59.00,-1434.353,-2159.000,50000.000,74.00,0
15401,-1045.882,-2696.882,50000.000,58.00,-1419.412,-358.588,50000.000,46.00,0
15451,-1284.941,-2144.059,50000.000,59.00,-1120.588,89.647,50000.000,52.00,0
15501,-956.235,-2614.706,50000.000,64.00,-1217.706,-694.765,50000.000,57.00,0
15551,-791.882,-2868.706,50000.000,44.00,-1344.706,-762.000,50000.000,67.00,0
15601,-1016.000,-2398.059,50000.000,69.00,-1016.000,216.647,50000.000,52.00,0
15651,-1277.470,-4078.941,50000.000,60.00,-1292.412,-1464.235,50000.000,70.00,0
15701,-500.529,-5871.882,50000.000,50.00,-2166.470,-3899.647,50000.000,78.00,0
15751,-171.824,-4990.353,50000.000,44.00,-1710.765,-5132.294,50000.000,76.00,0
15801,388.471,-3287.059,50000.000,55.00,-1240.118,-5072.529,50000.000,47.00,0
15851,14.941,-4250.765,50000.000,59.00,-1411.941,-4885.764,50000.000,68.00,0
15901,-343.647,-5946.588,50000.000,55.00,-2106.706,-4452.470,50000.000,37.00,0
15951,-709.706,-5132.294,50000.000,60.00,-1703.294,-2061.882,50000.000,46.00,0
16001,-1359.647,-5147.235,50000.000,67.00,-1434.353,-1837.765,50000.000,76.00,0
16051,-806.823,-6895.353,50000.000,48.00,-2345.765,-4138.706,50000.000,60.00,0
16101,-276.412,-5998.882,50000.000,36.00,-2211.294,-4803.588,50000.000,83.00,0
16151,59.765,-3234.764,50000.000,50.00,-1247.588,-4093.882,50000.000,77.00,0
16201,395.941,-649.941,50000.000,52.00,-306.294,-2360.706,50000.000,66.00,0
16251,194.235,821.765,50000.000,47.00,313.765,-463.176,50000.000,58.00,0
16301,425.823,-67.235,50000.000,49.00,395.941,-418.353,50000.000,37.00,0
16351,470.647,-224.118,50000.000,38.00,254.000,231.588,50000.000,80.00,0
16401,336.176,-141.941,50000.000,49.00,657.412,627.529,50000.000,72.00,0
16451,1195.294,-687.294,50000.000,38.00,948.765,171.824,50000.000,52.00,0
16501,1643.529,112.059,50000.000,45.00,1411.941,1038.412,50000.000,71.00,0
16551,1180.353,2099.235,50000.000,52.00,2151.529,3727.823,50000.000,59.00,0
16601,1008.529,2689.412,50000.000,52.00,2345.765,5685.117,50000.000,83.00,0
16651,971.176,2218.765,50000.000,52.00,2218.765,5827.059,50000.000,81.00,0
16701,986.118,2935.941,50000.000,42.00,1957.294,5072.529,50000.000,56.00,0
16751,933.823,4982.882,50000.000,46.00,2360.706,5304.117,50000.000,75.00,0
16801,1255.059,6447.117,50000.000,56.00,2965.823,5737.411,50000.000,36.00,0
16851,1255.059,5251.823,50000.000,52.00,2315.882,3653.117,50000.000,57.00,0
16901,1225.176,3294.529,50000.000,57.00,1621.118,1658.470,50000.000,43.00,0
16951,1404.470,1598.706,50000.000,66.00,1710.765,702.235,50000.000,30.00,0
17001,3003.176,306.294,50000.000,53.00,2652.059,-963.706,50000.000,31.00,0
17051,5236.882,-29.882,50000.000,39.00,3869.764,-3399.117,50000.000,24.00,0
17101,7926.293,769.471,50000.000,56.00,6402.293,-6462.059,50000.000,42.00,0
17151,10070.353,-388.471,50000.000,57.00,7418.293,-7366.000,50000.000,72.00,0
17201,10391.588,-351.118,50000.000,39.00,8232.588,-4445.000,50000.000,61.00,0
17251,10615.705,-410.882,50000.000,47.00,9487.646,-2315.882,50000.000,38.00,0
17301,11721.353,194.235,50000.000,39.00,10354.234,-1397.000,50000.000,45.00,0
17351,13349.940,-717.176,50000.000,22.00,11952.940,-1165.412,50000.000,38.00,0
17401,14082.058,-866.588,50000.000,41.00,12759.764,-1389.529,50000.000,55.00,0
17451,13857.940,119.529,50000.000,31.00,12849.411,-1038.412,50000.000,70.00,0
17501,12102.353,3451.412,50000.000,38.00,11676.528,1568.823,50000.000,31.00,0
17551,9651.999,6985.000,50000.000,38.00,10727.764,3115.235,50000.000,51.00,0
17601,8269.940,7754.470,50000.000,32.00,9831.293,4684.059,50000.000,26.00,0
17651,6364.941,5356.412,50000.000,45.00,7575.176,4034.117,50000.000,26.00,0
17701,5027.706,3832.412,50000.000,43.00,5393.764,1598.706,50000.000,20.00,0
17751,4078.941,5274.235,50000.000,49.00,4078.941,-1060.823,50000.000,27.00,0
17801,2032.000,5438.588,50000.000,49.00,1673.412,-4228.353,50000.000,22.00,0
17851,388.471,3668.059,50000.000,46.00,-717.176,-5670.176,50000.000,28.00,0
17901,-418.353,2629.647,50000.000,51.00,-1755.588,-5954.059,50000.000,42.00,0
17951,-732.118,1845.235,50000.000,40.00,-2024.529,-5588.000,50000.000,26.00,0
18001,-575.235,1277.470,50000.000,53.00,-1441.823,-3989.294,50000.000,38.00,0
18051,-403.412,2413.000,50000.000,27.00,-739.588,-2734.235,50000.000,38.00,0
18101,0.000,3130.176,50000.000,49.00,-470.647,-3331.882,50000.000,34.00,0
18151,896.471,3608.294,50000.000,34.00,164.353,-2756.647,50000.000,37.00,0
18201,2749.176,5692.588,50000.000,28.00,3025.588,-1038.412,50000.000,31.00,0
18251,4071.470,5446.059,50000.000,55.00,4123.765,-1456.765,50000.000,51.00,0
18301,5012.764,3033.059,50000.000,38.00,4639.235,-1501.588,50000.000,32.00,0
18351,5371.353,3727.823,50000.000,44.00,4855.882,-2173.941,50000.000,42.00,0
18401,5715.000,7575.176,50000.000,52.00,5991.411,-1001.059,50000.000,42.00,0
18451,5117.353,9838.764,50000.000,48.00,6237.941,1240.118,50000.000,24.00,0
18501,4265.706,10458.823,50000.000,61.00,5050.117,605.118,50000.000,40.00,0
18551,4131.235,10877.176,50000.000,70.00,5117.353,1845.235,50000.000,48.00,0
18601,3914.588,10951.882,50000.000,71.00,5707.529,3608.294,50000.000,29.00,0
18651,3832.412,8889.999,50000.000,53.00,5162.176,2039.470,50000.000,26.00,0
18701,4706.470,6484.470,50000.000,66.00,5229.412,1016.000,50000.000,18.00,0
18751,5961.529,3526.117,50000.000,55.00,6260.353,1232.647,50000.000,41.00,0
18801,7649.882,425.823,50000.000,71.00,7358.529,149.412,50000.000,38.00,0
18851,10555.940,-874.059,50000.000,47.00,9196.294,-4303.059,50000.000,39.00,0
18901,14552.705,-2442.882,50000.000,53.00,10578.353,-11340.353,50000.000,65.00,0
18951,17369.117,-2547.470,50000.000,58.00,11781.117,-12124.764,50000.000,44.00,0
19001,16734.117,448.235,50000.000,50.00,14059.646,-6140.823,50000.000,60.00,0
19051,16345.646,1695.823,50000.000,99.00,14933.705,-4220.882,50000.000,81.00,0
19101,17862.176,-1867.647,50000.000,93.00,14948.646,-5797.176,50000.000,63.00,0
19151,17989.176,-4407.647,50000.000,97.00,14791.764,-6559.176,50000.000,70.00,0
19201,18377.646,-7373.470,50000.000,56.00,14425.705,-8635.999,50000.000,68.00,0
19251,19221.822,-6208.059,50000.000,39.00,14164.234,-9450.294,50000.000,72.00,0
19301,19483.293,-2973.294,50000.000,49.00,15673.293,-6947.646,50000.000,81.00,0
19351,18579.352,-657.412,50000.000,44.00,15815.234,-6006.353,50000.000,39.00,0
19401,19124.705,-336.176,50000.000,43.00,13753.352,-10705.353,50000.000,87.00,0
19451,18825.881,627.529,50000.000,61.00,13417.176,-11489.764,50000.000,60.00,0
19501,18781.057,-1284.941,50000.000,42.00,12094.882,-13342.470,50000.000,65.00,0
19551,18280.527,-4422.588,50000.000,46.00,12102.353,-11960.411,50000.000,78.00,0
19601,17525.998,-6686.176,50000.000,36.00,12856.882,-9696.823,50000.000,73.00,0
19651,17996.646,-5192.059,50000.000,20.00,12244.293,-11131.176,50000.000,59.00,0
19701,18056.410,552.823,50000.000,53.00,13671.176,-9644.528,50000.000,84.00,0
19751,17854.705,5565.588,50000.000,53.00,13768.293,-9577.294,50000.000,78.00,0
19801,17862.176,2599.765,50000.000,49.00,13559.117,-9913.470,50000.000,42.00,0
19851,17511.059,-1912.470,50000.000,41.00,13514.293,-7844.117,50000.000,39.00,0
19901,16069.234,-3742.764,50000.000,42.00,12953.999,-5319.059,50000.000,73.00,0
19951,15142.881,-4564.529,50000.000,40.00,11265.646,-6148.294,50000.000,59.00,0
20001,15060.705,-5864.411,50000.000,48.00,11078.882,-8897.470,50000.000,44.00,0
20051,14545.234,-4938.059,50000.000,44.00,10040.470,-9592.234,50000.000,78.00,0
20101,14328.587,-1890.059,50000.000,47.00,10794.999,-11288.058,50000.000,86.00,0
20151,14694.646,-4669.117,50000.000,27.00,10018.059,-10085.293,50000.000,75.00,0
20201,12714.940,-4669.117,50000.000,43.00,9846.234,-5961.529,50000.000,35.00,0
20251,11698.940,-2943.412,50000.000,43.00,10062.882,-4691.529,50000.000,28.00,0
20301,11429.999,-3585.882,50000.000,44.00,8837.705,-6006.353,50000.000,40.00,0
20351,10936.940,-3451.412,50000.000,44.00,8957.234,-4893.235,50000.000,30.00,0
20401,8531.411,-3593.353,50000.000,46.00,7358.529,-2921.000,50000.000,33.00,0
20451,8165.353,-5348.941,50000.000,39.00,6215.529,-5124.823,50000.000,26.00,0
20501,8621.059,-6148.294,50000.000,31.00,5528.235,-8523.940,50000.000,65.00,0
20551,9151.470,-6282.764,50000.000,38.00,5326.529,-9397.999,50000.000,60.00,0
20601,8269.940,-5602.941,50000.000,74.00,5229.412,-8269.940,50000.000,59.00,0
20651,7440.706,-7754.470,50000.000,44.00,4280.647,-8172.823,50000.000,49.00,0
20701,6372.411,-8606.117,50000.000,51.00,3107.764,-9054.353,50000.000,62.00,0
20751,5020.235,-6036.235,50000.000,72.00,2764.117,-7104.529,50000.000,66.00,0
20801,3735.294,-5386.294,50000.000,60.00,1748.118,-7044.764,50000.000,45.00,0
20851,3287.059,-4990.353,50000.000,68.00,1411.941,-6902.823,50000.000,77.00,0
20901,2472.765,-4161.117,50000.000,90.00,1270.000,-4482.353,50000.000,40.00,0
20951,1815.353,-5229.412,50000.000,64.00,209.176,-5042.646,50000.000,55.00,0
21001,1763.059,-7679.764,50000.000,46.00,-859.118,-6305.176,50000.000,80.00,0
21051,1232.647,-7328.646,50000.000,51.00,-1486.647,-7433.235,50000.000,65.00,0
21101,963.706,-5498.353,50000.000,87.00,-1210.235,-6798.235,50000.000,82.00,0
21151,149.412,-5334.000,50000.000,61.00,-1703.294,-5304.117,50000.000,67.00,0
21201,-620.059,-4736.353,50000.000,40.00,-1397.000,-2480.235,50000.000,87.00,0
21251,-776.941,-2330.823,50000.000,73.00,-933.823,-1172.882,50000.000,75.00,0
21301,-1090.706,-3481.294,50000.000,46.00,-1628.588,-2472.765,50000.000,76.00,0
21351,-1531.470,-4796.117,50000.000,39.00,-2457.823,-3152.588,50000.000,80.00,0
21401,-2330.823,-3399.117,50000.000,36.00,-2764.117,-1613.647,50000.000,74.00,0
21451,-2532.529,-657.412,50000.000,45.00,-2450.353,-1919.941,50000.000,55.00,0
21501,-1763.059,-209.176,50000.000,42.00,-2360.706,-4542.117,50000.000,71.00,0
21551,-1524.000,-2510.117,50000.000,37.00,-2383.117,-5192.059,50000.000,72.00,0
21601,-1449.294,-5124.823,50000.000,54.00,-3055.470,-6536.764,50000.000,86.00,0
21651,-926.353,-6589.059,50000.000,42.00,-3130.176,-7537.823,50000.000,41.00,0
21701,-306.294,-7425.764,50000.000,54.00,-3189.941,-8314.764,50000.000,54.00,0
21751,-590.176,-5573.059,50000.000,43.00,-2980.764,-7724.588,50000.000,52.00,0
21801,-1905.000,-2293.470,50000.000,38.00,-2950.882,-6364.941,50000.000,54.00,0
21851,-2032.000,-1382.059,50000.000,27.00,-3309.470,-7097.058,50000.000,43.00,0
21901,-1471.706,-4654.176,50000.000,56.00,-3346.823,-6693.646,50000.000,38.00,0
21951,-2405.529,-5969.000,50000.000,37.00,-3877.235,-4953.000,50000.000,54.00,0
22001,-3257.176,-5431.117,50000.000,44.00,-4064.000,-4915.646,50000.000,54.00,0
22051,-3907.117,-5722.470,50000.000,40.00,-5490.882,-6432.176,50000.000,63.00,0
22101,-4019.176,-3421.529,50000.000,45.00,-4960.470,-6701.117,50000.000,48.00,1
22151,-3899.647,-3907.117,50000.000,37.00,-4915.646,-8180.293,50000.000,63.00,1
22201,-3115.235,-8329.705,50000.000,38.00,-5124.823,-8195.234,50000.000,67.00,0
22251,-4564.529,-10832.353,50000.000,33.00,-6574.117,-8942.294,50000.000,43.00,0
22301,-4280.647,-10481.234,50000.000,43.00,-7022.353,-9831.293,50000.000,62.00,0
22351,-4990.353,-5737.411,50000.000,44.00,-6581.588,-7268.882,50000.000,73.00,0
22401,-6013.823,-1075.765,50000.000,56.00,-5483.412,-784.412,50000.000,26.00,0
22451,-8419.353,-1957.294,50000.000,50.00,-7149.353,2226.235,50000.000,34.00,0
22501,-9771.528,-5662.706,50000.000,37.00,-10010.588,-612.588,50000.000,51.00,0
22551,-10062.882,-7567.706,50000.000,42.00,-11437.470,-4026.647,50000.000,41.00,0
22601,-9891.059,-8053.293,50000.000,34.00,-11146.117,-5535.706,50000.000,28.00,0
22651,-9599.705,-8404.411,50000.000,36.00,-11474.822,-6028.764,50000.000,71.00,0
22701,-9861.176,-6521.823,50000.000,42.00,-10660.528,-4385.235,50000.000,31.00,0
22751,-9390.528,-3488.764,50000.000,41.00,-9988.176,-4945.529,50000.000,49.00,0
22801,-8344.646,-933.823,50000.000,42.00,-9383.059,-6043.706,50000.000,30.00,0
22851,-7769.411,-2794.000,50000.000,79.00,-8785.411,-9181.353,50000.000,31.00,0
22901,-6372.411,-7171.764,50000.000,53.00,-9935.882,-12946.528,50000.000,52.00,0
22951,-6163.235,-7679.764,50000.000,46.00,-9024.470,-11781.117,50000.000,71.00,0
23001,-6506.882,-5483.412,50000.000,46.00,-7888.940,-7126.941,50000.000,60.00,0
23051,-6432.176,-3092.823,50000.000,57.00,-7104.529,-4519.706,50000.000,35.00,0
23101,-6193.117,-2771.588,50000.000,52.00,-6551.706,-4684.059,50000.000,36.00,0
23151,-5229.412,-6148.294,50000.000,47.00,-6843.059,-5020.235,50000.000,59.00,0
23201,-5677.646,-6096.000,50000.000,46.00,-6805.706,-2898.588,50000.000,47.00,0
23251,-5722.470,-5326.529,50000.000,58.00,-5954.059,-2173.941,50000.000,37.00,0
23301,-5319.059,-6013.823,50000.000,40.00,-6850.529,-3227.294,50000.000,68.00,0
23351,-4781.176,-5214.470,50000.000,53.00,-6133.353,-3922.059,50000.000,43.00,0
23401,-4228.353,-4086.411,50000.000,26.00,-5341.470,-4549.588,50000.000,52.00,0
23451,-3720.353,-1942.353,50000.000,46.00,-4616.823,-4542.117,50000.000,60.00,0
23501,-2921.000,-2293.470,50000.000,69.00,-3279.588,-4385.235,50000.000,46.00,0
23551,-2883.647,-5371.353,50000.000,43.00,-4161.117,-3331.882,50000.000,72.00,0
23601,-3257.176,-4736.353,50000.000,46.00,-3966.882,-1680.882,50000.000,62.00,0
23651,-3608.294,-5221.941,50000.000,61.00,-3839.882,-1494.118,50000.000,25.00,0
23701,-3384.176,-7545.293,50000.000,56.00,-5020.235,-3287.059,50000.000,65.00,0
23751,-2853.764,-7448.176,50000.000,48.00,-4362.823,-5035.176,50000.000,59.00,0
23801,-2771.588,-4945.529,50000.000,39.00,-3533.588,-4893.235,50000.000,72.00,0
23851,-2091.765,-3234.764,50000.000,54.00,-2846.294,-4078.941,50000.000,69.00,0
23901,-1733.176,-4161.117,50000.000,39.00,-2465.294,-3391.647,50000.000,81.00,0
23951,-1912.470,-4086.411,50000.000,53.00,-2950.882,-1964.765,50000.000,87.00,0
24001,-2330.823,-2846.294,50000.000,56.00,-2315.882,-306.294,50000.000,88.00,0
24051,-2592.294,-3690.470,50000.000,81.00,-2532.529,0.000,50000.000,53.00,0
24101,-2629.647,-6701.117,50000.000,58.00,-3376.706,-2315.882,50000.000,77.00,0
24151,-2375.647,-7986.058,50000.000,47.00,-3869.764,-4011.706,50000.000,67.00,0
24201,-2173.941,-6955.117,50000.000,45.00,-3130.176,-3981.823,50000.000,67.00,0
24251,-1725.706,-4265.706,50000.000,57.00,-2495.176,-3466.353,50000.000,68.00,0
24301,-1075.765,-3309.470,50000.000,62.00,-1613.647,-3705.412,50000.000,81.00,0
24351,-1090.706,-5251.823,50000.000,40.00,-2166.470,-3511.176,50000.000,54.00,0
24401,-1284.941,-4265.706,50000.000,36.00,-2121.647,-1561.353,50000.000,59.00,0
24451,-1867.647,-3570.941,50000.000,63.00,-1673.412,-948.765,50000.000,46.00,0
24501,-1464.235,-6088.529,50000.000,45.00,-2517.588,-3623.235,50000.000,75.00,0
24551,-717.176,-7298.764,50000.000,48.00,-2749.176,-5580.529,50000.000,72.00,0
24601,-724.647,-6753.411,50000.000,48.00,-2345.765,-5886.823,50000.000,56.00,0
24651,-268.941,-4840.941,50000.000,43.00,-1770.529,-4669.117,50000.000,62.00,0
24701,-149.412,-2995.706,50000.000,55.00,-948.765,-3533.588,50000.000,62.00,0
24751,7.471,-3668.059,50000.000,43.00,-911.412,-2749.176,50000.000,77.00,0
24801,-104.588,-2943.412,50000.000,40.00,-941.294,-1456.765,50000.000,66.00,0
24851,-7.471,754.529,50000.000,39.00,186.765,-119.529,50000.000,62.00,0
24901,470.647,1434.353,50000.000,46.00,829.235,-7.471,50000.000,47.00,0
24951,672.353,381.000,50000.000,49.00,381.000,-52.294,50000.000,78.00,0
25001,268.941,597.647,50000.000,57.00,552.823,971.176,50000.000,65.00,0
25051,717.176,14.941,50000.000,30.00,866.588,366.059,50000.000,73.00,0
25101,1890.059,-1016.000,50000.000,38.00,1352.176,-283.882,50000.000,55.00,0
25151,2442.882,545.353,50000.000,45.00,2286.000,52.294,50000.000,52.00,0
25201,3615.764,463.176,50000.000,41.00,3473.823,-485.588,50000.000,44.00,0
25251,4437.529,112.059,50000.000,39.00,3630.706,-276.412,50000.000,42.00,0
25301,4415.117,941.294,50000.000,63.00,4549.588,-14.941,50000.000,57.00,0
25351,5311.588,-351.118,50000.000,35.00,4661.647,82.176,50000.000,55.00,0
25401,5102.412,560.294,50000.000,53.00,4863.353,1314.823,50000.000,36.00,0
25451,4064.000,4019.176,50000.000,41.00,4900.706,4049.059,50000.000,47.00,0
25501,3033.059,8381.999,50000.000,50.00,4885.764,6940.176,50000.000,38.00,0
25551,2106.706,9517.528,50000.000,44.00,4736.353,7694.706,50000.000,26.00,0
25601,1830.294,6618.941,50000.000,46.00,3645.647,6716.059,50000.000,32.00,0
25651,1837.765,4265.706,50000.000,42.00,3055.470,5924.176,50000.000,24.00,0
25701,1023.471,3832.412,50000.000,36.00,2368.176,5431.117,50000.000,21.00,0
25751,724.647,5535.706,50000.000,55.00,2173.941,4138.706,50000.000,29.00,0
25801,754.529,6320.117,50000.000,45.00,1905.000,3391.647,50000.000,29.00,0
25851,642.471,6350.000,50000.000,64.00,1546.412,2330.823,50000.000,23.00,0
25901,993.588,5804.646,50000.000,45.00,1397.000,620.059,50000.000,33.00,0
25951,620.059,5647.764,50000.000,50.00,971.176,1090.706,50000.000,38.00,0
26001,-239.059,6155.764,50000.000,43.00,687.294,388.471,50000.000,47.00,0
26051,-74.706,8367.059,50000.000,57.00,410.882,-784.412,50000.000,49.00,0
26101,-164.353,8187.764,50000.000,62.00,844.176,-500.529,50000.000,35.00,0
26151,-343.647,2891.117,50000.000,46.00,-112.059,-575.235,50000.000,33.00,0
26201,537.882,-1733.176,50000.000,40.00,-268.941,-2375.647,50000.000,30.00,0
26251,2831.353,-1725.706,50000.000,44.00,1501.588,-4392.706,50000.000,37.00,0
26301,5423.646,-283.882,50000.000,45.00,3832.412,-6013.823,50000.000,29.00,0
26351,8165.353,-2166.470,50000.000,51.00,5401.235,-8008.470,50000.000,46.00,0
26401,10070.353,-3048.000,50000.000,31.00,6872.941,-8128.000,50000.000,35.00,0
26451,11325.411,-2308.412,50000.000,47.00,8755.529,-8576.234,50000.000,29.00,0
26501,13013.764,-1613.647,50000.000,39.00,9696.823,-10040.470,50000.000,49.00,0
26551,14560.176,-1606.176,50000.000,19.00,10316.882,-11161.058,50000.000,70.00,0
26601,14903.822,-1434.353,50000.000,44.00,11019.117,-9868.646,50000.000,64.00,0
26651,14186.646,-1352.176,50000.000,38.00,10996.705,-7597.588,50000.000,85.00,0
26701,12714.940,-313.765,50000.000,47.00,9988.176,-5147.235,50000.000,64.00,0
26751,12266.705,2614.706,50000.000,50.00,10369.176,-3548.529,50000.000,52.00,0
26801,12632.764,2338.294,50000.000,28.00,11415.058,-2629.647,50000.000,60.00,0
26851,15396.881,-709.706,50000.000,39.00,12655.176,-6133.353,50000.000,50.00,0
26901,17921.939,-1501.588,50000.000,33.00,13125.822,-10369.176,50000.000,79.00,0
26951,17914.469,-1531.470,50000.000,45.00,13080.999,-10339.293,50000.000,76.00,0
27001,18549.469,-2495.176,50000.000,63.00,12744.822,-10892.117,50000.000,82.00,0
27051,17638.059,-2696.882,50000.000,58.00,13327.528,-9360.646,50000.000,71.00,0
27101,16345.646,-3832.412,50000.000,30.00,13409.705,-5416.176,50000.000,75.00,0
27151,16562.293,-4362.823,50000.000,40.00,12983.882,-6275.293,50000.000,39.00,0
27201,16382.999,-3234.764,50000.000,50.00,12572.999,-7672.293,50000.000,88.00,0
27251,15344.587,522.941,50000.000,39.00,11736.293,-8434.294,50000.000,63.00,0
27301,15665.822,560.294,50000.000,66.00,12012.705,-10137.588,50000.000,62.00,0
27351,15396.881,-2286.000,50000.000,58.00,11571.940,-7679.764,50000.000,87.00,0
27401,14096.999,-4325.470,50000.000,49.00,10862.234,-5976.470,50000.000,39.00,0
27451,12483.353,-5573.059,50000.000,45.00,9554.882,-8150.411,50000.000,32.00,0
27501,12154.646,-6006.353,50000.000,41.00,8553.823,-10936.940,50000.000,22.00,0
27551,11123.705,-2487.706,50000.000,34.00,8195.234,-9487.646,50000.000,33.00,0
27601,10660.528,276.412,50000.000,38.00,8830.234,-8374.529,50000.000,41.00,0
27651,10623.176,-1905.000,50000.000,31.00,8658.411,-6574.117,50000.000,23.00,0
27701,10727.764,-3324.412,50000.000,41.00,8254.999,-5192.059,50000.000,31.00,0
27751,10720.293,-4885.764,50000.000,60.00,8882.529,-5789.706,50000.000,15.00,0
27801,10212.293,-5834.529,50000.000,40.00,7440.706,-8098.117,50000.000,43.00,0
27851,9278.470,-2554.941,50000.000,43.00,7246.470,-5744.882,50000.000,49.00,0
27901,7239.000,298.824,50000.000,43.00,6185.646,-3795.059,50000.000,36.00,0
27951,6506.882,-2099.235,50000.000,57.00,4542.117,-6633.882,50000.000,50.00,0
28001,5602.941,-5819.588,50000.000,39.00,2965.823,-6604.000,50000.000,48.00,0
28051,4430.059,-7358.529,50000.000,25.00,2203.823,-5640.294,50000.000,41.00,0
28101,4138.706,-6977.529,50000.000,46.00,2017.059,-5401.235,50000.000,39.00,0
28151,4123.765,-3899.647,50000.000,56.00,2151.529,-6200.588,50000.000,38.00,0
28201,4430.059,605.118,50000.000,54.00,2794.000,-5475.941,50000.000,54.00,0
28251,4400.176,2495.176,50000.000,87.00,3600.823,-4840.941,50000.000,49.00,0
28301,5192.059,-1038.412,50000.000,56.00,2943.412,-5789.706,50000.000,64.00,0
28351,4833.470,-1090.706,50000.000,64.00,3137.647,-4796.117,50000.000,75.00,0
28401,4056.529,-1643.529,50000.000,44.00,2928.470,-2577.353,50000.000,76.00,0
28451,2525.059,-993.588,50000.000,56.00,2017.059,-52.294,50000.000,57.00,1
28501,149.412,-37.353,50000.000,64.00,664.882,560.294,50000.000,52.00,1
28551,-1314.823,-2039.470,50000.000,58.00,-1710.765,-1143.000,50000.000,63.00,0
28601,-1576.294,-4265.706,50000.000,56.00,-2540.000,-3563.470,50000.000,52.00,0
28651,-724.647,-4161.117,50000.000,50.00,-2054.412,-5236.882,50000.000,68.00,0
28701,0.000,-2032.000,50000.000,48.00,-1471.706,-4056.529,50000.000,94.00,0
28751,-1695.823,903.941,50000.000,73.00,-941.294,567.765,50000.000,53.00,0
28801,-4542.117,-2427.941,50000.000,56.00,-4332.941,-821.765,50000.000,74.00,0
28851,-5871.882,-5856.941,50000.000,33.00,-7022.353,-2943.412,50000.000,76.00,0
28901,-6409.764,-6716.059,50000.000,42.00,-7164.293,-3488.764,50000.000,79.00,0
28951,-5879.353,-8867.588,50000.000,35.00,-7463.117,-5177.117,50000.000,50.00,0
29001,-5423.646,-9412.940,50000.000,43.00,-7582.646,-6648.823,50000.000,41.00,0
29051,-4639.235,-6887.882,50000.000,14.00,-6036.235,-5192.059,50000.000,48.00,0
29101,-3989.294,-3683.000,50000.000,33.00,-4661.647,-4407.647,50000.000,76.00,0
29151,-2838.823,-1800.412,50000.000,30.00,-3630.706,-5319.059,50000.000,79.00,0
29201,-2704.353,-2398.059,50000.000,32.00,-3570.941,-7298.764,50000.000,66.00,0
29251,-1725.706,-7014.882,50000.000,32.00,-4654.176,-10100.234,50000.000,32.00,0
29301,-2427.941,-7986.058,50000.000,50.00,-5348.941,-8845.176,50000.000,48.00,0
29351,-3025.588,-7545.293,50000.000,37.00,-4534.647,-7679.764,50000.000,55.00,0
29401,-2592.294,-6641.353,50000.000,40.00,-4766.235,-6656.293,50000.000,47.00,0
29451,-2569.882,-4078.941,50000.000,54.00,-3294.529,-4713.941,50000.000,71.00,0
29501,-2360.706,-4885.764,50000.000,72.00,-3361.764,-5378.823,50000.000,55.00,0
29551,-2338.294,-8060.764,50000.000,44.00,-4176.059,-5617.882,50000.000,62.00,0
29601,-3204.882,-8553.823,50000.000,41.00,-4676.588,-3556.000,50000.000,68.00,0
29651,-3623.235,-8613.588,50000.000,62.00,-4594.412,-3242.235,50000.000,35.00,0
29701,-3294.529,-9778.999,50000.000,48.00,-5498.353,-6387.353,50000.000,62.00,0
29751,-2726.764,-7881.470,50000.000,54.00,-4631.764,-7425.764,50000.000,41.00,0
29801,-2577.353,-6021.294,50000.000,73.00,-3989.294,-5692.588,50000.000,53.00,0
29851,-2517.588,-6447.117,50000.000,41.00,-3533.588,-3966.882,50000.000,83.00,0
29901,-2607.235,-7097.058,50000.000,44.00,-3645.647,-1382.059,50000.000,71.00,0
29951,-3212.353,-5184.588,50000.000,84.00,-3264.647,478.118,50000.000,38.00,0
