timestamp[ms],left_dx[um],left_dy[um],left_dt[us],left_sq44right_dx[um],right_dy[um],right_dt[us],right_sq,waterPin
0,0.000,0.000,50153.000,48.00,0.000,-74.706,50153.000,59.00,0
51,2980.764,986.118,50000.000,89.00,74.706,-11967.882,50000.000,45.00,0
101,3750.235,-2510.117,50000.000,31.00,179.294,-12692.528,50000.000,74.00,0
151,4370.294,-3951.941,50000.000,44.00,231.588,-14844.058,50000.000,58.00,0
201,4452.470,1441.823,50000.000,60.00,1023.471,-13021.234,50000.000,69.00,0
251,4437.529,4153.647,50000.000,93.00,2017.059,-13835.528,50000.000,42.00,0
301,5498.353,-1509.059,50000.000,48.00,956.235,-15142.881,50000.000,44.00,0
351,5647.764,-4497.294,50000.000,46.00,381.000,-15785.352,50000.000,43.00,0
401,4751.294,-1404.470,50000.000,52.00,545.353,-13357.411,50000.000,75.00,0
451,2928.470,2472.765,50000.000,69.00,724.647,-12177.058,50000.000,55.00,0
501,4609.353,-1337.235,50000.000,69.00,478.118,-13992.411,50000.000,55.00,0
551,3862.294,-6469.529,50000.000,48.00,-522.941,-14612.470,50000.000,61.00,0
601,4026.647,-6596.529,50000.000,52.00,-268.941,-14470.528,50000.000,44.00,0
651,2390.588,-3511.176,50000.000,48.00,-844.176,-12759.764,50000.000,58.00,0
701,2286.000,-2480.235,50000.000,82.00,-978.647,-14507.882,50000.000,47.00,0
751,3003.176,-6872.941,50000.000,45.00,-1553.882,-13469.470,50000.000,58.00,0
801,1942.353,-7986.058,50000.000,53.00,-1994.647,-13095.940,50000.000,58.00,0
851,1553.882,-5879.353,50000.000,49.00,-2517.588,-11616.764,50000.000,63.00,0
901,-388.471,-1807.882,50000.000,53.00,-2584.823,-8299.823,50000.000,56.00,0
951,-1792.941,836.706,50000.000,82.00,-2286.000,-5319.059,50000.000,60.00,0
1001,-1979.706,-2532.529,50000.000,45.00,-2973.294,-5662.706,50000.000,66.00,0
1051,-2502.647,-4235.823,50000.000,45.00,-4370.294,-5692.588,50000.000,52.00,0
1101,-4870.823,-1688.353,50000.000,83.00,-4878.294,-1919.941,50000.000,66.00,0
1151,-6499.411,-1449.294,50000.000,82.00,-5632.823,-1807.882,50000.000,78.00,0
1201,-4355.353,-3593.353,50000.000,53.00,-6237.941,-7672.293,50000.000,42.00,0
1251,-3406.588,-1875.118,50000.000,65.00,-5707.529,-9524.999,50000.000,61.00,0
1301,-3944.470,552.823,50000.000,92.00,-4997.823,-8792.882,50000.000,47.00,0
1351,-2779.059,-2540.000,50000.000,70.00,-5087.470,-9950.823,50000.000,69.00,0
1401,-2921.000,-6193.117,50000.000,43.00,-5700.059,-9831.293,50000.000,58.00,0
1451,-3593.353,-5677.646,50000.000,59.00,-5304.117,-8673.353,50000.000,64.00,0
1501,-4407.647,-4370.294,50000.000,57.00,-5819.588,-6566.646,50000.000,52.00,0
1551,-4512.235,-3989.294,50000.000,39.00,-5475.941,-5647.764,50000.000,59.00,0
1601,-3772.647,-3974.353,50000.000,48.00,-5154.706,-6088.529,50000.000,42.00,0
1651,-2637.117,-3122.706,50000.000,31.00,-3765.176,-4646.706,50000.000,50.00,0
1701,-2024.529,-1449.294,50000.000,31.00,-2465.294,-2950.882,50000.000,44.00,0
1751,-1830.294,-381.000,50000.000,53.00,-1972.235,-1434.353,50000.000,61.00,0
1801,-2226.235,-67.235,50000.000,54.00,-2562.412,-3100.294,50000.000,57.00,0
1851,-627.529,1247.588,50000.000,60.00,-1890.059,-4751.294,50000.000,47.00,0
1901,455.706,3623.235,50000.000,69.00,127.000,-3914.588,50000.000,51.00,0
1951,2711.823,3937.000,50000.000,79.00,1919.941,-5729.941,50000.000,62.00,0
2001,4631.764,1875.118,50000.000,64.00,2159.000,-9965.764,50000.000,43.00,0
2051,5558.117,1957.294,50000.000,52.00,2584.823,-10257.117,50000.000,45.00,0
2101,5117.353,5752.353,50000.000,60.00,3369.235,-7986.058,50000.000,77.00,0
2151,6462.059,6529.293,50000.000,86.00,4691.529,-8643.470,50000.000,64.00,0
2201,8688.294,1240.118,50000.000,65.00,5289.176,-9136.528,50000.000,85.00,0
2251,9420.411,-1934.882,50000.000,43.00,5625.353,-9524.999,50000.000,62.00,0
2301,10294.470,702.235,50000.000,45.00,6633.882,-9390.528,50000.000,54.00,0
2351,10115.176,7239.000,50000.000,93.00,8411.882,-7597.588,50000.000,73.00,0
2401,11362.764,6872.941,50000.000,64.00,9487.646,-6992.470,50000.000,68.00,0
2451,13028.705,2271.059,50000.000,73.00,9607.176,-6223.000,50000.000,77.00,0
2501,13417.176,-926.353,50000.000,80.00,10458.823,-5296.646,50000.000,57.00,0
2551,14515.352,-1897.529,50000.000,44.00,10757.646,-6103.470,50000.000,57.00,0
2601,16233.587,74.706,50000.000,53.00,12162.117,-9704.294,50000.000,91.00,0
2651,17107.646,4616.823,50000.000,38.00,12087.411,-11474.822,50000.000,77.00,0
2701,17361.646,4534.647,50000.000,51.00,12154.646,-12102.353,50000.000,64.00,0
2751,17570.822,-1016.000,50000.000,51.00,11669.058,-12356.353,50000.000,65.00,0
2801,17615.646,-4811.059,50000.000,41.00,11004.176,-13461.999,50000.000,47.00,0
2851,16592.176,-2046.941,50000.000,41.00,10570.882,-13566.587,50000.000,55.00,0
2901,16569.764,4534.647,50000.000,49.00,10892.117,-13409.705,50000.000,59.00,0
2951,16181.293,3107.764,50000.000,38.00,10989.234,-13813.117,50000.000,56.00,0
3001,16509.998,-1471.706,50000.000,51.00,10443.882,-13828.058,50000.000,78.00,0
3051,16846.176,-3705.412,50000.000,40.00,10234.705,-15120.470,50000.000,57.00,0
3101,15934.764,1621.118,50000.000,53.00,10152.528,-14336.058,50000.000,56.00,0
3151,15538.822,4676.588,50000.000,65.00,10907.058,-14328.587,50000.000,62.00,0
3201,16211.176,-1210.235,50000.000,48.00,10787.528,-13357.411,50000.000,21.00,0
3251,16480.117,-4945.529,50000.000,37.00,10451.353,-12886.764,50000.000,28.00,0
3301,16345.646,-2121.647,50000.000,38.00,9965.764,-13880.352,50000.000,31.00,0
3351,15352.058,3197.412,50000.000,53.00,10481.234,-14649.822,50000.000,52.00,0
3401,15583.646,1098.176,50000.000,49.00,10794.999,-13790.705,50000.000,46.00,0
3451,15501.470,-1927.412,50000.000,72.00,10780.058,-13125.822,50000.000,52.00,0
3501,15322.176,-3346.823,50000.000,38.00,10257.117,-13753.352,50000.000,47.00,0
3551,13783.234,1411.941,50000.000,34.00,9876.117,-13947.587,50000.000,38.00,0
3601,12789.646,6051.176,50000.000,92.00,9988.176,-13641.293,50000.000,75.00,0
3651,14111.940,2868.706,50000.000,68.00,9734.176,-13021.234,50000.000,74.00,0
3701,14171.705,-2696.882,50000.000,72.00,8875.059,-14074.587,50000.000,66.00,0
3751,14492.940,-4108.823,50000.000,52.00,8762.999,-14993.470,50000.000,61.00,0
3801,13110.882,418.353,50000.000,43.00,8486.588,-14328.587,50000.000,44.00,0
3851,12304.058,3421.529,50000.000,66.00,8576.234,-14291.234,50000.000,36.00,0
3901,13790.705,-268.941,50000.000,58.00,8673.353,-14350.999,50000.000,67.00,0
3951,13469.470,-3264.647,50000.000,28.00,8658.411,-14597.528,50000.000,60.00,0
4001,13514.293,-1830.294,50000.000,45.00,8135.470,-14567.646,50000.000,59.00,0
4051,11235.764,4191.000,50000.000,103.00,8314.764,-14052.176,50000.000,76.00,0
4101,12968.940,321.235,50000.000,68.00,8329.705,-15053.234,50000.000,58.00,0
4151,12468.411,-5109.882,50000.000,41.00,7007.411,-16636.998,50000.000,78.00,0
4201,11751.234,-4975.412,50000.000,56.00,6872.941,-16368.058,50000.000,63.00,0
4251,9973.234,-1255.059,50000.000,81.00,5827.059,-15860.058,50000.000,73.00,0
4301,10122.646,-2607.235,50000.000,69.00,5498.353,-16651.939,50000.000,68.00,0
4351,9256.059,-6066.117,50000.000,47.00,4220.882,-15568.705,50000.000,76.00,0
4401,7971.117,-5744.882,50000.000,43.00,3727.823,-14754.411,50000.000,61.00,0
4451,6282.764,-3055.470,50000.000,44.00,3242.235,-11758.705,50000.000,87.00,0
4501,4930.588,-1964.765,50000.000,66.00,2502.647,-10413.999,50000.000,80.00,0
4551,4347.882,-3189.941,50000.000,47.00,2241.176,-9188.823,50000.000,74.00,0
4601,2779.059,-4870.823,50000.000,29.00,642.471,-8083.176,50000.000,76.00,0
4651,2271.059,-6140.823,50000.000,42.00,-395.941,-8105.588,50000.000,66.00,0
4701,1314.823,-5939.117,50000.000,44.00,-1299.882,-7224.058,50000.000,82.00,0
4751,605.118,-3391.647,50000.000,57.00,-1098.176,-5804.646,50000.000,75.00,0
4801,-164.353,-1367.118,50000.000,55.00,-1098.176,-3899.647,50000.000,72.00,0
4851,-366.059,-508.000,50000.000,61.00,-941.294,-3182.470,50000.000,73.00,0
4901,-171.824,-1374.588,50000.000,44.00,-1023.471,-3399.117,50000.000,74.00,0
4951,-567.765,-2166.470,50000.000,72.00,-1352.176,-3055.470,50000.000,72.00,0
5001,-1359.647,-1740.647,50000.000,49.00,-1867.647,-1643.529,50000.000,68.00,0
5051,-2562.412,-851.647,50000.000,75.00,-2121.647,127.000,50000.000,63.00,0
5101,-3175.000,-829.235,50000.000,65.00,-3010.647,-97.118,50000.000,54.00,0
5151,-3668.059,-567.765,50000.000,82.00,-3391.647,-493.059,50000.000,64.00,0
5201,-3615.764,-1434.353,50000.000,64.00,-3556.000,-829.235,50000.000,58.00,1
5251,-3488.764,-687.294,50000.000,69.00,-3443.941,-224.118,50000.000,64.00,1
5301,-3802.529,373.529,50000.000,85.00,-2995.706,186.765,50000.000,74.00,0
5351,-3720.353,-1008.529,50000.000,42.00,-3787.588,-1143.000,50000.000,69.00,0
5401,-3137.647,-702.235,50000.000,70.00,-3481.294,-1553.882,50000.000,64.00,0
5451,-1778.000,-455.706,50000.000,79.00,-1949.823,-2667.000,50000.000,53.00,0
5501,-1113.118,-1105.647,50000.000,68.00,-1867.647,-1785.470,50000.000,50.00,0
5551,-4258.235,-1045.882,50000.000,72.00,-3085.353,2375.647,50000.000,57.00,0
5601,-7687.235,-836.706,50000.000,60.00,-5901.764,4385.235,50000.000,62.00,0
5651,-10189.882,-1344.706,50000.000,74.00,-8501.529,3145.117,50000.000,75.00,0
5701,-10757.646,-3727.823,50000.000,75.00,-10234.705,-1561.353,50000.000,62.00,0
5751,-10062.882,-4855.882,50000.000,71.00,-10765.117,-5535.706,50000.000,75.00,0
5801,-9905.999,-5356.412,50000.000,66.00,-11728.822,-6648.823,50000.000,84.00,0
5851,-10197.353,-4467.412,50000.000,75.00,-10907.058,-5856.941,50000.000,53.00,0
5901,-9308.353,-4310.529,50000.000,52.00,-9622.117,-4549.588,50000.000,78.00,0
5951,-8337.176,-3563.470,50000.000,39.00,-8680.823,-3048.000,50000.000,54.00,0
6001,-7395.882,-590.176,50000.000,49.00,-7627.470,-3727.823,50000.000,65.00,0
6051,-6424.706,254.000,50000.000,88.00,-6387.353,-5446.059,50000.000,34.00,0
6101,-5767.294,-4064.000,50000.000,35.00,-7567.706,-8635.999,50000.000,87.00,0
6151,-5595.470,-5289.176,50000.000,44.00,-7440.706,-8889.999,50000.000,32.00,0
6201,-5610.412,-5715.000,50000.000,34.00,-6999.941,-8606.117,50000.000,74.00,0
6251,-5416.176,-5124.823,50000.000,38.00,-6843.059,-5281.706,50000.000,59.00,0
6301,-5266.764,-1665.941,50000.000,44.00,-4930.588,-1464.235,50000.000,70.00,0
6351,-4781.176,-448.235,50000.000,58.00,-4288.117,-1128.059,50000.000,43.00,0
6401,-4116.294,-4064.000,50000.000,43.00,-4728.882,-3795.059,50000.000,62.00,0
6451,-3690.470,-7403.353,50000.000,26.00,-5341.470,-5348.941,50000.000,51.00,0
6501,-4377.765,-7612.529,50000.000,36.00,-5386.294,-3458.882,50000.000,76.00,0
6551,-4893.235,-6947.646,50000.000,44.00,-5371.353,-2330.823,50000.000,53.00,0
6601,-4265.706,-5468.470,50000.000,42.00,-5348.941,-2988.235,50000.000,85.00,0
6651,-3817.470,-3563.470,50000.000,26.00,-4489.823,-3429.000,50000.000,66.00,0
6701,-3466.353,-2173.941,50000.000,47.00,-3877.235,-3279.588,50000.000,87.00,0
6751,-2808.941,-4953.000,50000.000,45.00,-3653.117,-5147.235,50000.000,75.00,0
6801,-2681.941,-7463.117,50000.000,34.00,-4818.529,-6574.117,50000.000,57.00,0
6851,-3070.412,-5789.706,50000.000,50.00,-4243.294,-4078.941,50000.000,81.00,0
6901,-3623.235,-5169.646,50000.000,32.00,-4243.294,-2584.823,50000.000,72.00,0
6951,-3645.647,-7044.764,50000.000,36.00,-5035.176,-3720.353,50000.000,89.00,0
7001,-3675.529,-5610.412,50000.000,40.00,-4758.764,-3242.235,50000.000,39.00,0
7051,-3406.588,-4392.706,50000.000,33.00,-4258.235,-3137.647,50000.000,54.00,0
7101,-3115.235,-4639.235,50000.000,46.00,-4325.470,-3787.588,50000.000,62.00,0
7151,-3040.529,-6066.117,50000.000,52.00,-4310.529,-3996.764,50000.000,68.00,0
7201,-3092.823,-4870.823,50000.000,41.00,-4385.235,-2868.706,50000.000,56.00,0
7251,-3346.823,-3160.059,50000.000,51.00,-3473.823,-814.294,50000.000,63.00,0
7301,-3608.294,-3264.647,50000.000,66.00,-3346.823,112.059,50000.000,85.00,0
7351,-3361.764,-6193.117,50000.000,45.00,-4176.059,-2061.882,50000.000,56.00,0
7401,-3055.470,-6305.176,50000.000,58.00,-4751.294,-3025.588,50000.000,44.00,0
7451,-3204.882,-3167.529,50000.000,74.00,-3593.353,-2286.000,50000.000,67.00,0
7501,-2637.117,-1949.823,50000.000,81.00,-3010.647,-2226.235,50000.000,42.00,0
7551,-2338.294,-2801.470,50000.000,74.00,-3018.117,-2577.353,50000.000,64.00,0
7601,-2144.059,-4721.412,50000.000,71.00,-3204.882,-4265.706,50000.000,48.00,0
7651,-1718.235,-5468.470,50000.000,45.00,-3481.294,-5573.059,50000.000,43.00,0
7701,-2084.294,-4728.882,50000.000,59.00,-3473.823,-4183.529,50000.000,39.00,0
7751,-2689.412,-3600.823,50000.000,75.00,-3115.235,-1538.941,50000.000,61.00,0
7801,-2831.353,-5102.412,50000.000,58.00,-3324.412,-2196.353,50000.000,73.00,0
7851,-2017.059,-5729.941,50000.000,58.00,-3697.941,-4848.412,50000.000,35.00,0
7901,-1441.823,-3839.882,50000.000,64.00,-2525.059,-4646.706,50000.000,43.00,0
7951,-1262.529,-2689.412,50000.000,47.00,-2159.000,-3884.706,50000.000,49.00,0
8001,-1322.294,-2906.059,50000.000,84.00,-2032.000,-4631.764,50000.000,54.00,0
8051,-821.765,-5588.000,50000.000,60.00,-2973.294,-7380.941,50000.000,59.00,0
8101,-620.059,-6693.646,50000.000,44.00,-2950.882,-6820.646,50000.000,57.00,0
8151,-1479.176,-5334.000,50000.000,56.00,-2532.529,-3907.117,50000.000,65.00,0
8201,-1934.882,-5647.764,50000.000,63.00,-2405.529,-3107.764,50000.000,65.00,0
8251,-1770.529,-6051.176,50000.000,40.00,-3264.647,-4549.588,50000.000,72.00,0
8301,-1389.529,-3810.000,50000.000,63.00,-2248.647,-4078.941,50000.000,77.00,0
8351,-948.765,-2293.470,50000.000,31.00,-1680.882,-3847.353,50000.000,90.00,0
8401,-418.353,-3182.470,50000.000,65.00,-1531.470,-4915.646,50000.000,74.00,0
8451,-298.824,-5573.059,50000.000,39.00,-2398.059,-6820.646,50000.000,72.00,0
8501,-261.471,-6051.176,50000.000,49.00,-2577.353,-6872.941,50000.000,62.00,0
8551,-963.706,-5050.117,50000.000,55.00,-2226.235,-5184.588,50000.000,67.00,0
8601,-1187.823,-4751.294,50000.000,47.00,-2017.059,-3951.941,50000.000,79.00,0
8651,-1083.235,-3757.706,50000.000,47.00,-2129.117,-3481.294,50000.000,70.00,0
8701,-1240.118,-1337.235,50000.000,43.00,-1352.176,-1090.706,50000.000,58.00,0
8751,-1785.470,-627.529,50000.000,50.00,-1501.588,410.882,50000.000,79.00,0
8801,-1934.882,-522.941,50000.000,51.00,-1680.882,522.941,50000.000,79.00,0
8851,-2121.647,-1927.412,50000.000,46.00,-2069.353,-635.000,50000.000,77.00,0
8901,-2129.117,-4198.470,50000.000,50.00,-2995.706,-2540.000,50000.000,84.00,0
8951,-2315.882,-3653.117,50000.000,40.00,-2816.412,-1807.882,50000.000,87.00,0
9001,-1942.353,-889.000,50000.000,39.00,-1934.882,418.353,50000.000,52.00,0
9051,-156.882,2046.941,50000.000,39.00,313.765,1030.941,50000.000,77.00,0
9101,1157.941,3511.176,50000.000,42.00,2046.941,1187.823,50000.000,81.00,0
9151,1807.882,2891.117,50000.000,28.00,2181.412,1045.882,50000.000,74.00,0
9201,2293.470,1568.823,50000.000,60.00,2353.235,119.529,50000.000,67.00,0
9251,2898.588,463.176,50000.000,53.00,2375.647,-784.412,50000.000,77.00,0
9301,3548.529,799.353,50000.000,39.00,2980.764,-1621.118,50000.000,68.00,0
9351,4773.706,1329.765,50000.000,52.00,3757.706,-3429.000,50000.000,82.00,0
9401,5737.411,1613.647,50000.000,36.00,4855.882,-2233.706,50000.000,69.00,0
9451,5132.294,1979.706,50000.000,36.00,4833.470,82.176,50000.000,88.00,0
9501,5408.706,3137.647,50000.000,37.00,5244.353,-1733.176,50000.000,61.00,0
9551,6028.764,612.588,50000.000,41.00,5057.588,-3563.470,50000.000,52.00,0
9601,6760.882,-2256.117,50000.000,48.00,4191.000,-6364.941,50000.000,50.00,0
9651,7657.353,-1897.529,50000.000,37.00,4430.059,-8486.588,50000.000,62.00,0
9701,7732.058,-1270.000,50000.000,44.00,4123.765,-8299.823,50000.000,46.00,0
9751,6798.235,-896.471,50000.000,68.00,4594.412,-5132.294,50000.000,57.00,0
9801,5461.000,-1845.235,50000.000,55.00,4706.470,-2002.118,50000.000,61.00,0
9851,5274.235,-2405.529,50000.000,55.00,3772.647,-4631.764,50000.000,77.00,0
9901,5774.764,-4213.412,50000.000,48.00,2764.117,-9076.764,50000.000,70.00,0
9951,5207.000,-4318.000,50000.000,53.00,2173.941,-9539.940,50000.000,75.00,0
10001,3219.823,-156.882,50000.000,53.00,2300.941,-3712.882,50000.000,90.00,0
10051,1800.412,1919.941,50000.000,38.00,2024.529,-298.824,50000.000,35.00,0
10101,1628.588,463.176,50000.000,56.00,1008.529,-3996.764,50000.000,62.00,0
10151,2868.706,-1075.765,50000.000,41.00,672.353,-7134.411,50000.000,33.00,0
10201,3257.176,59.765,50000.000,47.00,1964.765,-5924.176,50000.000,52.00,0
10251,4452.470,-351.118,50000.000,43.00,2764.117,-6925.235,50000.000,38.00,0
10301,6215.529,-612.588,50000.000,40.00,3272.117,-8508.999,50000.000,45.00,0
10351,7380.941,3451.412,50000.000,51.00,5558.117,-6350.000,50000.000,35.00,0
10401,8807.823,6895.353,50000.000,56.00,7978.588,-5625.353,50000.000,44.00,0
10451,10727.764,3996.764,50000.000,55.00,9442.823,-8053.293,50000.000,30.00,0
10501,12423.587,74.706,50000.000,52.00,8314.764,-12139.705,50000.000,78.00,0
10551,12468.411,-2390.588,50000.000,45.00,8785.411,-12132.234,50000.000,48.00,0
10601,11691.470,-5610.412,50000.000,37.00,7493.000,-11601.822,50000.000,69.00,0
10651,12221.882,-5550.646,50000.000,31.00,7709.646,-12035.117,50000.000,60.00,0
10701,11571.940,-582.706,50000.000,36.00,8934.823,-7239.000,50000.000,74.00,0
10751,9607.176,3780.117,50000.000,59.00,8703.234,-3085.353,50000.000,54.00,0
10801,8426.823,2472.765,50000.000,37.00,7515.411,-4041.588,50000.000,50.00,0
10851,9114.117,-1531.470,50000.000,28.00,5558.117,-9121.588,50000.000,71.00,0
10901,9143.999,-3638.176,50000.000,64.00,5341.470,-11205.882,50000.000,80.00,0
10951,8800.353,-6723.529,50000.000,47.00,4930.588,-10137.588,50000.000,71.00,0
11001,8695.764,-7253.941,50000.000,36.00,4669.117,-11429.999,50000.000,71.00,0
11051,8897.470,-2405.529,50000.000,36.00,4960.470,-10847.293,50000.000,55.00,0
11101,7410.823,3003.176,50000.000,58.00,5207.000,-8322.234,50000.000,74.00,0
11151,7874.000,-127.000,50000.000,37.00,5162.176,-9450.294,50000.000,47.00,0
11201,7575.176,-4564.529,50000.000,52.00,3907.117,-9487.646,50000.000,56.00,0
11251,6790.764,-6887.882,50000.000,38.00,3638.176,-10570.882,50000.000,63.00,0
11301,6544.235,-7702.176,50000.000,37.00,1994.647,-13372.352,50000.000,52.00,0
11351,5752.353,-3018.117,50000.000,41.00,2652.059,-11863.293,50000.000,75.00,0
11401,4586.941,358.588,50000.000,51.00,2681.941,-10593.293,50000.000,52.00,0
11451,4811.059,-2330.823,50000.000,35.00,2009.588,-11101.293,50000.000,62.00,0
11501,3787.588,-6282.764,50000.000,34.00,358.588,-11190.940,50000.000,61.00,0
11551,3092.823,-6678.706,50000.000,39.00,-463.176,-10593.293,50000.000,46.00,0
11601,2024.529,-2667.000,50000.000,37.00,-388.471,-8210.176,50000.000,30.00,0
11651,918.882,-194.235,50000.000,46.00,59.765,-6977.529,50000.000,18.00,0
11701,1172.882,-1987.176,50000.000,37.00,-1501.588,-7747.000,50000.000,47.00,0
11751,74.706,-4661.647,50000.000,41.00,-2144.059,-8075.706,50000.000,15.00,0
11801,-664.882,-6043.706,50000.000,55.00,-3414.059,-9577.294,50000.000,39.00,0
11851,-687.294,-6252.882,50000.000,31.00,-4146.176,-11975.353,50000.000,48.00,0
11901,-590.176,-5109.882,50000.000,35.00,-4026.647,-12079.940,50000.000,48.00,0
11951,-493.059,-141.941,50000.000,36.00,-2420.470,-8456.705,50000.000,48.00,0
12001,-635.000,1957.294,50000.000,39.00,-1583.765,-6835.588,50000.000,27.00,0
12051,-582.706,-1897.529,50000.000,37.00,-2569.882,-8703.234,50000.000,45.00,0
12101,-508.000,-4803.588,50000.000,38.00,-3884.706,-11825.940,50000.000,61.00,0
12151,-134.471,-5214.470,50000.000,33.00,-3488.764,-12692.528,50000.000,54.00,0
12201,-231.588,-2435.412,50000.000,45.00,-2794.000,-10563.411,50000.000,61.00,0
12251,141.941,231.588,50000.000,39.00,-2129.117,-10548.470,50000.000,52.00,0
12301,560.294,-1075.765,50000.000,44.00,-2091.765,-12124.764,50000.000,69.00,0
12351,74.706,-5685.117,50000.000,46.00,-3414.059,-12191.999,50000.000,83.00,0
12401,-747.059,-6372.411,50000.000,43.00,-3541.059,-10466.293,50000.000,49.00,0
12451,-1509.059,-5065.059,50000.000,42.00,-3309.470,-8523.940,50000.000,57.00,0
12501,-1538.941,-5326.529,50000.000,55.00,-3615.764,-8942.294,50000.000,54.00,0
12551,-1128.059,-5812.117,50000.000,48.00,-3735.294,-9838.764,50000.000,70.00,0
12601,-1404.470,-6125.882,50000.000,62.00,-3518.647,-9323.294,50000.000,75.00,0
12651,-1202.765,-5737.411,50000.000,65.00,-3533.588,-9891.059,50000.000,58.00,0
12701,-851.647,-4646.706,50000.000,58.00,-3264.647,-8987.117,50000.000,74.00,0
12751,-844.176,-1957.294,50000.000,61.00,-2517.588,-6955.117,50000.000,59.00,0
12801,-455.706,-97.118,50000.000,60.00,-1770.529,-6596.529,50000.000,46.00,0
12851,627.529,-1516.529,50000.000,47.00,-1128.059,-5886.823,50000.000,44.00,0
12901,806.823,-1180.353,50000.000,51.00,-560.294,-4542.117,50000.000,77.00,0
12951,1359.647,-806.823,50000.000,92.00,717.176,-2323.353,50000.000,56.00,0
13001,1397.000,-1098.176,50000.000,57.00,1135.529,-821.765,50000.000,71.00,0
13051,2674.470,612.588,50000.000,62.00,2241.176,-926.353,50000.000,69.00,0
13101,3907.117,1882.588,50000.000,60.00,3503.706,-1016.000,50000.000,72.00,0
13151,5109.882,1792.941,50000.000,63.00,4594.412,-1128.059,50000.000,61.00,0
13201,6275.293,1785.470,50000.000,49.00,5446.059,-1441.823,50000.000,63.00,0
13251,7552.764,1710.765,50000.000,77.00,6648.823,-1875.118,50000.000,60.00,0
13301,8329.705,-866.588,50000.000,47.00,7291.293,-1501.588,50000.000,75.00,0
13351,8523.940,-2472.765,50000.000,70.00,7022.353,-2726.764,50000.000,62.00,0
13401,10040.470,-3683.000,50000.000,56.00,7388.411,-7425.764,50000.000,70.00,0
13451,12191.999,-3473.823,50000.000,43.00,8157.882,-9121.588,50000.000,63.00,0
13501,14156.764,1434.353,50000.000,40.00,10481.234,-10981.764,50000.000,58.00,0
13551,15456.646,5236.882,50000.000,74.00,10899.588,-13252.822,50000.000,40.00,0
13601,15919.822,1180.353,50000.000,66.00,11235.764,-12094.882,50000.000,41.00,0
13651,15904.881,-1778.000,50000.000,50.00,11930.528,-9397.999,50000.000,46.00,0
13701,16554.822,-2988.235,50000.000,52.00,13334.999,-7918.823,50000.000,29.00,0
13751,16607.117,-1277.470,50000.000,45.00,13701.058,-6828.117,50000.000,62.00,0
13801,16898.469,3705.412,50000.000,58.00,13686.117,-9121.588,50000.000,53.00,0
13851,17899.527,2943.412,50000.000,54.00,12685.058,-11556.999,50000.000,53.00,0
13901,18078.822,-2457.823,50000.000,54.00,12408.646,-11937.999,50000.000,61.00,0
13951,17115.117,-4004.235,50000.000,85.00,12789.646,-10697.882,50000.000,58.00,0
14001,15815.234,-4796.117,50000.000,45.00,11721.353,-9846.234,50000.000,52.00,0
14051,15650.881,-1718.235,50000.000,89.00,11131.176,-10757.646,50000.000,61.00,0
14101,15845.116,418.353,50000.000,82.00,11161.058,-12363.822,50000.000,48.00,0
14151,16270.940,-3436.470,50000.000,57.00,10959.353,-11908.117,50000.000,41.00,0
14201,15195.176,-5789.706,50000.000,87.00,10324.353,-11609.293,50000.000,55.00,0
14251,14507.882,-7933.764,50000.000,79.00,9054.353,-12909.176,50000.000,79.00,0
14301,13596.470,-7328.646,50000.000,60.00,7754.470,-13783.234,50000.000,49.00,0
14351,13140.764,-4915.646,50000.000,76.00,8105.588,-14067.116,50000.000,45.00,0
14401,12931.587,-4176.059,50000.000,80.00,7986.058,-12804.587,50000.000,49.00,0
14451,12348.882,-5759.823,50000.000,66.00,7620.000,-10780.058,50000.000,65.00,0
14501,11459.882,-7074.646,50000.000,59.00,6208.059,-12042.588,50000.000,50.00,0
14551,11340.353,-6626.411,50000.000,34.00,5916.706,-13626.352,50000.000,59.00,0
14601,10272.059,-4288.117,50000.000,73.00,5715.000,-13200.528,50000.000,62.00,0
14651,10167.470,-4168.588,50000.000,53.00,5543.176,-12625.293,50000.000,62.00,0
14701,9375.588,-5453.529,50000.000,48.00,5363.882,-10145.059,50000.000,72.00,0
14751,8964.705,-5991.411,50000.000,47.00,4893.235,-10892.117,50000.000,49.00,0
14801,8673.353,-4870.823,50000.000,44.00,4295.588,-11818.470,50000.000,68.00,0
14851,8269.940,-7.471,50000.000,59.00,4953.000,-10227.234,50000.000,74.00,0
14901,8576.234,2659.529,50000.000,90.00,5737.411,-9898.528,50000.000,83.00,0
14951,9950.823,-1172.882,50000.000,72.00,5998.882,-9801.411,50000.000,78.00,0
15001,9756.588,-4370.294,50000.000,90.00,5580.529,-11101.293,50000.000,73.00,0
15051,9950.823,-6364.941,50000.000,48.00,5274.235,-12939.058,50000.000,77.00,0
15101,9338.234,-3488.764,50000.000,83.00,5102.412,-12924.117,50000.000,64.00,0
15151,9188.823,-1314.823,50000.000,79.00,5558.117,-14829.116,50000.000,63.00,0
15201,10122.646,-4273.176,50000.000,56.00,4990.353,-14903.822,50000.000,89.00,0
15251,8897.470,-5177.117,50000.000,63.00,4855.882,-12154.646,50000.000,54.00,0
15301,7560.235,-4071.470,50000.000,66.00,4445.000,-8621.059,50000.000,63.00,0
15351,6148.294,-2032.000,50000.000,75.00,3683.000,-5461.000,50000.000,71.00,0
15401,4960.470,-313.765,50000.000,92.00,3914.588,-4108.823,50000.000,46.00,0
15451,5490.882,-978.647,50000.000,102.00,3376.706,-6544.235,50000.000,81.00,0
15501,6618.941,-2667.000,50000.000,56.00,3630.706,-8015.940,50000.000,78.00,0
15551,7126.941,-4161.117,50000.000,53.00,3660.588,-8314.764,50000.000,76.00,0
15601,7239.000,-3944.470,50000.000,49.00,3996.764,-9323.294,50000.000,50.00,0
15651,7216.588,-4004.235,50000.000,52.00,4034.117,-7776.882,50000.000,43.00,0
15701,6581.588,-2032.000,50000.000,63.00,4527.176,-4728.882,50000.000,63.00,0
15751,6260.353,164.353,50000.000,58.00,5371.353,-2950.882,50000.000,71.00,0
15801,6133.353,567.765,50000.000,53.00,5214.470,-2368.176,50000.000,73.00,0
15851,6566.646,-1538.941,50000.000,58.00,5080.000,-3966.882,50000.000,73.00,0
15901,7388.411,-2196.353,50000.000,47.00,4938.059,-4766.235,50000.000,44.00,0
15951,6372.411,164.353,50000.000,58.00,5550.646,-1210.235,50000.000,71.00,1
16001,4646.706,1023.471,50000.000,51.00,5124.823,1471.706,50000.000,39.00,1
16051,3302.000,-1994.647,50000.000,39.00,2719.294,-186.765,50000.000,42.00,0
16101,2017.059,-4572.000,50000.000,62.00,620.059,-2794.000,50000.000,68.00,0
16151,978.647,-4691.529,50000.000,52.00,-395.941,-3660.588,50000.000,67.00,0
16201,478.118,-2637.117,50000.000,40.00,-993.588,-3369.235,50000.000,61.00,0
16251,-1890.059,694.765,50000.000,72.00,-1202.765,224.118,50000.000,51.00,0
16301,-4586.941,-500.529,50000.000,59.00,-3615.764,52.294,50000.000,38.00,0
16351,-5326.529,-3996.764,50000.000,40.00,-6454.588,-3832.412,50000.000,67.00,0
16401,-5490.882,-5386.294,50000.000,78.00,-6895.353,-6581.588,50000.000,77.00,0
16451,-5408.706,-5744.882,50000.000,53.00,-7126.941,-7911.353,50000.000,58.00,0
16501,-5565.588,-2965.823,50000.000,86.00,-6932.706,-7769.411,50000.000,57.00,0
16551,-5558.117,-2233.706,50000.000,56.00,-6081.059,-7836.646,50000.000,62.00,0
16601,-5214.470,-5513.294,50000.000,87.00,-6970.059,-8068.235,50000.000,67.00,0
16651,-4661.647,-7747.000,50000.000,69.00,-7201.646,-8949.764,50000.000,53.00,0
16701,-4108.823,-7395.882,50000.000,58.00,-7044.764,-8987.117,50000.000,51.00,0
16751,-4519.706,-3615.764,50000.000,61.00,-5520.764,-5468.470,50000.000,36.00,0
16801,-4198.470,-2569.882,50000.000,90.00,-4826.000,-5102.412,50000.000,72.00,0
16851,-3234.764,-5812.117,50000.000,61.00,-4773.706,-7679.764,50000.000,72.00,0
16901,-3033.059,-7097.058,50000.000,77.00,-4967.941,-7141.882,50000.000,75.00,0
16951,-3376.706,-5946.588,50000.000,74.00,-4519.706,-3817.470,50000.000,72.00,0
17001,-3615.764,-6051.176,50000.000,55.00,-4840.941,-3048.000,50000.000,45.00,0
17051,-3443.941,-4758.764,50000.000,69.00,-4601.882,-2995.706,50000.000,53.00,0
17101,-2756.647,-3376.706,50000.000,51.00,-3541.059,-2831.353,50000.000,83.00,0
17151,-2129.117,-4467.412,50000.000,74.00,-2943.412,-3585.882,50000.000,68.00,0
17201,-2046.941,-5924.176,50000.000,53.00,-3152.588,-4355.353,50000.000,57.00,0
17251,-1972.235,-5916.706,50000.000,32.00,-3062.941,-5057.588,50000.000,90.00,0
17301,-2121.647,-5147.235,50000.000,48.00,-3204.882,-4422.588,50000.000,83.00,0
17351,-2286.000,-3556.000,50000.000,69.00,-2764.117,-1837.765,50000.000,68.00,0
17401,-2256.117,-5356.412,50000.000,35.00,-2868.706,-2248.647,50000.000,70.00,0
17451,-2286.000,-6828.117,50000.000,32.00,-3922.059,-3653.117,50000.000,79.00,0
17501,-2144.059,-4564.529,50000.000,53.00,-2689.412,-3316.941,50000.000,55.00,0
17551,-1822.823,-3705.412,50000.000,52.00,-2413.000,-3294.529,50000.000,67.00,0
17601,-1680.882,-5177.117,50000.000,44.00,-2480.235,-4400.176,50000.000,67.00,0
17651,-1501.588,-6320.117,50000.000,30.00,-3055.470,-5274.235,50000.000,90.00,0
17701,-2061.882,-4758.764,50000.000,36.00,-2913.529,-3742.764,50000.000,77.00,0
17751,-2248.647,-3055.470,50000.000,50.00,-2540.000,-1516.529,50000.000,72.00,0
17801,-2278.529,-4699.000,50000.000,49.00,-2876.176,-2300.941,50000.000,51.00,0
17851,-2517.588,-6865.470,50000.000,41.00,-3750.235,-3257.176,50000.000,61.00,0
17901,-2569.882,-4997.823,50000.000,38.00,-3391.647,-1882.588,50000.000,65.00,0
17951,-1927.412,-2383.117,50000.000,40.00,-2248.647,-1247.588,50000.000,86.00,0
18001,-926.353,-1150.470,50000.000,42.00,-1531.470,-2256.117,50000.000,70.00,0
18051,-59.765,-1845.235,50000.000,45.00,-1075.765,-3944.470,50000.000,53.00,0
18101,44.824,-4347.882,50000.000,43.00,-1792.941,-5401.235,50000.000,59.00,0
18151,-67.235,-5072.529,50000.000,30.00,-1979.706,-5423.646,50000.000,50.00,0
18201,-986.118,-3944.470,50000.000,29.00,-2032.000,-3316.941,50000.000,63.00,0
18251,-1718.235,-3264.647,50000.000,49.00,-1949.823,-1359.647,50000.000,66.00,0
18301,-1890.059,-5879.353,50000.000,49.00,-2502.647,-2129.117,50000.000,62.00,0
18351,-1658.470,-7986.058,50000.000,36.00,-3443.941,-4026.647,50000.000,69.00,0
18401,-1524.000,-7037.293,50000.000,50.00,-2906.059,-5602.941,50000.000,56.00,0
18451,-1060.823,-5550.646,50000.000,32.00,-2786.529,-5842.000,50000.000,78.00,0
18501,-687.294,-4646.706,50000.000,57.00,-2121.647,-5961.529,50000.000,84.00,0
18551,-649.941,-5946.588,50000.000,35.00,-2293.470,-5274.235,50000.000,57.00,0
18601,-1344.706,-5954.059,50000.000,62.00,-2547.470,-3742.764,50000.000,65.00,0
18651,-2032.000,-6678.706,50000.000,56.00,-2711.823,-3563.470,50000.000,78.00,0
18701,-2091.765,-8314.764,50000.000,42.00,-3802.529,-4706.470,50000.000,57.00,0
18751,-1972.235,-6693.646,50000.000,74.00,-3354.294,-5602.941,50000.000,89.00,0
18801,-1740.647,-4900.706,50000.000,69.00,-2958.353,-5685.117,50000.000,72.00,0
18851,-1284.941,-5580.529,50000.000,89.00,-2540.000,-5707.529,50000.000,63.00,0
18901,-1299.882,-7014.882,50000.000,75.00,-2689.412,-4953.000,50000.000,72.00,0
18951,-1695.823,-5617.882,50000.000,81.00,-2607.235,-3503.706,50000.000,74.00,0
19001,-2032.000,-5774.764,50000.000,76.00,-2704.353,-3204.882,50000.000,74.00,0
19051,-2330.823,-7463.117,50000.000,57.00,-3645.647,-4572.000,50000.000,66.00,0
19101,-2159.000,-6641.353,50000.000,63.00,-3466.353,-4549.588,50000.000,67.00,0
19151,-2046.941,-5580.529,50000.000,56.00,-3033.059,-4071.470,50000.000,77.00,0
19201,-1957.294,-5154.706,50000.000,61.00,-3010.647,-4146.176,50000.000,63.00,0
19251,-1875.118,-5834.529,50000.000,57.00,-3085.353,-5072.529,50000.000,74.00,0
19301,-1755.588,-5677.646,50000.000,47.00,-2883.647,-3712.882,50000.000,73.00,0
19351,-2286.000,-4870.823,50000.000,64.00,-2786.529,-1800.412,50000.000,52.00,0
19401,-2584.823,-6970.059,50000.000,51.00,-3279.588,-2689.412,50000.000,64.00,0
19451,-2614.706,-8538.882,50000.000,45.00,-4235.823,-4146.176,50000.000,83.00,0
19501,-2756.647,-5924.176,50000.000,52.00,-3443.941,-3361.764,50000.000,68.00,0
19551,-2435.412,-4011.706,50000.000,51.00,-2958.353,-2883.647,50000.000,63.00,0
19601,-1837.765,-4885.764,50000.000,51.00,-2614.706,-3742.764,50000.000,68.00,0
19651,-1449.294,-5326.529,50000.000,57.00,-2637.117,-3092.823,50000.000,74.00,0
19701,-1987.176,-2569.882,50000.000,66.00,-1949.823,-89.647,50000.000,79.00,0
19751,-2465.294,-717.176,50000.000,49.00,-1837.765,1553.882,50000.000,51.00,0
19801,-2726.764,-127.000,50000.000,71.00,-2211.294,1135.529,50000.000,64.00,0
19851,-3100.294,-956.235,50000.000,62.00,-2891.117,545.353,50000.000,72.00,0
19901,-3810.000,-814.294,50000.000,65.00,-3511.176,1344.706,50000.000,54.00,0
19951,-4848.412,762.000,50000.000,42.00,-3824.941,1800.412,50000.000,52.00,0
20001,-5117.353,754.529,50000.000,43.00,-4430.059,582.706,50000.000,55.00,0
20051,-5535.706,-470.647,50000.000,46.00,-5311.588,-1255.059,50000.000,56.00,0
20101,-5513.294,-829.235,50000.000,44.00,-5640.294,-1270.000,50000.000,70.00,0
20151,-5341.470,1023.471,50000.000,42.00,-4504.764,694.765,50000.000,59.00,0
20201,-3854.823,2569.882,50000.000,53.00,-3077.882,-59.765,50000.000,69.00,0
20251,-1725.706,2188.882,50000.000,48.00,-1882.588,-1703.294,50000.000,76.00,0
20301,-1247.588,1972.235,50000.000,45.00,-1195.294,-1583.765,50000.000,73.00,0
20351,-575.235,1008.529,50000.000,47.00,-635.000,-1098.176,50000.000,69.00,0
20401,455.706,433.294,50000.000,47.00,448.235,-127.000,50000.000,65.00,0
20451,1785.470,246.529,50000.000,44.00,1673.412,-186.765,50000.000,74.00,0
20501,3556.000,-216.647,50000.000,39.00,3085.353,-874.059,50000.000,85.00,0
20551,5012.764,-470.647,50000.000,56.00,4213.412,-1120.588,50000.000,46.00,0
20601,6185.646,231.588,50000.000,49.00,5423.646,-1329.765,50000.000,77.00,0
20651,7620.000,1516.529,50000.000,54.00,6805.706,-1329.765,50000.000,48.00,0
20701,7829.176,2741.706,50000.000,56.00,7634.940,418.353,50000.000,67.00,0
20751,7590.117,2398.059,50000.000,70.00,7694.706,2129.117,50000.000,49.00,0
20801,7605.058,552.823,50000.000,66.00,7141.882,1128.059,50000.000,69.00,0
20851,7306.235,-597.647,50000.000,81.00,6708.588,-261.471,50000.000,55.00,0
20901,6701.117,-2017.059,50000.000,61.00,5266.764,-956.235,50000.000,64.00,0
20951,3810.000,-896.471,50000.000,79.00,3750.235,1456.765,50000.000,68.00,0
21001,1665.941,-3018.117,50000.000,57.00,1516.529,1374.588,50000.000,55.00,0
21051,2166.470,-3705.412,50000.000,42.00,971.176,-799.353,50000.000,40.00,0
21101,3951.941,254.000,50000.000,64.00,3212.353,-2330.823,50000.000,78.00,0
21151,5797.176,1748.118,50000.000,63.00,4542.117,-4422.588,50000.000,70.00,0
21201,7537.823,889.000,50000.000,38.00,4721.412,-8083.176,50000.000,41.00,0
21251,9143.999,2681.941,50000.000,61.00,6252.882,-8972.176,50000.000,68.00,0
21301,10115.176,3503.706,50000.000,53.00,7679.764,-7784.353,50000.000,35.00,0
21351,10623.176,1822.823,50000.000,73.00,8516.470,-6275.293,50000.000,45.00,0
21401,10376.646,-2106.706,50000.000,29.00,8591.176,-3130.176,50000.000,49.00,0
21451,9771.528,-1837.765,50000.000,70.00,8329.705,-1591.235,50000.000,63.00,0
21501,10421.470,-1411.941,50000.000,57.00,9054.353,-3518.647,50000.000,52.00,0
21551,11556.999,-3608.294,50000.000,39.00,8591.176,-6275.293,50000.000,63.00,0
21601,12520.705,-702.235,50000.000,78.00,9629.588,-6170.706,50000.000,71.00,0
21651,13626.352,-224.118,50000.000,56.00,10511.117,-7119.470,50000.000,61.00,0
21701,15366.999,164.353,50000.000,64.00,10996.705,-10309.411,50000.000,49.00,0
21751,15508.940,2278.529,50000.000,63.00,11138.646,-13095.940,50000.000,71.00,0
21801,15927.293,261.471,50000.000,48.00,10675.470,-12251.764,50000.000,84.00,0
21851,15523.881,1247.588,50000.000,50.00,12729.882,-6693.646,50000.000,95.00,0
21901,15329.646,844.176,50000.000,26.00,14194.116,-3951.941,50000.000,51.00,0
21951,16241.058,112.059,50000.000,35.00,14059.646,-4041.588,50000.000,76.00,0
22001,15068.176,3294.529,50000.000,44.00,14507.882,-1830.294,50000.000,63.00,0
22051,11624.234,2442.882,50000.000,39.00,11519.646,463.176,50000.000,52.00,0
22101,9928.411,-1314.823,50000.000,14.00,8411.882,-2002.118,50000.000,58.00,0
22151,10107.705,-1105.647,50000.000,26.00,8240.059,-3137.647,50000.000,58.00,0
22201,11923.058,470.647,50000.000,44.00,10115.176,-4437.529,50000.000,40.00,0
22251,13715.999,-366.059,50000.000,41.00,11175.999,-7201.646,50000.000,25.00,0
22301,15292.293,-582.706,50000.000,39.00,11579.411,-10892.117,50000.000,37.00,0
22351,16001.999,918.882,50000.000,60.00,11639.176,-11990.293,50000.000,57.00,0
22401,16315.764,3623.235,50000.000,64.00,12767.234,-10735.234,50000.000,82.00,0
22451,16039.352,2308.412,50000.000,70.00,12326.470,-10989.234,50000.000,49.00,0
22501,16188.764,-1710.765,50000.000,70.00,12304.058,-9480.176,50000.000,52.00,0
22551,15942.234,-3929.529,50000.000,32.00,11990.293,-6611.470,50000.000,57.00,0
22601,16166.352,-747.059,50000.000,39.00,12774.705,-5700.059,50000.000,47.00,0
22651,15434.234,373.529,50000.000,44.00,12416.117,-5976.470,50000.000,56.00,0
22701,16091.646,1598.706,50000.000,54.00,12901.705,-7806.764,50000.000,72.00,0
22751,16450.234,3436.470,50000.000,70.00,12670.117,-10697.882,50000.000,83.00,0
22801,16719.176,739.588,50000.000,66.00,12692.528,-10727.764,50000.000,71.00,0
22851,16308.293,-866.588,50000.000,42.00,13454.528,-8994.588,50000.000,66.00,0
22901,16270.940,-1695.823,50000.000,56.00,13327.528,-7395.882,50000.000,33.00,0
22951,17159.939,-366.059,50000.000,50.00,13902.764,-7194.176,50000.000,51.00,1
23001,17473.705,-612.588,50000.000,47.00,14463.058,-8225.117,50000.000,58.00,1
23051,18310.410,-1150.470,50000.000,18.00,13984.940,-9181.353,50000.000,29.00,0
23101,18370.176,948.765,50000.000,60.00,13417.176,-10877.176,50000.000,67.00,0
23151,18512.117,-1942.353,50000.000,38.00,13021.234,-11265.646,50000.000,67.00,0
23201,16935.822,-2420.470,50000.000,58.00,13110.882,-7881.470,50000.000,79.00,0
23251,13140.764,784.412,50000.000,74.00,11624.234,-3175.000,50000.000,63.00,0
23301,8494.059,1150.470,50000.000,83.00,8023.411,164.353,50000.000,46.00,0
23351,4751.294,-3802.529,50000.000,70.00,3966.882,-508.000,50000.000,56.00,0
23401,2211.294,-7321.176,50000.000,65.00,261.471,-3556.000,50000.000,43.00,0
23451,1800.412,-5827.059,50000.000,63.00,-522.941,-6043.706,50000.000,76.00,0
23501,2039.470,-5087.470,50000.000,50.00,0.000,-7358.529,50000.000,60.00,0
23551,2263.588,-4049.059,50000.000,50.00,-104.588,-6917.764,50000.000,81.00,0
23601,2054.412,381.000,50000.000,71.00,769.471,-6686.176,50000.000,72.00,0
23651,2061.882,-649.941,50000.000,67.00,328.706,-8628.529,50000.000,74.00,0
23701,2278.529,-6088.529,50000.000,53.00,-1172.882,-10159.999,50000.000,63.00,0
23751,2121.647,-8591.176,50000.000,38.00,-1583.765,-10727.764,50000.000,42.00,0
23801,1845.235,-8733.117,50000.000,44.00,-2442.882,-11422.528,50000.000,49.00,0
23851,1538.941,-4743.823,50000.000,37.00,-1150.470,-8023.411,50000.000,43.00,0
23901,1060.823,-1389.529,50000.000,49.00,246.529,-4452.470,50000.000,69.00,0
23951,1695.823,-1404.470,50000.000,41.00,67.235,-5401.235,50000.000,42.00,0
24001,1411.941,-4168.588,50000.000,47.00,-425.823,-5558.117,50000.000,50.00,0
24051,747.059,-6626.411,50000.000,45.00,-1270.000,-4631.764,50000.000,67.00,0
24101,306.294,-7216.588,50000.000,54.00,-1344.706,-4407.647,50000.000,34.00,0
24151,97.118,-6940.176,50000.000,47.00,-1718.235,-4953.000,50000.000,45.00,0
24201,859.118,-4639.235,50000.000,47.00,-829.235,-5050.117,50000.000,64.00,0
24251,956.235,-2248.647,50000.000,38.00,-209.176,-4019.176,50000.000,77.00,0
24301,1232.647,-1367.118,50000.000,43.00,545.353,-3705.412,50000.000,74.00,0
24351,1665.941,-5192.059,50000.000,39.00,-74.706,-5976.470,50000.000,68.00,0
24401,1538.941,-7276.353,50000.000,33.00,-1202.765,-6977.529,50000.000,66.00,0
24451,889.000,-7403.353,50000.000,31.00,-1105.647,-6260.353,50000.000,66.00,0
24501,620.059,-7866.529,50000.000,34.00,-1665.941,-6125.882,50000.000,40.00,0
24551,776.941,-6477.000,50000.000,32.00,-1284.941,-5662.706,50000.000,68.00,0
24601,1023.471,-3780.117,50000.000,35.00,-164.353,-4280.647,50000.000,52.00,0
24651,1180.353,-2622.176,50000.000,41.00,-29.882,-4183.529,50000.000,50.00,0
24701,1262.529,-3092.823,50000.000,40.00,59.765,-4034.117,50000.000,67.00,0
24751,1083.235,-5094.941,50000.000,56.00,-724.647,-4235.823,50000.000,73.00,0
24801,418.353,-5184.588,50000.000,49.00,-889.000,-2906.059,50000.000,55.00,0
24851,-388.471,-4855.882,50000.000,58.00,-896.471,-1822.823,50000.000,26.00,0
24901,-881.529,-7022.353,50000.000,55.00,-1800.412,-3324.412,50000.000,30.00,0
24951,-702.235,-7717.117,50000.000,58.00,-2786.529,-5393.764,50000.000,35.00,0
25001,-321.235,-6215.529,50000.000,56.00,-2181.412,-5901.764,50000.000,44.00,0
25051,59.765,-4504.764,50000.000,54.00,-1770.529,-5386.294,50000.000,31.00,0
25101,-351.118,-3107.764,50000.000,53.00,-1299.882,-4086.411,50000.000,27.00,0
25151,-373.529,-4332.941,50000.000,38.00,-1553.882,-4265.706,50000.000,60.00,0
25201,-485.588,-4676.588,50000.000,34.00,-1688.353,-2801.470,50000.000,32.00,0
25251,-1389.529,-3033.059,50000.000,43.00,-1494.118,-29.882,50000.000,37.00,0
25301,-1875.118,-3189.941,50000.000,71.00,-1778.000,403.412,50002.000,19.00,0
25351,-1882.588,-5655.235,50000.000,44.00,-2644.588,-1807.882,50000.000,37.00,0
25401,-1299.882,-6641.353,50000.000,39.00,-2906.059,-3802.529,50000.000,24.00,0
25451,-896.471,-5334.000,50000.000,34.00,-2420.470,-5080.000,50000.000,46.00,0
25501,-291.353,-3578.412,50000.000,44.00,-1912.470,-5214.470,50000.000,61.00,0
25551,-254.000,-3630.706,50000.000,35.00,-1314.823,-4415.117,50000.000,53.00,0
25601,-493.059,-4885.764,50000.000,42.00,-1710.765,-4026.647,50000.000,61.00,0
25651,-702.235,-3884.706,50000.000,49.00,-1389.529,-1919.941,50000.000,45.00,0
25701,-1359.647,-2450.353,50000.000,37.00,-1150.470,926.353,50000.000,39.00,0
25751,-1830.294,-3473.823,50000.000,48.00,-1621.118,784.412,50000.000,26.00,0
25801,-1367.118,-4826.000,50000.000,45.00,-2308.412,-1255.059,50000.000,42.00,0
25851,-1045.882,-4788.647,50000.000,46.00,-1964.765,-2457.823,50000.000,57.00,0
25901,-971.176,-3668.059,50000.000,42.00,-1688.353,-2846.294,50000.000,65.00,0
25951,-709.706,-1905.000,50000.000,45.00,-1270.000,-2779.059,50000.000,51.00,0
26001,-463.176,-829.235,50000.000,36.00,-1083.235,-3242.235,50000.000,52.00,0
26051,-261.471,-2032.000,50000.000,42.00,-1225.176,-3742.764,50000.000,61.00,0
26101,-724.647,-4385.235,50000.000,41.00,-1628.588,-3421.529,50000.000,55.00,0
26151,-986.118,-5490.882,50000.000,36.00,-2076.823,-3234.764,50000.000,70.00,0
26201,-1284.941,-4422.588,50000.000,35.00,-1792.941,-881.529,50000.000,77.00,0
26251,-1792.941,-3055.470,50000.000,48.00,-1486.647,1255.059,50000.000,36.00,0
26301,-1628.588,-4497.294,50000.000,39.00,-1598.706,194.235,50000.000,63.00,0
26351,-1157.941,-6633.882,50000.000,37.00,-2502.647,-2674.470,50000.000,77.00,0
26401,-769.471,-6230.470,50000.000,40.00,-2106.706,-4213.412,50000.000,67.00,0
26451,-664.882,-4699.000,50000.000,39.00,-1815.353,-4519.706,50000.000,77.00,0
26501,-351.118,-2607.235,50000.000,53.00,-1367.118,-3615.764,50000.000,79.00,0
26551,-261.471,-1778.000,50000.000,47.00,-799.353,-3197.412,50000.000,77.00,0
26601,-104.588,-3817.470,50000.000,47.00,-1307.353,-3914.588,50000.000,83.00,0
26651,-186.765,-5154.706,50000.000,39.00,-1486.647,-3488.764,50000.000,89.00,0
26701,-776.941,-4990.353,50000.000,48.00,-1434.353,-1389.529,50000.000,81.00,0
26751,-1359.647,-4474.882,50000.000,41.00,-1531.470,164.353,50000.000,71.00,0
26801,-1359.647,-5991.411,50000.000,37.00,-2106.706,-1449.294,50000.000,90.00,0
26851,-866.588,-6641.353,50000.000,42.00,-2375.647,-3705.412,50000.000,64.00,0
26901,-515.471,-4870.823,50000.000,38.00,-1710.765,-4213.412,50000.000,69.00,0
26951,-104.588,-2771.588,50000.000,42.00,-971.176,-2681.941,50000.000,75.00,0
27001,-224.118,-1598.706,50000.000,38.00,-508.000,-1815.353,50000.000,68.00,0
27051,-82.176,-3361.764,50000.000,36.00,-866.588,-2540.000,50000.000,78.00,0
27101,-104.588,-2368.176,50000.000,44.00,-866.588,-1553.882,50000.000,63.00,0
27151,104.588,1217.706,50000.000,40.00,448.235,291.353,50000.000,61.00,0
27201,433.294,1471.706,50000.000,49.00,971.176,448.235,50000.000,68.00,0
27251,328.706,-1591.235,50000.000,53.00,97.118,762.000,50000.000,59.00,0
27301,-694.765,-2233.706,50000.000,51.00,-784.412,1120.588,50000.000,87.00,0
27351,-1352.176,-754.529,50000.000,56.00,-821.765,1591.235,50000.000,66.00,0
27401,-2084.294,-1411.941,50000.000,44.00,-1733.176,1016.000,50000.000,57.00,0
27451,-2368.176,-1703.294,50000.000,44.00,-2607.235,239.059,50000.000,56.00,0
27501,-1613.647,1464.235,50000.000,41.00,-978.647,1150.470,50000.000,67.00,0
27551,-537.882,3593.353,50000.000,45.00,433.294,1464.235,50000.000,72.00,0
27601,82.176,2674.470,50000.000,45.00,649.941,1270.000,50000.000,39.00,0
27651,605.118,-470.647,50000.000,33.00,276.412,-1143.000,50000.000,68.00,0
27701,1344.706,-903.941,50000.000,46.00,328.706,-1949.823,50000.000,62.00,0
27751,2286.000,2084.294,50002.000,72.00,2532.529,-239.059,50000.000,67.00,0
27801,4078.941,2726.764,49999.000,48.00,3951.941,-978.647,50000.000,67.00,0
27851,6193.117,4049.059,49999.000,38.00,5595.470,-2405.529,49999.000,45.00,0
27901,8045.823,4542.117,50000.000,45.00,7186.706,-3010.647,49999.000,73.00,0
27951,8964.705,3152.588,50000.000,52.00,7522.882,-2943.412,50000.000,83.00,0
28001,8770.470,2823.882,50000.000,48.00,7530.353,-2330.823,50000.000,84.00,0
28051,9203.764,3488.764,50000.000,44.00,8486.588,-1688.353,50000.000,63.00,0
28101,11571.940,3511.176,50000.000,39.00,10145.059,-3167.529,50000.000,68.00,0
28151,14283.764,1225.176,50000.000,38.00,11422.528,-5543.176,50000.000,59.00,0
28201,16592.176,104.588,50000.000,51.00,12812.058,-8359.588,50000.000,39.00,0
28251,18138.588,0.000,50000.000,41.00,13880.352,-8807.823,50000.000,38.00,0
28301,17630.588,605.118,50000.000,46.00,14911.293,-4034.117,50000.000,48.00,0
28351,16368.058,1598.706,50000.000,46.00,15210.116,-1128.059,50000.000,65.00,0
28401,17697.822,14.941,50000.000,39.00,14858.999,-5319.059,50000.000,53.00,0
28451,19020.117,-1329.765,50000.000,42.00,14238.940,-8972.176,50000.000,67.00,0
28501,19998.764,-709.706,50000.000,44.00,14194.116,-10570.882,50000.000,60.00,0
28551,20760.764,1068.294,50000.000,48.00,15284.822,-11205.882,50000.000,67.00,0
28601,21179.117,2398.059,50000.000,35.00,15845.116,-11930.528,50000.000,27.00,0
28651,20730.881,2644.588,50000.000,58.00,15479.058,-11295.528,50000.000,49.00,0
28701,21552.646,336.176,50000.000,39.00,16181.293,-9771.528,50000.000,33.00,0
28751,20969.939,-2465.294,50000.000,37.00,16696.764,-8748.059,50000.000,29.00,0
28801,21926.176,-2681.941,50000.000,33.00,17331.764,-8845.176,50000.000,31.00,0
28851,21948.586,1180.353,50000.000,38.00,16614.588,-9958.293,50000.000,54.00,0
28901,22762.881,2876.176,50000.000,64.00,16569.764,-11975.353,50000.000,75.00,0
28951,23861.057,2330.823,50000.000,79.00,17279.469,-11422.528,50000.000,72.00,0
29001,23539.822,336.176,50000.000,72.00,17010.527,-10219.764,50000.000,53.00,0
29051,23218.586,-3339.353,50000.000,61.00,16248.528,-10802.470,50000.000,67.00,0
29101,22112.939,-4250.765,50000.000,78.00,15337.116,-11863.293,50000.000,52.00,0
29151,21283.705,-2390.588,50000.000,65.00,14888.881,-12819.528,50000.000,67.00,0
29201,21739.410,-2129.117,50000.000,33.00,14657.293,-11467.353,50000.000,58.00,0
29251,20932.586,-1748.118,50000.000,53.00,15269.881,-9831.293,50000.000,72.00,0
29301,21283.705,-1703.294,50000.000,46.00,15845.116,-10085.293,50000.000,50.00,0
29351,21963.527,1247.588,50000.000,48.00,16330.705,-10645.588,50000.000,41.00,0
29401,21373.352,4743.823,50000.000,62.00,17525.998,-11302.999,50000.000,68.00,0
29451,23300.764,1890.059,50000.000,53.00,16943.293,-12072.470,50000.000,73.00,0
29501,23293.293,209.176,50000.000,37.00,17055.352,-10690.411,50000.000,89.00,0
29551,22351.998,-1404.470,50000.000,36.00,17167.410,-9734.176,50000.000,77.00,0
29601,22053.176,-2554.941,50000.000,49.00,16338.176,-10757.646,50000.000,62.00,0
29651,22045.705,1382.059,50000.000,48.00,16547.352,-13215.470,50000.000,65.00,0
29701,21866.410,1837.765,50000.000,43.00,16308.293,-13110.882,50000.000,48.00,0
29751,21164.176,-1658.470,50000.000,45.00,15015.881,-10847.293,50000.000,44.00,0
29801,19513.176,-4572.000,50000.000,43.00,14194.116,-10324.353,50000.000,47.00,0
29851,19229.293,-5856.941,50000.000,43.00,13364.882,-11273.117,50000.000,54.00,0
29901,18893.117,-2808.941,50000.000,52.00,12714.940,-11512.176,50000.000,73.00,0
29951,18459.822,-911.412,50000.000,48.00,12423.587,-12012.705,50000.000,64.00,0
