timestamp[ms],left_dx[um],left_dy[um],left_dt[us],left_sq44right_dx[um],right_dy[um],right_dt[us],right_sq,waterPin
0,0.000,0.000,50157.000,31.00,0.000,0.000,50153.000,52.00,0
51,4661.647,-4557.059,50000.000,39.00,-283.882,-14799.234,50000.000,50.00,0
101,2928.470,1299.882,50000.000,49.00,381.000,-9495.117,50000.000,33.00,0
151,1128.059,5221.941,50000.000,83.00,440.765,-6641.353,50000.000,73.00,0
201,2114.176,-410.882,50000.000,46.00,-762.000,-10040.470,50000.000,36.00,0
251,2495.176,-4019.176,50000.000,60.00,-2076.823,-14186.646,50000.000,78.00,0
301,2614.706,-3100.294,50000.000,48.00,-1807.882,-14612.470,50000.000,55.00,0
351,1284.941,1957.294,50000.000,69.00,-1568.823,-11691.470,50000.000,63.00,0
401,1210.235,2913.529,50000.000,87.00,-911.412,-12438.528,50000.000,41.00,0
451,2114.176,-2338.294,50000.000,45.00,-2562.412,-14903.822,50000.000,36.00,0
501,1964.765,-3302.000,50000.000,50.00,-2592.294,-14971.058,50000.000,59.00,0
551,440.765,799.353,50000.000,42.00,-2562.412,-11810.999,50000.000,43.00,0
601,-582.706,4452.470,50000.000,84.00,-1957.294,-10802.470,50000.000,35.00,0
651,1367.118,-171.824,50000.000,62.00,-2173.941,-12968.940,50000.000,43.00,0
701,1060.823,-2719.294,50000.000,45.00,-2988.235,-14582.587,50000.000,41.00,0
751,1284.941,590.176,50000.000,42.00,-2256.117,-12214.411,50000.000,42.00,0
801,-261.471,7224.058,50000.000,82.00,-522.941,-5819.588,50000.000,42.00,0
851,1643.529,5782.235,50000.000,66.00,1329.765,-4303.059,50000.000,39.00,0
901,2614.706,463.176,50000.000,57.00,1180.353,-3727.823,50000.000,53.00,0
951,1807.882,-1538.941,50000.000,44.00,784.412,-3937.000,50000.000,41.00,0
1001,3189.941,-328.706,50000.000,50.00,1531.470,-3675.529,50000.000,44.00,0
1051,5109.882,1949.823,50000.000,48.00,4579.470,-2300.941,50000.000,70.00,0
1101,7986.058,3683.000,50000.000,71.00,7104.529,-3757.706,50000.000,73.00,0
1151,10772.588,1397.000,50000.000,63.00,8075.706,-8845.176,50000.000,70.00,0
1201,11788.588,560.294,50000.000,55.00,6701.117,-12012.705,50000.000,47.00,0
1251,11542.058,-381.000,50000.000,82.00,7634.940,-13170.646,50000.000,56.00,0
1301,11788.588,-3922.059,50000.000,54.00,6566.646,-14313.646,50000.000,47.00,0
1351,11153.588,-5326.529,50000.000,68.00,6305.176,-14492.940,50000.000,41.00,0
1401,10735.234,-3541.059,50000.000,33.00,5812.117,-13955.058,50000.000,54.00,0
1451,10555.940,3966.882,50000.000,81.00,6858.000,-13730.940,50000.000,61.00,0
1501,11265.646,4370.294,50000.000,85.00,7739.529,-13185.587,50000.000,56.00,0
1551,10981.764,1591.235,50000.000,50.00,7007.411,-9853.705,50000.000,60.00,0
1601,8807.823,2173.941,50000.000,85.00,6432.176,-7156.823,50000.000,57.00,0
1651,7717.117,986.118,50000.000,49.00,5020.235,-8098.117,50000.000,68.00,0
1701,8673.353,1060.823,50000.000,40.00,5192.059,-10085.293,50000.000,74.00,0
1751,9502.588,3219.823,50000.000,43.00,6208.059,-9614.646,50000.000,56.00,0
1801,8987.117,8053.293,50000.000,88.00,7380.941,-8367.059,50000.000,64.00,0
1851,10742.705,4654.176,50000.000,46.00,7903.882,-11138.646,50000.000,67.00,0
1901,11310.470,-1501.588,50000.000,49.00,6469.529,-12871.822,50000.000,76.00,0
1951,11676.528,-3720.353,50000.000,41.00,7119.470,-14702.116,50000.000,46.00,0
2001,11459.882,1658.470,50000.000,34.00,7463.117,-11893.176,50000.000,47.00,0
2051,10115.176,7627.470,50000.000,62.00,8434.294,-8972.176,50000.000,66.00,0
2101,11220.823,3675.529,50000.000,41.00,7806.764,-10219.764,50000.000,53.00,0
2151,11101.293,-2375.647,50000.000,46.00,6327.588,-11728.822,50000.000,54.00,0
2201,10951.882,-4459.941,50000.000,42.00,6439.646,-14044.705,50000.000,82.00,0
2251,10473.764,-194.235,50000.000,33.00,6013.823,-12602.882,50000.000,71.00,0
2301,9592.234,6185.646,50000.000,39.00,7059.706,-11758.705,50000.000,71.00,0
2351,10780.058,3697.941,50000.000,41.00,7059.706,-12072.470,50000.000,66.00,0
2401,10107.705,22.412,50000.000,48.00,5916.706,-10331.823,50000.000,48.00,0
2451,8576.234,-313.765,50000.000,53.00,5408.706,-10555.940,50000.000,24.00,0
2501,8113.058,-1105.647,50000.000,28.00,4586.941,-11743.764,50000.000,30.00,0
2551,7291.293,2719.294,50000.000,45.00,4676.588,-10488.705,50000.000,16.00,0
2601,7717.117,3458.882,50000.000,99.00,5147.235,-10944.411,50000.000,43.00,0
2651,8972.176,-1382.059,50000.000,60.00,4870.823,-12438.528,50000.000,40.00,0
2701,9315.823,-4594.412,50000.000,61.00,4542.117,-14746.940,50000.000,45.00,0
2751,8860.117,-2487.706,50000.000,54.00,4482.353,-14746.940,50000.000,63.00,0
2801,7336.117,3107.764,50000.000,89.00,4549.588,-13185.587,50000.000,48.00,0
2851,7694.706,1822.823,50000.000,85.00,4370.294,-14433.176,50000.000,80.00,0
2901,7918.823,-3630.706,50000.000,63.00,3429.000,-15755.470,50000.000,57.00,0
2951,7373.470,-4624.294,50000.000,66.00,3122.706,-16509.998,50000.000,77.00,0
3001,6118.411,-366.059,50000.000,60.00,3264.647,-12662.646,50000.000,70.00,0
3051,4721.412,3750.235,50000.000,77.00,2779.059,-9644.528,50000.000,64.00,0
3101,3795.059,2286.000,50000.000,71.00,2435.412,-6656.293,50000.000,83.00,0
3151,2226.235,-291.353,50000.000,72.00,911.412,-4997.823,50000.000,74.00,0
3201,889.000,-448.235,50000.000,63.00,-508.000,-5976.470,50000.000,78.00,0
3251,336.176,351.118,50000.000,58.00,-1778.000,-8665.882,50000.000,48.00,0
3301,1382.059,1143.000,50000.000,41.00,-1284.941,-10159.999,50000.000,46.00,0
3351,717.176,4848.412,50000.000,72.00,-1202.765,-9465.234,50000.000,62.00,0
3401,1785.470,2069.353,50000.000,63.00,-283.882,-11123.705,50000.000,46.00,0
3451,3055.470,-2756.647,50000.000,50.00,-1748.118,-14515.352,50000.000,37.00,0
3501,3122.706,-2457.823,50000.000,55.00,-1113.118,-14649.822,50000.000,43.00,0
3551,1068.294,1710.765,50000.000,52.00,-1307.353,-9958.293,50000.000,49.00,0
3601,-918.882,3384.176,50000.000,88.00,-1195.294,-5729.941,50000.000,54.00,0
3651,-963.706,-2233.706,50000.000,60.00,-2525.059,-6499.411,50000.000,56.00,0
3701,-1621.118,-3675.529,50000.000,58.00,-3705.412,-7552.764,50000.000,39.00,0
3751,-3772.647,-1247.588,50000.000,55.00,-4220.882,-3839.882,50000.000,69.00,0
3801,-5319.059,-1150.470,50000.000,51.00,-5080.000,-2525.059,50000.000,66.00,0
3851,-4519.706,-2794.000,50000.000,93.00,-5849.470,-7112.000,50000.000,38.00,0
3901,-3705.412,-1143.000,50000.000,68.00,-5334.000,-8740.588,50000.000,40.00,0
3951,-3100.294,2779.059,50000.000,75.00,-3974.353,-6872.941,50000.000,56.00,0
4001,-1628.588,-313.765,50000.000,60.00,-3331.882,-8889.999,50000.000,58.00,0
4051,-343.647,-5670.176,50000.000,58.00,-4235.823,-13469.470,50000.000,53.00,0
4101,530.412,-5685.117,50000.000,38.00,-4086.411,-15210.116,50000.000,65.00,0
4151,-791.882,-1157.941,50000.000,55.00,-3966.882,-13686.117,50000.000,62.00,0
4201,-1568.823,1389.529,50000.000,87.00,-4131.235,-12632.764,50000.000,78.00,0
4251,-1389.529,-3735.294,50000.000,41.00,-4646.706,-13805.646,50000.000,75.00,0
4301,-1643.529,-6723.529,50000.000,47.00,-5520.764,-14672.234,50000.000,66.00,0
4351,-2704.353,-4557.059,50000.000,46.00,-5199.529,-11960.411,50000.000,77.00,0
4401,-3810.000,-2196.353,50000.000,56.00,-5236.882,-10832.353,50000.000,66.00,0
4451,-3003.176,-3847.353,50000.000,52.00,-5244.353,-11400.117,50000.000,78.00,0
4501,-3272.117,-5602.941,50000.000,31.00,-5438.588,-10331.823,50000.000,70.00,0
4551,-3578.412,-4512.235,50000.000,46.00,-5498.353,-10511.117,50000.000,75.00,0
4601,-4265.706,-2659.529,50000.000,45.00,-6021.294,-10301.940,50000.000,68.00,0
4651,-4945.529,1441.823,50000.000,59.00,-5946.588,-7522.882,50000.000,79.00,0
4701,-5744.882,1113.118,50000.000,83.00,-5311.588,-6350.000,50000.000,84.00,0
4751,-4960.470,-3279.588,50000.000,57.00,-6768.353,-8882.529,50000.000,77.00,0
4801,-4975.412,-4639.235,50000.000,66.00,-6999.941,-12304.058,50000.000,83.00,0
4851,-4452.470,-4900.706,50000.000,57.00,-8284.882,-14313.646,50000.000,83.00,0
4901,-4609.353,500.529,50000.000,46.00,-6058.646,-11400.117,50000.000,62.00,0
4951,-4071.470,4796.117,50000.000,80.00,-4885.764,-8785.411,50000.000,46.00,0
5001,-3750.235,1531.470,50000.000,77.00,-4549.588,-7485.529,50000.000,50.00,0
5051,-4153.647,-2584.823,50000.000,58.00,-5408.706,-8322.234,50000.000,89.00,0
5101,-2891.117,-3578.412,50000.000,46.00,-5580.529,-11952.940,50000.000,41.00,0
5151,-2181.412,-141.941,50000.000,46.00,-5177.117,-12311.528,50000.000,42.00,0
5201,-2711.823,5513.294,50000.000,88.00,-4280.647,-11048.999,50000.000,40.00,0
5251,-1083.235,3556.000,50000.000,83.00,-3204.882,-11146.117,50000.000,46.00,0
5301,-627.529,-1912.470,50000.000,49.00,-3914.588,-12162.117,50000.000,52.00,0
5351,366.059,-3264.647,50000.000,47.00,-3585.882,-12916.646,50000.000,48.00,0
5401,-1643.529,112.059,50000.000,48.00,-3399.117,-9427.882,50000.000,78.00,0
5451,-2569.882,3526.117,50000.000,84.00,-3817.470,-9913.470,50000.000,71.00,0
5501,-1105.647,1912.470,50000.000,50.00,-4183.529,-13312.587,50000.000,55.00,0
5551,-806.823,-1307.353,50000.000,55.00,-5192.059,-15508.940,50000.000,62.00,0
5601,-911.412,-1374.588,50000.000,48.00,-4982.882,-15516.411,50000.000,53.00,0
5651,-2517.588,1957.294,50000.000,38.00,-4751.294,-11527.117,50000.000,75.00,0
5701,-3062.941,3862.294,50000.000,81.00,-4049.059,-9637.059,50000.000,49.00,0
5751,-2129.117,-2786.529,50000.000,57.00,-4586.941,-10690.411,50000.000,82.00,0
5801,-2084.294,-5789.706,50000.000,52.00,-5326.529,-12281.646,50000.000,51.00,0
5851,-2644.588,-3055.470,50000.000,58.00,-4751.294,-10122.646,50000.000,85.00,0
5901,-3137.647,-403.412,50000.000,74.00,-4654.176,-10339.293,50000.000,68.00,0
5951,-1314.823,-2928.470,50000.000,75.00,-4549.588,-12236.822,50000.000,64.00,0
6001,-1411.941,-5789.706,50000.000,63.00,-4684.059,-12968.940,50000.000,68.00,0
6051,-933.823,-6133.353,50000.000,42.00,-4766.235,-14717.058,50000.000,50.00,0
6101,-1658.470,-2061.882,50000.000,52.00,-4885.764,-13379.822,50000.000,75.00,0
6151,-2076.823,1180.353,50000.000,88.00,-4467.412,-13969.999,50000.000,42.00,0
6201,-1098.176,-2457.823,50000.000,56.00,-4743.823,-13394.764,50000.000,81.00,0
6251,-1733.176,-4616.823,50000.000,38.00,-4751.294,-13566.587,50000.000,57.00,0
6301,-1352.176,-2935.941,50000.000,54.00,-4504.764,-12438.528,50000.000,51.00,0
6351,-2271.059,2375.647,50000.000,33.00,-3735.294,-8725.646,50000.000,59.00,0
6401,-2054.412,4482.353,50000.000,84.00,-3077.882,-8195.234,50000.000,40.00,0
6451,-1128.059,-470.647,50000.000,112.00,-3653.117,-9898.528,50000.000,39.00,0
6501,-2069.353,-1621.118,50000.000,80.00,-4310.529,-10227.234,50000.000,54.00,0
6551,-2973.294,-874.059,50000.000,53.00,-4355.353,-10107.705,50000.000,62.00,0
6601,-2674.470,2009.588,50000.000,58.00,-4512.235,-9308.353,50000.000,52.00,0
6651,-3145.117,7963.646,50000.000,83.00,-2965.823,-7433.235,50000.000,68.00,0
6701,-1314.823,5005.294,50000.000,62.00,-2614.706,-9502.588,50000.000,69.00,0
6751,179.294,-821.765,50000.000,35.00,-3421.529,-13133.293,50000.000,68.00,0
6801,926.353,-1509.059,50000.000,38.00,-3294.529,-15045.764,50000.000,36.00,0
6851,-627.529,1075.765,50000.000,49.00,-3593.353,-11967.882,50000.000,78.00,0
6901,-2286.000,3720.353,50000.000,91.00,-3712.882,-10354.234,50000.000,66.00,0
6951,-1509.059,-552.823,50000.000,57.00,-4332.941,-12468.411,50000.000,60.00,0
7001,-1210.235,-3944.470,50000.000,40.00,-5371.353,-14455.587,50000.000,45.00,0
7051,-1755.588,-1464.235,50000.000,57.00,-5012.764,-12670.117,50000.000,32.00,0
7101,-2935.941,3339.353,50000.000,93.00,-4631.764,-10832.353,50000.000,74.00,0
7151,-1546.412,485.588,50000.000,55.00,-4138.706,-11407.588,50000.000,39.00,0
7201,-1621.118,-3914.588,50000.000,43.00,-5124.823,-11146.117,50000.000,41.00,0
7251,-2958.353,-3160.059,50000.000,57.00,-5102.412,-9592.234,50000.000,57.00,0
7301,-4235.823,-448.235,50000.000,45.00,-5490.882,-6813.176,50000.000,54.00,0
7351,-5109.882,3496.235,50000.000,58.00,-5177.117,-3959.411,50000.000,33.00,0
7401,-4721.412,5670.176,50000.000,83.00,-4504.764,-4176.059,50000.000,68.00,0
7451,-2652.059,1733.176,50000.000,62.00,-4123.765,-8359.588,50000.000,41.00,1
7501,-1337.235,-1718.235,50000.000,59.00,-4489.823,-12057.528,50000.000,43.00,1
7551,-1740.647,-2629.647,50000.000,51.00,-4422.588,-9442.823,50000.000,33.00,0
7601,-4646.706,-575.235,50000.000,68.00,-4676.588,-2390.588,50000.000,54.00,0
7651,-5408.706,3025.588,50000.000,64.00,-4669.117,-776.941,50000.000,66.00,0
7701,-4310.529,6521.823,50000.000,69.00,-3944.470,-1658.470,50000.000,56.00,0
7751,-3122.706,6835.588,50000.000,101.00,-2502.647,-1755.588,50000.000,67.00,0
7801,-3578.412,3914.588,50000.000,56.00,-3518.647,-1643.529,50000.000,64.00,0
7851,-5259.294,3914.588,50000.000,96.00,-4990.353,-2181.412,50000.000,66.00,0
7901,-7709.646,3697.941,50000.000,68.00,-6506.882,-1449.294,50000.000,69.00,0
7951,-9330.764,1949.823,50000.000,77.00,-8359.588,-1524.000,50000.000,76.00,0
8001,-9778.999,1210.235,50000.000,90.00,-9069.294,-1471.706,50000.000,75.00,0
8051,-10944.411,156.882,50000.000,79.00,-10055.411,-642.471,50000.000,59.00,0
8101,-12229.353,-3115.235,50000.000,70.00,-11161.058,-283.882,50000.000,62.00,0
8151,-12602.882,-4967.941,50000.000,45.00,-12431.058,-1270.000,50000.000,45.00,0
8201,-12087.411,-4101.353,50000.000,23.00,-12655.176,-3563.470,50000.000,65.00,0
8251,-12072.470,-2159.000,50000.000,49.00,-11908.117,-4243.294,50000.000,67.00,0
8301,-11952.940,-209.176,50000.000,53.00,-11273.117,-3018.117,50000.000,82.00,0
8351,-11362.764,-724.647,50000.000,51.00,-10563.411,-2465.294,50000.000,53.00,0
8401,-11220.823,-3227.294,50000.000,23.00,-11534.588,-4415.117,50000.000,69.00,0
8451,-11288.058,-3907.117,50000.000,30.00,-11415.058,-4265.706,50000.000,89.00,0
8501,-11116.234,-4669.117,50000.000,45.00,-10645.588,-2181.412,50000.000,78.00,0
8551,-10959.353,-5520.764,50000.000,41.00,-10847.293,-74.706,50000.000,45.00,0
8601,-11542.058,-4459.941,50000.000,31.00,-11086.353,-1068.294,50000.000,58.00,0
8651,-11482.293,-2009.588,50000.000,28.00,-11175.999,-3175.000,50000.000,79.00,0
8701,-11878.234,448.235,50000.000,47.00,-10653.058,-1150.470,50000.000,67.00,0
8751,-11542.058,1113.118,50000.000,96.00,-9920.940,1456.765,50000.000,53.00,0
8801,-10653.058,-2450.353,50000.000,93.00,-9905.999,418.353,50000.000,68.00,0
8851,-9905.999,-6028.764,50000.000,44.00,-10526.059,-1598.706,50000.000,82.00,0
8901,-9510.059,-6312.646,50000.000,83.00,-9637.059,-485.588,50000.000,61.00,0
8951,-9659.470,-5998.882,50000.000,58.00,-9622.117,-567.765,50000.000,76.00,0
9001,-9659.470,-5580.529,50000.000,73.00,-9793.940,-575.235,50000.000,55.00,0
9051,-9256.059,-4452.470,50000.000,51.00,-9278.470,-1411.941,50000.000,69.00,0
9101,-8113.058,-2838.823,50000.000,46.00,-8337.176,-2592.294,50000.000,58.00,0
9151,-7582.646,-575.235,50000.000,59.00,-7605.058,-2383.117,50000.000,54.00,0
9201,-7283.823,-784.412,50000.000,79.00,-6641.353,-1919.941,50000.000,52.00,0
9251,-7052.235,-4459.941,50000.000,49.00,-7418.293,-2398.059,50000.000,57.00,0
9301,-7366.000,-5617.882,50000.000,47.00,-7881.470,-926.353,50000.000,75.00,0
9351,-7493.000,-5558.117,50000.000,60.00,-7067.176,1135.529,50000.000,54.00,0
9401,-7022.353,-6985.000,50000.000,38.00,-7470.588,-829.235,50000.000,71.00,0
9451,-6462.059,-5744.882,50000.000,47.00,-7418.293,-2741.706,50000.000,64.00,0
9501,-6170.706,-3660.588,50000.000,52.00,-6633.882,-4064.000,50000.000,51.00,0
9551,-4811.059,-2218.765,50000.000,48.00,-5849.470,-4064.000,50000.000,58.00,0
9601,-4385.235,-590.176,50000.000,61.00,-4497.294,-3033.059,50000.000,54.00,0
9651,-3735.294,-3085.353,50000.000,39.00,-4258.235,-3511.176,50000.000,63.00,0
9701,-3839.882,-5072.529,50000.000,55.00,-5124.823,-3018.117,50000.000,53.00,0
9751,-4609.353,-3989.294,50000.000,45.00,-4646.706,-463.176,50000.000,78.00,0
9801,-5035.176,-4213.412,50000.000,48.00,-4579.470,418.353,50000.000,74.00,0
9851,-4669.117,-6178.176,50000.000,43.00,-5416.176,-1755.588,50000.000,64.00,0
9901,-4422.588,-5632.823,50000.000,50.00,-5356.412,-3130.176,50000.000,64.00,0
9951,-3750.235,-4228.353,50000.000,46.00,-4504.764,-4146.176,50000.000,67.00,0
10001,-3085.353,-2898.588,50000.000,39.00,-3847.353,-3996.764,50000.000,70.00,0
10051,-2652.059,-2764.117,50000.000,42.00,-3287.059,-2674.470,50000.000,68.00,0
10101,-2726.764,-3810.000,50000.000,42.00,-3488.764,-2039.470,50000.000,90.00,0
10151,-2764.117,-2562.412,50000.000,38.00,-2973.294,-754.529,50000.000,95.00,0
10201,-2637.117,-754.529,50000.000,48.00,-2166.470,1165.412,50000.000,85.00,0
10251,-2330.823,-1397.000,50000.000,45.00,-1875.118,702.235,50000.000,93.00,0
10301,-2203.823,-2853.764,50000.000,51.00,-2674.470,-941.294,50000.000,85.00,0
10351,-2248.647,-3145.117,50000.000,45.00,-2674.470,-933.823,50000.000,84.00,0
10401,-2562.412,-3802.529,50000.000,35.00,-3234.764,-1583.765,50000.000,67.00,0
10451,-2472.765,-3974.353,50000.000,45.00,-3324.412,-2084.294,50000.000,66.00,0
10501,-2577.353,-3683.000,50000.000,38.00,-3212.353,-2009.588,50000.000,75.00,0
10551,-2442.882,-3750.235,50000.000,43.00,-3122.706,-2592.294,50000.000,83.00,0
10601,-2293.470,-3115.235,50000.000,31.00,-3025.588,-2868.706,50000.000,78.00,0
10651,-2151.529,-687.294,50000.000,38.00,-2554.941,-1748.118,50000.000,83.00,0
10701,-1934.882,1195.294,50000.000,59.00,-1546.412,-366.059,50000.000,78.00,0
10751,-1919.941,-552.823,50000.000,42.00,-1651.000,-231.588,50000.000,78.00,0
10801,-1890.059,-2009.588,50000.000,31.00,-2689.412,-1501.588,50000.000,53.00,0
10851,-1949.823,-67.235,50000.000,45.00,-2002.118,-657.412,50000.000,68.00,0
10901,-2323.353,1591.235,50000.000,42.00,-1531.470,545.353,50000.000,74.00,0
10951,-2278.529,22.412,50000.000,51.00,-1897.529,-127.000,50000.000,78.00,0
11001,-2540.000,-3668.059,50000.000,34.00,-3600.823,-1733.176,50000.000,71.00,0
11051,-2906.059,-2823.882,50000.000,46.00,-3526.117,-1718.235,50000.000,58.00,0
11101,-3025.588,-1934.882,50000.000,40.00,-2965.823,-1411.941,50000.000,54.00,0
11151,-1919.941,-2435.412,50000.000,50.00,-2510.117,-2046.941,50000.000,61.00,0
11201,-1419.412,-2525.059,50000.000,26.00,-2091.765,-3391.647,50000.000,50.00,0
11251,-911.412,-933.823,50000.000,20.00,-1486.647,-1927.412,50000.000,49.00,0
11301,-694.765,1538.941,50000.000,51.00,-254.000,52.294,50000.000,73.00,0
11351,-134.471,1225.176,50000.000,54.00,381.000,216.647,50000.000,67.00,0
11401,-254.000,-1143.000,50000.000,41.00,-903.941,-844.176,50000.000,56.00,0
11451,-635.000,-552.823,50000.000,37.00,-694.765,366.059,50000.000,39.00,0
11501,-1001.059,1703.294,50000.000,53.00,276.412,2726.764,50000.000,61.00,0
11551,-717.176,2719.294,50000.000,51.00,791.882,3668.059,50000.000,64.00,0
11601,-672.353,1068.294,50000.000,37.00,418.353,2024.529,50000.000,63.00,0
11651,52.294,-1972.235,50000.000,38.00,-1053.353,-1090.706,50000.000,40.00,0
11701,552.823,776.941,50000.000,44.00,508.000,-515.471,50000.000,52.00,0
11751,1837.765,3033.059,50000.000,31.00,2413.000,298.824,50000.000,80.00,0
11801,4684.059,2794.000,50000.000,45.00,4153.647,-1621.118,50000.000,52.00,0
11851,7164.293,2950.882,50000.000,43.00,5617.882,-4228.353,50000.000,65.00,0
11901,8008.470,2554.941,50000.000,30.00,6648.823,-3122.706,50000.000,58.00,0
11951,6357.470,-926.353,50000.000,45.00,5939.117,-224.118,50000.000,79.00,0
12001,6723.529,-956.235,50000.000,35.00,5431.117,-343.647,50000.000,61.00,0
12051,6245.411,1882.588,50000.000,33.00,6574.117,1553.882,50000.000,88.00,0
12101,7672.293,1030.941,50000.000,51.00,6917.764,-104.588,50000.000,76.00,0
12151,9599.705,1322.294,50000.000,36.00,7918.823,-3197.412,50000.000,74.00,0
12201,11885.705,1501.588,50000.000,32.00,9696.823,-4885.764,50000.000,77.00,0
12251,14597.528,1382.059,50000.000,33.00,11549.528,-6320.117,50000.000,53.00,0
12301,17839.764,717.176,50000.000,44.00,13447.058,-9345.705,50000.000,39.00,1
12351,19580.410,403.412,50000.000,28.00,14731.999,-9450.294,50000.000,46.00,1
12401,19348.822,2203.823,50000.000,37.00,15725.587,-7455.646,50000.000,34.00,0
12451,18922.998,2868.706,50000.000,34.00,16629.527,-2629.647,50000.000,68.00,0
12501,18527.057,2741.706,50000.000,43.00,16435.293,-1202.765,50000.000,72.00,0
12551,18803.469,1598.706,50000.000,37.00,16719.176,-3451.412,50000.000,40.00,0
12601,17862.176,747.059,50000.000,56.00,15449.176,-3414.059,50000.000,42.00,0
12651,14358.470,-2644.588,50000.000,29.00,12797.117,-3473.823,50000.000,34.00,0
12701,10578.353,-6402.293,50000.000,44.00,8434.294,-4086.411,50000.000,66.00,0
12751,9876.117,-4071.470,50000.000,45.00,7478.058,-4713.941,50000.000,71.00,0
12801,9465.234,-3122.706,50000.000,49.00,7470.588,-6357.470,50000.000,34.00,0
12851,9876.117,-4437.529,50000.000,51.00,6081.059,-9375.588,50000.000,59.00,0
12901,9584.764,-3608.294,50000.000,48.00,5819.588,-10727.764,50000.000,31.00,0
12951,8718.176,-4437.529,50000.000,44.00,4826.000,-12909.176,50000.000,40.00,0
13001,7657.353,-5124.823,50000.000,47.00,4019.176,-10421.470,50000.000,77.00,0
13051,4833.470,-3316.941,50000.000,65.00,3249.706,-3593.353,50000.000,52.00,0
13101,2950.882,-4758.764,50000.000,58.00,2353.235,-1972.235,50000.000,39.00,0
13151,3130.176,-6409.764,50000.000,51.00,971.176,-4295.588,50000.000,30.00,0
13201,3182.470,-4108.823,50000.000,46.00,1680.882,-5655.235,50000.000,42.00,0
13251,3451.412,-2898.588,50000.000,57.00,1763.059,-6999.941,50000.000,56.00,0
13301,3720.353,-3742.764,50000.000,52.00,1606.176,-7605.058,50000.000,61.00,0
13351,3145.117,-4699.000,50000.000,39.00,1636.059,-5954.059,50000.000,47.00,0
13401,2286.000,-5998.882,50000.000,44.00,343.647,-6237.941,50000.000,20.00,0
13451,2547.470,-6805.706,50000.000,32.00,-776.941,-8777.940,50000.000,60.00,0
13501,2622.176,-5326.529,50000.000,33.00,-179.294,-9084.234,50000.000,39.00,0
13551,2383.117,-2151.529,50000.000,49.00,687.294,-7149.353,50000.000,76.00,0
13601,1815.353,-283.882,50000.000,44.00,859.118,-4736.353,50000.000,66.00,0
13651,1045.882,-1830.294,50000.000,50.00,149.412,-4332.941,50000.000,69.00,0
13701,926.353,-6096.000,50000.000,50.00,-1098.176,-4803.588,50000.000,77.00,0
13751,-22.412,-7806.764,50000.000,55.00,-1755.588,-4273.176,50000.000,91.00,0
13801,-575.235,-6970.059,50000.000,43.00,-1867.647,-4579.470,50000.000,64.00,0
13851,-425.823,-6955.117,50000.000,27.00,-2196.353,-5715.000,50000.000,78.00,0
13901,-829.235,-4303.059,50000.000,51.00,-1942.353,-4235.823,50000.000,92.00,0
13951,-418.353,-859.118,50000.000,54.00,-963.706,-2906.059,50000.000,68.00,0
14001,-291.353,-1172.882,50000.000,51.00,-1053.353,-3458.882,50000.000,63.00,0
14051,-425.823,-3541.059,50000.000,47.00,-1352.176,-3189.941,50000.000,54.00,0
14101,-889.000,-4870.823,50000.000,30.00,-1830.294,-2076.823,50000.000,52.00,0
14151,-1621.118,-5274.235,50000.000,44.00,-2196.353,-425.823,50000.000,37.00,0
14201,-2442.882,-4840.941,50000.000,28.00,-2375.647,679.823,50000.000,86.00,0
14251,-2017.059,-5580.529,50000.000,44.00,-2614.706,-1322.294,50000.000,51.00,0
14301,-1247.588,-6790.764,50000.000,31.00,-3055.470,-4071.470,50000.000,44.00,0
14351,-941.294,-4004.235,50000.000,53.00,-2278.529,-4579.470,50000.000,43.00,0
14401,-709.706,-2263.588,50000.000,36.00,-1733.176,-4467.412,50000.000,50.00,0
14451,-508.000,-3257.176,50000.000,34.00,-1830.294,-4176.059,50000.000,46.00,0
14501,-1008.529,-2898.588,50000.000,45.00,-1897.529,-2271.059,50000.000,58.00,0
14551,-1172.882,67.235,50000.000,36.00,-986.118,112.059,50000.000,24.00,0
14601,-597.647,702.235,50000.000,36.00,-89.647,127.000,50000.000,56.00,0
14651,403.412,-739.588,50000.000,47.00,-366.059,-1120.588,50000.000,47.00,0
14701,0.000,216.647,50000.000,38.00,112.059,-44.824,50000.000,53.00,0
14751,-687.294,-1187.823,50000.000,47.00,-283.882,687.294,50000.000,66.00,0
14801,-530.412,-4400.176,50000.000,54.00,-1329.765,-694.765,50000.000,41.00,0
14851,-298.824,-4474.882,50000.000,39.00,-1367.118,-1860.176,50000.000,66.00,0
14901,-44.824,-2726.764,50000.000,42.00,-649.941,-2017.059,50000.000,88.00,0
14951,889.000,-2353.235,50000.000,46.00,-209.176,-3242.235,50000.000,45.00,0
15001,1255.059,-2323.353,50000.000,47.00,-351.118,-3600.823,50000.000,54.00,0
15051,612.588,-1262.529,50000.000,22.00,141.941,-1553.882,50000.000,46.00,0
15101,298.824,-605.118,50000.000,45.00,239.059,-246.529,50000.000,58.00,0
15151,470.647,-1187.823,50000.000,37.00,179.294,-373.529,50000.000,46.00,0
15201,246.529,-799.353,50000.000,46.00,104.588,672.353,50000.000,45.00,0
15251,-358.588,366.059,50000.000,40.00,455.706,2300.941,50000.000,67.00,0
15301,-679.823,403.412,50000.000,46.00,246.529,2756.647,50000.000,53.00,0
15351,-1023.471,-1449.294,50000.000,54.00,-702.235,1225.176,50000.000,75.00,0
15401,-993.588,-2644.588,50000.000,49.00,-1815.353,-709.706,50000.000,49.00,0
15451,-1344.706,254.000,50000.000,38.00,-1240.118,-642.471,50000.000,84.00,0
15501,-1718.235,829.235,50000.000,42.00,-1382.059,-933.823,50000.000,57.00,0
15551,-2338.294,-597.647,50000.000,49.00,-2921.000,-1792.941,50000.000,65.00,0
15601,-2719.294,-433.294,50000.000,44.00,-2876.176,-1397.000,50000.000,49.00,0
15651,-2808.941,1113.118,50000.000,49.00,-2368.176,97.118,50000.000,61.00,0
15701,-2203.823,2622.176,50000.000,41.00,-1411.941,1105.647,50000.000,62.00,0
15751,-2413.000,2420.470,50000.000,50.00,-1143.000,2226.235,50000.000,65.00,0
15801,-3010.647,-1060.823,50000.000,50.00,-2629.647,201.706,50000.000,53.00,0
15851,-2525.059,-2569.882,50000.000,29.00,-3496.235,-732.118,50000.000,70.00,0
15901,-1882.588,1404.470,50000.000,51.00,-784.412,859.118,50000.000,71.00,0
15951,1180.353,3100.294,50000.000,46.00,1001.059,-1411.941,50000.000,56.00,0
16001,3563.470,2442.882,50000.000,41.00,2988.235,-1053.353,50000.000,70.00,0
16051,4049.059,3668.059,50000.000,37.00,4482.353,298.824,50000.000,62.00,0
16101,6290.235,1763.059,50000.000,49.00,5505.823,-1934.882,50000.000,47.00,0
16151,8098.117,-851.647,50000.000,44.00,5931.646,-3548.529,50002.000,65.00,0
16201,7044.764,-844.176,50000.000,42.00,5767.294,-3316.941,50000.000,59.00,0
16251,5102.412,-2076.823,50000.000,32.00,3414.059,-3600.823,50000.000,54.00,0
16301,4669.117,694.765,50000.000,21.00,3511.176,-2256.117,50000.000,58.00,0
16351,4654.176,2921.000,50000.000,44.00,4908.176,7.471,50000.000,81.00,0
16401,6058.646,1957.294,50000.000,32.00,5588.000,-874.059,50000.000,66.00,0
16451,7806.764,104.588,50000.000,46.00,6103.470,-3167.529,50000.000,61.00,0
16501,9734.176,1404.470,50000.000,34.00,7679.764,-4781.176,50000.000,73.00,0
16551,12177.058,2278.529,50000.000,34.00,9786.470,-6716.059,50000.000,52.00,0
16601,13544.176,388.471,50000.000,35.00,9778.999,-7186.706,50000.000,58.00,0
16651,13633.822,1329.765,50000.000,39.00,11415.058,-4743.823,50000.000,41.00,0
16701,14216.528,1501.588,50000.000,37.00,13036.176,-3974.353,50000.000,36.00,0
16751,14410.764,-448.235,50000.000,40.00,11803.528,-3720.353,50000.000,42.00,0
16801,11594.353,-1016.000,50000.000,44.00,10458.823,-1434.353,50000.000,42.00,0
16851,9547.411,-2681.941,50000.000,35.00,8464.176,-1314.823,50000.000,42.00,0
16901,8359.588,-3429.000,50000.000,32.00,6955.117,-2345.765,50000.000,27.00,0
16951,8792.882,-2554.941,50000.000,40.00,7179.235,-4235.823,50000.000,21.00,0
17001,9995.646,537.882,50000.000,43.00,7605.058,-8695.764,50000.000,33.00,0
17051,11676.528,1748.118,50000.000,40.00,8344.646,-10130.117,50000.000,62.00,0
17101,10712.823,1890.059,50000.000,44.00,7799.293,-7724.588,50000.000,64.00,0
17151,9285.940,1150.470,50000.000,59.00,7866.529,-4728.882,50000.000,61.00,0
17201,9136.528,134.471,50000.000,52.00,7605.058,-1352.176,50000.000,81.00,0
17251,8299.823,1374.588,50000.000,52.00,8217.646,2330.823,50000.000,55.00,0
17301,8322.234,2577.353,50000.000,59.00,8486.588,1748.118,50000.000,69.00,0
17351,9427.882,246.529,50000.000,31.00,7799.293,-1852.706,50000.000,81.00,0
17401,9786.470,597.647,50000.000,54.00,7582.646,-3496.235,50000.000,78.00,0
17451,8307.294,4034.117,50000.000,56.00,8038.353,-1247.588,50000.000,69.00,0
17501,6320.117,4542.117,50000.000,92.00,7089.588,2674.470,50000.000,80.00,0
17551,4325.470,2928.470,50000.000,78.00,5296.646,4788.647,50000.000,58.00,0
17601,2338.294,-14.941,50000.000,75.00,3249.706,5976.470,50000.000,55.00,0
17651,948.765,-2995.706,50000.000,57.00,1770.529,5431.117,50000.000,48.00,0
17701,463.176,-3503.706,50000.000,61.00,709.706,2823.882,50000.000,50.00,0
17751,1352.176,-1845.235,50000.000,70.00,791.882,-605.118,50000.000,54.00,0
17801,3040.529,-119.529,50000.000,98.00,1987.176,-4205.941,50000.000,52.00,0
17851,5834.529,-1008.529,50000.000,84.00,3048.000,-9158.940,50000.000,69.00,0
17901,7859.058,-4990.353,50000.000,40.00,2629.647,-14104.470,50000.000,69.00,0
17951,7268.882,-3922.059,50000.000,64.00,3526.117,-14238.940,50000.000,84.00,0
18001,7672.293,-463.176,50000.000,51.00,4347.882,-11183.470,50000.000,65.00,0
18051,7253.941,1270.000,50000.000,85.00,5520.764,-5184.588,50000.000,29.00,0
18101,6678.706,1217.706,50000.000,60.00,6073.588,-754.529,50000.000,46.00,0
18151,7933.764,1994.647,50000.000,89.00,7268.882,-2046.941,50000.000,42.00,0
18201,10802.470,530.412,50000.000,84.00,7859.058,-5363.882,50000.000,63.00,0
18251,11355.293,-119.529,50000.000,80.00,8240.059,-4930.588,50000.000,71.00,0
18301,9524.999,508.000,50000.000,89.00,7634.940,-4549.588,50000.000,58.00,0
18351,9734.176,-560.294,50000.000,53.00,6970.059,-5715.000,50000.000,53.00,0
18401,10227.234,-687.294,50000.000,88.00,7425.764,-5954.059,50000.000,32.00,0
18451,10802.470,-2495.176,50000.000,92.00,8404.411,-5909.235,50000.000,41.00,0
18501,11205.882,-4953.000,50000.000,77.00,8598.646,-4056.529,50000.000,48.00,0
18551,10279.528,-5102.412,50000.000,78.00,8374.529,-3414.059,50000.000,79.00,0
18601,11766.176,-3712.882,50001.000,81.00,8927.353,-5408.706,50000.000,51.00,0
18651,12378.764,-1994.647,50000.000,63.00,9719.234,-5431.117,49999.000,79.00,0
18701,12677.587,537.882,49999.000,86.00,9928.411,-5356.412,49999.000,80.00,0
18751,12901.705,3234.764,50000.000,68.00,10294.470,-5378.823,50000.000,74.00,0
18801,12221.882,3600.823,50000.000,56.00,10047.940,-6066.117,50000.000,69.00,0
18851,12856.882,649.941,50000.000,48.00,9943.353,-6043.706,50000.000,79.00,0
18901,12311.528,-186.765,50000.000,47.00,9935.882,-4452.470,50000.000,65.00,0
18951,11669.058,276.412,50000.000,54.00,10690.411,-918.882,50000.000,53.00,0
19001,11273.117,216.647,50000.000,49.00,10369.176,-612.588,50000.000,65.00,0
19051,10212.293,1725.706,50000.000,73.00,9756.588,-971.176,50000.000,54.00,1
19101,8098.117,-291.353,50000.000,47.00,7104.529,-2457.823,50000.000,46.00,1
19151,6745.941,-3302.000,50000.000,52.00,4452.470,-4594.412,50000.000,55.00,0
19201,5744.882,-1763.059,50000.000,42.00,4131.235,-3556.000,50000.000,53.00,0
19251,5378.823,1718.235,50000.000,65.00,4728.882,-2315.882,50000.000,72.00,0
19301,5363.882,-209.176,50000.000,48.00,3877.235,-3727.823,50000.000,56.00,0
19351,2898.588,-567.765,50000.000,53.00,1875.118,-2644.588,50000.000,88.00,0
19401,7.471,-3735.294,50000.000,41.00,-1060.823,-3869.764,50000.000,67.00,0
19451,-1740.647,-6103.470,50000.000,53.00,-3548.529,-5849.470,50000.000,63.00,0
19501,-1994.647,-5326.529,50000.000,64.00,-3346.823,-6678.706,50000.000,59.00,0
19551,-2338.294,-5954.059,50000.000,60.00,-3892.176,-8023.411,50000.000,38.00,0
19601,-1987.176,-5565.588,50000.000,53.00,-4258.235,-7634.940,50000.000,51.00,0
19651,-1987.176,-3204.882,50000.000,61.00,-2711.823,-3884.706,50000.000,46.00,0
19701,-1957.294,-971.176,50000.000,65.00,-2061.882,-3488.764,50000.000,74.00,0
19751,-537.882,-306.294,50000.000,75.00,-2211.294,-6335.059,50000.000,37.00,0
19801,-500.529,-881.529,50000.000,90.00,-2420.470,-8419.353,50000.000,86.00,0
19851,381.000,-4586.941,50000.000,84.00,-2980.764,-11198.411,50000.000,48.00,0
19901,388.471,-6133.353,50000.000,92.00,-3503.706,-10570.882,50000.000,44.00,0
19951,-605.118,-5939.117,50000.000,80.00,-2891.117,-9517.528,50000.000,58.00,0
20001,22.412,-4900.706,50000.000,71.00,-2637.117,-7388.411,50000.000,45.00,0
20051,-440.765,-2233.706,50000.000,90.00,-1449.294,-4303.059,50000.000,74.00,0
20101,-463.176,-2943.412,50000.000,87.00,-1426.882,-4445.000,50000.000,78.00,0
20151,-52.294,-6394.823,50000.000,73.00,-2300.941,-6028.764,50000.000,77.00,0
20201,-590.176,-7171.764,50000.000,79.00,-2405.529,-5632.823,50000.000,80.00,0
20251,-993.588,-6237.941,50000.000,94.00,-2293.470,-4967.941,50000.000,79.00,0
20301,-926.353,-6439.646,50000.000,67.00,-2398.059,-5939.117,50000.000,75.00,0
20351,-186.765,-6148.294,50000.000,72.00,-2726.764,-7321.176,50000.000,68.00,0
20401,-7.471,-4938.059,50000.000,48.00,-1994.647,-6753.411,50000.000,80.00,0
20451,291.353,-5348.941,50000.000,51.00,-1882.588,-6910.293,50000.000,89.00,0
20501,627.529,-6506.882,50000.000,51.00,-1680.882,-6088.529,50000.000,72.00,0
20551,-478.118,-4938.059,50000.000,83.00,-1441.823,-3451.412,50000.000,72.00,0
20601,-844.176,-5827.059,50000.000,63.00,-1382.059,-2853.764,50000.000,72.00,0
20651,-732.118,-8225.117,50000.000,40.00,-2450.353,-4168.588,50000.000,71.00,0
20701,-1045.882,-5744.882,50000.000,59.00,-2121.647,-3832.412,50000.000,82.00,0
20751,-836.706,-3309.470,50000.000,63.00,-1501.588,-3742.764,50000.000,63.00,0
20801,-560.294,-4893.235,50000.000,66.00,-1658.470,-4542.117,50000.000,69.00,0
20851,-403.412,-5752.353,50000.000,66.00,-1763.059,-3750.235,50000.000,77.00,0
20901,-1008.529,-4482.353,50000.000,59.00,-1531.470,-1770.529,50000.000,65.00,0
20951,-1546.412,-4519.706,50000.000,49.00,-1890.059,-956.235,50000.000,63.00,0
21001,-1591.235,-5901.764,50000.000,50.00,-2532.529,-3421.529,50000.000,71.00,0
21051,-836.706,-6955.117,50000.000,53.00,-2764.117,-5416.176,50000.000,72.00,0
21101,-1240.118,-5431.117,50000.000,38.00,-2413.000,-4310.529,50000.000,74.00,0
21151,-1075.765,-2427.941,50000.000,45.00,-1546.412,-2457.823,50000.000,76.00,0
21201,-1187.823,-1815.353,50000.000,54.00,-1367.118,-2330.823,50000.000,79.00,0
21251,-1060.823,-3951.941,50000.000,40.00,-1867.647,-3212.353,50000.000,71.00,0
21301,-1232.647,-4594.412,50000.000,38.00,-2136.588,-2876.176,50000.000,72.00,0
21351,-1755.588,-3197.412,50000.000,46.00,-1957.294,-926.353,50000.000,52.00,0
21401,-1979.706,-1957.294,50000.000,52.00,-1822.823,657.412,50000.000,68.00,0
21451,-1949.823,-3951.941,50000.000,31.00,-2084.294,-395.941,50000.000,67.00,0
21501,-1598.706,-6955.117,50000.000,41.00,-2876.176,-3287.059,50000.000,63.00,0
21551,-1113.118,-5221.941,50000.000,35.00,-2188.882,-3944.470,50000.000,88.00,0
21601,-112.059,-2764.117,50000.000,23.00,-1419.412,-3772.647,50000.000,57.00,0
21651,52.294,-1949.823,50000.000,48.00,-896.471,-3668.059,50000.000,76.00,0
21701,216.647,-2540.000,50000.000,41.00,-859.118,-2652.059,50000.000,68.00,0
21751,-164.353,-1494.118,50000.000,40.00,-537.882,-1232.647,50000.000,68.00,0
21801,-52.294,-657.412,50000.000,32.00,-239.059,-829.235,50000.000,63.00,0
21851,-448.235,14.941,50000.000,36.00,-358.588,470.647,50000.000,68.00,0
21901,-1187.823,-336.176,50000.000,41.00,-635.000,889.000,50000.000,75.00,0
21951,-1710.765,-2965.823,50000.000,38.00,-2114.176,-1001.059,50000.000,73.00,0
22001,-1621.118,-3443.941,50000.000,45.00,-2607.235,-2330.823,50000.000,45.00,0
22051,-1284.941,-366.059,50000.000,39.00,-1329.765,-575.235,50000.000,47.00,0
22101,-635.000,2480.235,50000.000,45.00,141.941,1008.529,50000.000,93.00,0
22151,67.235,1845.235,50000.000,33.00,493.059,-119.529,50000.000,73.00,0
22201,851.647,-642.471,50000.000,37.00,-104.588,-1598.706,50000.000,72.00,0
22251,493.059,-89.647,50000.000,45.00,508.000,-164.353,50000.000,89.00,0
22301,582.706,-537.882,50000.000,26.00,821.765,530.412,50000.000,83.00,0
22351,1262.529,-2181.412,50000.000,34.00,620.059,-246.529,50000.000,70.00,0
22401,1471.706,-1905.000,50000.000,32.00,1120.588,-14.941,50000.000,50.00,0
22451,1897.529,-395.941,50000.000,36.00,1927.412,575.235,50000.000,81.00,0
22501,2876.176,-500.529,50000.000,38.00,2607.235,-470.647,50000.000,82.00,0
22551,3511.176,-276.412,50000.000,26.00,2584.823,-500.529,50000.000,56.00,0
22601,3033.059,2861.235,50000.000,36.00,3675.529,1807.882,50000.000,48.00,0
22651,2517.588,5012.764,50000.000,37.00,3824.941,5117.353,50000.000,73.00,0
22701,2032.000,6245.411,50000.000,48.00,3989.294,6872.941,50000.000,73.00,0
22751,2510.117,3122.706,50000.000,40.00,3466.353,4355.353,50000.000,57.00,0
22801,2719.294,635.000,50000.000,33.00,2816.412,1636.059,50000.000,81.00,0
22851,3660.588,1344.706,50000.000,48.00,3660.588,717.176,50000.000,70.00,0
22901,5632.823,754.529,50000.000,39.00,4743.823,-2390.588,50000.000,77.00,0
22951,7859.058,3040.529,50000.000,37.00,6312.646,-5169.646,50000.000,71.00,0
23001,10757.646,4788.647,50000.000,42.00,8217.646,-8800.353,50000.000,62.00,0
23051,12154.646,4527.176,50000.000,41.00,8957.234,-9883.588,50000.000,45.00,0
23101,10518.588,5580.529,50000.000,40.00,9420.411,-4967.941,50000.000,46.00,0
23151,9218.705,5371.353,50000.000,58.00,9196.294,-7.471,50000.000,73.00,0
23201,8120.529,4385.235,50000.000,42.00,8628.529,3399.117,50000.000,53.00,0
23251,6768.353,3010.647,50000.000,59.00,7351.058,3877.235,50000.000,87.00,0
23301,6342.529,351.118,50000.000,47.00,6604.000,3309.470,50000.000,79.00,0
23351,6992.470,-1725.706,50000.000,37.00,6447.117,1897.529,50000.000,38.00,0
23401,7933.764,-3496.235,50000.000,48.00,6775.823,-1591.235,50000.000,65.00,0
23451,10384.117,-3384.176,50000.000,49.00,7567.706,-5894.294,50000.000,71.00,0
23501,13021.234,-112.059,50000.000,44.00,10018.059,-7029.823,50000.000,72.00,0
23551,13760.822,493.059,50000.000,69.00,11026.588,-6999.941,50000.000,44.00,0
23601,15098.058,-642.471,50000.000,43.00,11534.588,-8426.823,50000.000,35.00,0
23651,15337.116,127.000,50000.000,54.00,12864.353,-7963.646,50000.000,26.00,0
23701,15620.999,-2450.353,50000.000,45.00,12602.882,-7478.058,50000.000,36.00,0
23751,15845.116,-4489.823,50000.000,46.00,12064.999,-6051.176,50000.000,48.00,0
23801,14186.646,-762.000,50000.000,34.00,12460.940,-2532.529,50000.000,22.00,0
23851,14306.176,3085.353,50000.000,28.00,12490.822,-3458.882,50000.000,25.00,0
23901,16181.293,2921.000,50000.000,53.00,13155.705,-6439.646,50000.000,21.00,0
23951,16786.410,-1030.941,50000.000,25.00,12378.764,-9539.940,50000.000,44.00,0
24001,17406.469,-933.823,50000.000,51.00,12886.764,-10981.764,50000.000,57.00,0
24051,16435.293,971.176,50000.000,70.00,13394.764,-8718.176,50000.000,69.00,0
24101,16323.234,-328.706,50000.000,81.00,13656.234,-6110.941,50000.000,54.00,0
24151,16218.646,-1060.823,50000.000,66.00,14209.058,-4878.294,50000.000,28.00,0
24201,17159.939,82.176,50000.000,61.00,14507.882,-6992.470,50000.000,40.00,0
24251,15979.587,2300.941,50000.000,75.00,13738.411,-4601.882,50000.000,47.00,0
24301,12797.117,2427.941,50000.000,52.00,11594.353,-2913.529,50000.000,68.00,0
24351,12677.587,762.000,50000.000,71.00,10361.705,-4572.000,50000.000,43.00,0
24401,13842.999,171.824,50000.000,72.00,10197.353,-6678.706,50000.000,66.00,0
24451,14866.470,-993.588,50000.000,50.00,10780.058,-7829.176,50000.000,31.00,0
24501,15464.116,-762.000,50000.000,37.00,11631.705,-5677.646,50000.000,72.00,0
24551,15493.999,2480.235,50000.000,60.00,13596.470,-4713.941,50000.000,73.00,0
24601,16584.705,4676.588,50000.000,62.00,14844.058,-5490.882,50000.000,59.00,0
24651,16412.881,2196.353,50000.000,49.00,13910.234,-8396.940,50000.000,58.00,0
24701,17421.410,1456.765,50000.000,56.00,12991.353,-10832.353,50000.000,71.00,0
24751,17212.234,747.059,50000.000,55.00,12595.411,-11482.293,50000.000,74.00,0
24801,17630.588,-336.176,50000.000,41.00,13723.470,-8561.294,50000.000,80.00,0
24851,16950.764,1344.706,50000.000,35.00,15045.764,-3765.176,50000.000,61.00,0
24901,18258.117,4527.176,50000.000,41.00,15972.116,-5087.470,50000.000,77.00,0
24951,19595.352,2241.176,50000.000,32.00,15389.411,-8591.176,50000.000,58.00,0
25001,20469.410,-1322.294,50000.000,53.00,14223.999,-11019.117,50000.000,56.00,0
25051,20260.234,-29.882,50000.000,35.00,14492.940,-11982.822,50000.000,62.00,0
25101,19184.469,4766.235,50000.000,30.00,14276.293,-12221.882,50000.000,51.00,0
25151,18908.057,3302.000,50000.000,47.00,13305.117,-12147.176,50000.000,42.00,0
25201,18250.646,-1367.118,50000.000,17.00,12602.882,-11437.470,50000.000,51.00,0
25251,17017.998,-3869.764,50000.000,56.00,12528.176,-11071.411,50000.000,72.00,0
25301,16330.705,-3996.764,50000.000,39.00,11019.117,-11370.234,50000.000,58.00,0
25351,15456.646,-1270.000,50000.000,45.00,11474.822,-9764.059,50000.000,40.00,0
25401,13955.058,2861.235,50000.000,32.00,11198.411,-6910.293,50000.000,50.00,0
25451,13461.999,5371.353,50000.000,42.00,12229.353,-7694.706,50000.000,65.00,0
25501,14918.764,2106.706,50000.000,38.00,12363.822,-7253.941,50000.000,58.00,0
25551,14971.058,-298.824,50000.000,37.00,12468.411,-5468.470,50000.000,37.00,0
25601,14956.116,-1972.235,50000.000,47.00,12251.764,-5289.176,50000.000,17.00,0
25651,15561.234,-3892.176,50000.000,40.00,9412.940,-6985.000,50000.000,33.00,0
25701,14858.999,-2218.765,50000.000,65.00,11183.470,-7433.235,50000.000,12.00,0
25751,13551.646,-82.176,50000.000,52.00,9472.705,-6536.764,50000.000,24.00,0
25801,13626.352,-702.235,50000.000,92.00,9764.059,-6910.293,50000.000,36.00,0
25851,12236.822,-4026.647,50000.000,51.00,9629.588,-5961.529,50000.000,20.00,0
25901,10869.705,-5431.117,50000.000,46.00,8486.588,-5954.059,50000.000,25.00,0
25951,10264.588,-4086.411,50000.000,51.00,7784.353,-5752.353,50000.000,67.00,0
26001,9121.588,-403.412,50000.000,86.00,7560.235,-3608.294,50000.000,49.00,0
26051,8165.353,-2046.941,50000.000,43.00,6925.235,-2883.647,50000.000,30.00,0
26101,8015.940,-3287.059,50000.000,46.00,5871.882,-4049.059,50000.000,76.00,0
26151,6589.059,-956.235,50000.000,66.00,5565.588,-2442.882,50000.000,80.00,0
26201,4504.764,425.823,50000.000,53.00,4467.412,597.647,50000.000,65.00,0
26251,2973.294,186.765,50000.000,50.00,3309.470,1703.294,50000.000,59.00,0
26301,2644.588,-410.882,50000.000,60.00,2547.470,1591.235,50000.000,80.00,0
26351,1434.353,-1576.294,50000.000,58.00,1591.235,776.941,50000.000,70.00,0
26401,836.706,-3914.588,50000.000,46.00,-14.941,-874.059,50000.000,61.00,0
26451,717.176,-4713.941,50000.000,57.00,-381.000,-2659.529,50000.000,43.00,0
26501,1008.529,-2816.412,50000.000,47.00,-403.412,-4168.588,50000.000,55.00,0
26551,590.176,-1344.706,50000.000,55.00,-679.823,-5804.646,50000.000,63.00,0
26601,754.529,-2293.470,50000.000,70.00,-1053.353,-6237.941,50000.000,77.00,0
26651,724.647,-2995.706,50000.000,68.00,-956.235,-5595.470,50000.000,75.00,0
26701,508.000,-3541.059,50000.000,80.00,-1038.412,-5729.941,50000.000,63.00,0
26751,-231.588,-6043.706,50000.000,55.00,-1919.941,-6013.823,50000.000,71.00,0
26801,-948.765,-5139.764,50000.000,50.00,-2584.823,-5737.411,50000.000,60.00,0
26851,-1583.765,-537.882,50000.000,64.00,-1725.706,-3339.353,50000.000,66.00,0
26901,-1703.294,448.235,50000.000,46.00,-2129.117,-2704.353,50000.000,80.00,0
26951,-1591.235,1516.529,50000.000,69.00,-1382.059,-410.882,50000.000,71.00,0
27001,-1083.235,2218.765,50000.000,59.00,-530.412,859.118,50000.000,61.00,0
27051,89.647,2263.588,50000.000,59.00,298.824,22.412,50000.000,70.00,0
27101,500.529,1673.412,50000.000,61.00,485.588,276.412,50000.000,69.00,0
27151,82.176,791.882,50000.000,101.00,485.588,22.412,50000.000,62.00,0
27201,679.823,-1247.588,50000.000,60.00,-149.412,-1837.765,50000.000,83.00,0
27251,717.176,-1613.647,50000.000,61.00,-29.882,-1792.941,50000.000,85.00,0
27301,515.471,-261.471,50000.000,69.00,463.176,-59.765,50000.000,67.00,0
27351,410.882,74.706,50000.000,64.00,769.471,433.294,50000.000,53.00,0
27401,926.353,-687.294,50000.000,65.00,530.412,-194.235,50000.000,79.00,0
27451,956.235,-224.118,50000.000,57.00,784.412,37.353,50000.000,52.00,0
27501,896.471,291.353,50000.000,67.00,1030.941,201.706,50000.000,66.00,0
27551,1075.765,52.294,50000.000,71.00,874.059,-321.235,50000.000,78.00,0
27601,1023.471,373.529,50000.000,56.00,814.294,-276.412,50000.000,74.00,0
27651,515.471,1232.647,50000.000,95.00,724.647,179.294,50000.000,70.00,0
27701,-74.706,522.941,50000.000,93.00,-22.412,-283.882,50000.000,77.00,0
27751,-889.000,-1397.000,50000.000,72.00,-1120.588,-1255.059,50000.000,56.00,0
27801,-1247.588,-3294.529,50000.000,48.00,-2046.941,-2637.117,50000.000,91.00,0
27851,-799.353,-1471.706,50000.000,56.00,-1337.235,-1748.118,50000.000,70.00,0
27901,0.000,1008.529,50000.000,62.00,89.647,-956.235,50000.000,85.00,0
27951,1135.529,2592.294,50000.000,73.00,1008.529,-1359.647,50000.000,59.00,0
28001,2540.000,3443.941,50000.000,108.00,1934.882,-3548.529,50000.000,91.00,0
28051,3839.882,1098.176,50000.000,52.00,2413.000,-5035.176,50000.000,77.00,0
28101,4594.412,-1150.470,50000.000,46.00,2390.588,-6432.176,50000.000,77.00,0
28151,5461.000,44.824,50000.000,47.00,3092.823,-7313.706,50000.000,65.00,0
28201,6925.235,3496.235,50000.000,60.00,5289.176,-5431.117,50000.000,61.00,0
28251,7971.117,4474.882,50000.000,74.00,7149.353,-4870.823,50000.000,54.00,0
28301,10847.293,3750.235,50000.000,72.00,7896.411,-8404.411,50000.000,48.00,0
28351,12079.940,1680.882,50000.000,70.00,8583.705,-9749.117,50000.000,55.00,0
28401,12737.353,2398.059,50000.000,45.00,9651.999,-7634.940,50000.000,32.00,0
28451,11609.293,7500.470,50000.000,70.00,11220.823,-3996.764,50000.000,70.00,0
28501,12924.117,8785.411,50000.000,76.00,12012.705,-6335.059,50000.000,62.00,0
28551,15538.822,4691.529,50000.000,67.00,11497.234,-10152.528,50000.000,70.00,0
28601,15561.234,44.824,50000.000,43.00,11034.058,-11908.117,50000.000,49.00,0
28651,16166.352,-2009.588,50000.000,35.00,10466.293,-13432.117,50000.000,68.00,0
28701,16495.059,3062.941,50000.000,50.00,11452.411,-11840.882,50000.000,67.00,0
28751,15225.058,8748.059,50000.000,83.00,13260.293,-9592.234,50000.000,61.00,0
28801,16121.528,3533.588,50000.000,57.00,12685.058,-9823.823,50000.000,79.00,0
28851,15172.764,-1270.000,50000.000,44.00,11168.528,-9353.176,50000.000,66.00,0
28901,13282.705,-2622.176,50000.000,43.00,9816.353,-8329.705,50000.000,78.00,0
28951,11026.588,-2480.235,50000.000,32.00,8411.882,-7119.470,50000.000,64.00,0
29001,10249.646,-1852.706,50000.000,31.00,7216.588,-7702.176,50000.000,59.00,0
29051,9315.823,2263.588,50000.000,31.00,7216.588,-7231.529,50000.000,53.00,0
29101,9554.882,4392.706,50000.000,56.00,7545.293,-8523.940,50000.000,62.00,0
29151,9031.940,74.706,50000.000,36.00,6364.941,-7537.823,50000.000,82.00,0
29201,7545.293,-3264.647,50000.000,45.00,4101.353,-9323.294,50000.000,74.00,0
29251,5625.353,-5251.823,50000.000,23.00,2935.941,-10974.293,50000.000,72.00,0
29301,5744.882,-8001.000,50000.000,26.00,1957.294,-11810.999,50000.000,58.00,0
29351,5991.411,-4601.882,50000.000,37.00,2547.470,-10712.823,50000.000,71.00,0
29401,6006.353,2532.529,50000.000,29.00,3735.294,-8299.823,50000.000,68.00,0
29451,5879.353,2779.059,50000.000,49.00,3981.823,-8367.059,50000.000,71.00,0
29501,6282.764,-3309.470,50000.000,26.00,2943.412,-9629.588,50000.000,51.00,0
29551,6170.706,-4691.529,50000.000,29.00,2853.764,-9898.528,50000.000,63.00,0
29601,6760.882,-3219.823,50000.000,38.00,3854.823,-9644.528,50000.000,53.00,1
29651,7276.353,2495.176,50000.000,31.00,4840.941,-7986.058,50000.000,48.00,1
29701,7717.117,6835.588,50000.000,33.00,6648.823,-8643.470,50000.000,58.00,0
29751,9584.764,3824.941,50000.000,42.00,6768.353,-9226.176,50000.000,73.00,0
29801,10227.234,-724.647,50000.000,51.00,7313.706,-8090.646,50000.000,48.00,0
29851,8718.176,-3832.412,50000.000,47.00,5991.411,-5304.117,50000.000,92.00,0
29901,4743.823,-418.353,50000.000,20.00,4497.294,-14.941,50000.000,79.00,0
29951,1576.294,-186.765,50000.000,44.00,2091.765,866.588,50000.000,56.00,0
