timestamp[ms],left_dx[um],left_dy[um],left_dt[us],left_sq44right_dx[um],right_dy[um],right_dt[us],right_sq,waterPin
0,112.059,14.941,50153.000,32.00,97.118,-82.176,50153.000,62.00,0
51,35313.469,4116.294,50000.000,44.00,28948.527,-24271.939,50001.000,62.00,0
101,34536.527,-201.706,50000.000,28.00,27603.822,-24398.939,50000.000,60.00,0
151,34753.176,-448.235,50000.000,48.00,27910.115,-27895.174,50000.000,41.00,0
201,33146.996,4811.059,50000.000,59.00,27290.057,-28447.998,50000.000,54.00,0
251,33244.117,1464.235,50000.000,48.00,27028.586,-28604.881,50000.000,56.00,0
301,33326.293,-2487.706,50000.000,52.00,26572.881,-28492.822,50000.000,58.00,0
351,32511.998,119.529,50000.000,57.00,26049.939,-25818.352,50000.000,28.00,0
401,31578.174,3182.470,50000.000,109.00,25616.645,-26139.586,50000.000,45.00,0
451,32048.822,-1284.941,50000.000,73.00,24271.939,-23831.176,50000.000,50.00,0
501,31772.410,-3795.059,50000.000,43.00,23113.998,-22792.764,50000.000,47.00,0
551,30980.527,403.412,50000.000,48.00,22486.469,-22239.939,50000.000,69.00,0
601,30479.998,1098.176,50000.000,70.00,23472.586,-24002.998,50000.000,72.00,0
651,30300.703,-2794.000,50000.000,26.00,21545.176,-22337.057,50000.000,52.00,0
701,29792.703,-2629.647,50000.000,33.00,21575.057,-22994.469,50000.000,74.00,0
751,27573.939,1322.294,50000.000,46.00,20693.527,-22456.586,50000.000,68.00,0
801,27820.469,1456.765,50000.000,51.00,21104.410,-24764.998,50000.000,63.00,0
851,26879.174,-2696.882,50000.000,34.00,18489.705,-22688.176,50000.000,72.00,0
901,25825.822,-3003.176,50000.000,33.00,18325.352,-21395.764,50000.000,60.00,0
951,23480.057,2353.235,50000.000,25.00,17361.646,-15501.470,50000.000,53.00,0
1001,22718.057,3660.588,50000.000,26.00,17354.176,-15770.411,50000.000,54.00,0
1051,23763.939,-1001.059,50000.000,31.00,16584.705,-15538.822,50000.000,48.00,0
1101,22770.352,-3787.588,50000.000,40.00,16659.410,-18788.527,50000.000,75.00,0
1151,22859.998,-1404.470,50000.000,51.00,15934.764,-19333.881,50000.000,25.00,0
1201,21851.469,2218.765,50000.000,44.00,15187.705,-19236.764,50000.000,46.00,0
1251,22889.881,-903.941,50000.000,35.00,14866.470,-20297.586,50000.000,35.00,0
1301,22097.998,-3869.764,50000.000,55.00,14844.058,-19274.117,50000.000,49.00,0
1351,21799.176,-1456.765,50000.000,51.00,14926.234,-16368.058,50000.000,51.00,0
1401,19587.881,4579.470,50000.000,65.00,14336.058,-12289.117,50000.000,34.00,0
1451,19998.764,5468.470,50000.000,95.00,14679.705,-12423.587,50000.000,66.00,0
1501,21575.057,2173.941,50000.000,72.00,14993.470,-11377.705,50000.000,72.00,0
1551,20611.352,-52.294,50000.000,66.00,14746.940,-11048.999,50000.000,74.00,0
1601,20805.586,-702.235,50000.000,49.00,13842.999,-11467.353,50000.000,74.00,0
1651,19371.234,6290.235,50000.000,49.00,14649.822,-11026.588,50000.000,56.00,0
1701,19811.998,9913.470,50000.000,77.00,15493.999,-10772.588,50000.000,57.00,0
1751,21059.586,8187.764,50000.000,49.00,16509.998,-9330.764,49999.000,63.00,0
1801,19983.822,5274.235,50000.000,73.00,16726.646,-8516.470,50001.000,83.00,0
1851,21589.998,3175.000,50000.000,63.00,16846.176,-8897.470,50000.000,71.00,0
1901,22210.057,1949.823,50000.000,63.00,17331.764,-9136.528,50000.000,57.00,0
1951,22426.705,3436.470,50000.000,52.00,17936.881,-10301.940,50000.000,62.00,0
2001,23898.410,3414.059,50000.000,37.00,18489.705,-11071.411,50000.000,92.00,0
2051,24585.705,1337.235,50000.000,39.00,19371.234,-10070.353,50000.000,78.00,0
2101,25011.527,104.588,50000.000,37.00,19670.057,-8897.470,50000.000,77.00,0
2151,24750.057,-141.941,50000.000,37.00,19386.176,-9457.764,50000.000,68.00,0
2201,26326.352,1464.235,50000.000,41.00,21089.469,-12348.882,50000.000,64.00,0
2251,27185.469,2808.941,50000.000,60.00,21216.469,-15957.176,50000.000,44.00,0
2301,28470.410,911.412,50000.000,48.00,20514.234,-16689.293,50000.000,73.00,0
2351,28044.586,-1479.176,50000.000,27.00,20394.705,-17085.234,50000.000,62.00,0
2401,27775.645,283.882,50000.000,31.00,21380.822,-18287.998,50000.000,30.00,0
2451,26408.527,5057.588,50000.000,31.00,21724.469,-17398.998,50000.000,38.00,0
2501,29329.527,1949.823,50000.000,28.00,21373.352,-19251.705,50000.000,80.00,0
2551,28955.998,-508.000,50000.000,48.00,22658.293,-20827.998,50000.000,48.00,0
2601,29224.939,-762.000,50000.000,36.00,22493.939,-20790.646,50000.000,26.00,0
2651,26886.645,3600.823,50000.000,87.00,21395.764,-20357.352,50000.000,41.00,0
2701,29411.703,3922.059,50000.000,49.00,21843.998,-21425.646,49999.000,88.00,0
2751,28791.645,1621.118,50000.000,57.00,20962.469,-19363.764,50001.000,73.00,0
2801,28313.527,1718.235,50000.000,37.00,20372.293,-17518.527,50000.000,93.00,0
2851,24637.998,7597.588,50000.000,83.00,20476.881,-15366.999,50000.000,42.00,0
2901,28044.586,5729.941,50000.000,46.00,20827.998,-16659.410,50000.000,56.00,0
2951,26976.293,851.647,50000.000,73.00,19199.410,-16016.940,50000.000,51.00,0
3001,26580.352,-709.706,50000.000,53.00,19587.881,-18377.646,50000.000,72.00,0
3051,24115.057,3593.353,50000.000,33.00,18265.588,-15830.176,50000.000,56.00,0
3101,21702.057,8688.294,50000.000,58.00,19311.469,-14604.999,50000.000,66.00,0
3151,24212.176,4362.823,50000.000,36.00,18377.646,-14074.587,50000.000,81.00,0
3201,23674.293,1075.765,50000.000,48.00,17174.881,-11848.353,50000.000,74.00,0
3251,23875.998,-194.235,50000.000,33.00,17062.822,-12565.528,49999.000,71.00,0
3301,22277.293,4960.470,50000.000,34.00,16756.527,-11930.528,50001.000,78.00,0
3351,22045.705,9293.411,50000.000,73.00,18579.352,-11975.353,50000.000,51.00,0
3401,24518.469,3331.882,50000.000,41.00,17548.410,-11556.999,50000.000,69.00,0
3451,23509.939,-776.941,50000.000,48.00,17137.527,-11818.470,50000.000,63.00,0
3501,23502.469,-2390.588,50000.000,33.00,16577.234,-15053.234,50000.000,68.00,0
3551,22568.646,2427.941,50000.000,44.00,16793.881,-16808.822,50000.000,27.00,0
3601,22180.176,5468.470,50000.000,55.00,16876.059,-18026.527,50000.000,63.00,0
3651,23569.705,1038.412,50000.000,44.00,16226.116,-18400.057,50000.000,43.00,0
3701,23113.998,-1456.765,50000.000,44.00,16218.646,-18922.998,50000.000,85.00,0
3751,22284.764,597.647,50000.000,30.00,16039.352,-16233.587,50000.000,39.00,0
3801,20551.586,4086.411,50000.000,53.00,15553.764,-16905.939,50000.000,74.00,0
3851,22172.705,717.176,50000.000,42.00,15860.058,-17107.646,50000.000,52.00,0
3901,21575.057,-1949.823,50000.000,56.00,14552.705,-15740.528,50000.000,48.00,0
3951,21716.998,-866.588,50000.000,33.00,14343.528,-15299.764,50000.000,54.00,0
4001,19782.117,5744.882,50000.000,59.00,15254.940,-15680.764,50000.000,71.00,0
4051,20805.586,5423.646,50000.000,56.00,15157.822,-15419.293,50000.000,43.00,0
4101,21149.234,1389.529,50000.000,58.00,14134.352,-14126.882,50000.000,78.00,0
4151,21843.998,-410.882,50000.000,36.00,13925.176,-14365.940,50000.000,29.00,0
4201,19707.410,3810.000,50000.000,42.00,13872.882,-12498.293,50000.000,59.00,0
4251,19236.764,5461.000,50000.000,74.00,14463.058,-14612.470,50000.000,77.00,0
4301,20290.117,776.941,50000.000,40.00,13618.882,-14978.528,50000.000,48.00,0
4351,19535.588,-2121.647,50000.000,62.00,12356.353,-15404.352,50000.000,63.00,0
4401,18960.352,-22.412,50000.000,35.00,11766.176,-14657.293,50000.000,65.00,0
4451,17735.176,6140.823,50000.000,41.00,12184.528,-12490.822,50000.000,69.00,0
4501,18019.057,4893.235,50000.000,40.00,12640.234,-12341.411,50000.000,71.00,1
4551,18056.410,-59.765,50000.000,22.00,12012.705,-11863.293,50000.000,59.00,1
4601,17660.469,-2502.647,50000.000,37.00,11392.646,-13200.528,50000.000,75.00,0
4651,17839.764,-239.059,50000.000,35.00,11302.999,-12692.528,50000.000,86.00,0
4701,16965.705,7059.706,50000.000,56.00,12460.940,-11937.999,50000.000,73.00,0
4751,17600.705,5124.823,50000.000,52.00,12289.117,-12879.293,50000.000,33.00,0
4801,17070.293,-283.882,50000.000,42.00,11975.353,-11542.058,50000.000,66.00,0
4851,15366.999,186.765,50000.000,47.00,11930.528,-8299.823,50000.000,56.00,0
4901,12147.176,2487.706,50000.000,40.00,10428.940,-3361.764,50000.000,68.00,0
4951,8650.940,2921.000,50000.000,67.00,8785.411,373.529,50000.000,61.00,0
5001,6790.764,926.353,50000.000,41.00,6439.646,1658.470,50000.000,56.00,0
5051,4093.882,-948.765,50000.000,44.00,4594.412,3115.235,50000.000,69.00,0
5101,2121.647,-2846.294,50000.000,41.00,2106.706,3503.706,50000.000,73.00,0
5151,67.235,-1643.529,50000.000,40.00,881.529,3570.941,50000.000,66.00,0
5201,-1098.176,-2166.470,50000.000,42.00,-679.823,851.647,50000.000,70.00,0
5251,-1359.647,-5393.764,50000.000,39.00,-2741.706,-3645.647,50000.000,75.00,0
5301,-1553.882,-6947.646,50000.000,18.00,-3287.059,-6723.529,50000.000,63.00,0
5351,-956.235,-5901.764,50000.000,35.00,-3279.588,-7911.353,50000.000,78.00,0
5401,-978.647,-3234.764,50000.000,40.00,-2988.235,-8658.411,50000.000,52.00,0
5451,-836.706,515.471,50000.000,34.00,-2540.000,-7664.823,50000.000,58.00,0
5501,-1561.353,209.176,50000.000,49.00,-2547.470,-8083.176,50000.000,51.00,0
5551,-993.588,-3824.941,50000.000,42.00,-3839.882,-10197.353,50000.000,65.00,0
5601,-1456.765,-5139.764,50000.000,26.00,-3765.176,-8494.059,50000.000,71.00,0
5651,-2831.353,-4788.647,50000.000,40.00,-3481.294,-4452.470,50000.000,60.00,0
5701,-2779.059,-5035.176,50000.000,36.00,-3705.412,-4377.765,50000.000,62.00,0
5751,-2427.941,-1807.882,50000.000,37.00,-3242.235,-3488.764,50000.000,77.00,0
5801,-2181.412,1755.588,50000.000,42.00,-1621.118,-1792.941,50000.000,44.00,0
5851,-1404.470,0.000,50000.000,34.00,-1553.882,-3197.412,50000.000,36.00,0
5901,-732.118,-3966.882,50000.000,33.00,-2629.647,-6462.059,50000.000,40.00,0
5951,-874.059,-5154.706,50000.000,54.00,-2928.470,-7717.117,50000.000,50.00,0
6001,-1008.529,-5602.941,50000.000,35.00,-2958.353,-7395.882,50000.000,58.00,0
6051,-1546.412,-5162.176,50000.000,43.00,-2838.823,-4093.882,50000.000,50.00,0
6101,-2517.588,-4691.529,50000.000,28.00,-2771.588,-2293.470,50000.000,30.00,0
6151,-1807.882,-4459.941,50000.000,31.00,-3062.941,-3212.353,50001.000,50.00,0
6201,-1658.470,-2054.412,50000.000,41.00,-2144.059,-2353.235,50000.000,25.00,0
6251,-1352.176,-343.647,50000.000,43.00,-1471.706,-2943.412,50000.000,27.00,0
6301,-403.412,-2233.706,50000.000,54.00,-1740.647,-5162.176,50000.000,56.00,0
6351,-268.941,-4004.235,50000.000,33.00,-2151.529,-5662.706,50000.000,67.00,0
6401,-851.647,-3570.941,50000.000,57.00,-1561.353,-3249.706,50000.000,46.00,0
6451,-1665.941,-3638.176,50000.000,42.00,-2069.353,-1337.235,50000.000,48.00,0
6501,-2046.941,-3944.470,50000.000,43.00,-2667.000,-1867.647,50000.000,27.00,0
6551,-1628.588,-4422.588,50000.000,40.00,-2681.941,-3585.882,50000.000,33.00,0
6601,-1038.412,-4235.823,50000.000,36.00,-2315.882,-4265.706,50000.000,73.00,0
6651,-1083.235,-2226.235,50000.000,29.00,-1845.235,-3257.176,50000.000,60.00,0
6701,-1008.529,321.235,50000.000,38.00,-1038.412,-1800.412,50000.000,51.00,0
6751,-851.647,313.765,50000.000,31.00,-754.529,-463.176,50000.000,49.00,0
6801,-1165.412,-1516.529,50000.000,42.00,-1352.176,-418.353,50000.000,48.00,0
6851,-1157.941,-1135.529,50000.000,44.00,-1471.706,776.941,50000.000,53.00,0
6901,-1583.765,933.823,50000.000,45.00,-537.882,2719.294,50000.000,28.00,0
6951,-1912.470,-231.588,50000.000,52.00,-1172.882,1426.882,50000.000,29.00,0
7001,-1568.823,-1919.941,50000.000,37.00,-2323.353,-418.353,50001.000,59.00,0
7051,-1800.412,-7.471,50000.000,33.00,-1695.823,29.882,49999.000,41.00,0
7101,-1882.588,881.529,50000.000,46.00,-1262.529,336.176,50000.000,56.00,0
7151,-1516.529,1845.235,50000.000,53.00,-1217.706,1479.176,50000.000,56.00,0
7201,-1262.529,3443.941,50000.000,52.00,141.941,2375.647,50000.000,18.00,0
7251,-448.235,4243.294,50000.000,47.00,702.235,3092.823,50001.000,62.00,0
7301,-358.588,5334.000,50000.000,39.00,1262.529,5475.941,49999.000,67.00,0
7351,-866.588,5998.882,50000.000,46.00,1897.529,8531.411,50000.000,37.00,0
7401,-664.882,5094.941,50000.000,48.00,1927.412,7560.235,50000.000,36.00,0
7451,425.823,3481.294,50000.000,39.00,1329.765,3092.823,50000.000,53.00,0
7501,1023.471,3077.882,50000.000,48.00,1314.823,1329.765,50000.000,38.00,0
7551,1643.529,3175.000,50000.000,61.00,2413.000,1270.000,50000.000,44.00,0
7601,2861.235,1247.588,50000.000,49.00,2607.235,298.824,50000.000,39.00,0
7651,3421.529,530.412,50000.000,46.00,3055.470,-769.471,50000.000,28.00,0
7701,4250.765,254.000,50000.000,51.00,3765.176,-1636.059,50000.000,27.00,0
7751,5871.882,-276.412,50000.000,22.00,4960.470,-3593.353,50000.000,30.00,0
7801,7664.823,-2024.529,50000.000,44.00,5864.411,-5139.764,50000.000,48.00,0
7851,8075.706,-2808.941,50000.000,31.00,5871.882,-4101.353,50000.000,53.00,0
7901,6992.470,-1561.353,50000.000,39.00,5804.646,-2106.706,50000.000,70.00,0
7951,6066.117,-119.529,50000.000,51.00,5767.294,754.529,50000.000,43.00,0
8001,5632.823,1001.059,50000.000,36.00,5842.000,2144.059,50000.000,32.00,0
8051,5147.235,2577.353,50000.000,88.00,5827.059,3137.647,50000.000,43.00,0
8101,3974.353,4400.176,50000.000,37.00,5483.412,5580.529,50000.000,24.00,0
8151,2928.470,3331.882,50000.000,26.00,4781.176,5804.646,50000.000,13.00,0
8201,3287.059,-1210.235,50000.000,28.00,2398.059,1875.118,50000.000,11.00,0
8251,4400.176,-2741.706,50000.000,35.00,2988.235,-104.588,50000.000,17.00,0
8301,6790.764,-866.588,50000.000,39.00,4975.412,-1673.412,50000.000,20.00,0
8351,10242.176,2099.235,50000.000,44.00,3742.764,-3197.412,50000.000,15.00,0
8401,11937.999,3025.588,50000.000,42.00,6155.764,-5707.529,50000.000,52.00,0
8451,10787.528,3018.117,50000.000,56.00,9629.588,-3346.823,50000.000,35.00,0
8501,9495.117,2771.588,50000.000,58.00,9988.176,649.941,50000.000,14.00,0
8551,10473.764,44.824,50000.000,47.00,9711.764,-209.176,50000.000,26.00,0
8601,11646.646,-1471.706,50002.000,43.00,10481.234,-2009.588,50000.000,35.00,0
8651,13387.293,-3309.470,49999.000,61.00,11063.940,-4803.588,50000.000,63.00,0
8701,15172.764,-6409.764,49999.000,41.00,11243.234,-9442.823,49998.000,63.00,0
8751,16457.705,-5139.764,50000.000,60.00,11026.588,-12184.528,50001.000,82.00,0
8801,16898.469,769.471,50000.000,53.00,12782.176,-10615.705,50000.000,75.00,0
8851,16928.352,2472.765,50000.000,97.00,13327.528,-9913.470,50000.000,75.00,0
8901,17286.939,-1060.823,50000.000,60.00,13207.999,-9764.059,50000.000,33.00,0
8951,16517.469,-1150.470,50000.000,51.00,13932.646,-5289.176,50000.000,81.00,0
9001,16091.646,209.176,50000.000,41.00,13902.764,-4572.000,50000.000,55.00,0
9051,17152.469,1583.765,50000.000,66.00,14694.646,-5864.411,50000.000,59.00,0
9101,17488.646,1837.765,50000.000,59.00,14903.822,-6648.823,50000.000,53.00,0
9151,18541.998,1606.176,50000.000,66.00,15120.470,-7097.058,50000.000,69.00,0
9201,18086.293,-388.471,50000.000,68.00,14575.116,-8240.059,50000.000,69.00,0
9251,18101.234,-3339.353,50000.000,51.00,13207.999,-10152.528,50000.000,60.00,0
9301,17316.822,-5378.823,50000.000,56.00,11990.293,-11788.588,50000.000,59.00,0
9351,16427.822,-5453.529,50000.000,37.00,11459.882,-10951.882,50000.000,72.00,0
9401,14171.705,-5446.059,50000.000,38.00,10570.882,-7709.646,50000.000,72.00,0
9451,12184.528,-4549.588,50000.000,46.00,9808.882,-6267.823,50000.000,43.00,0
9501,12632.764,-2659.529,50000.000,50.00,9502.588,-8217.646,50000.000,73.00,0
9551,12752.293,1337.235,50000.000,45.00,9741.646,-8172.823,50000.000,52.00,0
9601,11803.528,5124.823,50000.000,52.00,9935.882,-8434.294,50000.000,51.00,0
9651,11908.117,4056.529,50000.000,37.00,9315.823,-9681.882,50000.000,48.00,0
9701,11392.646,537.882,50000.000,45.00,8210.176,-7522.882,50000.000,59.00,0
9751,10914.528,-2457.823,50000.000,31.00,7971.117,-4213.412,50000.000,61.00,0
9801,9375.588,-2226.235,50000.000,46.00,8240.059,-1143.000,50000.000,69.00,0
9851,10331.823,-1299.882,50000.000,45.00,8830.234,-2330.823,50000.000,59.00,0
9901,10600.764,-164.353,50000.000,41.00,8897.470,-2136.588,50000.000,51.00,0
9951,10690.411,2293.470,50000.000,46.00,9973.234,-1075.765,50000.000,73.00,0
10001,12408.646,2435.412,50000.000,44.00,10727.764,-2906.059,50000.000,52.00,0
10051,12617.822,1636.059,50000.000,26.00,10772.588,-2726.764,50000.000,41.00,0
10101,11721.353,1030.941,50000.000,35.00,10794.999,-478.118,50000.000,56.00,0
10151,11549.528,-171.824,50000.000,40.00,10145.059,-1001.059,50000.000,43.00,0
10201,10653.058,-754.529,50000.000,50.00,9233.646,-1613.647,50000.000,51.00,0
10251,9659.470,-963.706,50000.000,43.00,7791.823,-2271.059,50000.000,58.00,0
10301,9637.059,784.412,50000.000,43.00,8254.999,-2741.706,50000.000,45.00,0
10351,10892.117,2308.412,50000.000,53.00,9114.117,-3944.470,50000.000,71.00,0
10401,12901.705,1016.000,50000.000,53.00,10421.470,-7836.646,50000.000,79.00,0
10451,15157.822,-4863.353,50000.000,57.00,9764.059,-12699.999,50000.000,68.00,0
10501,15374.470,-6977.529,50000.000,30.00,9622.117,-13409.705,50000.000,83.00,0
10551,14941.176,-4325.470,50000.000,35.00,10018.059,-11781.117,50000.000,76.00,0
10601,14126.882,-2569.882,50000.000,43.00,10839.823,-6477.000,50000.000,36.00,0
10651,12856.882,-2024.529,50000.000,49.00,9599.705,-4310.529,50000.000,14.00,0
10701,14664.764,-694.765,50000.000,31.00,6103.470,-4878.294,50000.000,44.00,0
10751,15635.940,463.176,50000.000,41.00,11512.176,-9517.528,50000.000,34.00,0
10801,13955.058,2465.294,50000.000,37.00,12124.764,-10062.882,50000.000,23.00,0
10851,13977.470,2188.882,50000.000,59.00,10720.293,-12849.411,50000.000,60.00,0
10901,14590.058,44.824,50000.000,36.00,10742.705,-11220.823,50000.000,74.00,0
10951,13798.176,-1987.176,50000.000,46.00,10600.764,-7582.646,50000.000,59.00,0
11001,12505.764,-2435.412,50000.000,50.00,9353.176,-7343.588,50000.000,43.00,0
11051,12438.528,-2002.118,50000.000,48.00,8703.234,-10040.470,50000.000,78.00,0
11101,11855.822,-1434.353,50000.000,50.00,7963.646,-10496.176,50000.000,67.00,0
11151,10809.940,2816.412,50000.000,56.00,8090.646,-8553.823,50000.000,61.00,0
11201,10735.234,4280.647,50000.000,72.00,8501.529,-8142.940,50000.000,82.00,0
11251,10936.940,1225.176,50000.000,51.00,8404.411,-6917.764,50000.000,76.00,0
11301,10346.764,-1284.941,50000.000,55.00,8053.293,-6133.353,50000.000,75.00,0
11351,10406.528,-2786.529,50000.000,61.00,7224.058,-8329.705,50000.000,91.00,0
11401,11138.646,-3010.647,50000.000,61.00,6230.470,-11646.646,50000.000,63.00,0
11451,11400.117,-1232.647,50000.000,40.00,6708.588,-11773.646,50000.000,38.00,0
11501,10802.470,2906.059,50000.000,52.00,7074.646,-10615.705,50000.000,60.00,0
11551,10473.764,2532.529,50000.000,64.00,7649.882,-10481.234,50000.000,44.00,0
11601,10279.528,-2943.412,50000.000,66.00,5759.823,-11168.528,50000.000,61.00,0
11651,9256.059,-4527.176,50000.000,60.00,4960.470,-12707.470,50000.000,44.00,0
11701,9076.764,-4310.529,50000.000,39.00,4198.470,-14111.940,50000.000,53.00,0
11751,8299.823,-1284.941,50000.000,43.00,4482.353,-11564.470,50000.000,59.00,0
11801,6880.411,971.176,50000.000,51.00,4325.470,-9599.705,50000.000,80.00,0
11851,7082.117,119.529,50000.000,68.00,3937.000,-9069.294,50000.000,65.00,0
11901,5453.529,-1090.706,50000.000,51.00,3130.176,-6514.353,50000.000,78.00,0
11951,2569.882,-291.353,50000.000,49.00,1568.823,-3944.470,50000.000,48.00,0
12001,694.765,-657.412,50000.000,53.00,-254.000,-5774.764,50000.000,48.00,0
12051,2166.470,-956.235,50000.000,42.00,-784.412,-9420.411,50000.000,64.00,0
12101,2024.529,4093.882,50000.000,67.00,776.941,-6648.823,50000.000,54.00,0
12151,2009.588,5715.000,50000.000,75.00,2144.059,-6417.235,50000.000,48.00,0
12201,4198.470,254.000,50000.000,61.00,1778.000,-9158.940,50000.000,68.00,0
12251,4713.941,-3600.823,50000.000,76.00,1643.529,-12565.528,50000.000,51.00,0
12301,5573.059,-4796.117,50000.000,51.00,1240.118,-14881.411,50000.000,69.00,0
12351,5020.235,627.529,50000.000,74.00,2173.941,-11078.882,50000.000,58.00,0
12401,4870.823,4699.000,50000.000,90.00,3429.000,-9323.294,50000.000,72.00,0
12451,6521.823,2547.470,50000.000,72.00,3966.882,-9741.646,50000.000,78.00,0
12501,7007.411,-328.706,50000.000,87.00,3750.235,-8673.353,50000.000,61.00,0
12551,7336.117,-2300.941,50000.000,81.00,4519.706,-9420.411,50000.000,68.00,0
12601,8322.234,-3287.059,50000.000,70.00,4504.764,-10623.176,50000.000,69.00,0
12651,7530.353,-1210.235,50000.000,63.00,4527.176,-8494.059,50000.000,56.00,0
12701,5423.646,1830.294,50000.000,71.00,4041.588,-5588.000,50000.000,75.00,0
12751,5363.882,3892.176,50000.000,48.00,3518.647,-6843.059,50000.000,69.00,0
12801,6036.235,3055.470,50000.000,51.00,3660.588,-7896.411,50000.000,46.00,0
12851,6574.117,-164.353,50000.000,66.00,3944.470,-7881.470,50000.000,61.00,0
12901,7082.117,-3287.059,50000.000,34.00,3877.235,-9920.940,50000.000,59.00,0
12951,7911.353,-4362.823,50000.000,42.00,3578.412,-11519.646,50000.000,43.00,0
13001,7560.235,-14.941,50000.000,49.00,4855.882,-9158.940,50000.000,48.00,0
13051,7283.823,5774.764,50000.000,33.00,6432.176,-4586.941,50000.000,53.00,0
13101,8284.882,6835.588,50000.000,53.00,7717.117,-4788.647,50000.000,45.00,0
13151,10010.588,2039.470,50000.000,51.00,7336.117,-6738.470,50000.000,53.00,0
13201,10197.353,-1748.118,50000.000,30.00,7276.353,-7194.176,50000.000,36.00,0
13251,10884.646,-3160.059,50000.000,24.00,7903.882,-7283.823,50000.000,58.00,0
13301,12072.470,-754.529,50000.000,48.00,9054.353,-7657.353,50000.000,68.00,0
13351,12976.411,3765.176,50000.000,38.00,10466.293,-6895.353,50000.000,60.00,0
13401,13357.411,8792.882,50000.000,54.00,11564.470,-5774.764,50000.000,82.00,0
13451,13514.293,5244.353,50000.000,43.00,11661.588,-6917.764,50000.000,37.00,0
13501,13895.293,448.235,50000.000,49.00,9816.353,-11639.176,50000.000,49.00,0
13551,14149.293,-2166.470,50000.000,66.00,9749.117,-13484.411,50000.000,54.00,0
13601,13342.470,-4601.882,50000.000,40.00,8837.705,-14283.764,50000.000,56.00,0
13651,13432.117,-597.647,50000.000,45.00,9129.059,-14261.352,50000.000,60.00,0
13701,12722.411,4205.941,50000.000,65.00,9726.705,-13820.587,50000.000,41.00,0
13751,14380.882,1322.294,50000.000,36.00,9659.470,-14313.646,50000.000,74.00,0
13801,14896.352,-2637.117,50000.000,44.00,9502.588,-15456.646,50000.000,51.00,0
13851,15180.234,-3473.823,50000.000,50.00,9218.705,-16831.234,50000.000,53.00,0
13901,13828.058,2771.588,50000.000,56.00,9607.176,-14896.352,50000.000,55.00,0
13951,14343.528,5774.764,50000.000,78.00,10137.588,-13641.293,50000.000,79.00,0
14001,14552.705,2114.176,50000.000,56.00,9637.059,-11923.058,50000.000,53.00,0
14051,12886.764,455.706,50000.000,69.00,8695.764,-12871.822,50000.000,59.00,0
14101,13566.587,410.882,50000.000,53.00,8807.823,-14111.940,50000.000,80.00,0
14151,12505.764,3832.412,50000.000,54.00,8643.470,-13043.646,50000.000,71.00,0
14201,12251.764,7522.882,50000.000,84.00,9435.353,-12132.234,50000.000,54.00,0
14251,14306.176,3160.059,50000.000,82.00,9510.059,-12572.999,50000.000,63.00,0
14301,14029.764,-1800.412,50000.000,66.00,8658.411,-13969.999,50000.000,57.00,1
14351,14209.058,-1329.765,50000.000,43.00,8643.470,-14657.293,50000.000,66.00,1
14401,12333.940,3810.000,50000.000,86.00,8688.294,-13372.352,50000.000,49.00,0
14451,12132.234,5722.470,50000.000,89.00,9009.528,-12647.705,50000.000,37.00,0
14501,13715.999,-171.824,50000.000,58.00,8695.764,-13745.882,50000.000,44.00,0
14551,11937.999,-3914.588,50000.000,38.00,6820.646,-13536.705,50000.000,41.00,0
14601,10615.705,-1994.647,50000.000,33.00,6424.706,-9838.764,50000.000,58.00,0
14651,7029.823,1441.823,50000.000,46.00,5983.941,-3959.411,50000.000,73.00,0
14701,4848.412,1778.000,50000.000,77.00,4407.647,-2024.529,50000.000,63.00,0
14751,3660.588,-29.882,50000.000,53.00,2435.412,-5012.764,50000.000,45.00,0
14801,3302.000,-493.059,50000.000,36.00,1105.647,-4848.412,50000.000,65.00,0
14851,-59.765,1867.647,50000.000,53.00,874.059,1299.882,50000.000,80.00,0
14901,-3204.882,1449.294,50000.000,68.00,-1419.412,4728.882,50000.000,68.00,0
14951,-5707.529,-2943.412,50000.000,39.00,-4721.412,2891.117,50000.000,70.00,0
15001,-7104.529,-8015.940,50000.000,42.00,-8232.588,-911.412,50000.000,62.00,0
15051,-8142.940,-8777.940,50000.000,63.00,-9270.999,-3234.764,50000.000,41.00,0
15101,-8254.999,-6477.000,50000.000,40.00,-8785.411,-3824.941,50000.000,32.00,0
15151,-7336.117,-4721.412,50000.000,43.00,-8142.940,-4332.941,50000.000,55.00,0
15201,-6103.470,-3272.117,50000.000,38.00,-7097.058,-5453.529,50000.000,34.00,0
15251,-4893.235,1045.882,50000.000,53.00,-5782.235,-5901.764,50000.000,47.00,0
15301,-4736.353,3249.706,50000.000,91.00,-4265.706,-4377.765,49999.000,75.00,0
15351,-4721.412,-1740.647,50000.000,45.00,-5244.353,-6036.235,50001.000,62.00,0
15401,-3854.823,-5065.059,50000.000,65.00,-6484.470,-8583.705,50000.000,55.00,0
15451,-3914.588,-5543.176,50000.000,55.00,-5983.941,-9121.588,50000.000,56.00,0
15501,-3780.117,-4579.470,50000.000,56.00,-5998.882,-8964.705,50000.000,52.00,0
15551,-3623.235,-1927.412,50000.000,70.00,-4512.235,-5946.588,50000.000,62.00,0
15601,-3750.235,-1576.294,50000.000,81.00,-4198.470,-3847.353,50000.000,55.00,0
15651,-3302.000,-4885.764,50000.000,49.00,-4527.176,-5707.529,50000.000,79.00,0
15701,-3548.529,-6521.823,50000.000,48.00,-5513.294,-5856.941,50000.000,83.00,0
15751,-4213.412,-5722.470,50000.000,51.00,-5177.117,-3645.647,50000.000,67.00,0
15801,-3944.470,-6604.000,50000.000,38.00,-5102.412,-4258.235,50000.000,63.00,0
15851,-3697.941,-6335.059,50000.000,43.00,-5416.176,-5341.470,50000.000,39.00,0
15901,-3354.294,-3951.941,50000.000,45.00,-4310.529,-4654.176,50000.000,47.00,0
15951,-2569.882,-2315.882,50000.000,39.00,-3272.117,-3623.235,50000.000,67.00,0
16001,-2046.941,-2226.235,50000.000,57.00,-2704.353,-4572.000,50000.000,64.00,0
16051,-1733.176,-5475.941,50000.000,31.00,-3466.353,-6932.706,50000.000,58.00,0
16101,-2002.118,-7082.117,50000.000,35.00,-4362.823,-6738.470,49999.000,34.00,0
16151,-2853.764,-6148.294,50000.000,48.00,-3966.882,-4041.588,50001.000,53.00,0
16201,-3040.529,-5692.588,50000.000,43.00,-3765.176,-4138.706,50000.000,44.00,0
16251,-1987.176,-4198.470,50000.000,30.00,-3570.941,-5774.764,50000.000,57.00,0
16301,-2009.588,-2420.470,50000.000,56.00,-2749.176,-4893.235,50000.000,58.00,0
16351,-1800.412,-3062.941,50000.000,46.00,-2808.941,-4773.706,50000.000,58.00,0
16401,-1927.412,-5393.764,50000.000,25.00,-3175.000,-4586.941,50000.000,39.00,0
16451,-2390.588,-5528.235,50000.000,36.00,-3570.941,-3257.176,50000.000,51.00,0
16501,-2823.882,-4235.823,50000.000,23.00,-3092.823,-941.294,50000.000,57.00,0
16551,-3458.882,-3526.117,50000.000,31.00,-3175.000,747.059,50000.000,67.00,0
16601,-3331.882,-6320.117,50000.000,38.00,-3996.764,-1673.412,50000.000,65.00,0
16651,-3115.235,-8001.000,50000.000,32.00,-5057.588,-3727.823,50000.000,49.00,0
16701,-3391.647,-5722.470,50000.000,47.00,-3787.588,-3705.412,50000.000,41.00,0
16751,-2935.941,-4796.117,50000.000,42.00,-3892.176,-4609.353,50000.000,63.00,0
16801,-2584.823,-5281.706,50000.000,46.00,-3623.235,-5199.529,50000.000,71.00,0
16851,-2749.176,-5341.470,50000.000,24.00,-3787.588,-3473.823,50000.000,72.00,0
16901,-2913.529,-4318.000,50000.000,41.00,-3593.353,-1830.294,50000.000,78.00,0
16951,-3533.588,-5378.823,50000.000,44.00,-3899.647,-2457.823,50000.000,32.00,0
17001,-3511.176,-7231.529,50000.000,61.00,-5251.823,-5050.117,50000.000,32.00,0
17051,-3204.882,-6103.470,50000.000,42.00,-4661.647,-6566.646,50000.000,68.00,0
17101,-2652.059,-3922.059,50000.000,57.00,-3810.000,-5513.294,50000.000,43.00,0
17151,-2704.353,-1606.176,50000.000,50.00,-3092.823,-3391.647,50000.000,30.00,0
17201,-2360.706,-3712.882,50000.000,45.00,-3077.882,-3548.529,50000.000,32.00,0
17251,-2741.706,-5983.941,50000.000,52.00,-4355.353,-3122.706,50000.000,37.00,0
17301,-3421.529,-4504.764,50000.000,38.00,-4078.941,-1792.941,50000.000,28.00,0
17351,-3780.117,-4400.176,50000.000,55.00,-4131.235,-1359.647,50000.000,17.00,0
17401,-4131.235,-6544.235,50000.000,52.00,-5199.529,-3167.529,50000.000,18.00,0
17451,-3615.764,-6985.000,50000.000,37.00,-4990.353,-5057.588,50000.000,40.00,0
17501,-2995.706,-5797.176,50000.000,56.00,-4512.235,-6514.353,50000.000,49.00,0
17551,-2487.706,-4452.470,50000.000,49.00,-3757.706,-6140.823,50000.000,31.00,0
17601,-2121.647,-4041.588,50000.000,49.00,-3316.941,-6267.823,50000.000,35.00,0
17651,-1890.059,-5438.588,50000.000,43.00,-3294.529,-6252.882,50000.000,57.00,0
17701,-2532.529,-4960.470,50000.000,39.00,-3541.059,-4213.412,50000.000,58.00,0
17751,-3100.294,-4011.706,50000.000,43.00,-3600.823,-1972.235,50000.000,50.00,0
17801,-3249.706,-6230.470,50000.000,40.00,-4138.706,-2980.764,50000.000,40.00,0
17851,-3062.941,-5408.706,50000.000,39.00,-4572.000,-3369.235,50000.000,47.00,0
17901,-2756.647,-1262.529,50000.000,49.00,-2764.117,-2286.000,50000.000,47.00,0
17951,-2032.000,-1008.529,50000.000,41.00,-2151.529,-2823.882,50000.000,59.00,0
18001,-1434.353,-3570.941,50000.000,31.00,-2315.882,-3257.176,50000.000,86.00,0
18051,-1486.647,-3466.353,50000.000,38.00,-2211.294,-1934.882,50000.000,68.00,0
18101,-1060.823,-1531.470,50000.000,38.00,-1277.470,-1374.588,50000.000,66.00,0
18151,-410.882,254.000,50000.000,40.00,-508.000,-635.000,50000.000,78.00,0
18201,-448.235,1740.647,50000.000,41.00,156.882,1314.823,50000.000,47.00,0
18251,-874.059,291.353,50000.000,39.00,7.471,956.235,50000.000,36.00,0
18301,-388.471,-3010.647,50000.000,48.00,-1434.353,-2188.882,50000.000,59.00,0
18351,-403.412,-2973.294,50000.000,41.00,-1165.412,-2278.529,49999.000,62.00,0
18401,-567.765,-1748.118,50000.000,31.00,-829.235,-1770.529,50001.000,43.00,0
18451,-508.000,-1680.882,50000.000,39.00,-993.588,-2181.412,50000.000,75.00,0
18501,-694.765,-1822.823,50000.000,34.00,-1277.470,-2562.412,50000.000,90.00,0
18551,-851.647,-2525.059,50000.000,46.00,-1359.647,-3077.882,50000.000,40.00,0
18601,-649.941,-3294.529,50000.000,33.00,-1949.823,-4609.353,50000.000,73.00,0
18651,-844.176,-590.176,50000.000,52.00,-963.706,-620.059,50000.000,55.00,0
18701,-1419.412,-612.588,50000.000,40.00,-642.471,343.647,50000.000,37.00,0
18751,-859.118,-4594.412,50000.000,50.00,-1934.882,-2965.823,50000.000,84.00,0
18801,-268.941,-6006.353,50000.000,25.00,-2203.823,-4445.000,50000.000,64.00,0
18851,-575.235,-4519.706,50000.000,39.00,-1568.823,-3735.294,50000.000,76.00,0
18901,-276.412,-3302.000,50000.000,34.00,-1389.529,-3414.059,50000.000,65.00,0
18951,-283.882,-2525.059,50000.000,26.00,-1120.588,-3003.176,50000.000,76.00,0
19001,-104.588,-1344.706,50000.000,35.00,-881.529,-3130.176,50000.000,59.00,0
19051,171.824,-903.941,50000.000,49.00,-702.235,-3937.000,50000.000,63.00,0
19101,0.000,-4198.470,50000.000,44.00,-1636.059,-6469.529,50000.000,56.00,0
19151,-164.353,-5334.000,50000.000,29.00,-1897.529,-4669.117,50000.000,84.00,0
19201,-1030.941,-4601.882,50000.000,38.00,-1651.000,-1441.823,50000.000,60.00,0
19251,-971.176,-5072.529,50000.000,35.00,-1613.647,-2510.117,50000.000,69.00,0
19301,104.588,-5221.941,50000.000,32.00,-1927.412,-4728.882,50000.000,76.00,0
19351,246.529,-2375.647,50000.000,24.00,-799.353,-4071.470,50000.000,73.00,0
19401,829.235,694.765,50000.000,38.00,186.765,-2988.235,50000.000,82.00,0
19451,1232.647,1867.647,50000.000,42.00,933.823,-2853.764,50000.000,71.00,0
19501,1001.059,694.765,50000.000,35.00,500.529,-1778.000,50000.000,69.00,0
19551,-545.353,-485.588,50000.000,30.00,-156.882,664.882,50000.000,86.00,0
19601,-1434.353,-3638.176,50000.000,48.00,-1763.059,-141.941,50000.000,85.00,0
19651,-1143.000,-5109.882,50000.000,30.00,-2233.706,-971.176,50000.000,72.00,0
19701,-866.588,-2315.882,50000.000,48.00,-1217.706,-709.706,50000.000,75.00,0
19751,149.412,1008.529,50000.000,47.00,239.059,-463.176,50000.000,70.00,0
19801,1262.529,2241.176,50000.000,51.00,1344.706,-762.000,50000.000,78.00,0
19851,2368.176,2024.529,50000.000,46.00,2144.059,-1008.529,50000.000,64.00,0
19901,3257.176,1665.941,50000.000,39.00,2876.176,-747.059,50000.000,65.00,0
19951,3668.059,1419.412,50000.000,43.00,3503.706,-186.765,50000.000,73.00,0
20001,4235.823,702.235,50000.000,59.00,3892.176,-14.941,50000.000,72.00,0
20051,5214.470,-478.118,50000.000,42.00,4467.412,-336.176,50000.000,67.00,0
20101,5588.000,381.000,50000.000,41.00,5102.412,493.059,50000.000,69.00,0
20151,6163.235,1075.765,50000.000,46.00,5849.470,866.588,50000.000,69.00,0
20201,6880.411,1651.000,50000.000,47.00,6574.117,1187.823,50000.000,72.00,0
20251,7104.529,3399.117,50000.000,53.00,7298.764,2502.647,50000.000,59.00,0
20301,6282.764,5244.353,50000.000,46.00,7298.764,4026.647,50000.000,72.00,0
20351,5685.117,5094.941,50000.000,63.00,6940.176,4654.176,50000.000,73.00,0
20401,5378.823,2413.000,50000.000,52.00,6163.235,4220.882,49999.000,74.00,0
20451,4728.882,410.882,50000.000,49.00,4960.470,3974.353,50001.000,54.00,0
20501,4041.588,866.588,50000.000,53.00,4213.412,3884.706,50000.000,76.00,0
20551,2973.294,2039.470,50000.000,49.00,3832.412,5177.117,50000.000,17.00,0
20601,3033.059,1665.941,50000.000,47.00,3750.235,3361.764,50000.000,33.00,0
20651,4459.941,717.176,50000.000,69.00,3944.470,-1030.941,50000.000,49.00,0
20701,6096.000,44.824,50000.000,107.00,4781.176,-2741.706,50000.000,77.00,0
20751,6409.764,1807.882,50000.000,88.00,5632.823,-1897.529,50000.000,37.00,0
20801,8561.294,1240.118,50000.000,83.00,6701.117,-6013.823,50000.000,39.00,0
20851,11893.176,-590.176,50000.000,62.00,7597.588,-11556.999,50000.000,53.00,0
20901,13574.058,-1680.882,50000.000,50.00,8367.059,-11661.588,50000.000,58.00,0
20951,13058.587,1344.706,50000.000,59.00,9913.470,-7410.823,50000.000,46.00,0
21001,13544.176,2719.294,50000.000,80.00,11676.528,-5087.470,50000.000,72.00,0
21051,15105.528,-97.118,50000.000,58.00,12027.646,-4243.294,50000.000,46.00,0
21101,15075.646,-298.824,50000.000,52.00,13178.117,-956.235,50000.000,61.00,1
21151,16472.646,2069.353,50000.000,67.00,15195.176,-3750.235,50000.000,63.00,1
21201,20155.646,-381.000,50000.000,76.00,15479.058,-8576.234,50000.000,65.00,0
21251,21993.410,-5856.941,50000.000,41.00,15867.528,-11258.176,50000.000,60.00,0
21301,23300.764,-3802.529,50000.000,31.00,17242.117,-11571.940,50000.000,79.00,0
21351,22195.115,724.647,50000.000,62.00,18048.939,-8314.764,50000.000,67.00,0
21401,18713.822,3473.823,50000.000,45.00,16913.410,-2375.647,50000.000,31.00,0
21451,14418.234,1979.706,50000.000,66.00,14096.999,-1778.000,50000.000,20.00,0
21501,10817.411,-5461.000,50000.000,33.00,8464.176,-5087.470,50000.000,42.00,0
21551,8292.353,-6731.000,50000.000,33.00,4923.117,-6932.706,50000.000,53.00,0
21601,7545.293,-4803.588,50000.000,36.00,5169.646,-8180.293,50000.000,32.00,0
21651,7052.235,-6103.470,50000.000,28.00,3712.882,-10720.293,50000.000,48.00,0
21701,6783.293,-5827.059,50000.000,44.00,3107.764,-11967.882,50000.000,93.00,0
21751,5901.764,-4280.647,50000.000,46.00,3436.470,-8202.705,49999.000,59.00,0
21801,4908.176,-4594.412,50000.000,33.00,2756.647,-6364.941,50001.000,38.00,0
21851,5012.764,-2256.117,50000.000,40.00,2584.823,-7380.941,50000.000,65.00,0
21901,5214.470,1382.059,50000.000,64.00,3548.529,-8008.470,50000.000,50.00,0
21951,5386.294,-1411.941,50000.000,36.00,3033.059,-10264.588,50000.000,58.00,0
22001,5147.235,-4766.235,50000.000,35.00,1538.941,-10705.353,50000.000,71.00,0
22051,3937.000,-5326.529,50000.000,44.00,1479.176,-9599.705,50000.000,61.00,0
22101,3130.176,-5244.353,50000.000,44.00,679.823,-6544.235,50000.000,76.00,0
22151,2009.588,-5057.588,50000.000,32.00,747.059,-3757.706,50000.000,78.00,0
22201,2046.941,-3683.000,50000.000,27.00,776.941,-2749.176,50000.000,73.00,0
22251,2017.059,-575.235,50000.000,40.00,1322.294,-2741.706,50000.000,83.00,0
22301,2271.059,-530.412,50000.000,53.00,1613.647,-3974.353,50000.000,83.00,0
22351,2547.470,-5094.941,50000.000,39.00,470.647,-6820.646,50000.000,84.00,0
22401,2383.117,-6872.941,50000.000,40.00,-127.000,-7268.882,50000.000,75.00,0
22451,1733.176,-5707.529,50000.000,50.00,-642.471,-5468.470,50000.000,53.00,0
22501,605.118,-4093.882,50000.000,38.00,-366.059,-3212.353,50000.000,75.00,0
22551,657.412,-6372.411,50000.000,49.00,-784.412,-3697.941,50000.000,50.00,0
22601,851.647,-6417.235,50000.000,37.00,-1382.059,-4041.588,50000.000,54.00,0
22651,754.529,-2749.176,50000.000,36.00,-29.882,-3481.294,50000.000,55.00,0
22701,1075.765,-3100.294,50000.000,36.00,-216.647,-4071.470,50000.000,65.00,0
22751,1277.470,-5640.294,50000.000,32.00,-687.294,-4766.235,50000.000,91.00,0
22801,1001.059,-5446.059,50000.000,39.00,-821.765,-4564.529,50000.000,56.00,0
22851,717.176,-4654.176,50000.000,30.00,-694.765,-3361.764,50000.000,72.00,0
22901,-112.059,-3100.294,50000.000,29.00,-709.706,-1426.882,50000.000,78.00,0
22951,-306.294,-2831.353,50000.000,40.00,-403.412,-1322.294,50000.000,84.00,0
23001,552.823,-3929.529,50000.000,45.00,-903.941,-3085.353,50000.000,64.00,0
23051,635.000,-3242.235,50000.000,34.00,-463.176,-2771.588,50000.000,44.00,0
23101,127.000,-1755.588,50000.000,41.00,-254.000,-1120.588,50000.000,71.00,0
23151,291.353,358.588,50000.000,40.00,194.235,-89.647,50000.000,51.00,0
23201,522.941,926.353,50000.000,33.00,859.118,74.706,50000.000,54.00,0
23251,597.647,-732.118,50000.000,38.00,164.353,-582.706,50000.000,52.00,0
23301,97.118,-1038.412,50000.000,39.00,-89.647,-37.353,50000.000,59.00,0
23351,-941.294,-2114.176,50000.000,32.00,-739.588,261.471,50000.000,73.00,0
23401,-1143.000,-3361.764,50000.000,77.00,-1695.823,-321.235,50000.000,50.00,0
23451,-1441.823,-2129.117,50000.000,44.00,-1531.470,-261.471,49999.000,49.00,0
23501,-1277.470,-1919.941,50000.000,46.00,-1314.823,-590.176,50001.000,53.00,0
23551,-1038.412,-2495.176,50000.000,37.00,-1673.412,-1008.529,50000.000,51.00,0
23601,-1113.118,-1329.765,50000.000,48.00,-1232.647,-268.941,50000.000,47.00,0
23651,-1023.471,-194.235,50000.000,56.00,-679.823,186.765,50000.000,56.00,0
23701,-545.353,-1016.000,50000.000,55.00,-657.412,-635.000,50000.000,99.00,0
23751,-500.529,-1516.529,50000.000,50.00,-971.176,-1113.118,50000.000,30.00,0
23801,-590.176,-500.529,50000.000,56.00,-657.412,-224.118,50000.000,36.00,0
23851,-851.647,0.000,50000.000,44.00,-508.000,366.059,50000.000,46.00,0
23901,-903.941,-351.118,50000.000,55.00,-933.823,29.882,50000.000,40.00,0
23951,-971.176,239.059,50000.000,42.00,-836.706,612.588,50000.000,82.00,0
24001,-1419.412,-59.765,50000.000,72.00,-724.647,926.353,50000.000,71.00,0
24051,-1120.588,-1277.470,50000.000,60.00,-1553.882,-560.294,50000.000,62.00,0
24101,-1180.353,-620.059,50000.000,34.00,-1486.647,-851.647,50000.000,68.00,0
24151,-1501.588,-366.059,50000.000,40.00,-1277.470,-433.294,50000.000,62.00,0
24201,-1404.470,-956.235,50000.000,68.00,-1531.470,-657.412,50000.000,71.00,0
24251,-1524.000,-2218.765,50000.000,41.00,-1912.470,-799.353,50000.000,53.00,0
24301,-1934.882,-1815.353,50000.000,45.00,-2203.823,-381.000,50000.000,73.00,0
24351,-1979.706,-1531.470,50000.000,64.00,-1815.353,-119.529,50000.000,79.00,0
24401,-2345.765,-3033.059,50000.000,43.00,-2592.294,-186.765,50000.000,45.00,0
24451,-2525.059,-3257.176,50000.000,36.00,-2771.588,672.353,50000.000,69.00,0
24501,-2540.000,-3922.059,50000.000,42.00,-2487.706,-231.588,50000.000,47.00,0
24551,-1882.588,-5326.529,50000.000,56.00,-2921.000,-2943.412,50000.000,45.00,0
24601,-1053.353,-4004.235,50000.000,50.00,-2517.588,-5378.823,50000.000,76.00,0
24651,-687.294,-2980.764,50000.000,29.00,-1830.294,-4661.647,50000.000,78.00,0
24701,-1314.823,-3772.647,50000.000,36.00,-2061.882,-3429.000,50000.000,71.00,0
24751,-1613.647,-4445.000,50000.000,46.00,-2413.000,-2218.765,50000.000,67.00,0
24801,-1755.588,-4497.294,50000.000,27.00,-2442.882,-1419.412,50000.000,77.00,0
24851,-1695.823,-5080.000,50000.000,57.00,-2159.000,-2345.765,50000.000,54.00,0
24901,-1247.588,-6544.235,50000.000,48.00,-2764.117,-4945.529,50000.000,65.00,0
24951,-478.118,-5057.588,50000.000,53.00,-2256.117,-5916.706,50000.000,83.00,0
25001,-82.176,-2935.941,50000.000,58.00,-1225.176,-4766.235,50000.000,51.00,0
25051,-194.235,-3160.059,50000.000,58.00,-1404.470,-5221.941,50000.000,56.00,0
25101,463.176,-5498.353,50000.000,60.00,-1636.059,-5655.235,50000.000,65.00,0
25151,-470.647,-5976.470,50000.000,52.00,-1792.941,-3862.294,50000.000,66.00,0
25201,-1105.647,-5401.235,50000.000,73.00,-1710.765,-3085.353,49999.000,68.00,0
25251,-784.412,-6148.294,50000.000,28.00,-2203.823,-4654.176,50001.000,68.00,0
25301,44.824,-4796.117,50000.000,50.00,-1770.529,-5341.470,50000.000,64.00,0
25351,418.353,-2039.470,50000.000,42.00,-612.588,-3899.647,50000.000,77.00,0
25401,433.294,-1822.823,50000.000,68.00,-216.647,-2823.882,50000.000,60.00,0
25451,694.765,-4953.000,50000.000,62.00,-1030.941,-4751.294,50000.000,65.00,0
25501,694.765,-5744.882,50000.000,45.00,-1322.294,-4796.117,50000.000,75.00,0
25551,209.176,-3391.647,50000.000,49.00,-582.706,-2203.823,50000.000,73.00,0
25601,-508.000,-1964.765,50000.000,51.00,-560.294,-82.176,50000.000,76.00,0
25651,-1083.235,-2584.823,50000.000,72.00,-1023.471,291.353,50000.000,62.00,0
25701,-1128.059,-5565.588,50000.000,54.00,-1606.176,-2091.765,50000.000,72.00,0
25751,-358.588,-7171.764,50000.000,41.00,-2091.765,-4228.353,50000.000,85.00,0
25801,-321.235,-4713.941,50000.000,55.00,-1284.941,-3854.823,50000.000,71.00,0
25851,291.353,-2704.353,50000.000,55.00,-776.941,-3630.706,50000.000,77.00,0
25901,642.471,-2547.470,50000.000,52.00,-455.706,-3765.176,50000.000,73.00,0
25951,687.294,-3279.588,50000.000,66.00,-679.823,-3742.764,50000.000,83.00,0
26001,500.529,-2106.706,50000.000,55.00,-410.882,-2039.470,50000.000,67.00,0
26051,261.471,-373.529,50000.000,48.00,171.824,-769.471,50000.000,78.00,0
26101,485.588,-410.882,50000.000,63.00,261.471,-597.647,50000.000,87.00,0
26151,82.176,-500.529,50000.000,44.00,104.588,440.765,50000.000,68.00,0
26201,-508.000,-1060.823,50000.000,51.00,-112.059,971.176,50000.000,79.00,0
26251,-463.176,-2248.647,50000.000,42.00,-739.588,455.706,50000.000,78.00,0
26301,-545.353,-2248.647,50000.000,53.00,-605.118,313.765,50000.000,72.00,0
26351,-351.118,-2525.059,50000.000,30.00,-515.471,-545.353,50000.000,86.00,0
26401,-231.588,-2764.117,50000.000,40.00,-829.235,-1284.941,50000.000,73.00,0
26451,-620.059,-2711.823,50000.000,54.00,-933.823,-1538.941,50000.000,74.00,0
26501,-799.353,-2861.235,50000.000,50.00,-1277.470,-1337.235,50000.000,75.00,0
26551,-739.588,-2383.117,50000.000,50.00,-1157.941,-1352.176,50000.000,68.00,0
26601,-635.000,-1807.882,50000.000,37.00,-911.412,-1621.118,50000.000,73.00,0
26651,-298.824,-672.353,50000.000,50.00,-754.529,-1621.118,50000.000,53.00,0
26701,-59.765,-216.647,50000.000,57.00,-433.294,-2151.529,50000.000,61.00,0
26751,283.882,-1927.412,50000.000,40.00,-821.765,-3182.470,50000.000,44.00,0
26801,156.882,-1464.235,50000.000,42.00,-627.529,-1494.118,50000.000,46.00,0
26851,-403.412,575.235,50000.000,53.00,164.353,724.647,50000.000,71.00,0
26901,-306.294,-821.765,50000.000,48.00,-201.706,224.118,50000.000,63.00,0
26951,-328.706,-2002.118,50000.000,36.00,-866.588,-134.471,50000.000,68.00,0
27001,-859.118,-328.706,50000.000,49.00,-470.647,776.941,50000.000,68.00,0
27051,-791.882,-321.235,50000.000,43.00,-418.353,343.647,50000.000,72.00,0
27101,-321.235,-2106.706,50000.000,44.00,-903.941,-1419.412,50000.000,66.00,0
27151,-560.294,-2629.647,50000.000,40.00,-1359.647,-2764.117,50000.000,49.00,0
27201,-709.706,-418.353,50000.000,36.00,-1008.529,-1135.529,50000.000,61.00,0
27251,-754.529,1083.235,50000.000,58.00,-246.529,754.529,50000.000,57.00,0
27301,-918.882,448.235,50000.000,46.00,-478.118,941.294,50000.000,76.00,0
27351,-874.059,-1157.941,50000.000,46.00,-1143.000,-276.412,50000.000,69.00,0
27401,-560.294,0.000,50000.000,43.00,-530.412,224.118,50000.000,64.00,0
27451,-112.059,1255.059,50000.000,44.00,179.294,239.059,50000.000,52.00,0
27501,328.706,1038.412,50000.000,49.00,395.941,-194.235,50000.000,63.00,0
27551,911.412,343.647,50000.000,42.00,657.412,-530.412,50000.000,71.00,0
27601,784.412,261.471,50000.000,51.00,709.706,-440.765,50000.000,67.00,0
27651,829.235,-829.235,50000.000,47.00,418.353,-874.059,50000.000,40.00,0
27701,605.118,-926.353,50000.000,45.00,358.588,-239.059,50000.000,62.00,0
27751,283.882,-127.000,50000.000,37.00,388.471,418.353,50000.000,75.00,0
27801,156.882,-298.824,50000.000,40.00,149.412,59.765,50000.000,64.00,0
27851,194.235,-463.176,50000.000,43.00,-52.294,-336.176,50000.000,54.00,0
27901,67.235,-119.529,50000.000,54.00,44.824,-22.412,50000.000,66.00,0
27951,97.118,732.118,50000.000,51.00,328.706,739.588,50000.000,39.00,0
28001,403.412,1038.412,50000.000,33.00,754.529,1016.000,50000.000,66.00,0
28051,1090.706,1045.882,50000.000,44.00,1262.529,664.882,50000.000,69.00,0
28101,1957.294,993.588,50000.000,45.00,1800.412,268.941,50000.000,47.00,0
28151,2159.000,1837.765,50000.000,42.00,2345.765,1389.529,50000.000,53.00,0
28201,1740.647,4728.882,50000.000,49.00,2786.529,4497.294,50000.000,64.00,0
28251,1180.353,7545.293,50000.000,61.00,3488.764,6230.470,50000.000,68.00,0
28301,926.353,4519.706,50000.000,67.00,2196.353,4310.529,50000.000,62.00,0
28351,82.176,-2457.823,50000.000,48.00,-433.294,-889.000,50000.000,73.00,0
28401,-59.765,-4699.000,50000.000,39.00,-1919.941,-4467.412,50000.000,52.00,0
28451,-231.588,-694.765,50000.000,45.00,-1098.176,-2816.412,50000.000,54.00,0
28501,-89.647,4534.647,50000.000,53.00,986.118,395.941,50000.000,86.00,0
28551,1053.353,5707.529,50000.000,53.00,1800.412,762.000,50000.000,73.00,0
28601,1822.823,5401.235,50000.000,54.00,2173.941,874.059,50000.000,72.00,0
28651,1665.941,5632.823,50000.000,54.00,2891.117,2450.353,50000.000,74.00,0
28701,3488.764,3683.000,50000.000,61.00,3832.412,672.353,50000.000,74.00,0
28751,5244.353,186.765,50000.000,30.00,4056.529,-3055.470,50000.000,73.00,0
28801,6185.646,-3287.059,50000.000,40.00,3316.941,-7418.293,50000.000,48.00,0
28851,5976.470,-1852.706,50000.000,41.00,3451.412,-5378.823,50000.000,54.00,0
28901,3458.882,5169.646,50000.000,43.00,4370.294,2151.529,50000.000,62.00,0
28951,1763.059,6887.882,50000.000,58.00,4153.647,6402.293,50000.000,65.00,0
29001,2039.470,2958.353,50000.000,49.00,2764.117,4631.764,50000.000,87.00,0
29051,2794.000,537.882,50000.000,49.00,2891.117,2129.117,50000.000,71.00,0
29101,3585.882,1105.647,50000.000,54.00,3765.176,1143.000,50000.000,88.00,0
29151,7321.176,2831.353,50000.000,53.00,6872.941,-1763.059,50000.000,86.00,0
29201,12550.587,1509.059,50000.000,63.00,9592.234,-7231.529,50000.000,48.00,0
29251,16539.881,1643.529,50000.000,80.00,12318.999,-9719.234,50000.000,36.00,0
29301,18624.176,2338.294,50000.000,58.00,14829.116,-9383.059,50000.000,62.00,0
29351,20432.057,537.882,50000.000,47.00,14754.411,-9995.646,50000.000,57.00,0
29401,21208.998,-44.824,50000.000,69.00,15314.705,-12102.353,50000.000,78.00,0
29451,21081.998,-1397.000,50000.000,57.00,15008.411,-11601.822,50000.000,54.00,0
29501,19535.588,-455.706,50000.000,53.00,15695.705,-6671.235,50000.000,43.00,0
29551,18482.234,567.765,50000.000,39.00,16069.234,-2300.941,50000.000,16.00,0
29601,18243.176,1449.294,50000.000,37.00,16143.940,-2300.941,50000.000,26.00,0
29651,18990.234,1755.588,50000.000,33.00,16241.058,-5453.529,50000.000,37.00,0
29701,19580.410,2032.000,50000.000,55.00,15568.705,-8045.823,50000.000,49.00,0
29751,20073.469,-261.471,50000.000,46.00,15030.822,-9876.117,50000.000,50.00,0
29801,20342.410,-3070.412,50000.000,42.00,13790.705,-11444.940,50000.000,72.00,0
29851,19587.881,-2995.706,50000.000,72.00,14567.646,-10047.940,50000.000,79.00,0
29901,18400.057,-3122.706,50000.000,23.00,15195.176,-5087.470,50000.000,61.00,0
29951,18258.117,-261.471,50000.000,60.00,15703.176,-4624.294,50000.000,48.00,0
