timestamp[ms],left_dx[um],left_dy[um],left_dt[us],left_sq44right_dx[um],right_dy[um],right_dt[us],right_sq,waterPin
0,22.412,-22.412,50153.000,40.00,7.471,-52.294,50153.000,40.00,0
51,8038.353,-5939.117,50000.000,59.00,3458.882,-16734.117,50000.000,70.00,0
101,7784.353,-7246.470,50000.000,55.00,3331.882,-16076.705,50000.000,59.00,0
151,7470.588,-10286.999,50000.000,47.00,2980.764,-15269.881,50000.000,55.00,0
201,7440.706,-9397.999,50000.000,42.00,2913.529,-15008.411,50000.000,66.00,0
251,6716.059,-4071.470,50000.000,49.00,3130.176,-13297.646,50000.000,55.00,0
301,6133.353,-2958.353,50000.000,41.00,3107.764,-11713.882,50000.000,78.00,0
351,5042.646,-7343.588,50000.000,47.00,2226.235,-9808.882,50000.000,46.00,0
401,4093.882,-9853.705,50000.000,37.00,776.941,-9674.411,50000.000,81.00,0
451,3302.000,-9256.059,50000.000,46.00,-29.882,-9808.882,50000.000,52.00,0
501,2958.353,-8232.588,50000.000,43.00,-1016.000,-10548.470,50000.000,54.00,0
551,2569.882,-9270.999,50000.000,53.00,-1382.059,-10294.470,50000.000,60.00,0
601,1606.176,-9084.234,50000.000,45.00,-1090.706,-6753.411,50000.000,61.00,0
651,672.353,-5319.059,50000.000,32.00,-724.647,-4474.882,50000.000,61.00,0
701,0.000,-4654.176,50000.000,41.00,-1845.235,-6790.764,50000.000,57.00,0
751,747.059,-3189.941,50000.000,38.00,-2338.294,-9547.411,50000.000,51.00,0
801,739.588,-1912.470,50000.000,39.00,-1352.176,-10212.293,50000.000,49.00,0
851,1314.823,-6656.293,50000.000,43.00,-1972.235,-9584.764,50000.000,62.00,0
901,597.647,-10070.353,50000.000,41.00,-2420.470,-10839.823,50000.000,49.00,0
951,1128.059,-10660.528,50000.000,24.00,-3533.588,-14037.234,50000.000,53.00,0
1001,709.706,-6118.411,50000.000,58.00,-3055.470,-14522.822,50000.000,62.00,0
1051,425.823,-4527.176,50000.000,50.00,-2577.353,-11579.411,50000.000,28.00,0
1101,-261.471,-7149.353,50000.000,27.00,-2584.823,-8053.293,50000.000,27.00,0
1151,948.765,-7126.941,50000.000,31.00,-2278.529,-8008.470,50000.000,63.00,0
1201,1792.941,-2106.706,50000.000,50.00,171.824,-6805.706,50000.000,39.00,0
1251,2652.059,4026.647,50000.000,58.00,1800.412,-5393.764,50000.000,39.00,0
1301,3421.529,4310.529,50000.000,89.00,2510.117,-7433.235,50000.000,36.00,0
1351,3922.059,-2756.647,50000.000,61.00,1113.118,-10264.588,50000.000,58.00,0
1401,3324.412,-6133.353,50000.000,49.00,209.176,-10578.353,50000.000,52.00,0
1451,4049.059,-4295.588,50000.000,41.00,1718.235,-8979.646,50000.000,57.00,0
1501,3907.117,-388.471,50000.000,62.00,2151.529,-5707.529,50000.000,58.00,0
1551,2689.412,612.588,50000.000,65.00,1748.118,-5214.470,50000.000,52.00,0
1601,2913.529,-1815.353,50000.000,64.00,1344.706,-5909.235,50000.000,53.00,0
1651,2353.235,-5050.117,50000.000,49.00,635.000,-5573.059,50000.000,56.00,0
1701,1270.000,-6917.764,50000.000,78.00,-582.706,-6237.941,50000.000,64.00,0
1751,1030.941,-9472.705,50000.000,49.00,-1800.412,-7560.235,50000.000,54.00,0
1801,769.471,-8613.588,50000.000,45.00,-2338.294,-8725.646,50000.000,42.00,0
1851,903.941,-4108.823,50000.000,47.00,-1359.647,-8329.705,50000.000,81.00,0
1901,560.294,52.294,50000.000,64.00,-896.471,-6708.588,50000.000,72.00,0
1951,1583.765,806.823,50000.000,43.00,403.412,-5580.529,50000.000,75.00,0
2001,1688.353,560.294,50000.000,53.00,963.706,-2995.706,50000.000,71.00,0
2051,1725.706,-1090.706,50000.000,41.00,1038.412,-3227.294,50000.000,64.00,0
2101,2846.294,-1240.118,50000.000,29.00,1270.000,-3824.941,50000.000,56.00,0
2151,2315.882,687.294,50000.000,59.00,2106.706,-1098.176,50000.000,82.00,0
2201,29.882,336.176,50000.000,51.00,381.000,7.471,50000.000,85.00,0
2251,642.471,433.294,50000.000,52.00,-246.529,-2286.000,50000.000,70.00,0
2301,1710.765,3145.117,50000.000,64.00,1613.647,-2054.412,50000.000,83.00,0
2351,3585.882,2779.059,50000.000,56.00,3055.470,-3018.117,50000.000,73.00,0
2401,5782.235,799.353,50000.000,56.00,3787.588,-5625.353,50000.000,86.00,0
2451,6745.941,-3145.117,50000.000,49.00,3989.294,-8411.882,50000.000,100.00,0
2501,7926.293,-4743.823,50000.000,43.00,4280.647,-10227.234,50000.000,41.00,0
2551,8419.353,-2017.059,50000.000,43.00,4803.588,-10802.470,50000.000,59.00,0
2601,8770.470,1748.118,50000.000,79.00,5207.000,-11429.999,50000.000,67.00,0
2651,9218.705,-2413.000,50000.000,34.00,5229.412,-11063.940,50000.000,42.00,0
2701,8516.470,-8001.000,50000.000,42.00,4586.941,-13245.352,50000.000,48.00,0
2751,8979.646,-8277.411,50000.000,49.00,4250.765,-15845.116,50000.000,53.00,0
2801,8785.411,-851.647,50000.000,47.00,5012.764,-15568.705,50000.000,25.00,0
2851,9569.823,844.176,50000.000,41.00,5692.588,-15845.116,50000.000,44.00,0
2901,9465.234,-5595.470,50000.000,29.00,4773.706,-14492.940,50000.000,12.00,0
2951,9278.470,-9285.940,50000.000,49.00,2554.941,-12431.058,50000.000,39.00,0
3001,9106.646,-7627.470,50000.000,39.00,3660.588,-17249.588,50000.000,42.00,0
3051,8180.293,-6828.117,50000.000,71.00,3892.176,-18250.646,50000.000,45.00,0
3101,6932.706,-10242.176,50000.000,35.00,2644.588,-15389.411,50000.000,77.00,0
3151,6230.470,-10593.293,50000.000,27.00,1807.882,-13222.940,50000.000,58.00,0
3201,5221.941,-8479.117,50000.000,35.00,1576.294,-13491.882,50000.000,73.00,0
3251,4601.882,-7388.411,50000.000,42.00,1255.059,-12595.411,50000.000,76.00,0
3301,4325.470,-10309.411,50000.000,32.00,993.588,-10862.234,50000.000,66.00,0
3351,3802.529,-13648.764,50000.000,23.00,-127.000,-9883.588,50000.000,73.00,0
3401,3055.470,-13267.764,50000.000,43.00,-530.412,-10025.528,50000.000,83.00,0
3451,1845.235,-13701.058,50000.000,41.00,-1613.647,-10966.823,50000.000,71.00,0
3501,1128.059,-15456.646,50000.000,29.00,-3137.647,-10623.176,50000.000,78.00,0
3551,-410.882,-16136.470,50000.000,51.00,-3115.235,-7507.940,50000.000,52.00,0
3601,-1120.588,-15628.470,50000.000,56.00,-4220.882,-8277.411,50000.000,84.00,0
3651,-2398.059,-15882.470,50000.000,91.00,-5214.470,-9905.999,50000.000,66.00,0
3701,-3234.764,-17047.881,50000.000,51.00,-6364.941,-9360.646,50000.000,58.00,0
3751,-4026.647,-15404.352,50000.000,55.00,-6551.706,-5677.646,50000.000,54.00,0
3801,-4915.646,-12565.528,50000.000,48.00,-6985.000,-4900.706,50000.000,49.00,0
3851,-5505.823,-12147.176,50000.000,69.00,-8015.940,-6275.293,50000.000,38.00,0
3901,-6753.411,-13872.882,50000.000,48.00,-9166.411,-5759.823,50000.000,48.00,0
3951,-7896.411,-13656.234,50000.000,61.00,-9129.059,-3249.706,50000.000,60.00,0
4001,-8792.882,-11728.822,50000.000,53.00,-9734.176,-1658.470,50000.000,68.00,0
4051,-9173.882,-10660.528,50000.000,55.00,-10339.293,-3264.647,50000.000,71.00,0
4101,-10503.646,-11228.293,50000.000,43.00,-11773.646,-3892.176,50000.000,68.00,0
4151,-11377.705,-11146.117,50000.000,69.00,-12550.587,-2898.588,50000.000,74.00,0
4201,-12782.176,-11325.411,50000.000,64.00,-13432.117,522.941,50000.000,55.00,0
4251,-13999.882,-11161.058,50000.000,43.00,-14530.293,-59.765,50000.000,73.00,0
4301,-14111.940,-11265.646,50000.000,34.00,-14903.822,-2928.470,50000.000,70.00,0
4351,-15075.646,-12124.764,50000.000,45.00,-15606.058,-4161.117,50000.000,88.00,0
4401,-15493.999,-11683.999,50000.000,24.00,-15157.822,186.765,50000.000,83.00,0
4451,-16061.764,-10548.470,50000.000,40.00,-15516.411,4019.176,50000.000,64.00,0
4501,-16644.469,-9980.705,50000.000,50.00,-16039.352,1165.412,50000.000,77.00,0
4551,-17047.881,-10481.234,50000.000,40.00,-17525.998,-2241.176,50000.000,82.00,0
4601,-17511.059,-10780.058,50000.000,66.00,-18153.527,-2398.059,50000.000,44.00,0
4651,-19408.588,-11549.528,50000.000,45.00,-19027.588,1606.176,50000.000,58.00,0
4701,-19819.469,-10660.528,50000.000,63.00,-19879.234,2532.529,50000.000,53.00,0
4751,-21418.176,-9786.470,50000.000,78.00,-20992.352,-104.588,50000.000,46.00,0
4801,-22508.881,-10182.411,50000.000,60.00,-22576.115,-1710.765,50000.000,74.00,0
4851,-22747.939,-11063.940,50000.000,49.00,-22299.705,500.529,50000.000,31.00,0
4901,-22157.764,-11586.882,50000.000,56.00,-22449.115,2868.706,50000.000,16.00,0
4951,-22000.881,-10511.117,50000.000,52.00,-24070.234,313.765,50000.000,30.00,0
5001,-23226.057,-8792.882,50000.000,39.00,-24376.527,52.294,50000.000,45.00,0
5051,-24286.881,-7933.764,50000.000,35.00,-24159.881,1456.765,50000.000,45.00,0
5101,-25250.586,-10062.882,50000.000,37.00,-23965.645,4198.470,50000.000,60.00,0
5151,-25893.057,-10847.293,50000.000,41.00,-26147.057,4071.470,50000.000,25.00,0
5201,-25556.881,-7724.588,50000.000,45.00,-26647.586,89.647,50001.000,54.00,0
5251,-25631.586,-4064.000,50000.000,52.00,-25168.410,-1322.294,50000.000,79.00,0
5301,-26199.352,-2084.294,50000.000,66.00,-24697.764,-2076.823,50000.000,77.00,0
5351,-23928.293,-2271.059,50000.000,49.00,-22314.646,-3556.000,50000.000,51.00,0
5401,-21784.234,-1748.118,50000.000,43.00,-20491.822,-5334.000,50000.000,52.00,0
5451,-19894.176,-104.588,50000.000,58.00,-18302.939,-6163.235,50000.000,62.00,0
5501,-17802.410,2226.235,50000.000,67.00,-16719.176,-5991.411,50001.000,65.00,0
5551,-16106.587,4706.470,50000.000,73.00,-14590.058,-2360.706,49999.000,67.00,0
5601,-14507.882,4736.353,50000.000,97.00,-12595.411,-2599.765,50000.000,32.00,0
5651,-11190.940,762.000,50000.000,48.00,-12229.353,-8120.529,50000.000,67.00,0
5701,-10361.705,-1113.118,50000.000,73.00,-11631.705,-8882.529,50000.000,59.00,1
5751,-10593.293,-2390.588,50000.000,54.00,-10682.940,-5983.941,50000.000,67.00,1
5801,-10503.646,-2054.412,50000.000,53.00,-10869.705,-4863.353,50000.000,63.00,0
5851,-10152.528,-448.235,50000.000,41.00,-9495.117,-2226.235,50001.000,48.00,0
5901,-9188.823,-1150.470,50000.000,44.00,-9046.882,-3541.059,49999.000,58.00,0
5951,-8254.999,-4273.176,50000.000,29.00,-9666.940,-4153.647,50000.000,68.00,0
6001,-9681.882,-2450.353,50000.000,48.00,-8576.234,2241.176,50001.000,59.00,0
6051,-11646.646,-1561.353,50000.000,44.00,-9607.176,4631.764,49999.000,55.00,0
6101,-12976.411,-3302.000,50000.000,44.00,-12341.411,2233.706,50000.000,43.00,0
6151,-13364.882,-3720.353,50000.000,40.00,-13768.293,-2950.882,50000.000,60.00,0
6201,-13073.528,-2554.941,50000.000,44.00,-14186.646,-5871.882,50000.000,91.00,0
6251,-13850.470,-679.823,50000.000,43.00,-14052.176,-5722.470,50000.000,61.00,0
6301,-14552.705,358.588,50000.000,61.00,-13738.411,-3944.470,50000.000,71.00,0
6351,-13618.882,119.529,50000.000,67.00,-12281.646,-1284.941,50000.000,64.00,0
6401,-13626.352,-1516.529,50000.000,82.00,-11407.588,2226.235,50001.000,30.00,0
6451,-12864.353,-4026.647,50000.000,73.00,-11646.646,-1143.000,49999.000,60.00,0
6501,-10354.234,-5490.882,50000.000,84.00,-11482.293,-4781.176,50000.000,38.00,0
6551,-10316.882,-6043.706,50000.000,75.00,-11280.588,-4564.529,50000.000,50.00,0
6601,-10242.176,-5505.823,50000.000,50.00,-10772.588,-1718.235,50000.000,49.00,0
6651,-10428.940,-3025.588,50000.000,76.00,-9726.705,806.823,50001.000,54.00,0
6701,-10339.293,-1680.882,50000.000,70.00,-8329.705,4646.706,49999.000,57.00,0
6751,-10981.764,-2502.647,50000.000,56.00,-9002.059,4863.353,50000.000,78.00,0
6801,-11161.058,-3346.823,50000.000,67.00,-10272.059,1807.882,50000.000,39.00,0
6851,-11870.764,-2898.588,50000.000,56.00,-11198.411,537.882,50000.000,44.00,0
6901,-12729.882,-186.765,50000.000,55.00,-11019.117,2293.470,50000.000,46.00,0
6951,-14597.528,859.118,50000.000,75.00,-11736.293,2980.764,50000.000,52.00,0
7001,-15247.470,-881.529,50000.000,52.00,-14029.764,620.059,50001.000,63.00,0
7051,-14007.352,-1792.941,50000.000,57.00,-13760.822,-986.118,49999.000,81.00,0
7101,-13080.999,291.353,50000.000,34.00,-11504.705,1934.882,50000.000,57.00,0
7151,-11243.234,2607.235,50000.000,67.00,-9203.764,2868.706,50000.000,21.00,0
7201,-8822.764,1807.882,50000.000,55.00,-7791.823,-44.824,50000.000,38.00,0
7251,-6342.529,-395.941,50000.000,67.00,-6521.823,-1964.765,50000.000,76.00,0
7301,-4788.647,-2024.529,50000.000,42.00,-4706.470,-649.941,50001.000,52.00,0
7351,-2465.294,-1778.000,50000.000,40.00,-2569.882,-52.294,49999.000,50.00,0
7401,134.471,-1972.235,50000.000,55.00,74.706,-455.706,50001.000,53.00,0
7451,2644.588,-2823.882,50000.000,33.00,1748.118,-1397.000,49999.000,65.00,0
7501,3720.353,-657.412,50000.000,36.00,3309.470,127.000,50000.000,43.00,0
7551,5356.412,1180.353,50000.000,46.00,5311.588,1165.412,50000.000,29.00,0
7601,8314.764,739.588,50000.000,52.00,7933.764,-328.706,50000.000,32.00,0
7651,12124.764,-1023.471,50002.000,50.00,10137.588,-3264.647,50000.000,69.00,0
7701,14888.881,-903.941,49999.000,47.00,11654.117,-4639.235,50000.000,37.00,0
7751,17279.469,1299.882,49999.000,52.00,14619.940,-6230.470,49999.000,78.00,0
7801,18900.588,3242.235,50000.000,70.00,16345.646,-5505.823,50000.000,51.00,0
7851,20207.939,1143.000,50000.000,49.00,17309.352,-4564.529,50000.000,66.00,0
7901,21418.176,732.118,50000.000,60.00,18026.527,-4699.000,50000.000,52.00,0
7951,22732.998,2046.941,50000.000,100.00,18908.057,-6163.235,50000.000,77.00,0
8001,25848.234,-522.941,50000.000,48.00,19229.293,-10301.940,50000.000,65.00,0
8051,26923.998,-209.176,50000.000,53.00,19602.822,-12759.764,50000.000,63.00,0
8101,27230.293,1180.353,50000.000,54.00,21343.469,-14769.352,50000.000,64.00,0
8151,26692.410,0.000,50000.000,39.00,20334.939,-15389.411,50000.000,75.00,0
8201,24966.705,-2017.059,50000.000,50.00,19035.057,-12057.528,50000.000,70.00,0
8251,23300.764,-3615.764,50000.000,33.00,16651.939,-11683.999,50000.000,67.00,0
8301,23696.705,-747.059,50000.000,41.00,16128.999,-11362.764,50000.000,84.00,0
8351,22150.293,1927.412,50000.000,35.00,16749.059,-10324.353,50000.000,53.00,0
8401,21926.176,2622.176,50000.000,52.00,16001.999,-11138.646,50000.000,88.00,0
8451,21851.469,-201.706,50000.000,54.00,15785.352,-10257.117,50000.000,75.00,0
8501,20521.705,-1217.706,50000.000,41.00,15710.646,-7784.353,50000.000,45.00,0
8551,19759.705,-545.353,50000.000,41.00,15053.234,-8023.411,50000.000,66.00,0
8601,20200.469,1531.470,50000.000,47.00,15157.822,-8979.646,50000.000,44.00,0
8651,19132.176,3070.412,50000.000,58.00,16285.881,-7119.470,50000.000,81.00,0
8701,19348.822,440.765,50000.000,52.00,14933.705,-8523.940,50000.000,78.00,0
8751,18908.057,-3750.235,50000.000,30.00,13574.058,-10115.176,50000.000,62.00,0
8801,18489.705,-6148.294,50000.000,34.00,13760.822,-9435.353,50000.000,46.00,0
8851,18668.998,-4975.412,50000.000,26.00,14022.293,-9980.705,50000.000,38.00,0
8901,19722.352,-1277.470,50000.000,33.00,13999.882,-11317.940,50000.000,43.00,0
8951,19468.352,1232.647,50000.000,44.00,13252.822,-12363.822,50000.000,55.00,0
9001,20013.705,455.706,50000.000,44.00,13633.822,-11848.353,50000.000,37.00,0
9051,20140.705,-560.294,50000.000,38.00,14223.999,-10339.293,50000.000,72.00,0
9101,19797.057,-620.059,50000.000,43.00,15299.764,-8501.529,50000.000,27.00,0
9151,19670.057,-119.529,50000.000,39.00,15105.528,-9607.176,50000.000,63.00,0
9201,20163.117,366.059,50000.000,46.00,15000.940,-10264.588,50000.000,63.00,0
9251,20013.705,-403.412,50000.000,67.00,14477.999,-10384.117,50000.000,47.00,0
9301,19513.176,-1561.353,50000.000,61.00,14507.882,-9061.823,50000.000,33.00,0
9351,16928.352,-2046.941,50000.000,53.00,14709.587,-3884.706,50000.000,54.00,0
9401,15344.587,-2345.765,50000.000,67.00,13275.234,-3272.117,50000.000,75.00,0
9451,16360.587,-493.059,50000.000,53.00,13320.058,-6499.411,50000.000,44.00,0
9501,16308.293,254.000,50000.000,51.00,13902.764,-6036.235,50000.000,63.00,0
9551,15747.999,478.118,50000.000,80.00,13454.528,-3608.294,50000.000,52.00,0
9601,13857.940,-1359.647,50000.000,50.00,12229.353,-1942.353,50000.000,62.00,0
9651,13312.587,-4332.941,50000.000,45.00,10182.411,-5289.176,50000.000,64.00,0
9701,14179.176,-2323.353,50000.000,82.00,10339.293,-9061.823,50000.000,63.00,0
9751,15142.881,-3959.411,50000.000,33.00,11026.588,-10122.646,50000.000,56.00,0
9801,15456.646,-3421.529,50000.000,40.00,10966.823,-11116.234,50000.000,68.00,0
9851,16360.587,642.471,50000.000,55.00,13290.176,-8725.646,50000.000,86.00,0
9901,15740.528,1060.823,50000.000,35.00,13887.822,-7679.764,50000.000,38.00,0
9951,17047.881,156.882,50000.000,37.00,12558.058,-11355.293,50000.000,67.00,0
10001,17032.939,-821.765,50000.000,36.00,11624.234,-13058.587,50000.000,57.00,0
10051,17271.998,-4661.647,50000.000,37.00,10757.646,-14306.176,50000.000,61.00,0
10101,16831.234,-8038.353,50000.000,25.00,10660.528,-13252.822,50000.000,72.00,0
10151,16778.939,-5812.117,50000.000,44.00,10496.176,-13633.822,50000.000,51.00,0
10201,17242.117,821.765,50000.000,38.00,11048.999,-14993.470,50000.000,35.00,0
10251,17316.822,-851.647,50000.000,41.00,10989.234,-14201.587,50000.000,46.00,0
10301,16487.588,-6193.117,50000.000,36.00,10570.882,-13506.822,50000.000,77.00,0
10351,15927.293,-7067.176,50000.000,33.00,9831.293,-13887.822,50000.000,35.00,1
10401,13454.528,-4437.529,50000.000,34.00,9270.999,-14313.646,50000.000,67.00,1
10451,12610.353,-4691.529,50000.000,42.00,8598.646,-14350.999,50000.000,55.00,0
10501,13200.528,-7515.411,50000.000,49.00,7761.940,-14111.940,50000.000,77.00,0
10551,11908.117,-9808.882,50000.000,48.00,7134.411,-14022.293,50000.000,56.00,0
10601,11190.940,-8583.705,50000.000,48.00,6252.882,-14096.999,50000.000,80.00,0
10651,9584.764,-4557.059,50000.000,63.00,6364.941,-9091.705,50000.000,81.00,0
10701,6559.176,-1314.823,50000.000,53.00,5797.176,-1897.529,50000.000,42.00,0
10751,3518.647,-1680.882,50000.000,66.00,3391.647,328.706,50000.000,48.00,0
10801,1277.470,-2756.647,50000.000,59.00,1180.353,2024.529,50000.000,60.00,0
10851,-1314.823,-2607.235,50000.000,78.00,-440.765,3578.412,50000.000,38.00,0
10901,-2495.176,-5490.882,50000.000,66.00,-2973.294,-948.765,50000.000,73.00,0
10951,-2517.588,-7253.941,50000.000,61.00,-4138.706,-4519.706,50000.000,57.00,0
11001,-2046.941,-6999.941,50000.000,58.00,-3578.412,-7291.293,50000.000,69.00,0
11051,-702.235,-6977.529,50000.000,54.00,-3182.470,-8882.529,50000.000,78.00,0
11101,-470.647,-4295.588,50000.000,36.00,-2711.823,-8262.470,50000.000,65.00,0
11151,-784.412,-1643.529,50000.000,78.00,-2345.765,-7859.058,50000.000,77.00,0
11201,-896.471,-4788.647,50000.000,36.00,-2711.823,-7455.646,50000.000,55.00,0
11251,-1382.059,-7851.588,50000.000,57.00,-3563.470,-8770.470,50000.000,47.00,0
11301,-1001.059,-9495.117,50000.000,44.00,-4131.235,-10899.588,50000.000,49.00,0
11351,-1344.706,-7343.588,50000.000,46.00,-3675.529,-8807.823,50000.000,65.00,0
11401,-1613.647,-3638.176,50000.000,51.00,-2667.000,-5588.000,50000.000,67.00,0
11451,-1733.176,-3862.294,50000.000,47.00,-2263.588,-3937.000,50000.000,73.00,0
11501,-1994.647,-7463.117,50000.000,40.00,-3115.235,-2816.412,50000.000,66.00,0
11551,-2495.176,-8381.999,50000.000,42.00,-3630.706,-1845.235,50000.000,67.00,0
11601,-2786.529,-8621.059,50000.000,47.00,-3608.294,-2398.059,50000.000,34.00,0
11651,-2017.059,-10062.882,50000.000,29.00,-4064.000,-5065.059,50000.000,70.00,0
11701,-1337.235,-8284.882,50000.000,48.00,-3339.353,-6379.882,50000.000,87.00,0
11751,-1270.000,-5573.059,50000.000,28.00,-2644.588,-5558.117,50000.000,75.00,0
11801,-1426.882,-6350.000,50000.000,46.00,-2517.588,-4347.882,50000.000,67.00,0
11851,-2159.000,-6992.470,50000.000,38.00,-3242.235,-1897.529,50000.000,81.00,0
11901,-3309.470,-4026.647,50000.000,47.00,-3242.235,582.706,50000.000,71.00,0
11951,-3451.412,-6432.176,50000.000,39.00,-3727.823,-1083.235,50000.000,57.00,0
12001,-3780.117,-9831.293,50000.000,32.00,-5655.235,-4034.117,50000.000,58.00,0
12051,-3548.529,-8157.882,50000.000,37.00,-4833.470,-5864.411,50000.000,59.00,0
12101,-3429.000,-6828.117,50000.000,37.00,-4923.117,-5602.941,50000.000,69.00,0
12151,-3765.176,-7171.764,50000.000,45.00,-4564.529,-2121.647,50000.000,70.00,0
12201,-4437.529,-5969.000,50000.000,40.00,-4347.882,1471.706,50000.000,78.00,0
12251,-5236.882,-5692.588,50000.000,39.00,-4706.470,769.471,50000.000,69.00,0
12301,-4713.941,-7903.882,50000.000,54.00,-6006.353,-2024.529,50000.000,58.00,0
12351,-4482.353,-8232.588,50000.000,90.00,-5782.235,-3414.059,50000.000,67.00,0
12401,-3712.882,-6925.235,50000.000,57.00,-4945.529,-5050.117,50000.000,64.00,0
12451,-2995.706,-4041.588,50000.000,78.00,-4191.000,-5289.176,50000.000,58.00,0
12501,-2876.176,-4407.647,50000.000,75.00,-3645.647,-4295.588,50000.000,63.00,0
12551,-3100.294,-5632.823,50000.000,53.00,-4332.941,-1987.176,50000.000,67.00,0
12601,-3974.353,-3496.235,50000.000,77.00,-3810.000,112.059,50000.000,79.00,0
12651,-4093.882,-5969.000,50000.000,94.00,-4183.529,-903.941,50000.000,55.00,0
12701,-3518.647,-8277.411,50000.000,67.00,-5401.235,-2726.764,50000.000,74.00,0
12751,-3429.000,-6671.235,50000.000,68.00,-4624.294,-3869.764,50000.000,75.00,0
12801,-2958.353,-6290.235,50000.000,54.00,-4445.000,-5535.706,50000.000,50.00,0
12851,-2891.117,-7224.058,50000.000,55.00,-4295.588,-4318.000,50000.000,36.00,0
12901,-3309.470,-6133.353,50000.000,51.00,-4131.235,-1195.294,50000.000,49.00,0
12951,-3832.412,-3167.529,50000.000,62.00,-3339.353,1740.647,50000.000,60.00,0
13001,-3966.882,-5072.529,50000.000,74.00,-3563.470,859.118,50000.000,71.00,0
13051,-3376.706,-8964.705,50000.000,54.00,-5266.764,-2540.000,50000.000,54.00,0
13101,-3204.882,-8613.588,50000.000,58.00,-4713.941,-4198.470,50000.000,60.00,0
13151,-2816.412,-7171.764,50000.000,36.00,-4041.588,-5289.176,50000.000,76.00,0
13201,-2188.882,-6693.646,50000.000,49.00,-3854.823,-6200.588,50000.000,65.00,0
13251,-2076.823,-6245.411,50000.000,25.00,-3197.412,-3197.412,50000.000,66.00,0
13301,-2659.529,-4101.353,50000.000,53.00,-2861.235,-732.118,50000.000,78.00,0
13351,-2532.529,-5027.706,50000.000,55.00,-2891.117,-1591.235,50000.000,81.00,0
13401,-2465.294,-7074.646,50000.000,43.00,-4064.000,-3055.470,50000.000,92.00,0
13451,-2495.176,-6051.176,50000.000,46.00,-3645.647,-2345.765,50000.000,89.00,0
13501,-2577.353,-3429.000,50000.000,48.00,-2741.706,-687.294,50000.000,47.00,0
13551,-2368.176,-2136.588,50000.000,68.00,-2413.000,-1016.000,50000.000,51.00,0
13601,-1718.235,-3727.823,50000.000,60.00,-2360.706,-2898.588,50000.000,67.00,0
13651,-1606.176,-6648.823,50000.000,35.00,-2935.941,-4064.000,50000.000,83.00,0
13701,-1479.176,-5752.353,50000.000,39.00,-2659.529,-3593.353,50000.000,59.00,0
13751,-1509.059,-3175.000,50000.000,50.00,-1912.470,-2136.588,50000.000,78.00,0
13801,-1740.647,-1852.706,50000.000,64.00,-1636.059,-552.823,50000.000,47.00,0
13851,-1546.412,-4549.588,50000.000,37.00,-1979.706,-2577.353,50000.000,65.00,0
13901,-851.647,-6760.882,50000.000,39.00,-2704.353,-4691.529,50000.000,61.00,0
13951,-874.059,-4736.353,50000.000,47.00,-1919.941,-4041.588,50000.000,79.00,0
14001,-829.235,-4370.294,50000.000,51.00,-1957.294,-3511.176,50000.000,65.00,0
14051,-1292.412,-6589.059,50000.000,44.00,-2330.823,-3451.412,50000.000,72.00,0
14101,-1240.118,-7776.882,50000.000,28.00,-2831.353,-2293.470,50000.000,55.00,0
14151,-1568.823,-5423.646,50000.000,54.00,-2054.412,-567.765,50000.000,78.00,0
14201,-1792.941,-5251.823,50000.000,51.00,-1695.823,-1098.176,50000.000,69.00,0
14251,-1023.471,-6813.176,50000.000,35.00,-2607.235,-3623.235,50000.000,45.00,0
14301,-791.882,-6783.293,50000.000,34.00,-2375.647,-5035.176,50000.000,52.00,0
14351,-455.706,-5035.176,50000.000,27.00,-2046.941,-4467.412,50000.000,44.00,0
14401,-455.706,-2046.941,50000.000,48.00,-1217.706,-2629.647,50000.000,48.00,0
14451,-605.118,-851.647,50000.000,38.00,-612.588,-1210.235,50000.000,62.00,0
14501,-388.471,-2046.941,50000.000,43.00,-590.176,261.471,50000.000,43.00,0
14551,-836.706,-3600.823,50000.000,48.00,-657.412,1538.941,50000.000,56.00,0
14601,-993.588,-4452.470,50000.000,32.00,-1337.235,739.588,50000.000,57.00,0
14651,-874.059,-2958.353,50000.000,31.00,-1113.118,463.176,50000.000,65.00,0
14701,-620.059,-1157.941,50000.000,27.00,-381.000,425.823,50000.000,72.00,0
14751,-104.588,-455.706,50000.000,37.00,-231.588,-366.059,50000.000,53.00,0
14801,67.235,-1016.000,50000.000,32.00,-381.000,-1419.412,50000.000,45.00,0
14851,7.471,-1284.941,50000.000,35.00,-582.706,-1449.294,50000.000,55.00,0
14901,-328.706,-567.765,50000.000,46.00,-336.176,-448.235,50000.000,71.00,0
14951,-470.647,-537.882,50000.000,24.00,-463.176,-112.059,50000.000,43.00,0
15001,-328.706,-403.412,50000.000,20.00,-410.882,119.529,50000.000,56.00,0
15051,-239.059,127.000,50000.000,21.00,-29.882,530.412,50000.000,65.00,0
15101,-67.235,-291.353,50000.000,46.00,37.353,44.824,50000.000,51.00,0
15151,59.765,-844.176,50000.000,50.00,-403.412,-732.118,50000.000,39.00,0
15201,-216.647,-522.941,50000.000,30.00,-298.824,-463.176,50000.000,45.00,0
15251,-620.059,-246.529,50000.000,26.00,-485.588,216.647,50000.000,64.00,0
15301,-747.059,-732.118,50000.000,37.00,-724.647,366.059,50000.000,47.00,0
15351,-814.294,-1210.235,50000.000,39.00,-926.353,194.235,50000.000,62.00,0
15401,-806.823,-1262.529,50000.000,24.00,-784.412,-14.941,50000.000,56.00,0
15451,-627.529,-1001.059,50000.000,50.00,-694.765,44.824,50000.000,41.00,0
15501,-403.412,22.412,50000.000,30.00,-433.294,97.118,50000.000,48.00,0
15551,67.235,493.059,50000.000,37.00,179.294,-545.353,50000.000,60.00,0
15601,485.588,-7.471,50000.000,29.00,104.588,-679.823,50000.000,48.00,0
15651,201.706,478.118,50000.000,46.00,224.118,463.176,50000.000,62.00,0
15701,276.412,747.059,50000.000,44.00,859.118,1045.882,50000.000,29.00,0
15751,1299.882,-508.000,50000.000,23.00,896.471,134.471,50000.000,60.00,0
15801,1621.118,433.294,50000.000,47.00,1598.706,104.588,50000.000,52.00,0
15851,2525.059,1651.000,50000.000,36.00,2622.176,-52.294,50000.000,40.00,0
15901,4123.765,1187.823,50000.000,18.00,3683.000,-508.000,50000.000,61.00,0
15951,5169.646,425.823,50000.000,63.00,4743.823,0.000,50000.000,47.00,0
16001,6237.941,-418.353,50000.000,24.00,5617.882,717.176,50000.000,72.00,0
16051,6559.176,1143.000,50000.000,33.00,6290.235,1867.647,50000.000,57.00,0
16101,6686.176,5595.470,50000.000,50.00,7343.588,3638.176,50000.000,74.00,0
16151,6559.176,8904.940,50000.000,32.00,7933.764,4258.235,50000.000,68.00,0
16201,6357.470,8710.705,50000.000,46.00,7448.176,3683.000,50000.000,62.00,0
16251,6028.764,6193.117,50000.000,41.00,6813.176,2405.529,50000.000,48.00,0
16301,5677.646,2293.470,50000.000,62.00,5341.470,605.118,50000.000,76.00,0
16351,6110.941,724.647,50000.000,48.00,5199.529,-1785.470,50000.000,81.00,0
16401,7194.176,418.353,50000.000,36.00,5752.353,-2853.764,50000.000,68.00,0
16451,8718.176,3227.294,50000.000,49.00,7552.764,-3570.941,50000.000,62.00,0
16501,10473.764,1643.529,50000.000,48.00,8867.588,-5162.176,50000.000,64.00,0
16551,10794.999,306.294,50000.000,34.00,8501.529,-3570.941,50000.000,69.00,0
16601,9495.117,4639.235,50000.000,36.00,9106.646,-1651.000,50000.000,52.00,0
16651,7687.235,6731.000,50000.000,49.00,8180.293,582.706,50000.000,51.00,0
16701,6148.294,5386.294,50000.000,41.00,6872.941,2233.706,50000.000,57.00,1
16751,5901.764,2196.353,50000.000,59.00,6013.823,1060.823,50000.000,60.00,1
16801,6835.588,-381.000,50000.000,39.00,5752.353,-2173.941,50000.000,27.00,0
16851,8815.294,-1232.647,50000.000,46.00,6872.941,-4639.235,50000.000,45.00,0
16901,11855.822,-1016.000,50000.000,55.00,9158.940,-8030.882,50000.000,51.00,0
16951,12072.470,-3339.353,50000.000,30.00,8344.646,-9084.234,50000.000,69.00,0
17001,9031.940,-3884.706,50000.000,42.00,5976.470,-7239.000,50000.000,45.00,0
17051,3369.235,-3496.235,50000.000,42.00,1972.235,-4086.411,50000.000,73.00,0
17101,-926.353,-4250.765,50000.000,30.00,-1800.412,-2510.117,50000.000,68.00,0
17151,-2562.412,-4527.176,50000.000,58.00,-3010.647,-3152.588,50000.000,47.00,0
17201,-2958.353,-7672.293,50000.000,46.00,-4482.353,-6379.882,50000.000,52.00,0
17251,-2562.412,-8210.176,50000.000,24.00,-5348.941,-9181.353,50000.000,47.00,0
17301,-2607.235,-4863.353,50000.000,31.00,-4497.294,-9651.999,50000.000,43.00,0
17351,-2278.529,-3735.294,50000.000,44.00,-4026.647,-9457.764,50000.000,59.00,0
17401,-2360.706,-4564.529,50000.000,40.00,-3974.353,-7620.000,50000.000,32.00,0
17451,-2659.529,-4497.294,50000.000,54.00,-3944.470,-6581.588,50000.000,54.00,0
17501,-2375.647,-4713.941,50000.000,41.00,-3645.647,-5490.882,50000.000,39.00,0
17551,-2525.059,-2614.706,50000.000,45.00,-3429.000,-3600.823,50000.000,52.00,0
17601,-2786.529,-612.588,50000.000,47.00,-2607.235,-1591.235,50000.000,30.00,0
17651,-2980.764,-2136.588,50000.000,43.00,-3010.647,-545.353,50000.000,45.00,0
17701,-3077.882,-4557.059,50000.000,41.00,-3548.529,-903.941,50000.000,45.00,0
17751,-2472.765,-5931.646,50000.000,46.00,-3668.059,-2831.353,50000.000,61.00,0
17801,-2017.059,-4721.412,50000.000,37.00,-3160.059,-2659.529,50000.000,64.00,0
17851,-2263.588,-3204.882,50000.000,48.00,-2398.059,-1240.118,50000.000,19.00,0
17901,-2084.294,-5408.706,50000.000,41.00,-2816.412,-2308.412,50000.000,50.00,0
17951,-1494.118,-5341.470,50000.000,31.00,-3092.823,-3212.353,50000.000,56.00,0
18001,-1695.823,-4176.059,50000.000,41.00,-2293.470,-3556.000,50000.000,44.00,0
18051,-1987.176,-5655.235,50000.000,48.00,-2853.764,-3772.647,50000.000,52.00,0
18101,-1710.765,-6678.706,50000.000,41.00,-3399.117,-3548.529,50000.000,74.00,0
18151,-1919.941,-4265.706,50000.000,49.00,-2629.647,-2032.000,50000.000,60.00,0
18201,-2203.823,-3832.412,50000.000,44.00,-2368.176,-1516.529,50000.000,31.00,0
18251,-2173.941,-6544.235,50000.000,36.00,-3399.117,-2472.765,50000.000,40.00,0
18301,-2211.294,-5991.411,50000.000,43.00,-3623.235,-2517.588,50000.000,56.00,0
18351,-2540.000,-3854.823,50000.000,36.00,-2891.117,-1673.412,50000.000,54.00,0
18401,-2592.294,-4669.117,50000.000,54.00,-3249.706,-2495.176,50000.000,50.00,0
18451,-2106.706,-6880.411,50000.000,37.00,-3339.353,-3429.000,50000.000,72.00,0
18501,-2293.470,-6155.764,50000.000,34.00,-3593.353,-2495.176,50000.000,64.00,0
18551,-2696.882,-2846.294,50000.000,29.00,-2898.588,-971.176,50000.000,70.00,0
18601,-2928.470,-1897.529,50000.000,38.00,-2614.706,321.235,50000.000,44.00,0
18651,-3092.823,-4377.765,50000.000,46.00,-3130.176,-836.706,50000.000,43.00,0
18701,-2136.588,-7022.353,50000.000,29.00,-4004.235,-2921.000,50000.000,63.00,0
18751,-2173.941,-5453.529,50000.000,31.00,-3077.882,-2794.000,50000.000,46.00,0
18801,-2330.823,-3824.941,50000.000,55.00,-2696.882,-3048.000,50000.000,60.00,0
18851,-1695.823,-3003.176,50000.000,36.00,-2480.235,-3130.176,50000.000,67.00,0
18901,-1456.765,-2794.000,50000.000,52.00,-1867.647,-2450.353,50000.000,61.00,0
18951,-1180.353,-1471.706,50000.000,42.00,-1583.765,-889.000,50000.000,60.00,0
19001,-1135.529,-381.000,50000.000,56.00,-903.941,-44.824,50000.000,50.00,0
19051,-1150.470,-679.823,50000.000,46.00,-993.588,52.294,50000.000,42.00,0
19101,-821.765,-1307.353,50000.000,36.00,-1060.823,-216.647,50000.000,57.00,0
19151,-657.412,-903.941,50000.000,48.00,-769.471,-328.706,50000.000,56.00,0
19201,-724.647,-1001.059,50000.000,45.00,-739.588,-381.000,50000.000,47.00,0
19251,-410.882,-1232.647,50000.000,33.00,-859.118,-620.059,50000.000,43.00,0
19301,-134.471,-313.765,50000.000,43.00,-141.941,-709.706,50000.000,52.00,0
19351,-67.235,-515.471,50000.000,55.00,-104.588,-1083.235,50000.000,48.00,0
19401,261.471,-1837.765,50000.000,36.00,-649.941,-1830.294,50000.000,56.00,0
19451,-216.647,-1553.882,50000.000,40.00,-784.412,-2181.412,50000.000,60.00,0
19501,-747.059,-1277.470,50000.000,57.00,-903.941,-1651.000,50000.000,47.00,0
19551,-694.765,-1621.118,50000.000,38.00,-993.588,-1225.176,50000.000,44.00,0
19601,-171.824,-2286.000,50000.000,60.00,-687.294,-1524.000,50000.000,55.00,0
19651,52.294,-1882.588,50000.000,40.00,-612.588,-1785.470,50000.000,48.00,0
19701,351.118,-649.941,50000.000,48.00,-52.294,-1636.059,50000.000,32.00,0
19751,67.235,-268.941,50000.000,45.00,-104.588,-1344.706,50000.000,49.00,0
19801,44.824,-1135.529,50000.000,24.00,-283.882,-814.294,50000.000,51.00,0
19851,-74.706,-1232.647,50000.000,53.00,-366.059,224.118,50000.000,48.00,0
19901,-642.471,-986.118,50000.000,46.00,-298.824,836.706,50000.000,32.00,0
19951,-657.412,-1441.823,50000.000,44.00,-590.176,836.706,50000.000,47.00,0
20001,-508.000,-1494.118,50000.000,60.00,-657.412,239.059,50000.000,47.00,0
20051,-530.412,-1404.470,50000.000,55.00,-605.118,-560.294,50000.000,51.00,0
20101,-298.824,-1195.294,50000.000,43.00,-851.647,-567.765,50000.000,67.00,0
20151,-597.647,-298.824,50000.000,56.00,-530.412,-425.823,50000.000,32.00,0
20201,-747.059,-590.176,50000.000,48.00,-672.353,-747.059,50000.000,47.00,0
20251,-702.235,-851.647,50000.000,41.00,-1202.765,-366.059,50000.000,40.00,0
20301,-1038.412,-1225.176,50000.000,59.00,-866.588,-754.529,50000.000,44.00,0
20351,-926.353,-3055.470,50000.000,38.00,-1621.118,-1337.235,50000.000,53.00,0
20401,-1023.471,-3399.117,50000.000,40.00,-1710.765,-1030.941,50000.000,40.00,0
20451,-1299.882,-3384.176,50000.000,46.00,-1583.765,-2032.000,50000.000,23.00,0
20501,-866.588,-2629.647,50000.000,36.00,-1972.235,-3324.412,50000.000,55.00,0
20551,-433.294,-2248.647,50000.000,53.00,-1352.176,-3384.176,50000.000,45.00,0
20601,-911.412,-3847.353,50000.000,42.00,-1703.294,-3780.117,50000.000,26.00,0
20651,-635.000,-4706.470,50000.000,49.00,-2211.294,-3854.823,50000.000,50.00,0
20701,-687.294,-2562.412,50000.000,39.00,-1382.059,-2002.118,50000.000,59.00,0
20751,-1045.882,-298.824,50000.000,50.00,-627.529,313.765,50000.000,34.00,1
20801,-1001.059,-298.824,50000.000,45.00,-537.882,784.412,50000.000,42.00,1
20851,-366.059,-515.471,50000.000,45.00,-508.000,74.706,50000.000,28.00,0
20901,328.706,-291.353,50000.000,44.00,164.353,-814.294,50000.000,43.00,0
20951,515.471,-224.118,50000.000,53.00,254.000,-874.059,50000.000,39.00,0
21001,194.235,-963.706,50000.000,67.00,37.353,-933.823,50000.000,31.00,0
21051,74.706,-2779.059,50000.000,58.00,-672.353,-2114.176,50000.000,37.00,0
21101,328.706,-2465.294,50000.000,44.00,-978.647,-3003.176,50000.000,42.00,0
21151,567.765,7.471,50000.000,46.00,-112.059,-3847.353,50000.000,55.00,0
21201,567.765,-926.353,50000.000,48.00,-209.176,-4654.176,50000.000,49.00,0
21251,530.412,-1785.470,50000.000,45.00,-1262.529,-4900.706,50000.000,74.00,0
21301,-134.471,-986.118,50000.000,43.00,-881.529,-3346.823,50000.000,61.00,0
21351,-649.941,-956.235,50000.000,48.00,-1053.353,-2024.529,50000.000,66.00,0
21401,-590.176,-239.059,50000.000,56.00,-679.823,-179.294,50000.000,47.00,0
21451,-560.294,239.059,50000.000,55.00,-149.412,425.823,50000.000,53.00,0
21501,-216.647,-276.412,50000.000,46.00,-156.882,440.765,50000.000,47.00,0
21551,-112.059,-478.118,50000.000,45.00,-141.941,418.353,50000.000,41.00,0
21601,164.353,-254.000,50000.000,33.00,283.882,268.941,50000.000,41.00,0
21651,395.941,-605.118,50000.000,47.00,381.000,97.118,50000.000,49.00,0
21701,590.176,-859.118,50000.000,46.00,283.882,-231.588,50000.000,43.00,0
21751,799.353,-784.412,50000.000,58.00,605.118,-403.412,50000.000,47.00,0
21801,821.765,-560.294,50000.000,40.00,620.059,-141.941,50000.000,38.00,0
21851,829.235,-552.823,50000.000,44.00,732.118,-291.353,50000.000,39.00,0
21901,903.941,-1262.529,50000.000,44.00,552.823,-1045.882,50000.000,36.00,0
21951,1157.941,-1143.000,50000.000,39.00,373.529,-1277.470,50000.000,37.00,0
22001,1165.412,-156.882,50000.000,42.00,941.294,-1807.882,50000.000,29.00,0
22051,1882.588,-605.118,50000.000,38.00,1143.000,-2256.117,50000.000,57.00,0
22101,1561.353,261.471,50000.000,49.00,963.706,-567.765,50000.000,51.00,0
22151,859.118,1912.470,50000.000,46.00,1374.588,1613.647,50000.000,41.00,0
22201,22.412,194.235,50000.000,43.00,829.235,2248.647,50000.000,23.00,0
22251,-276.412,-1479.176,50000.000,35.00,-649.941,702.235,50000.000,52.00,0
22301,-74.706,14.941,50000.000,52.00,-59.765,141.941,50000.000,50.00,0
22351,-44.824,478.118,50000.000,45.00,268.941,-209.176,50000.000,29.00,0
22401,806.823,-508.000,50000.000,59.00,276.412,-1344.706,50000.000,65.00,0
22451,1008.529,739.588,50000.000,49.00,694.765,-463.176,50000.000,66.00,0
22501,470.647,1576.294,50000.000,62.00,1195.294,1397.000,50000.000,24.00,0
22551,1225.176,-567.765,50000.000,24.00,1568.823,889.000,50000.000,33.00,0
22601,2599.765,-1352.176,50000.000,37.00,1778.000,410.882,50000.000,50.00,0
22651,2681.941,1546.412,50000.000,37.00,3070.412,1210.235,50000.000,24.00,0
22701,3429.000,2584.823,50000.000,44.00,4318.000,1352.176,50000.000,40.00,0
22751,4534.647,1651.000,50000.000,43.00,4273.176,1695.823,50000.000,38.00,0
22801,3705.412,5035.176,50000.000,39.00,4661.647,3966.882,50000.000,40.00,0
22851,3122.706,7918.823,50000.000,40.00,5296.646,6409.764,50000.000,16.00,0
22901,3040.529,6813.176,50000.000,50.00,5124.823,7097.058,50000.000,21.00,0
22951,2532.529,4467.412,50000.000,49.00,3458.882,4586.941,50000.000,22.00,0
23001,1583.765,1374.588,50000.000,46.00,1822.823,67.235,50000.000,21.00,0
23051,1591.235,-2427.941,50000.000,38.00,194.235,-2457.823,50000.000,32.00,0
23101,1710.765,-433.294,50000.000,36.00,657.412,-2039.470,50000.000,55.00,0
23151,1546.412,3466.353,50000.000,64.00,2622.176,1075.765,50000.000,16.00,0
23201,2599.765,1008.529,50000.000,38.00,3115.235,1359.647,50000.000,19.00,0
23251,4370.294,-14.941,50000.000,30.00,3824.941,119.529,50000.000,19.00,0
23301,6745.941,-89.647,50000.000,37.00,6096.000,-963.706,50000.000,23.00,0
23351,8225.117,806.823,50000.000,29.00,7141.882,-672.353,50000.000,43.00,0
23401,7679.764,6237.941,50000.000,40.00,7956.176,806.823,50000.000,45.00,0
23451,6783.293,8860.117,50000.000,48.00,8165.353,2293.470,50000.000,48.00,0
23501,5625.353,5737.411,50000.000,28.00,7007.411,4220.882,50000.000,14.00,0
23551,4205.941,4385.235,50000.000,38.00,5094.941,4676.588,50000.000,25.00,0
23601,3369.235,6320.117,50000.000,32.00,4542.117,3227.294,50000.000,13.00,0
23651,3227.294,7418.293,50000.000,36.00,3212.353,141.941,50000.000,27.00,0
23701,2652.059,8553.823,50000.000,27.00,3309.470,762.000,50000.000,14.00,0
23751,1807.882,8949.764,50000.000,28.00,2129.117,635.000,50000.000,18.00,0
23801,881.529,10145.059,50000.000,38.00,2046.941,-22.412,50000.000,19.00,0
23851,672.353,7179.235,50000.000,46.00,896.471,-1471.706,50000.000,21.00,0
23901,1075.765,3092.823,50000.000,30.00,-336.176,-3100.294,50000.000,36.00,0
23951,1322.294,3735.294,50000.000,38.00,769.471,-3234.764,50000.000,23.00,0
24001,1307.353,4482.353,50000.000,49.00,978.647,-3384.176,50000.000,38.00,0
24051,1449.294,3974.353,50000.000,35.00,993.588,-3443.941,50000.000,33.00,0
24101,2487.706,4325.470,50000.000,38.00,2024.529,-2121.647,50000.000,26.00,0
24151,3884.706,3623.235,50000.000,55.00,3959.411,-1621.118,50000.000,23.00,0
24201,4953.000,1411.941,50000.000,46.00,4116.294,-1942.353,50000.000,22.00,0
24251,5879.353,186.765,50000.000,34.00,5117.353,-1815.353,50000.000,34.00,0
24301,6350.000,-291.353,50000.000,45.00,5580.529,-1016.000,50000.000,55.00,0
24351,5871.882,1905.000,50000.000,49.00,5782.235,844.176,50000.000,50.00,0
24401,4953.000,3653.117,50000.000,45.00,5983.941,3436.470,50000.000,26.00,0
24451,3234.764,3279.588,50000.000,41.00,4303.059,4034.117,50000.000,27.00,0
24501,1740.647,224.118,50000.000,46.00,1934.882,664.882,50000.000,27.00,0
24551,2330.823,291.353,50000.000,27.00,1524.000,-956.235,50000.000,21.00,0
24601,4474.882,4930.588,50000.000,56.00,4930.588,-836.706,50000.000,26.00,0
24651,7590.117,4011.706,50000.000,48.00,6925.235,-3929.529,50000.000,24.00,0
24701,10847.293,1367.118,50000.000,68.00,8867.588,-7664.823,50000.000,40.00,0
24751,14074.587,-1695.823,50000.000,50.00,10361.705,-7896.411,50000.000,45.00,0
24801,15449.176,-3526.117,50000.000,43.00,11639.176,-8441.764,50000.000,48.00,0
24851,16763.998,-1785.470,50000.000,56.00,12580.470,-11004.176,50000.000,56.00,0
24901,18467.293,3563.470,50000.000,52.00,13334.999,-11609.293,50000.000,78.00,0
24951,19236.764,5558.117,50000.000,58.00,14627.411,-11317.940,50000.000,67.00,0
25001,20469.410,4205.941,50000.000,75.00,15299.764,-11063.940,50000.000,53.00,0
25051,20954.998,3354.294,50000.000,47.00,15874.999,-10167.470,50000.000,53.00,0
25101,21268.764,2599.765,50000.000,58.00,17249.588,-7530.353,50000.000,60.00,0
25151,21761.822,1815.353,50000.000,63.00,17929.410,-6155.764,50000.000,71.00,0
25201,22598.527,597.647,50000.000,85.00,17518.527,-8030.882,50000.000,65.00,0
25251,23405.352,-321.235,50000.000,67.00,17316.822,-9607.176,50000.000,65.00,0
25301,22441.646,-2188.882,50000.000,55.00,17174.881,-8023.411,50000.000,56.00,0
25351,20940.057,-2308.412,50000.000,40.00,16749.059,-7231.529,50000.000,47.00,0
25401,21627.352,-1561.353,50000.000,42.00,18071.352,-4377.765,50000.000,39.00,0
25451,20798.117,-1374.588,50000.000,20.00,18153.527,-4728.882,50000.000,32.00,0
25501,21343.469,-3391.647,50000.000,40.00,16674.352,-9285.940,50000.000,73.00,0
25551,19408.588,-8254.999,50000.000,22.00,14343.528,-11041.528,50000.000,75.00,0
25601,18108.705,-9547.411,50000.000,37.00,12849.411,-11766.176,50000.000,73.00,0
25651,16905.939,-8053.293,50000.000,47.00,12946.528,-9681.882,50000.000,67.00,0
25701,15807.764,-6581.588,50000.000,34.00,12363.822,-6327.588,50000.000,33.00,0
25751,15493.999,-3443.941,50000.000,44.00,11945.470,-7911.353,50000.000,75.00,0
25801,12998.822,2711.823,50000.000,49.00,10570.882,-6110.941,50000.000,29.00,0
25851,9771.528,2286.000,50000.000,54.00,8150.411,-4885.764,50000.000,71.00,0
25901,10204.823,-911.412,50000.000,43.00,7104.529,-7664.823,50000.000,54.00,0
25951,10197.353,-2383.117,50000.000,43.00,6484.470,-9442.823,50000.000,69.00,0
26001,10384.117,-2876.176,50000.000,50.00,7119.470,-7074.646,50000.000,45.00,0
26051,9704.294,-1890.059,50000.000,22.00,7814.235,-3847.353,50000.000,64.00,0
26101,10974.293,-186.765,50000.000,39.00,8247.529,-6215.529,50000.000,54.00,0
26151,11952.940,1785.470,50000.000,49.00,9173.882,-7321.176,50000.000,91.00,0
26201,11646.646,3055.470,50000.000,56.00,8038.353,-9659.470,50000.000,71.00,0
26251,11101.293,-679.823,50000.000,44.00,6768.353,-11258.176,50000.000,60.00,0
26301,10862.234,-4997.823,50000.000,46.00,6409.764,-11489.764,50000.000,62.00,0
26351,10600.764,-6985.000,50000.000,28.00,6036.235,-11631.705,50000.000,43.00,0
26401,10159.999,-5341.470,50000.000,47.00,5588.000,-12356.353,50000.000,54.00,0
26451,8979.646,-3712.882,50000.000,37.00,5416.176,-10384.117,50000.000,33.00,0
26501,8120.529,-5005.294,50000.000,34.00,4788.647,-9913.470,50000.000,58.00,0
26551,7702.176,-7702.176,50000.000,42.00,4213.412,-9375.588,50000.000,35.00,0
26601,7171.764,-8897.470,50000.000,19.00,3645.647,-9338.234,50000.000,37.00,0
26651,7201.646,-6409.764,50000.000,43.00,3899.647,-9831.293,50000.000,29.00,0
26701,7552.764,806.823,50000.000,52.00,5640.294,-6096.000,50000.000,43.00,0
26751,8337.176,3757.706,50000.000,57.00,7388.411,-4303.059,50000.000,83.00,0
26801,9450.294,1344.706,50000.000,53.00,7859.058,-5326.529,50000.000,39.00,0
26851,10540.999,-866.588,50000.000,55.00,8665.882,-7328.646,50000.000,55.00,0
26901,10839.823,-3772.647,50000.000,46.00,8277.411,-7029.823,50000.000,55.00,0
26951,10488.705,-5065.059,50000.000,59.00,8598.646,-5954.059,50000.000,62.00,0
27001,9771.528,-5289.176,50000.000,58.00,7485.529,-4982.882,50000.000,42.00,0
27051,9397.999,-5543.176,50000.000,47.00,6223.000,-7799.293,50000.000,48.00,0
27101,10242.176,-4534.647,50000.000,47.00,6297.706,-10301.940,50000.000,58.00,0
27151,10406.528,-4669.117,50000.000,53.00,6163.235,-10481.234,50000.000,46.00,0
27201,10077.823,-6088.529,50000.000,53.00,6417.235,-9285.940,50000.000,56.00,0
27251,9786.470,-6835.588,50000.000,50.00,6462.059,-9129.059,50000.000,37.00,0
27301,10055.411,-5378.823,50000.000,53.00,6290.235,-9248.588,50000.000,53.00,0
27351,10406.528,657.412,50000.000,60.00,7388.411,-9241.117,50000.000,74.00,0
27401,10974.293,3115.235,50000.000,65.00,7313.706,-10727.764,50000.000,44.00,0
27451,11609.293,-14.941,50000.000,55.00,8030.882,-9143.999,50000.000,63.00,0
27501,11026.588,-1807.882,50000.000,55.00,8889.999,-7052.235,50000.000,70.00,0
27551,11228.293,-4078.941,50000.000,47.00,9002.059,-6858.000,50000.000,67.00,0
27601,11624.234,-4138.706,50000.000,60.00,8195.234,-8494.059,50000.000,66.00,0
27651,12513.234,-97.118,50000.000,55.00,8949.764,-10316.882,50000.000,60.00,0
27701,13200.528,149.412,50000.000,55.00,9734.176,-12124.764,50000.000,48.00,0
27751,13648.764,-5580.529,50000.000,45.00,9076.764,-12580.470,50000.000,44.00,0
27801,13693.587,-9091.705,50000.000,32.00,8658.411,-13992.411,50000.000,79.00,0
27851,12879.293,-7298.764,50000.000,42.00,7814.235,-11997.764,50000.000,73.00,0
27901,9569.823,-22.412,50000.000,40.00,8023.411,-4826.000,50000.000,77.00,0
27951,7298.764,1023.471,50000.000,46.00,6589.059,-2532.529,50000.000,37.00,0
28001,6768.353,-2689.412,50000.000,45.00,5065.059,-5909.235,50000.000,41.00,0
28051,7732.058,-6297.706,50000.000,32.00,4131.235,-9928.411,50000.000,83.00,0
28101,7201.646,-8606.117,50000.000,34.00,3981.823,-10974.293,50000.000,40.00,0
28151,7224.058,-10518.588,50000.000,38.00,2861.235,-13349.940,50000.000,78.00,0
28201,7605.058,-6043.706,50000.000,31.00,3257.176,-14418.234,50000.000,66.00,0
28251,7328.646,-545.353,50000.000,48.00,4407.647,-13170.646,50000.000,64.00,1
28301,7351.058,-2808.941,50000.000,47.00,4288.117,-10638.117,50000.000,40.00,1
28351,7014.882,-6708.588,50000.000,39.00,3929.529,-10787.528,50000.000,51.00,0
28401,7522.882,-4601.882,50000.000,49.00,4258.235,-9711.764,50000.000,74.00,0
28451,8135.470,1778.000,50000.000,53.00,4923.117,-7493.000,50000.000,65.00,0
28501,5423.646,5050.117,50000.000,69.00,5543.176,-2427.941,50000.000,55.00,0
28551,2816.412,1344.706,50000.000,47.00,2652.059,-717.176,50000.000,59.00,0
28601,119.529,-1949.823,50000.000,57.00,-844.176,-3339.353,50000.000,62.00,0
28651,-1561.353,-5334.000,50000.000,46.00,-3062.941,-6260.353,50000.000,51.00,0
28701,-1105.647,-6902.823,50000.000,49.00,-3824.941,-9158.940,50000.000,41.00,0
28751,-963.706,-6618.941,50000.000,30.00,-4086.411,-10533.528,50000.000,46.00,0
28801,-1016.000,-6305.176,50000.000,34.00,-3810.000,-9614.646,50000.000,61.00,0
28851,-1105.647,-5289.176,50000.000,20.00,-2995.706,-6745.941,50000.000,58.00,0
28901,-1471.706,-2704.353,50000.000,50.00,-2271.059,-2554.941,50000.000,61.00,0
28951,-2203.823,-515.471,50000.000,62.00,-1524.000,-351.118,50000.000,77.00,0
29001,-1546.412,-4288.117,50000.000,43.00,-2151.529,-2166.470,50000.000,70.00,0
29051,-1501.588,-7747.000,50000.000,41.00,-3100.294,-3810.000,50000.000,67.00,0
29101,-1613.647,-7433.235,50000.000,42.00,-2846.294,-3854.823,50000.000,61.00,0
29151,-1695.823,-5446.059,50000.000,45.00,-2681.941,-2286.000,50000.000,59.00,0
29201,-2017.059,-3257.176,50000.000,39.00,-1875.118,-186.765,50000.000,65.00,0
29251,-2002.118,-4893.235,50000.000,34.00,-2076.823,-1053.353,50000.000,85.00,0
29301,-1546.412,-6716.059,50000.000,38.00,-3137.647,-4056.529,50000.000,57.00,0
29351,-1322.294,-6350.000,50000.000,62.00,-2681.941,-5625.353,50000.000,67.00,0
29401,-1755.588,-8725.646,50000.000,44.00,-3152.588,-6252.882,50000.000,85.00,0
29451,-1479.176,-7851.588,50000.000,35.00,-3481.294,-4691.529,50000.000,87.00,0
29501,-1994.647,-4250.765,50000.000,69.00,-2263.588,-2607.235,50000.000,64.00,0
29551,-2315.882,-5199.529,50000.000,47.00,-2921.000,-3496.235,50000.000,60.00,0
29601,-2129.117,-5027.706,50000.000,58.00,-3526.117,-4527.176,50000.000,62.00,0
29651,-2039.470,-5065.059,50000.000,70.00,-2689.412,-4833.470,50000.000,65.00,0
29701,-2413.000,-7007.411,50000.000,43.00,-3690.470,-4803.588,50000.000,45.00,0
29751,-2517.588,-7634.940,50000.000,47.00,-3750.235,-4093.882,50000.000,80.00,0
29801,-2771.588,-6477.000,50000.000,47.00,-3697.941,-2129.117,50000.000,60.00,0
29851,-3167.529,-5595.470,50000.000,53.00,-3660.588,-2457.823,50000.000,45.00,0
29901,-2211.294,-5685.117,50000.000,40.00,-3929.529,-5438.588,50000.000,63.00,0
29951,-1987.176,-4982.882,50000.000,39.00,-3376.706,-6760.882,50000.000,50.00,0
