timestamp[us],left_dx[um],left_dy[um],left_dt[us],right_dx[um],right_dy[um],right_dt[us],t=0.0510319995
1,0.000,0.000,549818.000,-4.000,-4.000,549570.000,t=0.1011399984
550039,0.000,0.000,617.000,-4.000,-4.000,619.000,t=0.1512479877
550631,0.000,0.000,49505.000,-4.000,-4.000,49503.000,t=0.2013559818
600153,0.000,0.000,608.000,-4.000,-4.000,608.000,t=0.2514800071
600734,0.000,0.000,49516.000,-4.000,-4.000,49516.000,t=0.3016000032
650276,0.000,0.000,607.000,-4.000,-4.000,607.000,t=0.3517160177
650857,0.000,0.000,49514.000,-4.000,-4.000,49514.000,t=0.4018239974
700408,0.000,0.000,618.000,-4.000,-4.000,618.000,t=0.4519400119
701000,0.000,0.000,49519.000,-4.000,-4.000,49520.000,t=0.5020480155
750541,0.000,0.000,614.000,-4.000,-4.000,613.000,t=0.5521679878
751136,0.000,0.000,49520.000,-4.000,-4.000,49523.000,t=0.6022880077
800675,0.000,0.000,50128.000,-4.000,-4.000,50125.000,t=0.6524040222
850792,0.000,0.000,604.000,-4.000,-4.000,604.000,t=0.7025160312
851375,0.000,0.000,49520.000,-4.000,-4.000,49522.000,t=0.7526360034
900925,0.000,0.000,50128.000,-4.000,-4.000,50126.000,t=0.8027440071
951047,0.000,0.000,606.000,-4.000,-4.000,608.000,t=0.8528519630
951635,0.000,0.000,49519.000,-4.000,-4.000,49517.000,t=0.9029600143
1001178,0.000,0.000,50132.000,-4.000,-4.000,50133.000,t=0.9530679702
1051303,0.000,0.000,606.000,-4.000,-4.000,606.000,t=1.0031800270
1051894,0.000,0.000,49527.000,-4.000,-4.000,49527.000,t=1.0533000230
1101442,0.000,0.000,612.000,-4.000,-4.000,611.000,t=1.1034200191
1102028,0.000,0.000,49520.000,-4.000,-4.000,49521.000,t=1.1535359621
1151580,0.000,0.000,50126.000,-4.000,-4.000,50125.000,t=1.2036520242
1201697,0.000,0.000,609.000,-4.000,-4.000,609.000,t=1.2537679672
1202288,0.000,0.000,49523.000,-4.000,-4.000,49524.000,t=1.3038840293
1251835,0.000,0.000,614.000,-4.000,-4.000,613.000,t=1.3539919853
1252432,0.000,0.000,49508.000,-4.000,-4.000,49510.000,t=1.4041039943
1301952,0.000,0.000,609.000,-4.000,-4.000,607.000,t=1.4542160034
1302540,0.000,0.000,49515.000,-4.000,-4.000,49515.000,t=1.5043319702
1352074,0.000,0.000,607.000,-4.000,-4.000,609.000,t=1.5544519424
1352662,0.000,0.000,49515.000,-4.000,-4.000,49513.000,t=1.6045599937
1402202,0.000,0.000,614.000,-4.000,-4.000,614.000,t=1.6546679496
1402798,0.000,0.000,49505.000,-4.000,-4.000,49505.000,t=1.7047800064
1452321,0.000,0.000,613.000,-4.000,-4.000,615.000,t=1.7548880577
1452912,0.000,0.000,49514.000,-4.000,-4.000,49513.000,t=1.8049960136
1502454,0.000,0.000,50135.000,-4.000,-4.000,50135.000,t=1.8551039695
1552585,0.000,0.000,615.000,-4.000,-4.000,614.000,t=1.9052280426
1553176,0.000,0.000,49519.000,-4.000,-4.000,49519.000,t=1.9553440093
1602712,0.000,0.000,609.000,-4.000,-4.000,609.000,t=2.0054559707
1603303,0.000,0.000,49519.000,-4.000,-4.000,49519.000,t=2.0555760860
1652840,0.000,0.000,609.000,-4.000,-4.000,609.000,t=2.1056840419
1653433,0.000,0.000,49521.000,-4.000,-4.000,49522.000,t=2.1558039188
1702972,0.000,0.000,50131.000,-4.000,-4.000,50130.000,t=2.2059240341
1753104,0.000,0.000,611.000,-4.000,-4.000,611.000,t=2.2560360431
1753691,0.000,0.000,49516.000,-4.000,-4.000,49517.000,t=2.3061480522
1803233,0.000,0.000,613.000,-4.000,-4.000,613.000,t=2.3562679290
1803828,0.000,0.000,49513.000,-4.000,-4.000,49512.000,t=2.4063880443
1853359,0.000,0.000,613.000,-4.000,-4.000,615.000,t=2.4564960002
1853950,0.000,0.000,49513.000,-4.000,-4.000,49511.000,t=2.5065999031
1903487,0.000,0.000,615.000,-4.000,-4.000,615.000,t=2.5567080974
1904072,0.000,0.000,49510.000,-4.000,-4.000,49511.000,t=2.6068201065
1953610,0.000,0.000,50129.000,-4.000,-4.000,50128.000,t=2.6569321155
2003730,0.000,0.000,605.000,-4.000,-4.000,605.000,t=2.7070479393
2004321,0.000,0.000,49527.000,-4.000,-4.000,49528.000,t=2.7571680545
2053871,0.000,0.000,50130.000,-4.000,-4.000,50129.000,t=2.8072800636
2103995,0.000,0.000,607.000,-4.000,-4.000,608.000,t=2.8573921203
2104579,0.000,0.000,49510.000,-4.000,-4.000,49509.000,t=2.9075040817
2154118,0.000,0.000,613.000,-4.000,-4.000,614.000,t=2.9576160430
2154713,0.000,0.000,49512.000,-4.000,-4.000,49511.000,t=3.0077319145
2204239,0.000,0.000,610.000,-4.000,-4.000,610.000,t=3.0578479766
2204830,0.000,0.000,49510.000,-4.000,-4.000,49510.000,t=3.1079640388
2254363,0.000,0.000,613.000,-4.000,-4.000,615.000,t=3.1580801010
2254953,0.000,0.000,49512.000,-4.000,-4.000,49510.000,t=3.2081921100
2304487,0.000,0.000,612.000,-4.000,-4.000,613.000,t=3.2583000659
2305077,0.000,0.000,49510.000,-4.000,-4.000,49509.000,t=3.3084080219
2354611,0.000,0.000,614.000,-4.000,-4.000,615.000,t=3.3585200309
2355203,0.000,0.000,49520.000,-4.000,-4.000,49520.000,t=3.4086320400
2404748,0.000,0.000,617.000,-4.000,-4.000,617.000,t=3.4587440490
2405343,0.000,0.000,49513.000,-4.000,-4.000,49513.000,t=3.5088560581
2454879,0.000,0.000,618.000,-4.000,-4.000,617.000,t=3.5589759349
2455475,0.000,0.000,49511.000,-4.000,-4.000,49511.000,t=3.6090919971
2504997,0.000,0.000,607.000,-4.000,-4.000,608.000,t=3.6592040061
2505581,0.000,0.000,49524.000,-4.000,-4.000,49523.000,t=3.7093160152
2555134,0.000,0.000,614.000,-4.000,-4.000,614.000,t=3.7594358921
2555730,0.000,0.000,49509.000,-4.000,-4.000,49510.000,t=3.8095520019
2605257,0.000,0.000,613.000,-4.000,-4.000,613.000,t=3.8596679687
2605852,0.000,0.000,49520.000,-4.000,-4.000,49519.000,t=3.9097800254
2655392,0.000,0.000,615.000,-4.000,-4.000,615.000,t=3.9598920822
2655977,0.000,0.000,49518.000,-4.000,-4.000,49519.000,t=4.0100040435
2705521,0.000,0.000,50128.000,-4.000,-4.000,50130.000,t=4.0601158142
2755649,0.000,0.000,50127.000,-4.000,-4.000,50124.000,t=4.1102280616
2805774,0.000,0.000,609.000,-4.000,-4.000,609.000,t=4.1603360176
2806364,0.000,0.000,49522.000,-4.000,-4.000,49523.000,t=4.2104439735
2855906,0.000,0.000,610.000,-4.000,-4.000,609.000,t=4.2605481147
2856498,0.000,0.000,49524.000,-4.000,-4.000,49524.000,t=4.3106560707
2906045,0.000,0.000,616.000,-4.000,-4.000,618.000,t=4.3607797622
2906638,0.000,0.000,49505.000,-4.000,-4.000,49504.000,t=4.4108958244
2956160,0.000,0.000,610.000,-4.000,-4.000,609.000,t=4.4610161781
2956751,0.000,0.000,49509.000,-4.000,-4.000,49510.000,t=4.5111241340
3006283,0.000,0.000,614.000,-4.000,-4.000,613.000,t=4.5612440109
3006879,0.000,0.000,49508.000,-4.000,-4.000,49509.000,t=4.6113557815
3056403,0.000,0.000,611.000,-4.000,-4.000,610.000,t=4.6614761352
3056990,0.000,0.000,49514.000,-4.000,-4.000,49514.000,t=4.7115840911
3106536,0.000,0.000,619.000,-4.000,-4.000,620.000,t=4.7617001533
3107121,0.000,0.000,49510.000,-4.000,-4.000,49511.000,t=4.8118119239
3156659,0.000,0.000,50130.000,-4.000,-4.000,50128.000,t=4.8619241714
3206784,0.000,0.000,609.000,-4.000,-4.000,609.000,t=4.9120359420
3207376,0.000,0.000,49523.000,-4.000,-4.000,49525.000,t=4.9621438980
3256921,0.000,0.000,613.000,-4.000,-4.000,612.000,t=5.0122561454
3257514,0.000,0.000,49514.000,-4.000,-4.000,49513.000,t=5.0623641014
3307050,0.000,0.000,616.000,-4.000,-4.000,618.000,t=5.1124720573
3307642,0.000,0.000,49509.000,-4.000,-4.000,49507.000,t=5.1625919342
3357169,0.000,0.000,609.000,-4.000,-4.000,609.000,t=5.2127161026
3357759,0.000,0.000,49519.000,-4.000,-4.000,49519.000,t=5.2628278732
3407297,0.000,0.000,609.000,-4.000,-4.000,609.000,t=5.3129401206
3407887,0.000,0.000,49514.000,-4.000,-4.000,49515.000,t=5.3630599975
3457426,0.000,0.000,615.000,-4.000,-4.000,615.000,t=5.4131717681
3458011,0.000,0.000,49515.000,-4.000,-4.000,49515.000,t=5.4632878303
3507552,0.000,0.000,611.000,-4.000,-4.000,610.000,t=5.5134081840
3508141,0.000,0.000,49520.000,-4.000,-4.000,49522.000,t=5.5635280609
3557687,0.000,0.000,615.000,-4.000,-4.000,613.000,t=5.6136398315
3558278,0.000,0.000,49512.000,-4.000,-4.000,49513.000,t=5.6637601852
3607812,0.000,0.000,50131.000,-4.000,-4.000,50132.000,t=5.7138638496
3657936,0.000,0.000,607.000,-4.000,-4.000,605.000,t=5.7639760971
3658525,0.000,0.000,49521.000,-4.000,-4.000,49521.000,t=5.8140878677
3708069,0.000,0.000,611.000,-4.000,-4.000,614.000,t=5.8641958236
3708662,0.000,0.000,49509.000,-4.000,-4.000,49507.000,t=5.9143037796
3758187,0.000,0.000,610.000,-4.000,-4.000,609.000,t=5.9644122123
3758778,0.000,0.000,49512.000,-4.000,-4.000,49513.000,t=6.0145320892
3808314,0.000,0.000,614.000,-4.000,-4.000,615.000,t=6.0646481513
3808905,0.000,0.000,49514.000,-4.000,-4.000,49512.000,t=6.1147680282
3858442,0.000,0.000,50123.000,-4.000,-4.000,50123.000,t=6.1648797988
3908565,0.000,0.000,614.000,-4.000,-4.000,615.000,t=6.2149958610
3909157,0.000,0.000,49511.000,-4.000,-4.000,49513.000,t=6.2651162147
3958691,0.000,0.000,50128.000,-4.000,-4.000,50126.000,t=6.3152360916
4008813,0.000,0.000,50136.000,-4.000,-4.000,50137.000,t=6.3653559684
4058944,0.000,0.000,50130.000,-4.000,-4.000,50128.000,t=6.4154682159
4109077,0.000,0.000,607.000,-4.000,-4.000,610.000,t=6.4655799865
4109665,0.000,0.000,49518.000,-4.000,-4.000,49515.000,t=6.5156922340
4159204,0.000,0.000,609.000,-4.000,-4.000,609.000,t=6.5658040046
4159794,0.000,0.000,49515.000,-4.000,-4.000,49516.000,t=6.6159119606
4209328,0.000,0.000,609.000,-4.000,-4.000,610.000,t=6.6660199165
4209918,0.000,0.000,49524.000,-4.000,-4.000,49522.000,t=6.7161278724
4259467,0.000,0.000,50131.000,-4.000,-4.000,50132.000,t=6.7662401199
4309592,0.000,0.000,609.000,-4.000,-4.000,608.000,t=6.8163599967
4310178,0.000,0.000,49521.000,-4.000,-4.000,49521.000,t=6.8664798736
4359725,0.000,0.000,50125.000,-4.000,-4.000,50126.000,t=6.9165959358
4409847,0.000,0.000,609.000,-4.000,-4.000,608.000,t=6.9667158126
4410435,0.000,0.000,49519.000,-4.000,-4.000,49520.000,t=7.0168280601
4459978,0.000,0.000,613.000,-4.000,-4.000,612.000,t=7.0669398307
4460572,0.000,0.000,49511.000,-4.000,-4.000,49511.000,t=7.1170558929
4510100,0.000,0.000,610.000,-4.000,-4.000,610.000,t=7.1671719551
4510691,0.000,0.000,49523.000,-4.000,-4.000,49523.000,t=7.2172880172
4560233,0.000,0.000,50118.000,-4.000,-4.000,50118.000,t=7.2673997879
4610346,0.000,0.000,605.000,-4.000,-4.000,607.000,t=7.3175201416
4610932,0.000,0.000,49517.000,-4.000,-4.000,49515.000,t=7.3676280975
4660477,0.000,0.000,614.000,-4.000,-4.000,614.000,t=7.4177398681
4661070,0.000,0.000,49509.000,-4.000,-4.000,49510.000,t=7.4678478240
4710601,0.000,0.000,50120.000,-4.000,-4.000,50119.000,t=7.5179557800
4760717,0.000,0.000,612.000,-4.000,-4.000,612.000,t=7.5680599212
4761305,0.000,0.000,49509.000,-4.000,-4.000,49510.000,t=7.6181759834
4810840,0.000,0.000,613.000,-4.000,-4.000,612.000,t=7.6683001518
4811433,0.000,0.000,49522.000,-4.000,-4.000,49524.000,t=7.7184200286
4860976,0.000,0.000,614.000,-4.000,-4.000,612.000,t=7.7685399055
4861569,0.000,0.000,49518.000,-4.000,-4.000,49518.000,t=7.8186521530
4911103,0.000,0.000,609.000,-4.000,-4.000,610.000,t=7.8687720298
4911694,0.000,0.000,49523.000,-4.000,-4.000,49522.000,t=7.9188838005
4961235,0.000,0.000,609.000,-4.000,-4.000,610.000,t=7.9690041542
4961826,0.000,0.000,49515.000,-4.000,-4.000,49514.000,t=8.0191202163
5011363,0.000,0.000,613.000,-4.000,-4.000,615.000,t=8.0692396163
5011954,0.000,0.000,49520.000,-4.000,-4.000,49518.000,t=8.1193561553
5061497,0.000,0.000,615.000,-4.000,-4.000,615.000,t=8.1694717407
5062082,0.000,0.000,49511.000,-4.000,-4.000,49512.000,t=8.2195758819
5111620,0.000,0.000,612.000,-4.000,-4.000,611.000,t=8.2696838378
5112208,0.000,0.000,49520.000,-4.000,-4.000,49520.000,t=8.3197917938
5161758,0.000,0.000,617.000,-4.000,-4.000,617.000,t=8.3698997497
5162353,0.000,0.000,49507.000,-4.000,-4.000,49507.000,t=8.4200124740
5211869,0.000,0.000,50131.000,-4.000,-4.000,50131.000,t=8.4701280593
5262002,0.000,0.000,606.000,-4.000,-4.000,607.000,t=8.5202484130
5262590,0.000,0.000,49517.000,-4.000,-4.000,49516.000,t=8.5703601837
5312132,0.000,0.000,613.000,-4.000,-4.000,614.000,t=8.6204719543
5312727,0.000,0.000,49515.000,-4.000,-4.000,49515.000,t=8.6705837249
5362256,0.000,0.000,610.000,-4.000,-4.000,609.000,t=8.7207040786
5362847,0.000,0.000,49516.000,-4.000,-4.000,49516.000,t=8.7708244323
5412383,0.000,0.000,610.000,-4.000,-4.000,610.000,t=8.8209400177
5412972,0.000,0.000,49510.000,-4.000,-4.000,49510.000,t=8.8710517883
5462508,0.000,0.000,615.000,-4.000,-4.000,615.000,t=8.9211635589
5463092,0.000,0.000,49513.000,-4.000,-4.000,49513.000,t=8.9712839126
5512640,0.000,0.000,619.000,-4.000,-4.000,620.000,t=9.0213956832
5513225,0.000,0.000,49500.000,-4.000,-4.000,49500.000,t=9.0715122222
5562741,0.000,0.000,601.000,-4.000,-4.000,600.000,t=9.1216201782
5563311,0.000,0.000,49522.000,-4.000,-4.000,49522.000,t=9.1717319488
5612872,0.000,0.000,609.000,-4.000,-4.000,609.000,t=9.2218437194
5613464,0.000,0.000,49527.000,-4.000,-4.000,49527.000,t=9.2719516754
5663007,0.000,0.000,608.000,-4.000,-4.000,608.000,t=9.3220758438
5663590,0.000,0.000,49527.000,-4.000,-4.000,49527.000,t=9.3721961975
5713143,0.000,0.000,50128.000,-4.000,-4.000,50128.000,t=9.4223155975
5763267,0.000,0.000,606.000,-4.000,-4.000,606.000,t=9.4724359512
5763858,0.000,0.000,49520.000,-4.000,-4.000,49520.000,t=9.5225515365
5813406,0.000,0.000,50131.000,-4.000,-4.000,50131.000,t=9.5726642608
5863529,0.000,0.000,610.000,-4.000,-4.000,610.000,t=9.6227760314
5864120,0.000,0.000,49517.000,-4.000,-4.000,49519.000,t=9.6728878021
5913661,0.000,0.000,50130.000,-4.000,-4.000,50128.000,t=9.7230043411
5963785,0.000,0.000,609.000,-4.000,-4.000,609.000,t=9.7731237411
5964377,0.000,0.000,49524.000,-4.000,-4.000,49526.000,t=9.8232402801
6013923,0.000,0.000,614.000,-4.000,-4.000,612.000,t=9.8733520507
6014516,0.000,0.000,49520.000,-4.000,-4.000,49520.000,t=9.9234561920
6064058,0.000,0.000,615.000,-4.000,-4.000,618.000,t=9.9735679626
6064651,0.000,0.000,49513.000,-4.000,-4.000,49510.000,t=10.0236759185
6114186,0.000,0.000,615.000,-4.000,-4.000,616.000,t=10.0737800598
6114772,0.000,0.000,49517.000,-4.000,-4.000,49516.000,t=10.1238880157
6164316,0.000,0.000,613.000,-4.000,-4.000,615.000,t=10.1740083694
6164907,0.000,0.000,49514.000,-4.000,-4.000,49512.000,t=10.2241315841
6214444,0.000,0.000,615.000,-4.000,-4.000,615.000,t=10.2742443084
6215029,0.000,0.000,49503.000,-4.000,-4.000,49503.000,t=10.3243560791
6264554,0.000,0.000,606.000,-4.000,-4.000,607.000,t=10.3744678497
6265141,0.000,0.000,49518.000,-4.000,-4.000,49519.000,t=10.4245882034
6314682,0.000,0.000,611.000,-4.000,-4.000,609.000,t=10.4746999740
6315272,0.000,0.000,49513.000,-4.000,-4.000,49513.000,t=10.5248155593
6364813,0.000,0.000,617.000,-4.000,-4.000,617.000,t=10.5749282836
6365409,0.000,0.000,49503.000,-4.000,-4.000,49504.000,t=10.6250400543
6414920,0.000,0.000,604.000,-4.000,-4.000,604.000,t=10.6751518249
6415504,0.000,0.000,49518.000,-4.000,-4.000,49517.000,t=10.7252683639
6465049,0.000,0.000,611.000,-4.000,-4.000,613.000,t=10.7753801345
6465642,0.000,0.000,49524.000,-4.000,-4.000,49522.000,t=10.8254880905
6515187,0.000,0.000,614.000,-4.000,-4.000,615.000,t=10.8755960464
6515778,0.000,0.000,49514.000,-4.000,-4.000,49514.000,t=10.9257040023
6565319,0.000,0.000,618.000,-4.000,-4.000,619.000,t=10.9758195877
6565910,0.000,0.000,49517.000,-4.000,-4.000,49515.000,t=11.0259437561
6615450,0.000,0.000,50126.000,-4.000,-4.000,50126.000,t=11.0760641098
6665577,0.000,0.000,615.000,-4.000,-4.000,615.000,t=11.1261758804
6666164,0.000,0.000,49515.000,-4.000,-4.000,49517.000,t=11.1762876510
6715707,0.000,0.000,50133.000,-4.000,-4.000,50132.000,t=11.2264003753
6765830,0.000,0.000,605.000,-4.000,-4.000,604.000,t=11.2765197753
6766418,0.000,0.000,49529.000,-4.000,-4.000,49531.000,t=11.3266315460
6815972,0.000,0.000,613.000,-4.000,-4.000,612.000,t=11.3767518997
6816565,0.000,0.000,49520.000,-4.000,-4.000,49520.000,t=11.4268636703
6866108,0.000,0.000,50128.000,-4.000,-4.000,50128.000,t=11.4769840240
6916226,0.000,0.000,606.000,-4.000,-4.000,605.000,t=11.5270957946
6916816,0.000,0.000,49521.000,-4.000,-4.000,49521.000,t=11.5772037506
6966360,0.000,0.000,613.000,-4.000,-4.000,615.000,t=11.6273164749
6966950,0.000,0.000,49512.000,-4.000,-4.000,49510.000,t=11.6774244308
7016484,0.000,0.000,612.000,-4.000,-4.000,613.000,t=11.7275323867
7017074,0.000,0.000,49512.000,-4.000,-4.000,49511.000,t=11.7776403427
7066607,0.000,0.000,611.000,-4.000,-4.000,611.000,t=11.8277597427
7067194,0.000,0.000,49511.000,-4.000,-4.000,49511.000,t=11.8778800964
7116727,0.000,0.000,609.000,-4.000,-4.000,609.000,t=11.9280004501
7117317,0.000,0.000,49516.000,-4.000,-4.000,49516.000,t=11.9781160354
7166851,0.000,0.000,50118.000,-4.000,-4.000,50120.000,t=12.0282363891
7216969,0.000,0.000,608.000,-4.000,-4.000,607.000,t=12.0783519744
7217553,0.000,0.000,49519.000,-4.000,-4.000,49518.000,t=12.1284675598
7267095,0.000,0.000,607.000,-4.000,-4.000,610.000,t=12.1785802841
7267683,0.000,0.000,49526.000,-4.000,-4.000,49523.000,t=12.2286958694
7317230,0.000,0.000,610.000,-4.000,-4.000,610.000,t=12.2788162231
7317821,0.000,0.000,49526.000,-4.000,-4.000,49526.000,t=12.3289356231
7367367,0.000,0.000,50131.000,-4.000,-4.000,50131.000,t=12.3790435791
7417497,0.000,0.000,610.000,-4.000,-4.000,610.000,t=12.4291515350
7418086,0.000,0.000,49521.000,-4.000,-4.000,49521.000,t=12.4792604446
7467634,0.000,0.000,615.000,-4.000,-4.000,615.000,t=12.5293684005
7468220,0.000,0.000,49513.000,-4.000,-4.000,49513.000,t=12.5794801712
7517764,0.000,0.000,617.000,-4.000,-4.000,617.000,t=12.6295919418
7518359,0.000,0.000,49508.000,-4.000,-4.000,49508.000,t=12.6797122955
7567877,0.000,0.000,605.000,-4.000,-4.000,605.000,t=12.7298278808
7568469,0.000,0.000,49526.000,-4.000,-4.000,49526.000,t=12.7799444198
7618011,0.000,0.000,50130.000,-4.000,-4.000,50130.000,t=12.8300600051
7668146,0.000,0.000,50130.000,-4.000,-4.000,50131.000,t=12.8801803588
7718274,0.000,0.000,611.000,-4.000,-4.000,611.000,t=12.9302997589
7718861,0.000,0.000,49514.000,-4.000,-4.000,49514.000,t=12.9804115295
7768408,0.000,0.000,620.000,-4.000,-4.000,619.000,t=13.0305318832
7768990,0.000,0.000,49512.000,-4.000,-4.000,49512.000,t=13.0806484222
7818530,0.000,0.000,611.000,-4.000,-4.000,611.000,t=13.1307601928
7819118,0.000,0.000,49518.000,-4.000,-4.000,49520.000,t=13.1808719635
7868663,0.000,0.000,50120.000,-4.000,-4.000,50119.000,t=13.2309837341
7918781,0.000,0.000,613.000,-4.000,-4.000,612.000,t=13.2810916900
7919373,0.000,0.000,49508.000,-4.000,-4.000,49508.000,t=13.3311996459
7968895,0.000,0.000,605.000,-4.000,-4.000,605.000,t=13.3813123703
7969487,0.000,0.000,49518.000,-4.000,-4.000,49518.000,t=13.4314203262
8019020,0.000,0.000,607.000,-4.000,-4.000,608.000,t=13.4815359115
8019604,0.000,0.000,49511.000,-4.000,-4.000,49511.000,t=13.5316600799
8069141,0.000,0.000,610.000,-4.000,-4.000,610.000,t=13.5817756652
8069732,0.000,0.000,49517.000,-4.000,-4.000,49517.000,t=13.6318922042
8119275,0.000,0.000,617.000,-4.000,-4.000,617.000,t=13.6820116043
8119870,0.000,0.000,49522.000,-4.000,-4.000,49521.000,t=13.7321319580
8169410,0.000,0.000,613.000,-4.000,-4.000,613.000,t=13.7822437286
8170003,0.000,0.000,49520.000,-4.000,-4.000,49521.000,t=13.8323564529
8219547,0.000,0.000,617.000,-4.000,-4.000,616.000,t=13.8824758529
8220138,0.000,0.000,49518.000,-4.000,-4.000,49520.000,t=13.9325962066
8269680,0.000,0.000,50127.000,-4.000,-4.000,50126.000,t=13.9827079772
8319805,0.000,0.000,613.000,-4.000,-4.000,612.000,t=14.0328197479
8320398,0.000,0.000,49519.000,-4.000,-4.000,49521.000,t=14.0829277038
8369935,0.000,0.000,611.000,-4.000,-4.000,609.000,t=14.1330356597
8370525,0.000,0.000,49517.000,-4.000,-4.000,49517.000,t=14.1831483840
8420067,0.000,0.000,615.000,-4.000,-4.000,617.000,t=14.2332601547
8420659,0.000,0.000,49517.000,-4.000,-4.000,49516.000,t=14.2833719253
8470197,0.000,0.000,614.000,-4.000,-4.000,613.000,t=14.3334960937
8470793,0.000,0.000,49517.000,-4.000,-4.000,49517.000,t=14.3836202621
8520332,0.000,0.000,617.000,-4.000,-4.000,619.000,t=14.4337320327
8520922,0.000,0.000,49516.000,-4.000,-4.000,49514.000,t=14.4838438034
8570462,0.000,0.000,615.000,-4.000,-4.000,615.000,t=14.5339641571
8571047,0.000,0.000,49516.000,-4.000,-4.000,49516.000,t=14.5840759277
8620589,0.000,0.000,610.000,-4.000,-4.000,610.000,t=14.6341962814
8621180,0.000,0.000,49519.000,-4.000,-4.000,49521.000,t=14.6843156814
8670721,0.000,0.000,613.000,-4.000,-4.000,611.000,t=14.7344360351
8671312,0.000,0.000,49507.000,-4.000,-4.000,49508.000,t=14.7845563888
8720833,0.000,0.000,605.000,-4.000,-4.000,604.000,t=14.8346681594
8721421,0.000,0.000,49517.000,-4.000,-4.000,49519.000,t=14.8847761154
8770962,0.000,0.000,50119.000,-4.000,-4.000,50117.000,t=14.9348840713
8821075,0.000,0.000,607.000,-4.000,-4.000,609.000,t=14.9849920272
8821664,0.000,0.000,49515.000,-4.000,-4.000,49513.000,t=15.0351037979
8871204,0.000,0.000,614.000,-4.000,-4.000,614.000,t=15.0852155685
8871800,0.000,0.000,49513.000,-4.000,-4.000,49513.000,t=15.1353282928
8921336,0.000,0.000,618.000,-4.000,-4.000,619.000,t=15.1854524612
8921926,0.000,0.000,49512.000,-4.000,-4.000,49512.000,t=15.2355756759
8971459,0.000,0.000,611.000,-4.000,-4.000,610.000,t=15.2856960296
8972046,0.000,0.000,49524.000,-4.000,-4.000,49524.000,t=15.3358163833
9021602,0.000,0.000,619.000,-4.000,-4.000,620.000,t=15.3859357833
9022187,0.000,0.000,49506.000,-4.000,-4.000,49508.000,t=15.4360523223
9071719,0.000,0.000,611.000,-4.000,-4.000,609.000,t=15.4861679077
9072309,0.000,0.000,49515.000,-4.000,-4.000,49514.000,t=15.5362844467
9121847,0.000,0.000,613.000,-4.000,-4.000,614.000,t=15.5864038467
9122444,0.000,0.000,49512.000,-4.000,-4.000,49513.000,t=15.6365156173
9171972,0.000,0.000,614.000,-4.000,-4.000,612.000,t=15.6866359710
9172566,0.000,0.000,49518.000,-4.000,-4.000,49518.000,t=15.7367439270
9222098,0.000,0.000,608.000,-4.000,-4.000,610.000,t=15.7868556976
9222687,0.000,0.000,49527.000,-4.000,-4.000,49525.000,t=15.8369598388
9272239,0.000,0.000,614.000,-4.000,-4.000,614.000,t=15.8870716094
9272835,0.000,0.000,49516.000,-4.000,-4.000,49516.000,t=15.9371757507
9322364,0.000,0.000,609.000,-4.000,-4.000,610.000,t=15.9872837066
9322955,0.000,0.000,49518.000,-4.000,-4.000,49517.000,t=16.0374031066
9372497,0.000,0.000,615.000,-4.000,-4.000,615.000,t=16.0875244140
9373082,0.000,0.000,49510.000,-4.000,-4.000,49510.000,t=16.1376399993
9422622,0.000,0.000,615.000,-4.000,-4.000,615.000,t=16.1877593994
9423210,0.000,0.000,49518.000,-4.000,-4.000,49519.000,t=16.2378807067
9472750,0.000,0.000,609.000,-4.000,-4.000,609.000,t=16.2880001068
9473341,0.000,0.000,49525.000,-4.000,-4.000,49524.000,t=16.3381195068
9522892,0.000,0.000,618.000,-4.000,-4.000,618.000,t=16.3882350921
9523489,0.000,0.000,49506.000,-4.000,-4.000,49506.000,t=16.4383525848
9573010,0.000,0.000,612.000,-4.000,-4.000,612.000,t=16.4884719848
9573600,0.000,0.000,49508.000,-4.000,-4.000,49508.000,t=16.5385837554
9623122,0.000,0.000,605.000,-4.000,-4.000,606.000,t=16.5887031555
9623715,0.000,0.000,49522.000,-4.000,-4.000,49521.000,t=16.6388111114
9673257,0.000,0.000,50125.000,-4.000,-4.000,50125.000,t=16.6889190673
9723378,0.000,0.000,50121.000,-4.000,-4.000,50121.000,t=16.7390289306
9773498,0.000,0.000,606.000,-4.000,-4.000,607.000,t=16.7891407012
9774083,0.000,0.000,49532.000,-4.000,-4.000,49531.000,t=16.8392562866
9823645,0.000,0.000,615.000,-4.000,-4.000,615.000,t=16.8893795013
9824232,0.000,0.000,49521.000,-4.000,-4.000,49521.000,t=16.9394950866
9873778,0.000,0.000,612.000,-4.000,-4.000,613.000,t=16.9896163940
9874370,0.000,0.000,49520.000,-4.000,-4.000,49519.000,t=17.0397281646
9923910,0.000,0.000,613.000,-4.000,-4.000,613.000,t=17.0898437500
9924507,0.000,0.000,49521.000,-4.000,-4.000,49521.000,t=17.1399555206
9974043,0.000,0.000,611.000,-4.000,-4.000,612.000,t=17.1900768280
9974633,0.000,0.000,49520.000,-4.000,-4.000,49519.000,t=17.2401962280
10024176,0.000,0.000,613.000,-4.000,-4.000,614.000,t=17.2903118133
10024772,0.000,0.000,49514.000,-4.000,-4.000,49513.000,t=17.3404312133
10074308,0.000,0.000,619.000,-4.000,-4.000,620.000,t=17.3905391693
10074894,0.000,0.000,49505.000,-4.000,-4.000,49504.000,t=17.4406471252
10124425,0.000,0.000,611.000,-4.000,-4.000,612.000,t=17.4907550811
10125012,0.000,0.000,49516.000,-4.000,-4.000,49515.000,t=17.5408687591
10174552,0.000,0.000,611.000,-4.000,-4.000,611.000,t=17.5909805297
10175141,0.000,0.000,49518.000,-4.000,-4.000,49520.000,t=17.6410923004
10224685,0.000,0.000,50133.000,-4.000,-4.000,50131.000,t=17.6912117004
10274810,0.000,0.000,607.000,-4.000,-4.000,607.000,t=17.7413368225
10275394,0.000,0.000,49524.000,-4.000,-4.000,49525.000,t=17.7914524078
10324951,0.000,0.000,618.000,-4.000,-4.000,617.000,t=17.8415641784
10325549,0.000,0.000,49506.000,-4.000,-4.000,49506.000,t=17.8916797637
10375070,0.000,0.000,50120.000,-4.000,-4.000,50121.000,t=17.9417991638
10425188,0.000,0.000,610.000,-4.000,-4.000,609.000,t=17.9919166564
10425779,0.000,0.000,49516.000,-4.000,-4.000,49517.000,t=18.0420360565
10475318,0.000,0.000,614.000,-4.000,-4.000,614.000,t=18.0921516418
10475914,0.000,0.000,49505.000,-4.000,-4.000,49505.000,t=18.1422634124
10525438,0.000,0.000,616.000,-4.000,-4.000,615.000,t=18.1923751831
10526024,0.000,0.000,49506.000,-4.000,-4.000,49506.000,t=18.2424888610
10575560,0.000,0.000,615.000,-4.000,-4.000,616.000,t=18.2926006317
10576148,0.000,0.000,49506.000,-4.000,-4.000,49507.000,t=18.3427124023
10625678,0.000,0.000,50134.000,-4.000,-4.000,50133.000,t=18.3928241729
10675810,0.000,0.000,610.000,-4.000,-4.000,609.000,t=18.4429359436
10676403,0.000,0.000,49526.000,-4.000,-4.000,49528.000,t=18.4930438995
10725950,0.000,0.000,614.000,-4.000,-4.000,613.000,t=18.5431632995
10726548,0.000,0.000,49513.000,-4.000,-4.000,49512.000,t=18.5932884216
10776075,0.000,0.000,612.000,-4.000,-4.000,615.000,t=18.6434001922
10776665,0.000,0.000,49514.000,-4.000,-4.000,49511.000,t=18.6935195922
10826204,0.000,0.000,615.000,-4.000,-4.000,615.000,t=18.7436351776
10826791,0.000,0.000,49511.000,-4.000,-4.000,49511.000,t=18.7937526702
10876325,0.000,0.000,610.000,-4.000,-4.000,612.000,t=18.8438682556
10876915,0.000,0.000,49522.000,-4.000,-4.000,49520.000,t=18.8939762115
10926463,0.000,0.000,616.000,-4.000,-4.000,616.000,t=18.9440917968
10927048,0.000,0.000,49513.000,-4.000,-4.000,49513.000,t=18.9942073822
10976595,0.000,0.000,619.000,-4.000,-4.000,620.000,t=19.0443191528
10977181,0.000,0.000,49508.000,-4.000,-4.000,49509.000,t=19.0944328308
11026714,0.000,0.000,612.000,-4.000,-4.000,610.000,t=19.1445350646
11027305,0.000,0.000,49516.000,-4.000,-4.000,49516.000,t=19.1946487426
11076839,0.000,0.000,608.000,-4.000,-4.000,609.000,t=19.2447605133
11077428,0.000,0.000,49517.000,-4.000,-4.000,49518.000,t=19.2948722839
11126969,0.000,0.000,614.000,-4.000,-4.000,612.000,t=19.3449802398
11127563,0.000,0.000,49519.000,-4.000,-4.000,49519.000,t=19.3951034545
11177096,0.000,0.000,608.000,-4.000,-4.000,610.000,t=19.4452209472
11177686,0.000,0.000,49513.000,-4.000,-4.000,49511.000,t=19.4953403472
11227224,0.000,0.000,615.000,-4.000,-4.000,615.000,t=19.5454559326
11227812,0.000,0.000,49512.000,-4.000,-4.000,49512.000,t=19.5955715179
11277346,0.000,0.000,610.000,-4.000,-4.000,611.000,t=19.6456871032
11277936,0.000,0.000,49514.000,-4.000,-4.000,49513.000,t=19.6958045959
11327481,0.000,0.000,620.000,-4.000,-4.000,620.000,t=19.7459201812
11328062,0.000,0.000,49502.000,-4.000,-4.000,49502.000,t=19.7960357666
11377598,0.000,0.000,615.000,-4.000,-4.000,615.000,t=19.8461475372
11378185,0.000,0.000,49505.000,-4.000,-4.000,49507.000,t=19.8962593078
11427714,0.000,0.000,611.000,-4.000,-4.000,610.000,t=19.9463710784
11428304,0.000,0.000,49518.000,-4.000,-4.000,49517.000,t=19.9964847564
11477845,0.000,0.000,614.000,-4.000,-4.000,614.000,t=20.0465965270
11478443,0.000,0.000,49526.000,-4.000,-4.000,49527.000,t=20.0967082977
11527981,0.000,0.000,609.000,-4.000,-4.000,608.000,t=20.1468162536
11528570,0.000,0.000,49522.000,-4.000,-4.000,49522.000,t=20.1969356536
11578111,0.000,0.000,609.000,-4.000,-4.000,611.000,t=20.2470550537
11578703,0.000,0.000,49519.000,-4.000,-4.000,49517.000,t=20.2971725463
11628244,0.000,0.000,613.000,-4.000,-4.000,614.000,t=20.3472919464
11628840,0.000,0.000,49513.000,-4.000,-4.000,49512.000,t=20.3974075317
11678371,0.000,0.000,615.000,-4.000,-4.000,616.000,t=20.4475231170
11678958,0.000,0.000,49512.000,-4.000,-4.000,49511.000,t=20.4976444244
11728495,0.000,0.000,611.000,-4.000,-4.000,612.000,t=20.5477638244
11729082,0.000,0.000,49519.000,-4.000,-4.000,49518.000,t=20.5978832244
11778625,0.000,0.000,612.000,-4.000,-4.000,612.000,t=20.6480007171
11779214,0.000,0.000,49518.000,-4.000,-4.000,49518.000,t=20.6981163024
11828753,0.000,0.000,609.000,-4.000,-4.000,609.000,t=20.7482280731
11829345,0.000,0.000,49522.000,-4.000,-4.000,49522.000,t=20.7983398437
11878885,0.000,0.000,50127.000,-4.000,-4.000,50128.000,t=20.8484477996
11929010,0.000,0.000,608.000,-4.000,-4.000,607.000,t=20.8985595703
11929595,0.000,0.000,49524.000,-4.000,-4.000,49524.000,t=20.9486713409
11979153,0.000,0.000,619.000,-4.000,-4.000,619.000,t=20.9987792968
11979740,0.000,0.000,49508.000,-4.000,-4.000,49509.000,t=21.0489044189
12029271,0.000,0.000,50124.000,-4.000,-4.000,50123.000,t=21.0990238189
12079396,0.000,0.000,50125.000,-4.000,-4.000,50125.000,t=21.1491432189
12129517,0.000,0.000,607.000,-4.000,-4.000,607.000,t=21.1992568969
12130098,0.000,0.000,49516.000,-4.000,-4.000,49516.000,t=21.2493762969
12179643,0.000,0.000,50119.000,-4.000,-4.000,50120.000,t=21.2994956970
12229765,0.000,0.000,613.000,-4.000,-4.000,612.000,t=21.3496112823
12230357,0.000,0.000,49509.000,-4.000,-4.000,49509.000,t=21.3997325897
12279887,0.000,0.000,613.000,-4.000,-4.000,613.000,t=21.4498443603
12280484,0.000,0.000,49523.000,-4.000,-4.000,49523.000,t=21.4999637603
12330018,0.000,0.000,608.000,-4.000,-4.000,608.000,t=21.5500793457
12330603,0.000,0.000,49524.000,-4.000,-4.000,49525.000,t=21.6001873016
12380161,0.000,0.000,619.000,-4.000,-4.000,618.000,t=21.6502990722
12380752,0.000,0.000,49514.000,-4.000,-4.000,49514.000,t=21.7004127502
12430293,0.000,0.000,619.000,-4.000,-4.000,619.000,t=21.7505245208
12430881,0.000,0.000,49514.000,-4.000,-4.000,49514.000,t=21.8006362915
12480427,0.000,0.000,620.000,-4.000,-4.000,620.000,t=21.8507480621
12481009,0.000,0.000,49511.000,-4.000,-4.000,49511.000,t=21.9008674621
12530550,0.000,0.000,611.000,-4.000,-4.000,612.000,t=21.9509925842
12531137,0.000,0.000,49521.000,-4.000,-4.000,49522.000,t=22.0011119842
12580685,0.000,0.000,50128.000,-4.000,-4.000,50126.000,t=22.0512275695
12630808,0.000,0.000,609.000,-4.000,-4.000,610.000,t=22.1013393402
12631402,0.000,0.000,49518.000,-4.000,-4.000,49519.000,t=22.1514568328
12680935,0.000,0.000,610.000,-4.000,-4.000,608.000,t=22.2015762329
12681525,0.000,0.000,49519.000,-4.000,-4.000,49519.000,t=22.2516918182
12731063,0.000,0.000,608.000,-4.000,-4.000,608.000,t=22.3018074035
12731648,0.000,0.000,49525.000,-4.000,-4.000,49525.000,t=22.3519287109
12781207,0.000,0.000,619.000,-4.000,-4.000,619.000,t=22.4020481109
12781794,0.000,0.000,49516.000,-4.000,-4.000,49516.000,t=22.4521598815
12831332,0.000,0.000,609.000,-4.000,-4.000,611.000,t=22.5022678375
12831922,0.000,0.000,49513.000,-4.000,-4.000,49511.000,t=22.5523796081
12881460,0.000,0.000,615.000,-4.000,-4.000,615.000,t=22.6024913787
12882046,0.000,0.000,49506.000,-4.000,-4.000,49506.000,t=22.6526031494
12931581,0.000,0.000,615.000,-4.000,-4.000,616.000,t=22.7027111053
12932169,0.000,0.000,49506.000,-4.000,-4.000,49507.000,t=22.7528362274
12981698,0.000,0.000,50122.000,-4.000,-4.000,50121.000,t=22.8029594421
13031818,0.000,0.000,609.000,-4.000,-4.000,609.000,t=22.8530807495
13032411,0.000,0.000,49520.000,-4.000,-4.000,49520.000,t=22.9031925201
13081955,0.000,0.000,617.000,-4.000,-4.000,616.000,t=22.9533081054
13082548,0.000,0.000,49506.000,-4.000,-4.000,49506.000,t=23.0034236907
13132072,0.000,0.000,612.000,-4.000,-4.000,614.000,t=23.0535430908
13132667,0.000,0.000,49524.000,-4.000,-4.000,49522.000,t=23.1036567687
13182212,0.000,0.000,615.000,-4.000,-4.000,615.000,t=23.1537761688
13182799,0.000,0.000,49512.000,-4.000,-4.000,49512.000,t=23.2038917541
13232334,0.000,0.000,610.000,-4.000,-4.000,611.000,t=23.2540073394
13232923,0.000,0.000,49521.000,-4.000,-4.000,49520.000,t=23.3041191101
13282472,0.000,0.000,617.000,-4.000,-4.000,617.000,t=23.3542327880
13283065,0.000,0.000,49514.000,-4.000,-4.000,49514.000,t=23.4043445587
13332606,0.000,0.000,620.000,-4.000,-4.000,620.000,t=23.4544525146
13333189,0.000,0.000,49513.000,-4.000,-4.000,49515.000,t=23.5045642852
13382734,0.000,0.000,615.000,-4.000,-4.000,614.000,t=23.5546760559
13383326,0.000,0.000,49518.000,-4.000,-4.000,49517.000,t=23.6047992706
13432865,0.000,0.000,613.000,-4.000,-4.000,613.000,t=23.6549243927
13433463,0.000,0.000,49516.000,-4.000,-4.000,49516.000,t=23.7050399780
13482988,0.000,0.000,50131.000,-4.000,-4.000,50131.000,t=23.7551517486
13533119,0.000,0.000,607.000,-4.000,-4.000,609.000,t=23.8052673339
13533708,0.000,0.000,49523.000,-4.000,-4.000,49521.000,t=23.8553886413
13583254,0.000,0.000,612.000,-4.000,-4.000,612.000,t=23.9055004119
13583842,0.000,0.000,49515.000,-4.000,-4.000,49515.000,t=23.9556159973
13633380,0.000,0.000,50133.000,-4.000,-4.000,50133.000,t=24.0057353973
13683509,0.000,0.000,607.000,-4.000,-4.000,607.000,t=24.0558528900
13684090,0.000,0.000,49510.000,-4.000,-4.000,49511.000,t=24.1059646606
13733633,0.000,0.000,50122.000,-4.000,-4.000,50124.000,t=24.1560764312
13783752,0.000,0.000,50125.000,-4.000,-4.000,50122.000,t=24.2061843872
13833874,0.000,0.000,609.000,-4.000,-4.000,609.000,t=24.2562961578
13834468,0.000,0.000,49515.000,-4.000,-4.000,49515.000,t=24.3064041137
13883998,0.000,0.000,608.000,-4.000,-4.000,608.000,t=24.3565158843
13884582,0.000,0.000,49512.000,-4.000,-4.000,49512.000,t=24.4066276550
13934118,0.000,0.000,608.000,-4.000,-4.000,610.000,t=24.4567470550
13934707,0.000,0.000,49525.000,-4.000,-4.000,49523.000,t=24.5068683624
13984257,0.000,0.000,614.000,-4.000,-4.000,615.000,t=24.5569801330
13984849,0.000,0.000,49522.000,-4.000,-4.000,49521.000,t=24.6070957183
14034392,0.000,0.000,613.000,-4.000,-4.000,613.000,t=24.6572113037
14034986,0.000,0.000,49518.000,-4.000,-4.000,49519.000,t=24.7073287963
14084521,0.000,0.000,612.000,-4.000,-4.000,611.000,t=24.7574443817
14085108,0.000,0.000,49519.000,-4.000,-4.000,49519.000,t=24.8075637817
14134652,0.000,0.000,611.000,-4.000,-4.000,611.000,t=24.8576831817
14135240,0.000,0.000,49521.000,-4.000,-4.000,49521.000,t=24.9077968597
14184786,0.000,0.000,613.000,-4.000,-4.000,613.000,t=24.9579086303
14185384,0.000,0.000,49519.000,-4.000,-4.000,49521.000,t=25.0080204010
14234916,0.000,0.000,50130.000,-4.000,-4.000,50128.000,t=25.0581283569
14285043,0.000,0.000,608.000,-4.000,-4.000,608.000,t=25.1082363128
14285628,0.000,0.000,49516.000,-4.000,-4.000,49517.000,t=25.1583480834
14335173,0.000,0.000,614.000,-4.000,-4.000,613.000,t=25.2084598541
14335769,0.000,0.000,49519.000,-4.000,-4.000,49520.000,t=25.2585754394
14385306,0.000,0.000,614.000,-4.000,-4.000,615.000,t=25.3087005615
14385898,0.000,0.000,49520.000,-4.000,-4.000,49518.000,t=25.3588199615
14435441,0.000,0.000,615.000,-4.000,-4.000,615.000,t=25.4089393615
14436027,0.000,0.000,49512.000,-4.000,-4.000,49512.000,t=25.4590568542
14485564,0.000,0.000,50124.000,-4.000,-4.000,50124.000,t=25.5091762542
14535684,0.000,0.000,607.000,-4.000,-4.000,607.000,t=25.5592918395
14536267,0.000,0.000,49518.000,-4.000,-4.000,49518.000,t=25.6094074249
14585811,0.000,0.000,609.000,-4.000,-4.000,609.000,t=25.6595287322
14586404,0.000,0.000,49509.000,-4.000,-4.000,49511.000,t=25.7096481323
14635932,0.000,0.000,612.000,-4.000,-4.000,610.000,t=25.7597675323
14636523,0.000,0.000,49517.000,-4.000,-4.000,49517.000,t=25.8098754882
14686064,0.000,0.000,50126.000,-4.000,-4.000,50126.000,t=25.8599910736
14736189,0.000,0.000,50124.000,-4.000,-4.000,50124.000,t=25.9101009368
14786304,0.000,0.000,50137.000,-4.000,-4.000,50137.000,t=25.9602127075
14836442,0.000,0.000,50140.000,-4.000,-4.000,50140.000,t=26.0103244781
14886578,0.000,0.000,50126.000,-4.000,-4.000,50128.000,t=26.0604362487
14936713,0.000,0.000,50124.000,-4.000,-4.000,50123.000,t=26.1105518341
14986835,0.000,0.000,610.000,-4.000,-4.000,609.000,t=26.1606750488
14987429,0.000,0.000,49524.000,-4.000,-4.000,49526.000,t=26.2107887268
15036974,0.000,0.000,50128.000,-4.000,-4.000,50126.000,t=26.2609081268
15087096,-37.353,119.529,50131.000,-4.000,-4.000,50131.000,t=26.3110237121
15137363,-978.647,769.471,50135.000,-4.000,-4.000,50135.000,t=26.3611431121
15187503,-739.588,-1778.000,50133.000,-4.000,-4.000,50133.000,t=26.4112567901
15237637,-351.118,-582.706,50134.000,-4.000,-4.000,50135.000,t=26.4613761901
15287773,-82.176,-440.765,50128.000,-4.000,-4.000,50129.000,t=26.5114955902
15337890,-343.647,-201.706,50123.000,-4.000,-4.000,50121.000,t=26.5616111755
15388018,-156.882,-575.235,50119.000,-4.000,-4.000,50119.000,t=26.6117324829
15438148,141.941,-612.588,50122.000,-4.000,-4.000,50122.000,t=26.6618404388
15488269,37.353,-13521.764,50127.000,-4.000,-4.000,50127.000,t=26.7119560241
15538399,-22.412,89.647,50125.000,-4.000,-4.000,50125.000,t=26.7620677947
15588500,-7.471,67.235,50127.000,-4.000,-4.000,50128.000,t=26.8121719360
15638614,0.000,-82.176,50136.000,-4.000,-4.000,50135.000,t=26.8622837066
15688706,0.000,127.000,50138.000,-4.000,-4.000,50138.000,t=26.9123954772
15738848,-7.471,448.235,50134.000,-4.000,-4.000,50135.000,t=26.9625110626
15789029,-127.000,-194.235,50134.000,-4.000,-4.000,50133.000,t=27.0126361846
15839186,74.706,156.882,50133.000,-4.000,-4.000,50133.000,t=27.0627517700
15889304,-67.235,-1651.000,50133.000,-4.000,-4.000,50133.000,t=27.1128673553
15939447,-560.294,-216.647,50130.000,-4.000,-4.000,50130.000,t=27.1629848480
15989588,-388.471,-7.471,759.000,-4.000,-4.000,759.000,t=27.2130966186
15990298,-7.471,-7.471,49368.000,-4.000,-4.000,49368.000,t=27.2632160186
16039668,-97.118,463.176,50135.000,-4.000,-4.000,50137.000,t=27.3133354187
16089837,-82.176,649.941,50128.000,-4.000,-4.000,50126.000,t=27.3634529113
16139967,-5752.353,0.000,747.000,-4.000,-4.000,748.000,t=27.4135684967
16140638,5737.411,52.294,49384.000,-4.000,-4.000,49385.000,t=27.4636840820
16190107,-5744.882,0.000,756.000,-4.000,-4.000,757.000,t=27.5137958526
16190777,0.000,44.824,49367.000,-4.000,-4.000,49364.000,t=27.5639038085
16240147,5737.411,29.882,50124.000,-4.000,-4.000,50124.000,t=27.6140155792
16290345,-5744.882,22.412,50121.000,-4.000,-4.000,50121.000,t=27.6641273498
16340462,0.000,22.412,50122.000,-4.000,-4.000,50123.000,t=27.7142391204
16390516,-7.471,29.882,50121.000,-4.000,-4.000,50121.000,t=27.7643470764
16440680,127.000,-508.000,50122.000,-4.000,-4.000,50122.000,t=27.8144645690
16490835,-343.647,-1949.823,50135.000,-4.000,-4.000,50134.000,t=27.8645839691
16540984,-149.412,-336.176,50130.000,-4.000,-4.000,50132.000,t=27.9146995544
16591100,5759.823,-343.647,50132.000,-4.000,-4.000,50130.000,t=27.9648151397
16641240,-44.824,-343.647,50132.000,-4.000,-4.000,50132.000,t=28.0149364471
16691355,-664.882,186.765,50134.000,-4.000,-4.000,50134.000,t=28.0650520324
16741502,-844.176,1382.059,50134.000,-4.000,-4.000,50134.000,t=28.1151714324
16791640,-104.588,186.765,50133.000,-4.000,-4.000,50134.000,t=28.1652927398
16841764,201.706,336.176,50133.000,-4.000,-4.000,50134.000,t=28.2154121398
16891892,328.706,246.529,50130.000,-4.000,-4.000,50129.000,t=28.2655315399
16942019,-74.706,-29.882,50133.000,-4.000,-4.000,50132.000,t=28.3156433105
16992142,171.824,283.882,50133.000,-4.000,-4.000,50133.000,t=28.3657550811
17042287,418.353,-679.823,50125.000,-4.000,-4.000,50125.000,t=28.4158687591
17092415,186.765,-440.765,50123.000,-4.000,-4.000,50123.000,t=28.4659805297
17142541,224.118,-358.588,50121.000,-4.000,-4.000,50121.000,t=28.5160884857
17192659,-321.235,-552.823,747.000,-4.000,-4.000,748.000,t=28.5661926269
17193399,-7.471,-7.471,49375.000,-4.000,-4.000,49375.000,t=28.6163043975
17242717,-866.588,104.588,50126.000,-4.000,-4.000,50128.000,t=28.6664237976
17292913,-440.765,552.823,50130.000,-4.000,-4.000,50128.000,t=28.7165489196
17343037,-67.235,-67.235,50140.000,-4.000,-4.000,50139.000,t=28.7666645050
17393169,-373.529,776.941,741.000,-4.000,-4.000,741.000,t=28.8167800903
17393902,-7.471,14.941,49389.000,-4.000,-4.000,49390.000,t=28.8668956756
17443279,-82.176,239.059,720.000,-4.000,-4.000,719.000,t=28.9170150756
17443998,0.000,0.000,49411.000,-4.000,-4.000,49411.000,t=28.9671325683
17493305,-231.588,104.588,50129.000,-4.000,-4.000,50129.000,t=29.0172519683
17543568,-119.529,0.000,50126.000,-4.000,-4.000,50126.000,t=29.0673675537
17593634,-89.647,-239.059,50127.000,-4.000,-4.000,50127.000,t=29.1174831390
17643822,306.294,-1695.823,50134.000,-4.000,-4.000,50134.000,t=29.1675968170
17693968,149.412,-261.471,50134.000,-4.000,-4.000,50136.000,t=29.2177085876
17744085,-7.471,-82.176,50132.000,-4.000,-4.000,50130.000,t=29.2678203582
17794195,22.412,231.588,50132.000,-4.000,-4.000,50132.000,t=29.3179321289
17844343,-493.059,231.588,50129.000,-4.000,-4.000,50129.000,t=29.3680438995
17894473,-956.235,313.765,739.000,-4.000,-4.000,740.000,t=29.4181518554
17895203,0.000,0.000,49375.000,-4.000,-4.000,49374.000,t=29.4682636260
17944450,-298.824,627.529,602.000,-4.000,-4.000,602.000,t=29.5183887481
17945181,-7.471,7.471,49521.000,-4.000,-4.000,49521.000,t=29.5685119628
17994675,-522.941,522.941,50126.000,-4.000,-4.000,50126.000,t=29.6186275482
18044856,-209.176,149.412,50126.000,-4.000,-4.000,50126.000,t=29.6687431335
18094974,134.471,306.294,50127.000,-4.000,-4.000,50129.000,t=29.7188606262
18145094,-149.412,1673.412,744.000,-4.000,-4.000,742.000,t=29.7689800262
18145830,-7.471,7.471,49388.000,-4.000,-4.000,49388.000,t=29.8190994262
18195189,194.235,381.000,50139.000,-4.000,-4.000,50139.000,t=29.8692169189
18245371,762.000,-141.941,50129.000,-4.000,-4.000,50129.000,t=29.9193325042
18295497,1284.941,-702.235,50127.000,-4.000,-4.000,50128.000,t=29.9694480895
18345637,418.353,-702.235,50129.000,-4.000,-4.000,50128.000,t=30.0195598602
18395751,-104.588,-134.471,50133.000,-4.000,-4.000,50136.000,t=30.0696678161
