2,1,1,0,0,0,0
49999,49998,1,0,0,0,0
99999,99998,1,0,0,0,0
149998,149997,1,0,0,0,0
199999,199998,1,0,0,0,0
249999,249998,1,0,0,0,0
299999,299998,1,0,0,0,0
349999,349998,1,0,0,0,0
399998,399997,1,0,0,0,0
449998,449997,1,0,0,0,0
499997,499996,1,0,0,0,0
549997,549996,1,0,0,0,0
599998,599997,1,0,0,0,0
649999,649998,1,0,0,0,0
699999,699998,1,0,0,0,0
749999,749998,1,0,0,0,0
799999,799998,1,0,0,0,0
849999,849998,1,0,0,0,0
899998,899998,1,0,0,0,0
949999,949998,1,0,0,0,0
999997,999996,1,0,0,0,0
1049998,1049997,1,0,0,0,0
1099997,1099996,1,0,0,0,0
1149997,1149996,1,0,0,0,0
1199997,1199997,1,0,0,0,0
1249997,1249996,1,0,0,0,0
1299999,1299998,1,0,0,0,0
1349997,1349996,1,0,0,0,0
1399997,1399996,1,0,0,0,0
1449999,1449998,1,0,0,0,0
1499999,1499998,1,0,0,0,0
1549998,1549997,1,0,0,0,0
1599998,1599997,1,0,0,0,0
1649997,1649997,1,0,0,0,0
1699999,1699998,1,0,0,0,0
1749998,1749998,1,0,0,0,0
1799997,1799996,1,0,0,0,0
1849997,1849996,1,0,0,0,0
1899998,1899997,1,0,0,0,0
1949997,1949996,1,0,0,0,0
1999999,1999998,1,0,1,0,1
2049998,2049998,1,0,1,0,1
2099998,2099998,1,0,1,0,1
2149998,2149998,1,0,1,0,1
2199998,2199997,1,0,0,0,0
2249998,2249997,1,0,0,0,0
2299999,2299998,1,0,0,0,0
2349999,2349998,1,0,0,0,0
2399998,2399997,1,0,0,0,0
2449998,2449997,1,0,0,0,0
2499999,2499998,1,0,0,0,0
2549998,2549997,1,0,0,0,0
2599999,2599998,1,0,0,0,0
2649999,2649998,1,0,0,0,0
2699998,2699998,1,0,0,0,0
2749999,2749998,1,0,0,0,0
2799998,2799998,1,0,0,0,0
2849998,2849998,1,0,0,0,0
2899998,2899997,1,0,0,0,0
2949997,2949996,1,0,0,0,0
2999999,2999999,1,0,0,0,0
3049997,3049996,1,0,0,0,0
3099998,3099997,1,0,0,0,0
3149998,3149998,1,0,0,0,0
3199997,3199996,1,0,0,0,0
3249999,3249998,1,0,0,0,0
3299997,3299996,1,0,0,0,0
3349999,3349998,1,0,0,0,0
3399997,3399996,1,0,0,0,0
3449997,3449997,1,0,0,0,0
3499999,3499998,1,0,0,0,0
3549999,3549998,1,0,0,0,0
3599999,3599998,1,0,0,0,0
3649997,3649996,1,0,0,0,0
3699999,3699998,1,0,0,0,0
3749997,3749996,1,0,0,0,0
3799997,3799996,1,0,0,0,0
3849997,3849997,1,0,0,0,0
3899997,3899996,1,0,0,0,0
3949999,3949998,1,0,0,0,0
3999998,3999997,1,0,0,1,1
4049998,4049998,1,0,0,1,1
4099998,4099997,1,0,0,1,1
4149998,4149997,1,0,0,1,1
4199999,4199998,1,0,0,1,1
4249999,4249998,1,0,0,1,1
4299998,4299997,1,0,0,0,0
4349998,4349997,1,0,0,0,0
4399998,4399997,1,0,0,0,0
4449999,4449998,1,0,0,0,0
4499999,4499998,1,0,0,0,0
4549998,4549998,1,0,0,0,0
4599998,4599997,1,0,0,0,0
4649997,4649997,1,0,0,0,0
4699999,4699998,1,0,0,0,0
4749998,4749997,1,0,0,0,0
4799998,4799997,1,0,0,0,0
4849998,4849997,1,0,0,0,0
4899998,4899997,1,0,0,0,0
4949999,4949998,1,0,0,0,0
4999999,4999998,1,0,0,0,0
5049999,5049998,1,0,0,0,0
5099999,5099998,1,0,0,0,0
5149998,5149998,1,0,0,0,0
5199999,5199999,1,0,0,0,0
5249999,5249998,1,0,0,0,0
5299999,5299998,1,0,0,0,0
5349998,5349997,1,0,0,0,0
5399997,5399996,1,0,0,0,0
5449999,5449998,1,0,0,0,0
5499999,5499998,1,0,0,0,0
5550011,5550010,1,0,0,0,0
5599999,5599998,1,0,0,0,0
5649998,5649997,1,0,0,0,0
5699998,5699997,1,0,0,0,0
5749999,5749998,1,0,0,0,0
5799997,5799996,1,0,0,0,0
5849997,5849996,1,0,0,0,0
5899998,5899997,1,0,0,0,0
5949999,5949998,1,0,0,0,0
5999999,5999998,1,0,0,0,0
6049999,6049998,1,0,0,0,0
6099998,6099997,1,0,0,0,0
6149998,6149997,1,0,0,0,0
6199997,6199997,1,0,0,0,0
6249998,6249998,1,0,0,0,0
6299998,6299997,1,0,0,0,0
6349998,6349997,1,0,0,0,0
6399997,6399996,1,0,0,0,0
6449999,6449998,1,0,0,0,0
6499998,6499997,1,0,0,0,0
6549998,6549997,1,0,0,0,0
6599998,6599998,1,0,0,0,0
6649998,6649997,1,0,0,0,0
6699998,6699997,1,0,0,0,0
6749997,6749996,1,0,0,0,0
6799997,6799997,1,0,0,0,0
6849999,6849999,1,0,0,0,0
6899998,6899997,1,0,0,0,0
6949998,6949997,1,0,0,0,0
6999999,6999998,1,0,0,0,0
7050004,7050003,1,0,0,0,0
7099998,7099997,1,0,0,0,0
7149999,7149998,1,0,0,0,0
7199999,7199998,1,0,0,0,0
7249999,7249998,1,0,0,0,0
7299998,7299997,1,0,0,0,0
7349998,7349997,1,0,0,0,0
7399998,7399998,1,0,0,0,0
7449998,7449997,1,0,0,0,0
7499999,7499998,1,0,0,0,0
7549998,7549997,1,0,0,0,0
7599997,7599996,1,0,0,0,0
7649997,7649996,1,0,0,0,0
7699999,7699998,1,0,0,0,0
7749998,7749998,1,0,0,0,0
7799998,7799997,1,0,0,0,0
7849999,7849998,1,0,0,0,0
7899999,7899998,1,0,0,0,0
7949999,7949998,1,0,0,0,0
7999998,7999997,1,0,0,0,0
8049997,8049996,1,0,0,0,0
8099999,8099998,1,0,0,0,0
8149998,8149998,1,0,0,0,0
8199998,8199997,1,0,0,0,0
8249998,8249997,1,0,0,0,0
8299998,8299997,1,0,0,0,0
8349999,8349998,1,0,0,0,0
8399999,8399998,1,0,0,0,0
8449997,8449997,1,0,0,0,0
8499999,8499998,1,0,0,0,0
8549998,8549997,1,0,0,0,0
8599999,8599998,1,0,0,0,0
8649997,8649996,1,0,0,0,0
8699997,8699996,1,0,0,0,0
8749998,8749998,1,0,0,0,0
8799997,8799996,1,0,0,0,0
8849999,8849998,1,0,0,0,0
8899999,8899998,1,0,0,0,0
8949998,8949998,1,0,0,0,0
8999998,8999998,1,0,0,0,0
9049997,9049996,1,0,0,0,0
9099998,9099997,1,0,0,0,0
9149998,9149997,1,0,0,0,0
9199998,9199998,1,0,0,0,0
9249998,9249997,1,0,0,0,0
9299998,9299998,1,0,0,0,0
9349998,9349998,1,0,0,0,0
9399998,9399997,1,0,0,0,0
9449997,9449997,1,0,0,0,0
9499997,9499996,1,0,0,0,0
9549999,9549998,1,0,0,0,0
9599998,9599998,1,0,0,0,0
9649999,9649998,1,0,0,0,0
9699997,9699997,1,0,0,0,0
9749997,9749996,1,0,0,0,0
9799999,9799998,1,0,0,0,0
9849997,9849996,1,0,0,0,0
9899999,9899998,1,0,0,0,0
9949999,9949998,1,0,0,0,0
9999997,9999996,1,0,0,0,0
10049999,10049999,1,0,0,0,0
10099997,10099996,1,0,0,0,0
10149998,10149997,1,0,0,0,0
10199999,10199998,1,0,0,0,0
10249999,10249998,1,0,0,0,0
10299999,10299998,1,0,0,0,0
10349999,10349998,1,0,0,0,0
10399999,10399998,1,0,0,0,0
10449999,10449998,1,0,0,0,0
10499999,10499998,1,0,0,0,0
10549999,10549998,1,0,0,0,0
10599998,10599997,1,0,0,0,0
10649999,10649998,1,0,0,0,0
10699997,10699997,1,0,0,0,0
10749998,10749997,1,0,0,0,0
10799998,10799997,1,0,0,0,0
10849997,10849996,1,0,0,0,0
10899997,10899996,1,0,0,0,0
10949998,10949998,1,0,0,0,0
10999999,10999998,1,0,0,0,0
11049999,11049998,1,0,0,0,0
11099998,11099998,1,0,0,0,0
11149998,11149997,1,0,0,0,0
11199998,11199998,1,0,0,0,0
11249998,11249998,1,0,0,0,0
11299999,11299998,1,0,0,0,0
11349999,11349998,1,0,0,0,0
11399997,11399996,1,0,0,0,0
11449998,11449997,1,0,0,0,0
11499997,11499997,1,0,0,0,0
11549997,11549996,1,0,0,0,0
11599998,11599997,1,0,0,0,0
11649999,11649998,1,0,0,0,0
11699997,11699997,1,0,0,0,0
11749999,11749998,1,0,0,0,0
11799997,11799996,1,0,0,0,0
11849997,11849997,1,0,0,0,0
11899997,11899996,1,0,0,0,0
11949997,11949997,1,0,0,0,0
11999998,11999997,1,1,0,0,0
12049998,12049997,1,1,0,0,0
12099997,12099996,1,1,0,0,0
12149998,12149997,1,1,0,0,0
12199998,12199997,1,0,0,0,0
12249999,12249998,1,0,0,0,0
12299999,12299998,1,0,0,0,0
12349999,12349998,1,0,0,0,0
12399998,12399997,1,0,0,0,0
12449998,12449997,1,0,0,0,0
12499999,12499998,1,0,0,0,0
12549998,12549997,1,0,0,0,0
12599997,12599997,1,0,0,0,0
12649998,12649997,1,0,0,0,0
12699998,12699997,1,0,0,0,0
12749998,12749997,1,0,0,0,0
12799997,12799996,1,0,0,0,0
12849997,12849996,1,0,0,0,0
12899998,12899997,1,0,0,0,0
12949998,12949997,1,0,0,0,0
12999998,12999997,1,0,0,0,0
13049999,13049998,1,0,0,0,0
13099998,13099997,1,0,0,0,0
13149999,13149998,1,0,0,0,0
13199998,13199998,1,0,0,0,0
13249997,13249996,1,0,0,0,0
13299998,13299997,1,0,0,0,0
13349998,13349998,1,0,0,0,0
13399998,13399997,1,0,0,0,0
13449997,13449997,1,0,0,0,0
13499998,13499997,1,0,0,0,0
13549999,13549998,1,0,0,0,0
13599997,13599997,1,0,0,0,0
13649998,13649998,1,0,0,0,0
13699999,13699998,1,0,0,0,0
13749998,13749997,1,0,0,0,0
13799998,13799997,1,0,0,0,0
13849999,13849998,1,0,0,0,0
13899997,13899996,1,0,0,0,0
13949998,13949997,1,0,0,0,0
13999998,13999997,1,0,0,0,0
14049998,14049997,1,0,0,0,0
14099997,14099997,1,0,0,0,0
14149998,14149998,1,0,0,0,0
14199999,14199998,1,0,0,0,0
14249998,14249997,1,0,0,0,0
14299999,14299998,1,0,0,0,0
14349999,14349999,1,0,0,0,0
14399997,14399996,1,0,0,0,0
14449998,14449998,1,0,0,0,0
14499998,14499998,1,0,0,0,0
14549998,14549997,1,0,0,0,0
14599998,14599997,1,0,0,0,0
14649998,14649998,1,0,0,0,0
14699999,14699998,1,0,0,0,0
14749999,14749998,1,0,0,0,0
14799997,14799996,1,0,0,0,0
14849998,14849997,1,0,0,0,0
14899998,14899998,1,0,0,0,0
14949999,14949998,1,0,0,0,0
14999998,1,2,0,0,0,0
15049997,49992,2,0,0,0,0
15099998,99993,2,0,0,0,0
15149998,149994,2,0,0,0,0
15199998,199993,2,0,0,0,0
15249999,249994,2,0,0,0,0
15299998,299994,2,0,0,0,0
15349998,349994,2,0,0,0,0
15399997,399993,2,0,0,0,0
15449999,449994,2,0,0,0,0
15499999,499994,2,0,0,0,0
15549999,549994,2,0,0,0,0
15599997,599992,2,0,0,0,0
15649998,649993,2,0,0,0,0
15699997,699992,2,0,0,0,0
15749999,749994,2,0,0,0,0
15799999,799995,2,0,0,0,0
15849997,849992,2,0,0,0,0
15899997,899993,2,0,0,0,0
15949999,949994,2,0,0,0,0
15999999,999995,2,0,0,0,0
16049999,1049994,2,0,0,0,0
16099999,1099994,2,0,0,0,0
16149998,1149993,2,0,0,0,0
16199998,1199993,2,0,0,0,0
16249998,1249993,2,0,0,0,0
16299998,1299993,2,0,0,0,0
16349998,1349994,2,0,0,0,0
16399998,1399993,2,0,0,0,0
16449997,1449993,2,0,0,0,0
16499999,1499994,2,0,0,0,0
16549999,1549995,2,0,0,0,0
16599997,1599992,2,0,0,0,0
16649998,1649993,2,0,0,0,0
16699997,1699992,2,0,0,0,0
16749997,1749992,2,0,0,0,0
16799997,1799992,2,0,0,0,0
16849997,1849992,2,0,0,0,0
16899997,1899992,2,0,0,0,0
16949997,1949992,2,0,0,0,0
16999998,1999993,2,0,1,0,1
17049999,2049994,2,0,1,0,1
17099997,2099993,2,0,1,0,1
17149999,2149994,2,0,1,0,1
17199999,2199995,2,0,0,0,0
17249998,2249993,2,0,0,0,0
17299997,2299992,2,0,0,0,0
17349998,2349993,2,0,0,0,0
17399998,2399993,2,0,0,0,0
17449998,2449993,2,0,0,0,0
17499998,2499993,2,0,0,0,0
17549998,2549993,2,0,0,0,0
17599997,2599992,2,0,0,0,0
17649999,2649994,2,0,0,0,0
17699999,2699994,2,0,0,0,0
17749998,2749994,2,0,0,0,0
17799998,2799993,2,0,0,0,0
17849998,2849993,2,0,0,0,0
17899997,2899992,2,0,0,0,0
17949997,2949992,2,0,0,0,0
17999997,2999992,2,0,0,0,0
18049998,3049994,2,0,0,0,0
18099998,3099993,2,0,0,0,0
18149997,3149993,2,0,0,0,0
18199997,3199992,2,0,0,0,0
18249998,3249993,2,0,0,0,0
18299999,3299994,2,0,0,0,0
18349999,3349994,2,0,0,0,0
18399997,3399993,2,0,0,0,0
18449997,3449992,2,0,0,0,0
18499998,3499993,2,0,0,0,0
18549998,3549994,2,0,0,0,0
18599998,3599993,2,0,0,0,0
18649997,3649993,2,0,0,0,0
18699997,3699992,2,0,0,0,0
18749998,3749993,2,0,0,0,0
18799999,3799994,2,0,0,0,0
18849998,3849994,2,0,0,0,0
18899997,3899993,2,0,0,0,0
18949998,3949993,2,0,0,0,0
18999998,3999993,2,0,0,1,1
19049998,4049993,2,0,0,1,1
19099997,4099993,2,0,0,1,1
19149998,4149994,2,0,0,1,1
19199998,4199993,2,0,0,1,1
19249998,4249993,2,0,0,1,1
19299998,4299993,2,0,0,0,0
19349997,4349992,2,0,0,0,0
19399999,4399994,2,0,0,0,0
19449999,4449994,2,0,0,0,0
19499998,4499993,2,0,0,0,0
19549998,4549993,2,0,0,0,0
19599999,4599995,2,0,0,0,0
19649997,4649992,2,0,0,0,0
19699997,4699993,2,0,0,0,0
19749999,4749994,2,0,0,0,0
19799999,4799994,2,0,0,0,0
19849997,4849993,2,0,0,0,0
19900008,4900003,2,0,0,0,0
19949998,4949994,2,0,0,0,0
19999998,4999994,2,0,0,0,0
20049997,5049993,2,0,0,0,0
20099998,5099993,2,0,0,0,0
20149998,5149993,2,0,0,0,0
20199998,5199993,2,0,0,0,0
20249998,5249993,2,0,0,0,0
20299998,5299993,2,0,0,0,0
20349997,5349993,2,0,0,0,0
20399999,5399994,2,0,0,0,0
20449997,5449993,2,0,0,0,0
20499998,5499993,2,0,0,0,0
20549997,5549992,2,0,0,0,0
20599997,5599992,2,0,0,0,0
20649997,5649992,2,0,0,0,0
20699998,5699994,2,0,0,0,0
20749997,5749992,2,0,0,0,0
20799999,5799995,2,0,0,0,0
20849997,5849993,2,0,0,0,0
20899999,5899994,2,0,0,0,0
20949999,5949995,2,0,0,0,0
20999998,5999993,2,0,0,0,0
21049999,6049994,2,0,0,0,0
21099999,6099994,2,0,0,0,0
21149998,6149993,2,0,0,0,0
21199998,6199993,2,0,0,0,0
21249997,6249993,2,0,0,0,0
21299999,6299994,2,0,0,0,0
21349998,6349993,2,0,0,0,0
21399997,6399993,2,0,0,0,0
21449998,6449993,2,0,0,0,0
21499999,6499994,2,0,0,0,0
21549999,6549994,2,0,0,0,0
21599999,6599994,2,0,0,0,0
21649999,6649994,2,0,0,0,0
21699998,6699993,2,0,0,0,0
21749998,6749993,2,0,0,0,0
21799999,6799994,2,0,0,0,0
21849999,6849994,2,0,0,0,0
21899998,6899994,2,0,0,0,0
21949997,6949992,2,0,0,0,0
21999999,6999994,2,0,0,0,0
22049997,7049993,2,0,0,0,0
22099997,7099993,2,0,0,0,0
22149998,7149993,2,0,0,0,0
22199997,7199993,2,0,0,0,0
22249999,7249994,2,0,0,0,0
22299997,7299992,2,0,0,0,0
22349997,7349993,2,0,0,0,0
22399997,7399993,2,0,0,0,0
22449999,7449995,2,0,0,0,0
22499998,7499993,2,0,0,0,0
22549997,7549993,2,0,0,0,0
22599998,7599993,2,0,0,0,0
22649998,7649993,2,0,0,0,0
22699997,7699993,2,0,0,0,0
22749997,7749992,2,0,0,0,0
22799999,7799994,2,0,0,0,0
22849997,7849993,2,0,0,0,0
22899997,7899993,2,0,0,0,0
22949997,7949993,2,0,0,0,0
22999998,7999993,2,0,0,0,0
23049999,8049995,2,0,0,0,0
23099998,8099993,2,0,0,0,0
23149998,8149993,2,0,0,0,0
23199998,8199993,2,0,0,0,0
23249998,8249993,2,0,0,0,0
23299997,8299993,2,0,0,0,0
23349997,8349993,2,0,0,0,0
23399998,8399993,2,0,0,0,0
23449999,8449994,2,0,0,0,0
23499999,8499994,2,0,0,0,0
23549999,8549994,2,0,0,0,0
23599999,8599994,2,0,0,0,0
23649999,8649994,2,0,0,0,0
23699998,8699993,2,0,0,0,0
23749999,8749994,2,0,0,0,0
23799998,8799994,2,0,0,0,0
23849999,8849994,2,0,0,0,0
23899998,8899993,2,0,0,0,0
23949998,8949993,2,0,0,0,0
23999997,8999993,2,0,0,0,0
24049998,9049993,2,0,0,0,0
24099999,9099994,2,0,0,0,0
24149998,9149993,2,0,0,0,0
24199997,9199993,2,0,0,0,0
24249998,9249993,2,0,0,0,0
24299997,9299992,2,0,0,0,0
24349998,9349993,2,0,0,0,0
24399999,9399994,2,0,0,0,0
24449997,9449992,2,0,0,0,0
24499998,9499993,2,0,0,0,0
24549997,9549992,2,0,0,0,0
24599998,9599993,2,0,0,0,0
24649999,9649994,2,0,0,0,0
24699998,9699994,2,0,0,0,0
24749997,9749992,2,0,0,0,0
24799997,9799992,2,0,0,0,0
24849998,9849993,2,0,0,0,0
24899997,9899993,2,0,0,0,0
24949997,9949992,2,0,0,0,0
24999998,9999993,2,0,0,0,0
25049998,10049993,2,0,0,0,0
25099998,10099993,2,0,0,0,0
25149999,10149994,2,0,0,0,0
25199999,10199994,2,0,0,0,0
25249997,10249993,2,0,0,0,0
25299999,10299994,2,0,0,0,0
25349998,10349993,2,0,0,0,0
25399997,10399993,2,0,0,0,0
25449998,10449993,2,0,0,0,0
25499998,10499993,2,0,0,0,0
25549998,10549993,2,0,0,0,0
25599997,10599993,2,0,0,0,0
25649998,10649993,2,0,0,0,0
25699997,10699993,2,0,0,0,0
25749998,10749993,2,0,0,0,0
25799997,10799992,2,0,0,0,0
25849997,10849993,2,0,0,0,0
25899998,10899993,2,0,0,0,0
25949998,10949993,2,0,0,0,0
25999997,10999992,2,0,0,0,0
26049998,11049993,2,0,0,0,0
26099998,11099994,2,0,0,0,0
26149997,11149992,2,0,0,0,0
26199999,11199994,2,0,0,0,0
26249997,11249992,2,0,0,0,0
26299998,11299993,2,0,0,0,0
26349997,11349993,2,0,0,0,0
26399998,11399993,2,0,0,0,0
26449999,11449995,2,0,0,0,0
26499998,11499993,2,0,0,0,0
26549998,11549993,2,0,0,0,0
26599997,11599993,2,0,0,0,0
26649999,11649995,2,0,0,0,0
26699997,11699992,2,0,0,0,0
26749997,11749992,2,0,0,0,0
26799998,11799993,2,0,0,0,0
26849999,11849995,2,0,0,0,0
26899997,11899992,2,0,0,0,0
26949999,11949994,2,0,0,0,0
26999997,11999992,2,1,0,0,0
27049999,12049994,2,1,0,0,0
27099998,12099993,2,1,0,0,0
27149997,12149992,2,1,0,0,0
27199998,12199993,2,0,0,0,0
27249998,12249994,2,0,0,0,0
27299998,12299994,2,0,0,0,0
27349998,12349993,2,0,0,0,0
27399998,12399993,2,0,0,0,0
27449998,12449993,2,0,0,0,0
27499999,12499994,2,0,0,0,0
27549999,12549994,2,0,0,0,0
27599999,12599994,2,0,0,0,0
27649997,12649993,2,0,0,0,0
27699998,12699993,2,0,0,0,0
27749998,12749993,2,0,0,0,0
27799997,12799992,2,0,0,0,0
27849999,12849995,2,0,0,0,0
27899999,12899994,2,0,0,0,0
27949998,12949993,2,0,0,0,0
27999998,12999993,2,0,0,0,0
28049998,13049993,2,0,0,0,0
28099998,13099993,2,0,0,0,0
28149997,13149992,2,0,0,0,0
28199998,13199993,2,0,0,0,0
28249998,13249993,2,0,0,0,0
28299998,13299993,2,0,0,0,0
28349997,13349992,2,0,0,0,0
28399997,13399992,2,0,0,0,0
28449998,13449993,2,0,0,0,0
28499998,13499994,2,0,0,0,0
28549999,13549994,2,0,0,0,0
28599998,13599993,2,0,0,0,0
28649999,13649994,2,0,0,0,0
28699999,13699994,2,0,0,0,0
28749999,13749994,2,0,0,0,0
28799999,13799994,2,0,0,0,0
28849998,13849994,2,0,0,0,0
28899999,13899994,2,0,0,0,0
28949998,13949993,2,0,0,0,0
28999998,13999993,2,0,0,0,0
29049998,14049993,2,0,0,0,0
29099997,14099992,2,0,0,0,0
29149997,14149993,2,0,0,0,0
29199997,14199992,2,0,0,0,0
29249998,14249993,2,0,0,0,0
29299999,14299994,2,0,0,0,0
29349998,14349994,2,0,0,0,0
29399998,14399993,2,0,0,0,0
29449997,14449992,2,0,0,0,0
29499998,14499993,2,0,0,0,0
29549999,14549994,2,0,0,0,0
29599999,14599994,2,0,0,0,0
29649997,14649992,2,0,0,0,0
29699999,14699994,2,0,0,0,0
29749998,14749994,2,0,0,0,0
29799998,14799994,2,0,0,0,0
29849999,14849994,2,0,0,0,0
29899999,14899995,2,0,0,0,0
29949998,14949993,2,0,0,0,0
END
